ABM/agg_dem_87100.txt
ncols         87
nrows         100
xllcorner     108.56185392851
yllcorner     27.750063881946
cellsize      0.00289434508
NODATA_value  -9999
[rows 62 to 92 of 100, columns 0 to 69 of 87]
-9999 -9999 -9999 -9999 -9999 -9999 -9999 -9999 -9999 -9999 -9999 -9999 879.2361 861.9794 856.3701 856.45 881.92 963.35 996.47 1108.56 1180.82 1237.3 1277.21 1404.63 1424.73 1546.26 1647.78 1732.36 1853.28 1961.79 1955.85 1839.71 1752.76 1708.19 1767.04 1781.01 1787.75 1900.59 1998.61 1977.65 1845.86 1782.19 1706.18 1606.3 1687.4 1825.47 1931.22 1921.53 1784.56 1626.25 1543.62 1433.8 1385.46 1490.13 1408.91 1409.89 1552.94 1573.63 1578.09 1657.45 1602.87 1553.93 1431.35 1348.25 1215.65 1081.62 937.15 798.01 692.02 621.42
-9999 -9999 -9999 -9999 -9999 -9999 -9999 -9999 -9999 -9999 -9999 -9999 815.9079 849.96 923.02 959.66 1005.51 1068.65 1099.02 1144.01 1252.9 1339.03 1391.19 1462.29 1560.75 1674.61 1766.06 1862.92 1906.67 1836.93 1734.89 1646.54 1642.24 1588.8 1600.72 1658.93 1775.73 1875.46 1965.4 1927.14 1835.15 1752.56 1619.66 1610.39 1743.47 1861.96 1822.17 1817.87 1796.63 1756.44 1654.55 1493.25 1361.51 1351.43 1286.57 1315.75 1490.06 1439.52 1394.44 1528.68 1553.18 1482.12 1450.89 1336.48 1235.74 1122.06 995.71 925.47 794.53 638.65
-9999 -9999 -9999 -9999 -9999 -9999 -9999 -9999 -9999 -9999 -9999 -9999 -9999 918.1487 980.94 1055.43 1140.49 1200.91 1233.68 1258.75 1323.63 1404.29 1489.38 1559.43 1655.77 1741.43 1820.18 1869.21 1776.54 1679.74 1630.33 1553.36 1527.02 1470.71 1600.98 1708.92 1788.87 1891.6 1948.54 1863.01 1756.77 1656.74 1575.79 1627.81 1757.72 1754.46 1726.06 1666.4 1744.43 1787.03 1670.5 1596.04 1464.83 1314.43 1234.25 1188.96 1315.12 1289.55 1252.67 1343.55 1417.8 1328.39 1274.28 1276.43 1233.3 1189.97 1128.18 993.92 850.57 714.94
-9999 -9999 -9999 -9999 -9999 -9999 -9999 -9999 -9999 -9999 -9999 -9999 -9999 933.5065 982.35 1080.98 1180.22 1263.35 1327 1390.27 1443.63 1508.24 1550.7 1634.65 1750.76 1828.11 1890.47 1778.74 1606.63 1521.86 1499.53 1476.08 1354.73 1476.7 1632.89 1709.03 1754.36 1814.12 1866.29 1833.69 1753.92 1611.38 1556.12 1692.15 1709.58 1597.06 1556.28 1541.62 1624.78 1673.82 1709.54 1689.78 1591.49 1446.71 1256.42 1090.76 1119.24 1162.13 1109.77 1264.71 1249.88 1176.22 1170.71 1202.1 1178.21 1080.07 1136.53 1047.42 896.47 750.18
-9999 -9999 -9999 -9999 -9999 -9999 -9999 -9999 -9999 -9999 -9999 -9999 -9999 987.1036 1063.51 1172.29 1263.41 1331.39 1396.56 1437.55 1499.8 1586.83 1643.26 1721.04 1820 1897.23 1875.01 1714.24 1574.27 1413.53 1366.45 1313.9 1344.32 1505.58 1589.35 1644.27 1690.49 1765.88 1881.43 1890 1759.22 1615.87 1530.29 1610.39 1568.66 1481.54 1403.68 1463.89 1509.95 1428.92 1488.03 1534.57 1585.55 1493.19 1331.24 1184.21 1029.29 1005.55 986.41 1086.54 1048.61 1015.34 1032.59 1134.63 1124.65 967.57 963.91 985.09 918.57 825.45
-9999 -9999 -9999 -9999 -9999 -9999 -9999 -9999 -9999 -9999 -9999 -9999 1106.725 1120.544 1136.93 1213.88 1288.26 1373.5 1437.52 1511.16 1598.56 1667.98 1733.06 1783.35 1843.14 1869.73 1718.46 1528.59 1395.94 1333.01 1216.42 1265.11 1358.54 1468.3 1522.63 1578.2 1697.14 1825.81 1936.3 1893.79 1771.63 1637.47 1501.01 1498.35 1400.92 1305.41 1217.05 1270.18 1331.14 1224.62 1277.82 1316.1 1422.89 1446.22 1394.64 1266.25 1115.46 969.13 840.37 889.52 885.57 954.18 1071.71 1098.95 1094.85 989.37 837.86 853.76 834.44 750.2
-9999 -9999 -9999 -9999 -9999 -9999 -9999 -9999 -9999 -9999 -9999 -9999 1035.18 1129.5 1194.92 1252.18 1334.84 1396.57 1451.26 1481.86 1558.94 1658.32 1767.29 1865.63 1924.58 1759.78 1529.1 1346.23 1233.13 1168.48 1214.51 1313.7 1442.23 1551.77 1597.3 1608.12 1675.82 1784.12 1893.1 1877.91 1735.02 1607.59 1524.81 1482.46 1480.25 1404.65 1233.37 1096.21 1077.99 1067.33 1087.54 1150.02 1229.54 1250.18 1287.09 1198.17 1080.03 940.74 778.91 751.21 808.15 962.2 1020.34 1017.25 1052.79 1007.89 822.63 710.89 716.05 674.87
-9999 -9999 -9999 -9999 -9999 -9999 -9999 -9999 -9999 -9999 -9999 -9999 1003.844 1092.71 1201.31 1262.09 1316.9 1389.63 1466.83 1564.98 1620.82 1683.49 1774.19 1872.54 1948.12 1741.16 1524.99 1364 1205.03 1140.92 1242.68 1339.67 1439.79 1471.66 1488.32 1579.28 1693.43 1823.97 1903.25 1899.73 1802.8 1681.15 1668.29 1618.95 1638.55 1506.99 1276.87 1157.79 1095.01 974.6 893.16 956.03 1073.03 1041.79 1113.62 999.48 938.32 930.75 925.08 786.85 702.01 812.64 896.95 901.84 938.82 917.19 804.24 715.02 667.45 604.74
-9999 -9999 -9999 -9999 -9999 -9999 -9999 -9999 -9999 -9999 -9999 -9999 995.8462 1039.54 1132.93 1218.59 1300.67 1396.5 1452.82 1540.35 1611.32 1669.75 1750.4 1847.89 1895.57 1795.37 1632.88 1397.57 1182.1 1108.33 1228.35 1288.3 1310.33 1406 1518.43 1620.73 1732.72 1852.37 1956.48 1957.9 1908.82 1827.57 1827 1779.05 1661.4 1495.68 1416.85 1386.06 1259.54 1125.85 967.9 808.51 850.12 860.28 884.81 869.22 788.06 860.9 877.55 818.91 666.65 681.72 774.71 769.7 842 757.44 711.27 649.72 605 560.41
-9999 -9999 -9999 -9999 -9999 -9999 -9999 -9999 -9999 -9999 -9999 -9999 1031.75 1040.984 1077.72 1166.76 1247.49 1354.23 1450.7 1471 1530.17 1615.61 1654.54 1752.6 1785.43 1605.87 1463.04 1356.86 1272.53 1101.68 1123.19 1149.72 1243.51 1346.27 1484.72 1628.28 1790.53 1915.67 1982.11 2018.87 2003.83 1996.82 1939.26 1823.65 1677.15 1580.8 1557.09 1357.38 1163.83 995.37 915.97 875.88 816.29 747.44 754.96 724.38 696.01 702.07 676.01 679.45 621.44 612.72 634.2 672.05 732.91 638.66 610.35 546.53 526.13 518.6521
-9999 -9999 -9999 -9999 -9999 -9999 -9999 -9999 -9999 -9999 -9999 -9999 -9999 1026.478 1030.96 1097.8 1170.89 1277.34 1308.99 1350.2 1445.51 1510.12 1581.5 1693.78 1748.63 1621.04 1483.09 1353.71 1219.38 1086.54 1068.27 1190.9 1350.63 1491.36 1584.65 1702.97 1794.49 1879.58 1967.94 2064.36 2068.64 2013.7 1903.93 1797.59 1702.12 1545.47 1404.88 1239.53 1126.07 1121.97 1107.84 1050.7 923.87 880.41 934.93 900.2 900.6 834.16 762.47 739.62 798.68 814.34 711.5 603.76 621.43 569.36 554.36 597.99 599.08 510.0808
-9999 -9999 -9999 -9999 -9999 -9999 -9999 -9999 -9999 -9999 -9999 -9999 -9999 -9999 962.8035 996.27 1094.385 1234.2 1221.589 1277.534 1318.1 1378.43 1454.08 1565.21 1648.88 1565.89 1397.54 1225.18 1071.31 1028.65 1121.25 1221.04 1326.36 1408.32 1518.75 1657.53 1771.12 1908.2 2001.32 2070.08 2076.6 2017.06 1880.43 1713.25 1548.96 1404.66 1302.44 1308.43 1334.1 1328.5 1223.2 1069.31 1005.69 1073.49 1138.58 1144.76 1103.25 1034.77 984.73 977.51 989.68 907.53 769.42 606.74 561.81 649.58 713.24 737.9291 658.2615 523.1539
-9999 -9999 -9999 -9999 -9999 -9999 -9999 -9999 -9999 -9999 -9999 -9999 -9999 -9999 919.9167 926.8937 1039.369 -9999 -9999 -9999 1191.77 1260.45 1375.98 1498.85 1476.73 1424.37 1312.07 1170.02 1010.09 1039.16 1170.38 1286.55 1404.91 1457.71 1565.15 1668.91 1776.57 1898.87 1987.24 2078.52 2084.72 2034.88 1888.81 1719.98 1600.76 1483.2 1437.16 1488.22 1528.5 1406.4 1284.58 1265.62 1255.73 1245.45 1301.36 1187.75 1119.23 1069.2 1043 979.93 942.14 914.97 821.07 734.32 719.99 800.81 802.2606 755.5 -9999 -9999
-9999 -9999 -9999 -9999 -9999 -9999 -9999 -9999 -9999 -9999 -9999 -9999 -9999 -9999 -9999 881.0617 962.9762 -9999 -9999 -9999 1182.761 1288.21 1358.02 1319.8 1252.5 1197.49 1232.02 1148.26 983.9 1034.96 1160.27 1313.81 1440.9 1517 1605.19 1716.25 1815.3 1900.59 1964.08 1985.94 1977.28 1997.1 1919.62 1794.59 1663.26 1635.39 1584.97 1625.09 1554.54 1436.27 1393.81 1381.45 1346.6 1297.58 1224.99 1096.97 994.86 982.2 943.47 898.37 861.6 843.05 793.99 794.05 789.56 770.0291 -9999 -9999 -9999 -9999
-9999 -9999 -9999 -9999 -9999 -9999 -9999 -9999 -9999 -9999 -9999 -9999 -9999 -9999 -9999 -9999 -9999 -9999 -9999 -9999 1234.661 1289.34 1224.16 1096.18 1036.25 998.37 1035.53 1090.34 974.64 975.92 1131.59 1296.81 1336.15 1417.39 1550.15 1686.33 1728.4 1738.32 1807.87 1859.69 1972.43 2018.92 1947.73 1875.69 1810.44 1776.44 1696.57 1611.26 1504.75 1422.16 1387.19 1320.97 1242.48 1181.85 1124.62 1044.47 944.77 892.67 853.64 809.64 806.08 755.84 717.55 724.44 755.8933 729.6667 -9999 -9999 -9999 -9999
-9999 -9999 -9999 -9999 -9999 -9999 -9999 -9999 -9999 -9999 -9999 -9999 -9999 -9999 -9999 -9999 -9999 -9999 -9999 -9999 1202.045 1251.669 1190.95 1047.41 934.32 882.32 909.14 958.74 875.9 933.84 1070.1 1191.84 1310.91 1443.09 1527.6 1577.09 1634.13 1766.07 1865.1 1905.74 2028.37 1929.17 1801.33 1749.14 1733.17 1715.17 1728.28 1625.16 1522.28 1420.06 1305.58 1203.96 1148.63 1078.97 1032.41 941.97 867.37 809.35 752.14 703.45 674.92 629.7 592.4 616.48 674.2639 -9999 -9999 -9999 -9999 -9999
-9999 -9999 -9999 -9999 -9999 -9999 -9999 -9999 -9999 -9999 -9999 -9999 -9999 -9999 -9999 -9999 -9999 -9999 -9999 -9999 -9999 1189.568 1173.09 1024.53 886.8 794 851.52 885.47 878.27 949.74 1066.44 1153.7 1269.53 1339.79 1442.61 1589.7 1714.55 1827.77 1895.63 1983.52 1958.28 1876.04 1777.31 1672.33 1590.99 1605.37 1604.86 1547.33 1490.12 1438.09 1340.05 1222.22 1138.46 1046.27 956.77 855.79 790.92 724.2 669.09 639.87 634.43 641.35 643.9152 562.1083 624 -9999 -9999 -9999 -9999 -9999
-9999 -9999 -9999 -9999 -9999 -9999 -9999 -9999 -9999 -9999 -9999 -9999 -9999 -9999 -9999 -9999 -9999 -9999 -9999 -9999 -9999 1150.773 1117.38 980.4 837.56 768.29 895.83 1029.53 1065.04 1007.94 1066.06 1217.83 1305.17 1421.25 1551.79 1672.4 1771.22 1837.23 1905.96 1966.75 1899.44 1791.33 1712.66 1650.45 1546.17 1465.7 1411.64 1422.26 1411.92 1372.8 1294.69 1195.09 1100.79 1046.16 972.52 869.26 799.71 788.85 777.87 772.4 759.1478 780.2739 728.3928 -9999 -9999 -9999 -9999 -9999 -9999 -9999
-9999 -9999 -9999 -9999 -9999 -9999 -9999 -9999 -9999 -9999 -9999 -9999 -9999 -9999 -9999 -9999 -9999 -9999 -9999 -9999 -9999 1065.167 939.592 861.11 775.18 783.46 891.36 1002.23 1130.05 1223.72 1269.41 1294.86 1352.14 1451.58 1594.42 1689.89 1770.03 1839.3 1923.43 1967.7 1924.45 1846 1722.74 1630.17 1520.63 1425.92 1336.25 1240.21 1274.05 1280.47 1213.08 1173.02 1139.42 1097.39 973.22 927.2 937.0009 908.4133 862.9381 868.5303 -9999 -9999 -9999 -9999 -9999 -9999 -9999 -9999 -9999 -9999
-9999 -9999 -9999 -9999 -9999 -9999 -9999 -9999 -9999 -9999 -9999 -9999 -9999 -9999 -9999 -9999 -9999 -9999 -9999 -9999 -9999 -9999 761.5925 790.82 849.29 890.35 937.5 982.17 1112.7 1254.78 1410.68 1493.99 1537.82 1596.59 1649.94 1724.7 1787.16 1881.38 1858.47 1852.17 1836.22 1812.54 1787.81 1666 1543.64 1416.88 1304.4 1207.94 1092.86 1144.09 1113.33 1097.03 1140.16 1104.71 1067.588 1065.633 -9999 -9999 -9999 -9999 -9999 -9999 -9999 -9999 -9999 -9999 -9999 -9999 -9999 -9999
-9999 -9999 -9999 -9999 -9999 -9999 -9999 -9999 -9999 -9999 -9999 -9999 -9999 -9999 -9999 -9999 -9999 -9999 -9999 -9999 -9999 868.2194 945.4604 1046.21 1072.16 1096.27 1073.8 1132.44 1195.32 1312.89 1487.73 1625.39 1733.06 1775.71 1798.3 1845.12 1859.91 1850.17 1772.48 1753.33 1764.94 1717.77 1754.87 1747.46 1622.74 1479.59 1305.21 1195.53 1069.86 961.89 945.31 966.32 1033.84 979.65 -9999 -9999 -9999 -9999 -9999 -9999 -9999 -9999 -9999 -9999 -9999 -9999 -9999 -9999 -9999 -9999
-9999 -9999 -9999 -9999 -9999 -9999 -9999 -9999 -9999 -9999 -9999 -9999 -9999 -9999 -9999 -9999 -9999 -9999 -9999 -9999 -9999 981.2014 1085.14 1208.52 1328.13 1358.28 1370.88 1360.48 1411.87 1467.11 1559.6 1661.95 1814.09 1924.06 1966.34 1922.68 1801.16 1763.87 1743.86 1691.89 1673.39 1648.68 1685.81 1688.41 1705.76 1585.81 1444.37 1311.36 1168.34 1035.33 908.51 865.21 896.39 857.1125 -9999 -9999 -9999 -9999 -9999 -9999 -9999 -9999 -9999 -9999 -9999 -9999 -9999 -9999 -9999 -9999
-9999 -9999 -9999 -9999 -9999 -9999 -9999 -9999 -9999 -9999 -9999 -9999 -9999 -9999 -9999 -9999 -9999 -9999 -9999 -9999 -9999 1036.872 1119.19 1219.42 1324.94 1438.71 1534.85 1552.89 1560.25 1520.52 1609.5 1727.67 1857.88 1889.23 1852.66 1760.21 1681.78 1626.42 1648.03 1596.24 1550.94 1572.48 1577.4 1623.85 1717.8 1664.26 1498.96 1365.27 1278.15 1166.6 1044.06 921.48 788.897 787.5 -9999 -9999 -9999 -9999 -9999 -9999 -9999 -9999 -9999 -9999 -9999 -9999 -9999 -9999 -9999 -9999
-9999 -9999 -9999 -9999 -9999 -9999 -9999 -9999 -9999 -9999 -9999 -9999 -9999 -9999 -9999 -9999 -9999 -9999 -9999 -9999 -9999 1047.161 1136.86 1266.73 1344.14 1437.02 1485.65 1472.48 1432.79 1447.01 1563.43 1684.38 1786.98 1801.64 1790.71 1716.06 1630.41 1546.42 1541.66 1505.45 1456.38 1499.34 1496.63 1556.04 1618.84 1651.96 1589.02 1486.81 1377.64 1225.66 1139.75 1084.44 1032.476 -9999 -9999 -9999 -9999 -9999 -9999 -9999 -9999 -9999 -9999 -9999 -9999 -9999 -9999 -9999 -9999 -9999
-9999 -9999 -9999 -9999 -9999 -9999 -9999 -9999 -9999 -9999 -9999 -9999 -9999 -9999 -9999 -9999 -9999 -9999 -9999 -9999 1315 1199.13 1181.6 1282.72 1372.2 1348.98 1349.04 1287.59 1316.57 1435.91 1561.66 1655.31 1743.99 1719.04 1687.3 1631.18 1564.5 1531.15 1473.84 1452.62 1416.92 1408.78 1431.19 1452.57 1535.7 1579.7 1623.04 1579.29 1483.44 1399.19 1310.7 1172.84 1069.209 987 -9999 -9999 -9999 -9999 -9999 -9999 -9999 -9999 -9999 -9999 -9999 -9999 -9999 -9999 -9999 -9999
-9999 -9999 -9999 -9999 -9999 -9999 -9999 -9999 -9999 -9999 -9999 -9999 -9999 -9999 -9999 -9999 -9999 -9999 -9999 -9999 1298.5 1378.888 1362 1382.14 1345.59 1236.25 1203.02 1231.45 1329.68 1438.64 1513.16 1621.26 1741.05 1714.81 1626.12 1577.06 1564.6 1579.86 1564.22 1505.83 1418.47 1379.46 1383.59 1426.74 1471.66 1485.04 1536.65 1559.18 1523.77 1483.61 1385.91 1227.42 1101.93 1032.694 -9999 -9999 -9999 -9999 -9999 -9999 -9999 -9999 -9999 -9999 -9999 -9999 -9999 -9999 -9999 -9999
-9999 -9999 -9999 -9999 -9999 -9999 -9999 -9999 -9999 -9999 -9999 -9999 -9999 -9999 -9999 -9999 -9999 -9999 -9999 -9999 -9999 1417.503 1391.75 1340.67 1235.86 1145.25 1123.67 1234.11 1369.99 1483.73 1568.5 1644.56 1684.28 1692.28 1717.34 1688.93 1681.17 1663.29 1613.1 1578.7 1481.89 1433.91 1378.68 1365.52 1386.71 1389.65 1428.03 1445.92 1401.74 1395.52 1338.42 1182.71 1077.163 1040.417 -9999 -9999 -9999 -9999 -9999 -9999 -9999 -9999 -9999 -9999 -9999 -9999 -9999 -9999 -9999 -9999
-9999 -9999 -9999 -9999 -9999 -9999 -9999 -9999 -9999 -9999 -9999 -9999 -9999 -9999 -9999 -9999 -9999 -9999 -9999 -9999 -9999 1353.841 1265.722 1239.84 1148.57 1049.95 1100.7 1203.2 1318.63 1427.07 1487.6 1570.08 1579.86 1602.08 1581.95 1568.56 1559.11 1523.38 1515.2 1550.4 1606.96 1559.72 1394.98 1288.05 1273.64 1277.35 1327.66 1361.22 1315.12 1294.22 1236.3 1129.55 1004.241 -9999 -9999 -9999 -9999 -9999 -9999 -9999 -9999 -9999 -9999 -9999 -9999 -9999 -9999 -9999 -9999 -9999
-9999 -9999 -9999 -9999 -9999 -9999 -9999 -9999 -9999 -9999 -9999 -9999 -9999 -9999 -9999 -9999 -9999 -9999 -9999 -9999 -9999 -9999 -9999 1134.729 1037.363 1040.09 1165.02 1257.72 1342.38 1372.08 1414.97 1445.63 1473.26 1500.6 1447.82 1443.52 1447.42 1408.89 1420.32 1481.61 1579.05 1577.32 1443.56 1291.96 1189.471 1170.147 1231.38 1271.39 1229 1160.24 1102.59 1054.31 991.1155 -9999 -9999 -9999 -9999 -9999 -9999 -9999 -9999 -9999 -9999 -9999 -9999 -9999 -9999 -9999 -9999 -9999
-9999 -9999 -9999 -9999 -9999 -9999 -9999 -9999 -9999 -9999 -9999 -9999 -9999 -9999 -9999 -9999 -9999 -9999 -9999 -9999 -9999 -9999 -9999 -9999 1000.317 1111.02 1193.7 1306.88 1353.45 1286.41 1276.02 1271.62 1359.19 1396.57 1331.16 1332.96 1331.5 1313.37 1365.79 1433.46 1552.02 1616.2 1520.86 1339.32 1185.462 1108.583 1106.829 1152.262 1120.123 1061.848 1020.842 980.957 -9999 -9999 -9999 -9999 -9999 -9999 -9999 -9999 -9999 -9999 -9999 -9999 -9999 -9999 -9999 -9999 -9999 -9999
-9999 -9999 -9999 -9999 -9999 -9999 -9999 -9999 -9999 -9999 -9999 -9999 -9999 -9999 -9999 -9999 -9999 -9999 -9999 -9999 -9999 -9999 -9999 -9999 941.6033 1041.71 1173.25 1301.43 1347.15 1217.34 1146.47 1196.53 1297.92 1351.73 1272 1221.588 1208.31 1248.02 1278.83 1381.66 1486.42 1546.79 1483.84 1326.78 1190.92 -9999 -9999 -9999 -9999 -9999 -9999 -9999 -9999 -9999 -9999 -9999 -9999 -9999 -9999 -9999 -9999 -9999 -9999 -9999 -9999 -9999 -9999 -9999 -9999 -9999
