ABM/agg_dem_174200.txt
ncols         174
nrows         200
xllcorner     108.56185392851
yllcorner     27.750063881946
cellsize      0.00144717254
NODATA_value  -9999
[rows 93 to 123 of 200, columns 0 to 69 of 174]
-9999 -9999 -9999 -9999 1353 1379.08 1303.92 1214.44 1169.44 1199 1248.52 1302.52 1274.8 1268 1295.76 1321.48 1362.28 1310.28 1220.96 1149.28 1074.24 1094.32 1135.12 1182.76 1222.68 1246.2 1240.52 1253.56 1295.08 1267.08 1232.04 1274.68 1318 1347.44 1341.8 1341.76 1366.72 1379.52 1385.52 1370.96 1413.4 1461.4 1505.56 1542.48 1577 1616.32 1655.88 1686 1720.28 1721.4 1727.8 1778.32 1792.52 1712.12 1594.12 1548.36 1511.52 1505.96 1552.56 1629.28 1697.76 1710.4 1709.6 1698.64 1661.96 1601.08 1558.76 1544.2 1525.4 1484.64
-9999 -9999 -9999 -9999 1317.875 1367.56 1316.28 1240.6 1217.8 1270.4 1320.12 1373.48 1352.04 1345.96 1349.04 1365.64 1387.56 1324.64 1217.24 1157.2 1102.48 1093 1143.04 1170 1213.76 1258.72 1279.64 1292.68 1285.12 1246.48 1263.76 1278.64 1324.92 1363 1392.36 1396.4 1415.36 1442.44 1459.72 1444.24 1443.56 1460.76 1496 1531.88 1567 1618.28 1662.72 1698.64 1732.96 1745.28 1752.72 1742.24 1686.04 1558.16 1506.56 1472.8 1448 1465.64 1543.2 1603.28 1626.16 1597.36 1572.44 1591.8 1566.8 1500.48 1477.36 1444.56 1415.96 1385.6
-9999 -9999 -9999 1331 1346.56 1362.48 1315.12 1262.52 1266.6 1320.32 1365.92 1432.24 1444 1439.16 1403.16 1403.28 1354.28 1287.36 1228.6 1201 1147.68 1079.84 1137.24 1173.84 1208 1242.24 1276.36 1311.24 1304.6 1279.12 1297.4 1316.12 1363.68 1390.8 1421.24 1443.96 1464.64 1490.72 1500.92 1482.36 1484.76 1488.84 1507.4 1535.56 1573.68 1617.04 1662.24 1712.32 1754.16 1773.32 1686.2 1591.72 1550.32 1506.4 1460.56 1404.84 1398.24 1425 1496.88 1548.4 1569.76 1531.92 1453.04 1466.68 1450.24 1411.16 1364.48 1314.52 1282.32 1254.48
-9999 -9999 -9999 1316 1367.909 1399.44 1357.6 1320.52 1314.6 1380.84 1430.56 1467.48 1469.6 1437.48 1406.48 1415.2 1362.32 1331.68 1272.56 1260.52 1191.12 1096.2 1105.4 1151.32 1169.92 1212.28 1268.72 1307.24 1321.52 1310.76 1332.12 1371.52 1381.36 1423.2 1471.12 1495.88 1521.36 1528.88 1528.32 1521.08 1528.44 1545.48 1561.8 1586.28 1617.52 1657.08 1694.4 1736.8 1727.68 1696.28 1606.84 1506.36 1431.52 1428.48 1407.76 1370.76 1370.24 1376.4 1430.64 1452.88 1443.76 1423.2 1355.12 1331.8 1338.8 1301.8 1248.64 1243.56 1267.36 1241.12
-9999 -9999 -9999 -9999 1389.273 1381.32 1349.8 1336.2 1337.84 1372.08 1411.24 1453.56 1474.44 1473.88 1442.48 1444.64 1413.44 1347.68 1304.68 1307.2 1238.64 1165.52 1111.6 1124.96 1150.28 1211.12 1273.16 1310.48 1339.12 1338.48 1355.44 1394 1409.36 1441.4 1489.56 1525.52 1546.24 1550.6 1551.96 1567.6 1566.8 1583.64 1596.56 1618.56 1665.6 1692.52 1693.92 1671.2 1603.24 1532.52 1507.4 1476.2 1392.96 1367.4 1377.16 1337.24 1311.04 1294.2 1290.52 1301.68 1310.12 1316.4 1277.48 1228.4 1207.92 1199.84 1260.8 1339.2 1397.48 1372.36
-9999 -9999 -9999 -9999 1415.667 1373.6 1347.76 1366.52 1369.08 1385.4 1399.68 1434.4 1459.833 1488 1461.25 1466.52 1445.36 1415.92 1385 1374.2 1295.2 1228.44 1139.8 1121.36 1160.48 1231.08 1296.12 1330.24 1368.44 1375 1381 1413.88 1448.44 1484.72 1518.84 1561.76 1572.32 1585.24 1589.4 1603.04 1608.28 1624.8 1650 1679.8 1702.96 1692 1642.12 1568.36 1470.04 1438.56 1429.36 1393.72 1353.72 1301.88 1317.72 1284.84 1233.16 1203.72 1189.56 1197.04 1183.16 1178 1180.48 1203.4 1239.28 1328.48 1385.96 1429.96 1491.4 1493.48
-9999 -9999 -9999 -9999 1399.267 1371.88 1371.84 1399.92 1399.56 1416.545 1451.182 1461.333 -9999 -9999 -9999 1452 1456.3 1475.043 1485.6 1446.24 1367.6 1268.08 1164.56 1130.92 1174.04 1239.2 1296.36 1346.08 1388.24 1413.52 1422.76 1424.52 1428.24 1478.76 1542.68 1575.36 1594.24 1612.12 1628.8 1650.56 1664.76 1676.44 1703.24 1721.96 1691.4 1623.2 1553.8 1514.04 1440.68 1376 1344.2 1332.12 1270.64 1229.4 1235.64 1209.36 1158.96 1108.2 1120.96 1160.32 1188.84 1222.88 1278.2 1320.88 1367.44 1435.32 1497.92 1512.84 1581.88 1609.28
-9999 -9999 -9999 -9999 1406.538 1397.52 1393.381 1415.5 1416 1428 -9999 -9999 -9999 -9999 -9999 -9999 -9999 1491 1478.76 1410.56 1334.28 1264.44 1188.12 1152.08 1197.88 1256.24 1311 1360.2 1410.8 1463.08 1471.52 1477.6 1498.72 1487.76 1525.68 1563.6 1599.16 1637.64 1666.52 1699.72 1720.32 1738.04 1717.88 1630.84 1559.64 1516.52 1430.12 1425.2 1372.92 1299.92 1240.88 1249.4 1218.28 1142.92 1131.84 1106.96 1090.32 1118.24 1197.16 1240.88 1286.16 1317.08 1365.72 1452.84 1477.32 1528.96 1556.96 1591.04 1665.56 1713.16
-9999 -9999 -9999 -9999 -9999 1403.2 -9999 -9999 -9999 -9999 -9999 -9999 -9999 -9999 -9999 -9999 -9999 -9999 1446.75 1417.96 1349.92 1286.8 1220.8 1178.92 1204.8 1265.44 1323.12 1376.2 1426.4 1476.8 1523.2 1533 1557.12 1557.12 1543.12 1573.44 1620.36 1667.04 1696.84 1696.84 1683.52 1685.88 1652.08 1515.84 1423.24 1389.48 1343.88 1339.44 1282.16 1215.68 1142 1141.16 1106.24 1056.4 1099.92 1122 1159.2 1201.28 1296.88 1374.24 1408.04 1449.44 1489.08 1555.52 1578.52 1640.72 1672.4 1690.12 1745.24 1809.64
-9999 -9999 -9999 -9999 -9999 -9999 -9999 -9999 -9999 -9999 -9999 -9999 -9999 -9999 -9999 -9999 -9999 -9999 1471 1476.167 1428.3 1359.04 1297.68 1251.76 1221.64 1273.84 1334.88 1396.52 1438.84 1476.96 1534.44 1567.28 1589.84 1617.28 1610.24 1610.8 1633.8 1650.12 1617.76 1612.24 1613.44 1619.2 1595.84 1486.96 1377.96 1307.6 1235.56 1219.96 1170.48 1127.12 1072.4 1041.96 1067.2 1181.04 1251.28 1264.52 1308.44 1350.84 1413.68 1505.52 1556.2 1608.8 1650.6 1687.12 1711.24 1749.96 1798.56 1816.72 1848.88 1917.44
-9999 -9999 -9999 -9999 -9999 -9999 -9999 -9999 -9999 -9999 -9999 -9999 -9999 -9999 -9999 -9999 -9999 -9999 -9999 -9999 1425.167 1407.333 1385.24 1335.68 1300.76 1287.92 1336.72 1398.8 1454.52 1501.88 1545.76 1594.8 1633.52 1651.48 1628.92 1641.4 1633.2 1592.04 1553.4 1560.08 1570.32 1573.64 1524.12 1445.48 1360.48 1270.4 1188 1130.08 1091.44 1043.8 1029.96 1113.08 1219.56 1291.52 1337.72 1392.88 1438.76 1491.04 1539.68 1603.48 1661.72 1714.4 1757.72 1816.32 1844.8 1853.44 1866.32 1879.68 1887.68 1925.48
-9999 -9999 -9999 -9999 -9999 -9999 -9999 -9999 -9999 -9999 -9999 -9999 -9999 -9999 -9999 -9999 -9999 -9999 -9999 -9999 -9999 1409 1413.529 1414.913 1380.48 1343.84 1353.4 1390.4 1435.96 1495.68 1544 1590.12 1633 1639.44 1610.8 1614.64 1586.48 1504.2 1471.84 1491.12 1529.48 1533.52 1458.52 1345.16 1310.44 1264.68 1174.64 1081.48 1022.64 1019.88 1059.04 1175.64 1258.2 1305.4 1350.2 1430.68 1470.84 1505.44 1559.24 1629.64 1682.68 1722.52 1760.52 1798.64 1826.2 1798.56 1802.28 1797.92 1837.44 1893.56
-9999 -9999 -9999 -9999 -9999 -9999 -9999 -9999 -9999 -9999 -9999 -9999 -9999 -9999 -9999 -9999 -9999 -9999 -9999 -9999 -9999 -9999 1340 1341.158 1324.56 1324.24 1335.72 1381.72 1431.04 1488.44 1527.76 1576.32 1607.44 1597.92 1606.44 1620.16 1542.28 1456.84 1408.28 1411.12 1438.76 1459.76 1411.44 1350.08 1274.72 1210.96 1143.8 1053.44 1005.32 1082.68 1121.84 1151.6 1215.56 1243.52 1282.28 1338.64 1368.48 1443.12 1521.2 1568.64 1604.6 1607.48 1650.76 1697.48 1706.24 1712.12 1743.68 1761.04 1788.84 1828.44
-9999 -9999 -9999 -9999 -9999 -9999 -9999 -9999 -9999 -9999 -9999 -9999 -9999 -9999 -9999 -9999 -9999 -9999 -9999 -9999 -9999 -9999 1253 1274.84 1263.36 1287.52 1326.32 1366.56 1415.24 1459.48 1509.8 1551.4 1580.88 1591 1610.12 1590.4 1548.92 1464.96 1360.24 1321.6 1318.32 1351.52 1364.8 1343.8 1277.72 1195.52 1115.68 1050.2 1027.64 1113.28 1199.08 1260.88 1327 1349.04 1354.92 1373.56 1350.92 1383.88 1431.4 1479.56 1503.32 1552.76 1601.56 1642.96 1700.08 1767 1859.72 1871.92 1830.92 1835.12
-9999 -9999 -9999 -9999 -9999 -9999 -9999 -9999 -9999 -9999 -9999 -9999 -9999 -9999 -9999 -9999 -9999 -9999 -9999 -9999 -9999 -9999 1212.75 1217.36 1235.76 1285.56 1330.28 1370.6 1409.64 1449.52 1495.52 1538.04 1569.56 1547.92 1522.04 1511.84 1513.8 1457.48 1326.6 1222.6 1212.16 1250.48 1279.44 1269.32 1247.36 1177.08 1097.2 1015.92 1024.52 1104.84 1205.68 1324.6 1397.64 1444.44 1469.28 1499.68 1483 1473.48 1524.76 1566.72 1593.2 1650.04 1694.96 1742.24 1812.16 1865.56 1900.08 1911.88 1926.8 1950.52
-9999 -9999 -9999 -9999 -9999 -9999 -9999 -9999 -9999 -9999 -9999 -9999 -9999 -9999 -9999 -9999 -9999 -9999 -9999 -9999 -9999 1194.667 1191.708 1189.56 1228.68 1289.84 1317.76 1350.28 1395.96 1439.08 1496.08 1535.44 1562.4 1505.24 1452.64 1436.56 1432.92 1412 1304.68 1154.72 1111.16 1145.16 1173.28 1180.64 1192.04 1137.6 1073.2 1002.68 1033.48 1144.52 1230.88 1286.44 1332.96 1373.76 1419.24 1475.88 1533.4 1556.52 1587.6 1622.4 1647.52 1681 1726.16 1762.24 1804.64 1849.6 1883.44 1913.24 1956.6 2001.92
-9999 -9999 -9999 -9999 -9999 -9999 -9999 -9999 -9999 -9999 -9999 -9999 -9999 -9999 -9999 -9999 -9999 -9999 -9999 -9999 1167 1160.2 1154.8 1171.32 1223.36 1266.8 1312.4 1352.72 1388.6 1439.44 1482.68 1504.48 1526.4 1502.92 1404.6 1387.96 1361.56 1307.52 1257.76 1147.12 1050.68 1073.04 1099.88 1140.12 1151.8 1138.72 1050.64 978.6 1050.32 1126.24 1188.2 1223.88 1231.12 1256.16 1350.96 1436.68 1439 1447.4 1493.16 1546.6 1615.92 1644.36 1660 1699.84 1742.76 1768.08 1774.28 1814.28 1865.92 1916.52
-9999 -9999 -9999 -9999 -9999 -9999 -9999 -9999 -9999 -9999 -9999 -9999 -9999 -9999 -9999 -9999 -9999 -9999 -9999 -9999 1132.333 1113.955 1128.68 1168.24 1215.8 1262.36 1308.24 1342.04 1383.8 1429.32 1456.52 1468.24 1456.76 1457.64 1391.2 1337.8 1278.4 1190.32 1153.04 1120.12 1030.96 1018.4 1049.08 1067.4 1078.84 1061.84 985.52 955.56 1022.04 1078.44 1098.12 1096.6 1122.76 1204.28 1291.2 1318.52 1311.24 1362.28 1440.92 1525.96 1548.6 1544.04 1550.6 1594.88 1624.56 1623.68 1649 1696.36 1747.28 1820.04
-9999 -9999 -9999 -9999 -9999 -9999 -9999 -9999 -9999 -9999 -9999 -9999 -9999 -9999 -9999 -9999 -9999 -9999 -9999 -9999 -9999 1072.231 1108.92 1160.92 1201.16 1231.92 1263.48 1303.12 1331.36 1348.72 1384.72 1400.72 1402.12 1415.28 1389.84 1345.84 1294.6 1188.68 1083.92 1029.76 995.76 968.08 976.44 1009.76 1021.52 983.8 973.36 1038.2 1043.2 1066.8 1096.04 1140.8 1206.76 1210.36 1221.6 1232.52 1278.4 1352.76 1433.56 1431.6 1418.16 1413.08 1457.64 1499.96 1514.6 1531.12 1568.64 1624.48 1695.24 1803.24
-9999 -9999 -9999 -9999 -9999 -9999 -9999 -9999 -9999 -9999 -9999 -9999 -9999 -9999 -9999 -9999 -9999 -9999 -9999 -9999 -9999 1055 1092.88 1148.88 1164.8 1187.88 1218.96 1236.84 1259.48 1276.04 1303.32 1343.12 1368.6 1341.92 1311.68 1274.48 1258.16 1199.52 1102.44 1036.48 976.4 930.88 920.24 940 949.16 951.84 1007.8 1074.56 1156.96 1191.96 1235.96 1266.68 1317.04 1352.84 1349.76 1353.4 1360.96 1361.08 1381.16 1390.56 1448.2 1456.2 1481.56 1502.8 1519.48 1558.84 1581.64 1629.04 1720.4 1798.04
-9999 -9999 -9999 -9999 -9999 -9999 -9999 -9999 -9999 -9999 -9999 -9999 -9999 -9999 -9999 -9999 -9999 -9999 -9999 -9999 -9999 1048.421 1094.04 1109.16 1107.32 1140.8 1171.84 1193.6 1221.04 1237.12 1283.16 1331.12 1374.88 1368 1306.04 1267.72 1253.4 1191.24 1070.44 1020.44 975.28 918.4 929.16 989.96 1030.4 1018.96 1047.6 1097.32 1137.08 1176.68 1261.04 1306.96 1348.52 1366.72 1368.28 1405.44 1451 1482.12 1532.28 1531.28 1546.16 1569.56 1601.88 1612.6 1613.2 1666.96 1691.12 1728.6 1797.32 1853.76
-9999 -9999 -9999 -9999 -9999 -9999 -9999 -9999 -9999 -9999 -9999 -9999 -9999 -9999 -9999 -9999 -9999 -9999 -9999 -9999 -9999 1044.833 1080.6 1059.923 1081.12 1118.8 1144.52 1173.28 1199.4 1236.64 1275.04 1319.96 1353.96 1355.2 1301.92 1265.8 1248.4 1222.24 1163.76 1060 986.76 924.64 926.04 993.52 1040.28 1088.6 1148.4 1200.88 1216.16 1187.24 1234.92 1263.48 1277.8 1308.36 1337.36 1381.4 1457.6 1541.96 1611.68 1675.24 1691.88 1681.84 1715.64 1761.76 1798.16 1848.96 1877.88 1935.56 1995.8 2029.28
-9999 -9999 -9999 -9999 -9999 -9999 -9999 -9999 -9999 -9999 -9999 -9999 -9999 -9999 -9999 -9999 -9999 -9999 -9999 -9999 -9999 -9999 -9999 1059 1093.714 1133.727 1148.76 1164.76 1196.28 1225 1253.56 1286.16 1316.72 1305.36 1256.52 1225.44 1208.28 1171.28 1099.04 1014.8 924.64 898.64 941.96 978.48 1024.72 1091.76 1185.6 1261.4 1285.04 1245.32 1215.76 1230.44 1298.24 1338.8 1412.56 1471.48 1531 1587.08 1616.08 1698.92 1774.16 1798.6 1821.12 1874.4 1939.64 1994.16 2010.2 2000.48 2042.4 2122.76
-9999 -9999 -9999 -9999 -9999 -9999 -9999 -9999 -9999 -9999 -9999 -9999 -9999 -9999 -9999 -9999 -9999 -9999 -9999 -9999 -9999 -9999 -9999 -9999 -9999 1105.8 1121.391 1137.32 1167.24 1204.12 1215.84 1252.8 1278.28 1238.32 1236.24 1206.12 1151.12 1074.4 994.6 945.8 884.76 901.72 960.16 1046.56 1097.52 1137.16 1200.08 1234.8 1284.4 1327.28 1322.8 1268.6 1275.08 1349.36 1447.08 1518.88 1579.04 1632.08 1668.6 1727.68 1789.44 1849.84 1884.32 1901.24 1927.72 1953.48 2013.56 2066.44 2093.24 2152.08
-9999 -9999 -9999 -9999 -9999 -9999 -9999 -9999 -9999 -9999 -9999 -9999 -9999 -9999 -9999 -9999 -9999 -9999 -9999 -9999 -9999 -9999 -9999 -9999 -9999 -9999 1081.286 1101.44 1134.12 1177.4 1207.96 1227.56 1223.88 1187.32 1214.48 1188.96 1110.96 1022.08 921.92 889 876.56 902.6 957.92 1028.2 1087.96 1130.68 1205.56 1248.08 1305.4 1379.56 1457.28 1361.68 1299.8 1347.36 1421.28 1474.88 1533.72 1585.4 1643.6 1720.84 1790.08 1854.68 1915.28 1966.44 1990.96 2029.56 2056.08 2098.04 2162.68 2225
-9999 -9999 -9999 -9999 -9999 -9999 -9999 -9999 -9999 -9999 -9999 -9999 -9999 -9999 -9999 -9999 -9999 -9999 -9999 -9999 -9999 -9999 -9999 -9999 -9999 -9999 1071.5 1085.44 1122.6 1160.8 1204.4 1208.8 1159.28 1144.92 1160.44 1128 1064.44 959.4 873.92 882.68 918.8 955.8 998.12 1044.52 1110.76 1176.92 1222.84 1267.8 1339.92 1425.84 1483.68 1444.16 1406.8 1370.52 1396.12 1440.32 1493.36 1551.12 1628.08 1716.32 1772.88 1842.8 1932.12 2023.56 2062.96 2094.12 2129.76 2145.96 2176.28 2218.88
-9999 -9999 -9999 -9999 -9999 -9999 -9999 -9999 -9999 -9999 -9999 -9999 -9999 -9999 -9999 -9999 -9999 -9999 -9999 -9999 -9999 -9999 -9999 -9999 -9999 -9999 -9999 1068.857 1098.32 1146.88 1167.24 1126.12 1106.76 1084.32 1079 1046.08 997.88 909.44 867.12 911.52 943.96 985.12 1023.76 1070.96 1140.8 1190 1250.56 1329.08 1405.24 1448.76 1480.64 1501.8 1521.04 1497.48 1497.2 1524.88 1561.12 1627.08 1658.36 1716.48 1777.32 1875.28 1965.84 2018.68 2056.72 2116.4 2142.68 2184.92 2216.12 2235.96
-9999 -9999 -9999 -9999 -9999 -9999 -9999 -9999 -9999 -9999 -9999 -9999 -9999 -9999 -9999 -9999 -9999 -9999 -9999 -9999 -9999 -9999 -9999 -9999 -9999 -9999 -9999 -9999 -9999 -9999 1118 1079.333 1070.5 1018.6 1012.2 999 942.7273 905.88 882.6 935.96 976.68 1029.04 1079.96 1120.56 1159.76 1212.76 1272.6 1334.72 1384.56 1426.48 1460.4 1500.44 1554.16 1589.68 1612.96 1626.88 1655.6 1722.2 1751.68 1756.24 1827.64 1916.36 1993.92 2039.76 2083.84 2127.52 2143.08 2153.36 2131.68 2127.92
-9999 -9999 -9999 -9999 -9999 -9999 -9999 -9999 -9999 -9999 -9999 -9999 -9999 -9999 -9999 -9999 -9999 -9999 -9999 -9999 -9999 -9999 -9999 -9999 -9999 -9999 -9999 -9999 -9999 -9999 -9999 -9999 1009.6 975.875 930.7778 898.0526 898.76 866.64 900.4 958.16 998.08 1038.36 1063.88 1082.92 1121.28 1179.56 1245.48 1311.44 1356.64 1401.88 1442.8 1488.44 1540.88 1600.96 1647.04 1682.08 1716.8 1772.48 1821.28 1847.48 1876.32 1924.8 1993.88 2039.28 2084.48 2100.16 2062.48 2050.56 2035.56 2009.68
-9999 -9999 -9999 -9999 -9999 -9999 -9999 -9999 -9999 -9999 -9999 -9999 -9999 -9999 -9999 -9999 -9999 -9999 -9999 -9999 -9999 -9999 -9999 -9999 -9999 -9999 -9999 -9999 -9999 -9999 -9999 971.9091 937.08 873.96 870.72 859.2 849.88 864.6 906.96 931.32 966.24 991.32 1031.56 1091.68 1125.04 1150.08 1203.68 1261.04 1312.24 1342.2 1389.08 1430.56 1504.88 1581.16 1623.88 1680.84 1747.52 1807.28 1855.48 1895.76 1944.28 1989.96 2043.6 2066.08 2045.08 2013.12 1964.6 1921.76 1916.72 1933.44
-9999 -9999 -9999 -9999 -9999 -9999 -9999 -9999 -9999 -9999 -9999 -9999 -9999 -9999 -9999 -9999 -9999 -9999 -9999 -9999 -9999 -9999 -9999 -9999 -9999 -9999 -9999 -9999 -9999 -9999 -9999 908.5625 854.84 824.24 854.52 891.16 903.32 932.4 970.96 993.76 1027.2 1053.92 1091.24 1120.72 1168.48 1221.32 1249.36 1270.72 1291.92 1361.64 1412.84 1455.72 1504.48 1551.44 1592.4 1685 1759.64 1825.2 1885.36 1925.6 1978 2012.96 1999.28 1994.04 1969.4 1905 1825.08 1824.72 1857.52 1899.6
