ABM/agg_dem_174200.txt
ncols         174
nrows         200
xllcorner     108.56185392851
yllcorner     27.750063881946
cellsize      0.00144717254
NODATA_value  -9999
[rows 93 to 123 of 200, columns 70 to 139 of 174]
1431.88 1386.36 1331.92 1350.24 1359.12 1413.88 1485 1540.12 1586.4 1654.12 1726.44 1763.92 1782.72 1852.68 1900.96 1968.52 2046.36 2106.48 2099.68 2066 2020.08 1972.36 1919.32 1842.2 1837.24 1867.84 1886.4 1850.24 1786.6 1687.44 1599.2 1496.76 1400.52 1311.84 1211.88 1126.12 1038.8 1018.36 1072.48 1073.84 1070.68 1113.12 1139.08 1146.8 1134.08 1099.88 1080.16 1047.8 1005.04 961.16 887 820.24 782.36 859.68 981.8 1035.2 1012.36 1003.88 966.08 904.88 856.92 873 872.48 820.76 744.48 749.8 736.36 770.48 846.24 925.16
1338.96 1271.56 1309.52 1365.4 1415.4 1485.56 1584.88 1632.72 1616.36 1679.48 1783.48 1859.96 1914.84 1937.48 1990.44 2021.12 2062.04 2057.04 2062.56 2019 1984.68 1940.44 1878.4 1802.12 1767.44 1791.6 1817.6 1806.6 1781.96 1689.4 1601.36 1486.52 1363.56 1261.48 1181.84 1113.8 1042.04 976.04 955.8 965.68 970.6 1017.96 998.8 996.12 1032.52 1017.96 987.8 962.96 929.92 883 868.92 840.6 780.6 846.6 949.6 997.12 932.88 919.16 932.84 879.24 815.72 775.52 800.56 780.24 732.68 721.4 709.76 740.24 804.56 889.36
1256.32 1312.44 1404 1489.92 1524.28 1562.96 1660.16 1717.32 1734.76 1744.88 1799.08 1890.96 1985.84 2013.56 2041.04 2096.68 2063.16 2056.2 2037.12 1998.8 1981.2 1939.84 1865.64 1763.4 1690.32 1703.16 1717.6 1749.08 1753.08 1677.24 1589.28 1505.36 1406.16 1286.36 1224.72 1173.2 1089.6 1013.04 954.84 911.88 887.64 903.44 870.52 862.6 908.08 942.64 904.44 875.2 830.92 814.24 795.6 784.4 774.56 846.12 926.52 975.88 919.56 848.16 865.28 833 792.64 738.92 712.48 695.88 683.36 691.08 674.12 725.64 810.28 883.08
1279.16 1321.88 1431.92 1525.04 1641.72 1686.32 1708.88 1758.64 1812.76 1838.2 1859.24 1942.88 2029.6 2105.28 2157.68 2146.56 2068.6 2052.28 2007.32 1946.16 1918.92 1880.08 1795.8 1708.24 1622.4 1595.56 1621.32 1696.32 1723.2 1665.84 1593.36 1534.08 1442.28 1386.6 1355 1239.88 1154.56 1084.64 1047.8 1004.52 922.72 887.08 901.4 873.2 840.84 843.04 824.2 807.88 831.04 870.44 870.36 775.36 776.28 836 894.76 904.36 861.36 815.6 757.24 744.52 729.88 700.56 697.2 730.84 753.4 712 672.12 705.2 775.36 830.68
1397.28 1384.04 1444.88 1523.44 1625.2 1709.52 1767.52 1807.6 1863.28 1931.68 1973.6 2018.32 2089.2 2177.6 2190.12 2102.96 2030.84 1992.8 1939.16 1857.52 1820.76 1806.48 1781.72 1692.6 1584.56 1512.44 1557.12 1638.64 1672.72 1627.88 1563.52 1500.52 1466.28 1450.44 1413.08 1317.48 1214.04 1181.24 1153.2 1077.4 1015.48 998 1014.88 952.36 879.88 842.52 854.88 904.24 943.36 973.28 909.72 834.12 795.4 766.48 790.52 826.16 768.76 737.32 715.12 727.2 708.84 720.96 787.68 827.16 855.44 796.48 716.4 671.56 690.04 731.44
1490.24 1484.52 1548.88 1586 1630.4 1672.32 1738.88 1805.16 1882.52 1949.08 2018.48 2061.76 2105.6 2151.68 2122.76 2044.76 1959.16 1909.68 1863.88 1784.68 1730.8 1701.52 1704.44 1643.44 1549.8 1459.36 1484.44 1505.84 1552.92 1503.84 1437.16 1368 1333.24 1354.44 1362.8 1338.84 1277.32 1227.84 1178.16 1140.96 1114.92 1114.32 1082.92 1013.84 963.48 923.88 934.92 977.68 1034.48 1021.16 957.24 913.56 865.16 808 744.72 754.2 730.6 754.32 758.44 783.52 794.64 802.72 858.52 928.92 929.32 834.4 778 742.72 677.64 669.44
1585.32 1582.12 1613.6 1662.32 1699.84 1713.68 1751.12 1817.68 1870.24 1930.64 1996.68 2037.84 2067.16 2100.16 2059.52 1978.72 1881.72 1845.92 1790.04 1734.48 1666.96 1598.32 1601.16 1608.12 1511.4 1404.92 1370.52 1393.16 1442.32 1366.4 1299.44 1246.92 1217 1201.96 1206.48 1200.92 1178 1118.88 1034.2 1009.36 1019.92 1111.84 1154.96 1109.08 1052.6 1030.84 1049.84 1069 1110.76 1083.04 1020.6 962.04 920.16 862.84 781.72 748.6 779.12 826.96 828.52 822.56 885.6 904.24 914.76 961.32 981.32 903.48 860.64 799.48 762.48 730.88
1700.88 1689.12 1703.2 1754.32 1799.4 1825.28 1832.56 1841 1891.88 1958.28 1983.28 2006.76 2043.52 2077.48 2039.28 1947.52 1852.8 1770.92 1682.64 1630.64 1614.08 1540.52 1499.84 1525.64 1493.36 1401.92 1308.44 1296.4 1321.88 1225.4 1152.96 1144.64 1106.08 1070.44 1078.12 1062.24 1061.72 1036.36 998.48 987.72 998.12 1094.8 1183.72 1212.36 1184.48 1153.96 1161.56 1162 1195.16 1132.04 1068.16 1021.48 983.6 898.56 821.28 808.28 799.56 855.32 872.36 839.76 912.16 969.52 1006.76 1042.24 1066.52 994.16 919.8 885.96 870.04 839.24
1820.96 1807.56 1801.08 1855.52 1899.64 1925 1932.2 1895.84 1904 1935.2 1953.6 1983.08 2022.16 2087.44 2057.84 1984.88 1897.12 1787.08 1659.2 1562.92 1508.2 1484.08 1414.2 1391 1356.4 1313.84 1263.2 1221.24 1200.32 1130.56 1099.76 1075.24 1077.08 1082.48 1075.6 1081.32 1065.8 1034.56 1082.84 1018.92 966.76 1030.68 1071.36 1172.8 1266.56 1283.36 1276.32 1251.52 1269.6 1204.2 1125.52 1046.6 967.6 894.36 874.96 873.84 854.8 839.72 910.28 906.28 918.76 1004.96 1063.44 1086.56 1137.48 1086.8 1024.8 1037.64 977 916.44
1942.16 1927.2 1918.24 1928.04 1978.8 2005.48 1982.4 1945.76 1911.32 1935.88 1974.16 2005.88 2055.04 2121.32 2056.48 1960 1844.56 1752.52 1626.76 1519 1441.24 1378.8 1329.48 1293.72 1257.72 1225.44 1204.36 1177.8 1136.56 1158.4 1230.68 1248.36 1237.48 1240 1227.08 1214.68 1182.08 1177.56 1154.56 1056.96 973 942.88 957.52 1094.2 1205.84 1319.12 1340.52 1341.6 1314.72 1216.8 1136.4 1072.88 1019.64 986.84 951.76 956.72 949.28 899.6 901.92 971.84 952.88 1000.88 1099.6 1167.36 1209.6 1194.08 1152.08 1092.16 993.48 906.96
1973.8 2027.44 2034.16 2035.8 2054.2 2073.84 2048.36 2010.32 1950.44 1928.2 1972.32 2041.92 2097.52 2120.96 2044.84 1958.16 1795.32 1655.88 1574.36 1528.52 1480.56 1376.56 1339.36 1349.68 1337.96 1340.64 1310.16 1220.28 1230.32 1305.36 1356.64 1353.32 1348.72 1366.36 1376.4 1343.44 1295.32 1247.24 1185.92 1129.64 1062.8 975.84 946 1024.88 1142.44 1229.76 1253.36 1296.76 1312.64 1266.04 1220.16 1159.6 1108.84 1077.84 1029.68 1050.6 1035.52 973.48 951.64 990.12 1022 1031.08 1124.76 1225.8 1277 1244.2 1160.64 1063.04 986.2 921.04
1944.52 1967.76 1982.28 1984.68 1987.2 2028.64 2061.6 2033.4 2013.24 1995.76 1995.8 2056.52 2123.64 2102.48 2023.68 1920.68 1815.12 1716.72 1666.24 1609.8 1528 1472.56 1473.2 1491.2 1503.08 1460.68 1342.76 1290.6 1357 1400.4 1439.84 1479.56 1492.68 1498.76 1492.88 1419.32 1308.2 1178.6 1089.96 1055.12 1018.76 974.92 914.84 941.28 1070 1135.92 1152.16 1183.24 1195.08 1205.48 1239.12 1246.88 1205.32 1166.76 1125.2 1138.28 1125.4 1083.12 1050.56 1026.6 1082.8 1096.96 1141.76 1246.52 1315.24 1269.76 1173.32 1093.44 1042.92 997.2
1870.72 1890.48 1906 1906.52 1914.56 1978.28 2055.2 2106.72 2134.2 2125 2117.52 2149.72 2160.56 2124.2 2097.16 2050.44 1979.36 1869.44 1774.4 1691.8 1641.48 1644.08 1613.16 1599.48 1545.04 1423.32 1335.32 1367.92 1427.32 1479.04 1523.92 1596.56 1552.32 1484.96 1450.96 1383.12 1303.24 1181.28 1071.72 1031.44 984.8 974.92 984.92 936.24 968.08 1055.8 1058.48 1078.92 1076.24 1078.56 1150.36 1240 1293.76 1296.36 1265.16 1246.48 1200.04 1168.64 1124.8 1103.16 1116.52 1181.76 1235.48 1297.2 1369.08 1311.2 1222.72 1183.68 1136.6 1081.28
1861.44 1888.28 1917.36 1933.2 1992.6 2010.28 2072.2 2126.76 2176.04 2224.08 2237.44 2236.08 2266.12 2279.16 2249.36 2211.92 2127.12 2025.4 1949.56 1833.08 1764.2 1807.64 1739.88 1644.76 1544.24 1453.44 1391.2 1443.28 1493.36 1552.48 1609.24 1585.08 1460 1373.76 1325.4 1283.92 1222.44 1146 1102.96 1128.4 1118.8 1115 1068.44 963.4 910.8 925.72 951.12 959.92 966.12 977.56 1053.64 1125.12 1221.16 1312.56 1345 1336.88 1292.32 1248.76 1248.92 1239.08 1222 1245.44 1327.28 1385.36 1433.72 1364.04 1290.6 1268.2 1200.84 1170.12
1961.28 1984.48 2032.4 2018.84 2090.64 2130.52 2200.72 2256.08 2295.2 2337.08 2376.88 2387.24 2369.88 2395.32 2368.96 2321.72 2236.84 2163.28 2111.64 2036.72 1957.16 1906.84 1809.96 1717.36 1601.8 1505.48 1472.64 1510.36 1550.96 1642.88 1626 1490.8 1373.72 1304.76 1235.68 1193.84 1161.48 1140.44 1144.76 1231.16 1260.8 1205.36 1095.2 1017.8 967.28 895.6 876.88 866.88 873.68 892.28 951.36 1037.04 1125.32 1196.52 1243.16 1343.08 1382.8 1345.56 1366.2 1366.84 1350.24 1335.92 1403.2 1466.72 1498.6 1429.68 1373.88 1347.4 1283.2 1273.88
2051.4 2090.16 2122.76 2154.52 2158.68 2222.04 2303.32 2363.08 2412.04 2441.08 2464.6 2495.52 2504.56 2480.68 2402.16 2313.48 2258.52 2222.52 2176.96 2112.12 2036.6 1960.24 1871.56 1776.48 1677 1609.32 1604.8 1637.48 1655.6 1707.2 1614.04 1485.44 1369.36 1278.12 1261.68 1268.72 1278.76 1230.16 1196.4 1294.52 1342.6 1245 1148.68 1105.88 1039.2 972.84 945.88 956.2 943.8 878.76 870.16 951.28 1022.8 1088.32 1151.68 1270.64 1371.64 1419.96 1439.88 1485.52 1512.8 1514.16 1501.36 1535.48 1578.12 1515.16 1470.08 1443.92 1393.64 1373.72
1997.84 2044.28 2071.56 2148.16 2213.52 2276.64 2343.76 2396.08 2427.48 2453.84 2496.04 2532.76 2517.28 2434.88 2384.6 2335.04 2275.24 2225.08 2157.08 2102.36 2039.2 1988.96 1942.16 1881.68 1805.32 1743.96 1735.44 1753.28 1770.28 1725.84 1598.48 1476.12 1377.6 1333.04 1388 1401.28 1322.12 1263.28 1263 1341.12 1387.92 1314 1265.8 1180.24 1120.4 1075.24 1049.8 1042 1016.24 946.4 865.6 880.4 931.6 980.24 1064.52 1189.96 1258.56 1305.84 1367.12 1426.32 1543.6 1593.24 1582.08 1619.2 1655.52 1613.4 1579.72 1560.52 1518.48 1472.4
1911.8 1953 2017.08 2108.04 2237.76 2298.4 2342.52 2390.12 2428.56 2460.36 2489.8 2456.52 2369.68 2329.12 2302.92 2286.16 2248.24 2206.4 2153.12 2107.44 2022.52 1964.04 1967.88 1973.24 1923.8 1911.36 1909.04 1862.68 1799.56 1670.64 1566 1477.72 1429.44 1417.36 1469.64 1427.12 1361.72 1375.16 1377.84 1411.84 1466.24 1407.4 1401.08 1313.64 1211 1186.6 1154.64 1151.16 1118.32 1024.4 915.92 853.16 848.52 908.96 1019.32 1119.2 1139.08 1186.52 1258.68 1361.6 1455.4 1507.16 1561.2 1652.08 1666.2 1609.64 1577.32 1575.2 1519.8 1442.16
1884.6 1974.64 2052.84 2122.84 2190.12 2279.24 2340.88 2387.08 2439.68 2490.48 2523.6 2445.44 2327.72 2256.8 2202.32 2196.52 2186.52 2189.72 2152.28 2099.2 2027.52 1933.84 1907.52 1983.88 2051.36 2059.72 2021.8 1922.96 1815.72 1690.56 1588.68 1552.44 1544.44 1526.48 1536.16 1464.8 1444.88 1496.16 1475.36 1471.76 1520.04 1497.52 1471.84 1415.08 1335.08 1317.64 1309.64 1281.8 1197.24 1084.04 976 909.56 854.64 862.72 983.68 1034.24 1020 1104.24 1227.56 1314.88 1318.56 1359.4 1442.92 1550.72 1610.76 1585.8 1508.12 1455.72 1395.44 1341.2
1846.64 1912.24 1972.08 2047.84 2116.24 2190.6 2255.76 2329.6 2431.76 2500.64 2491.48 2391.88 2269.72 2219.04 2168.72 2111.96 2089 2086 2060.6 2034.52 1971 1884.64 1856.28 1930.92 2037.08 2099.72 2046.12 1937.4 1816.12 1722.28 1673.68 1674.88 1647.48 1633.84 1604 1532.32 1494.4 1547.28 1545.64 1555.52 1609.08 1585.68 1527.68 1475.88 1409 1346.2 1322.68 1294.24 1208.8 1144.92 1053.28 1001.68 901.96 826.6 914.92 931.96 966.88 1080.72 1155.16 1182 1209.48 1273.4 1389.44 1457.16 1443.64 1502.44 1475.28 1408.4 1341.76 1281.44
1891.6 1912.6 1959.96 2038.28 2092.12 2153.84 2243.04 2334.24 2446.4 2500.56 2463.2 2348.52 2254.04 2206.88 2167.08 2096.04 2014.52 1960.84 1971.04 1972.32 1922.4 1838 1814.96 1884.88 1967.56 2031.08 2040.52 1971.68 1897.24 1840.88 1798.72 1774.6 1731.12 1728.6 1658.16 1593.24 1561.48 1608.76 1641.96 1659.76 1658.24 1574.2 1488.2 1433.8 1383.12 1355.12 1293.96 1232.52 1154.84 1087.72 1030.32 989.76 931.32 845.64 820.28 856.56 948.24 1017.64 1029.92 1078.76 1176.64 1275.4 1377.8 1349.56 1320.44 1395.2 1401.36 1322.32 1243.8 1195.36
2037.68 2059.52 2067.24 2101.48 2152.4 2239.32 2327.96 2418.36 2485.04 2472.32 2395.16 2270.68 2177.04 2112.96 2064.12 2030.88 1945.04 1867.88 1870.4 1906.64 1860.08 1778.48 1762.88 1828.96 1912.92 2009.76 2042.08 2012.56 1985.88 1952.08 1901.08 1871.92 1835.12 1785.8 1714.48 1679.12 1665.24 1688.92 1716.4 1702.12 1640.12 1539.56 1481 1469.84 1468 1418.52 1342.24 1243 1150.08 1049.44 970.28 951.52 912.96 880.08 836.72 807.36 871 915.52 992.52 1089.88 1165 1202.16 1256.64 1223.76 1207.24 1284.12 1333.92 1251.96 1157.32 1096.88
2147.64 2181 2161.04 2173.88 2232.92 2322.96 2411.68 2469.88 2490.4 2483.32 2392.76 2280.32 2179.6 2090.72 2031.12 1943.64 1849.72 1774 1758.88 1779.6 1779.92 1728.8 1747.6 1857.96 1955.52 2026.84 1979.76 1945.88 1925.76 1918.12 1923.88 1914.88 1924.68 1852.68 1807.08 1788.96 1771.64 1790.52 1772.48 1697.04 1617.92 1569.48 1578.08 1552.88 1491.36 1406.24 1328.36 1236.16 1132.6 1043.04 1005.72 1052.64 1007.32 961.88 914.92 835.16 820.2 904.16 1010.68 1051.72 1079.52 1098.88 1151.64 1095.04 1096.36 1192.76 1273.32 1240.32 1150.48 1067.24
2244.36 2286.72 2286.12 2292.64 2324.44 2380.12 2416.8 2453.92 2481.12 2467.6 2346 2257.2 2170.76 2113.4 2035.48 1963.92 1847 1746.52 1686.92 1692.36 1708.8 1680.24 1764.52 1874.4 1979 1990.24 1921.44 1874.36 1871.2 1844.36 1859.6 1833.16 1847.24 1874.28 1936.44 1935.08 1919.32 1865.6 1786.4 1720.52 1665.64 1681 1625 1523.24 1445.44 1362.24 1261.28 1170.48 1079.72 1053.76 1098.72 1154.48 1114.88 1034.84 958.16 869.12 805.04 838.04 905 919.12 968.52 1007.72 1051.92 1001.92 1018 1105.52 1158.36 1164.28 1165.8 1099.96
2279.04 2322.72 2333.68 2316.8 2315.52 2340.72 2364.16 2386.08 2372.28 2289.64 2204.64 2165.48 2131 2069 2012.88 1963.88 1869.2 1802.08 1783.28 1704.4 1650.36 1706 1814.36 1914.24 2012.8 1953.8 1884.48 1834.88 1801.8 1780.56 1770.6 1746.4 1722.88 1794 1890.48 1894.12 1899.2 1863.6 1824.6 1788 1772.04 1705.96 1588.32 1499.44 1412.2 1340.72 1259.24 1181.24 1157.68 1152.16 1191 1217.36 1135.84 1076.24 1028.6 935.76 832.44 764.4 770.24 816.96 858.12 905.28 959.96 926.36 940.92 981.68 1045.92 1048.28 1088.68 1111.16
2270.08 2270.48 2235.88 2201.52 2189.32 2220.44 2275.56 2308.6 2272 2188.04 2138.04 2077.52 2083.48 2096.56 2032.28 1972.32 1929.8 1904.64 1856.64 1758.04 1666.84 1685.24 1781.04 1879.44 1974.2 1953.36 1873.16 1809.92 1741.32 1700.48 1688.92 1659.16 1645.56 1733.32 1825.96 1833.16 1857.12 1885.84 1892.2 1879.4 1811.6 1695.28 1585.32 1505.24 1444.84 1385.2 1335 1302.48 1281.68 1250.4 1312.8 1281 1203.24 1163.4 1100.16 971.48 876.4 829.92 806.52 751.12 753.24 794.64 842.44 828.32 845 915.6 942.52 951.64 943.28 1016.52
2209.76 2171.96 2133.16 2097.96 2098.12 2144.04 2193.32 2234.96 2210.16 2139.72 2061.44 2001.76 1975.72 1963.6 1917.76 1869.6 1859.56 1862.92 1801.08 1756.28 1677.36 1648.08 1710.12 1806.92 1921.12 1938.36 1873.32 1823.32 1743 1654.48 1605.28 1565.12 1597.92 1675.76 1745.2 1795.2 1827.28 1798.04 1818.92 1862.84 1815.08 1709.64 1632.72 1560.28 1492.52 1451.52 1442.6 1412.6 1328.16 1340.48 1389.92 1349.4 1258.68 1150 1051.72 998.44 1001.88 967.44 922.12 808.52 730.24 702 712.8 718.28 740.6 791.68 810.04 856.04 840.52 924.76
2102.6 2064.76 2036.04 2008.32 2031.16 2072.08 2108.68 2153.28 2167.76 2126.04 2075.56 2044.68 1986.68 1908.16 1849.76 1772.68 1740.16 1771.04 1733.64 1675.32 1633.04 1657.4 1736.32 1821.24 1917.12 1914.88 1851.72 1780.28 1721.4 1651.76 1556.56 1500.64 1535.28 1617.96 1707 1737.04 1767.52 1730.68 1735.44 1756.2 1767.12 1738.76 1663.52 1602.16 1582.44 1542.04 1488.16 1414.44 1388.8 1442.68 1480.56 1402.96 1285.84 1147.52 1096.96 1111.16 1156.88 1099 953.72 851.64 770.4 721.92 707.12 709.16 693.08 677.56 705.88 751.04 811.28 909.96
2002.48 1965.16 1942.6 1936.68 1958.04 1994.4 2032.8 2102.4 2098.48 2084.68 2073.32 2075.6 2058.08 1979.28 1883.24 1794.36 1718.88 1696.6 1703.48 1626.52 1646.76 1707.44 1779.48 1858.08 1944.28 1918.96 1857.12 1772.64 1700.36 1628.52 1539.28 1470.4 1490.6 1567.88 1646.12 1654.88 1691.52 1688.12 1672 1687.16 1690 1682.84 1694.32 1697.4 1666.4 1592.8 1537.52 1510.2 1513.84 1533.28 1516.52 1405.56 1270.6 1231.4 1247.76 1245.24 1211.08 1077.56 948.92 892 880.96 845.08 864.52 843.16 783.84 708.68 639.04 661.52 773.88 853.44
1955.56 1926.68 1886.12 1880.24 1912.32 1971.4 2012.68 2042.76 2000.2 1968.24 1966.56 1968.12 1987.56 1921.96 1841.48 1769.12 1698.32 1642.2 1614.72 1615.28 1677.24 1762.88 1840.48 1926.84 1964.4 1912.48 1850.44 1785.68 1708.52 1619.92 1549.32 1454.36 1414.24 1479.52 1564.4 1590.96 1620.84 1641.8 1609.76 1598.36 1615.68 1592.8 1657.4 1714 1708.2 1664.88 1630.96 1611.64 1615.04 1589.92 1490.68 1393.84 1368.84 1395.8 1387.64 1299.56 1180.28 1092.72 1039.48 1015.64 988.2 961.92 945.52 907.08 843.68 761.36 661.76 620.56 710.28 792.72
1914.88 1882.08 1841.76 1843.2 1887.84 1930.12 1978.16 2038.32 1995.24 1921.04 1872.08 1882.92 1921.08 1894.48 1814.52 1739 1648.8 1595.2 1600.68 1640.92 1703.56 1779.52 1872.04 1966.28 1965.4 1887.68 1811.44 1734.72 1668.12 1606.76 1554.36 1472.68 1385.24 1415.2 1481.48 1525.76 1542.32 1582.08 1536.2 1486.88 1511.72 1500.2 1594.4 1684 1700.56 1695.96 1690.24 1701.24 1696.6 1597.84 1516.52 1483.56 1496.28 1503.68 1413.08 1298 1219.6 1200.36 1185.32 1146.92 1099.44 1054.04 985.68 927.12 872.12 795.44 706.16 621.8 636.52 717.56
