ABM/agg_dem_87100.txt
ncols         87
nrows         100
xllcorner     108.56185392851
yllcorner     27.750063881946
cellsize      0.00289434508
NODATA_value  -9999
[rows 31 to 61 of 100, columns 0 to 69 of 87]
-9999 -9999 -9999 -9999 -9999 1302.033 1225.74 1091.38 968.58 886.56 832.7542 804.7142 834.87 805.12 789.07 855.19 867.71 888.17 916.61 998.84 1081.83 1042.22 1023.32 1141.11 1168.8 1177.21 1216.64 1214.51 1227.64 1277.94 1303.78 1372.59 1478.76 1581.46 1708.13 1832.85 1938.89 1881.38 1926.67 1959.65 1824.45 1815.84 1947.53 1951.75 2009.66 2081.62 2149.89 2055.96 2000.7 1895.35 1789.87 1700.46 1599.13 1599.67 1702.03 1753.48 1824.11 1927.97 1974.3 1925 1843.83 1801.33 1736.01 1612.96 1588.59 1484.49 1459.51 1393.5 1309.86 1355.12
-9999 -9999 -9999 -9999 1391.192 1307.85 1194.98 1073.54 957.8 937.91 919.07 918.29 971.62 947.8 803.1 759.91 798.87 831.81 859.02 930.91 956.94 993.31 972.47 1018.29 1064.31 1094.45 1057.87 1112.78 1171.09 1257.14 1316.26 1355.92 1417.35 1533.43 1675.57 1800.48 1920.16 1945.47 1976.9 1982.77 1862.47 1825.5 1925.27 2019.28 2090.41 2138.72 2125.59 1969.93 1833.03 1744.93 1669.86 1655.3 1714.19 1705.91 1807.45 1928.27 1991.63 2011.97 1958.12 1837.76 1761.02 1677.67 1650.81 1573.29 1423.41 1331.48 1287.26 1261.61 1158.11 1173.06
-9999 -9999 -9999 1421 1362.912 1203.52 1090.21 987.43 919.74 989.83 1025.22 1036.09 1113.18 1077.25 939.4 830.01 779.24 809.36 847.5 869.47 880.01 904.45 921.09 977.44 1009.25 1007.58 1091.66 1162.05 1239.75 1315.59 1415.99 1463.48 1451.44 1602.64 1714.67 1768.8 1879.21 1991.33 2072.04 2021.23 1985.98 1949.06 1868.42 1948.73 2055.18 2143.75 2097.48 1948.14 1809.05 1784.82 1798.77 1852.79 1862.16 1822.35 1834.65 1997.33 2111.88 2031.46 1912.37 1802.55 1643.94 1547.14 1499.93 1423 1379.36 1311.53 1154.85 1125.81 1029.32 1018.81
-9999 -9999 -9999 1424.708 1332.07 1137.83 1070.52 988.65 1006.07 1111.13 1090.04 1134.36 1220.52 1112.58 984.39 852.57 808.18 868.61 940.97 1023.19 1019.34 1009.87 1003.45 1098.51 1096.15 1073.06 1162.91 1230.13 1273.67 1355.07 1467.49 1536.44 1535.61 1632.87 1760.1 1836.04 1929.07 2037.54 2126.19 2120.04 2043.62 1959.31 1912.71 1917.28 2054.75 2169.67 2090.03 1952.37 1873.92 1918.85 1947.64 2030.66 2000.73 1962.38 2013.94 2077.1 2111.99 2031.33 1910.57 1769.52 1616.02 1503.17 1396.23 1281.36 1209.23 1151.95 1091.14 1011.04 940.54 916.29
-9999 -9999 1353 1427.4 1306.88 1170.47 1082.25 1068.97 1102.46 1247.46 1231.65 1259.87 1239.76 1076.02 949.52 852.64 844.71 951.7 993.45 1091.25 1166.37 1163.76 1133.75 1182.95 1181.36 1157.19 1226.09 1308.35 1348.98 1422.6 1524.27 1603.34 1659.14 1693.84 1822.5 1889.81 1919.19 1985.85 2054.76 2121.14 2071.42 2060.44 2059.43 1951.53 2025.96 2134 2194.09 2071.55 1964.88 2012.51 2024.46 2163.52 2112.2 2078.74 1992.92 1949.14 1997.57 2032.8 1934.86 1813.08 1703.9 1621.02 1495.46 1418.86 1289.95 1115.52 987.75 910.83 880.49 840.13
-9999 -9999 1449.633 1454.849 1322.9 1214.28 1125.91 1160.7 1199.18 1348.59 1355.58 1292.2 1130.4 979.36 879.29 835.95 883.4 1003.91 1085.01 1134.47 1202.44 1267.99 1279.11 1278.96 1304.53 1277.94 1313.77 1367.77 1442.03 1486.43 1574.08 1678.19 1766.42 1755.55 1755.07 1720.55 1756.29 1837.21 1975.76 2118.84 2201.06 2187.21 2156.18 2051.87 1983.13 2076.1 2113.02 2160.87 2194.7 2200.42 2245.41 2166.22 2019.95 1920.87 1850.56 1801.09 1876.89 1924.67 1950.11 1890.17 1813.33 1710.6 1600.47 1474.94 1307.67 1144.66 1036.27 999.11 991.64 870.93
-9999 -9999 -9999 1522.51 1436.77 1299.6 1241.88 1298.09 1312.35 1272.03 1192.04 1144.92 985.27 875.54 824.38 866.4 884.65 924.78 1030.48 1128.53 1220.12 1300.59 1358.64 1389.41 1429.61 1420.5 1415.76 1464.72 1525.27 1570.81 1613.97 1664.6 1696.88 1582.32 1545.99 1519.36 1630.58 1706.89 1836.08 1992.58 2054.79 2162.87 2251.8 2203.34 2054.48 2038.47 2124.68 2217.2 2358.04 2317.72 2185.03 2058.74 1916.05 1804.95 1760.75 1696.75 1746.36 1763.2 1850.08 1924.49 1854.59 1731.05 1572.67 1421.07 1267.59 1177.74 1172.36 1153.92 1085.02 956.14
-9999 -9999 1490.212 1493.774 1443.38 1411.59 1413.25 1407.32 1398.73 1306.94 1199.27 1042.23 934.49 953.49 914.32 914.28 985.19 999.18 915.9 958.66 1082.95 1167.45 1225.39 1324.71 1411.48 1396.32 1341.24 1408.35 1462 1426.62 1395.05 1420.07 1453.28 1383.52 1344.96 1309.93 1403.09 1543.57 1669.72 1760.64 1894.85 2032.53 2135.64 2235.15 2220.06 2180.95 2232.91 2333 2254.79 2155.22 2040.08 1928.38 1845.14 1738.45 1658.52 1610.76 1580.89 1622.96 1735.93 1850.29 1848.8 1729.85 1585.69 1429.28 1306.62 1292.39 1264.6 1293.31 1178.78 1073.84
-9999 -9999 1466.106 1462.63 1356.76 1262.72 1281.41 1343.3 1362.51 1233.94 1131.12 1022.39 1056.68 1058.25 991.44 981.44 957.93 1083.09 1026.48 1014.62 959.57 954.54 1042.05 1155.17 1129.75 1097.76 1112.31 1149.5 1209.53 1192.76 1168.91 1182.25 1230.88 1224 1265.18 1405.04 1435.38 1461.36 1538.96 1617.38 1767.32 1897.16 2082.93 2298.03 2369.41 2385.55 2365.02 2245.81 2167.27 2052.65 1998.59 1898.52 1785.82 1695.48 1633.88 1521.28 1453.81 1549.77 1716.86 1719.61 1686.54 1687.39 1594.46 1468.48 1448.27 1471.94 1446.81 1400.64 1271.67 1195.03
-9999 1470.8 1504.907 1472.24 1342.09 1259.74 1196.19 1251.53 1216.18 1249.31 1190.19 1142.62 1196.56 1151.57 1077.53 1088.44 997.38 1038.66 1112.19 1139.27 1118.55 1071.65 990.44 995.02 1025.7 1080.04 1097.58 1094.81 1118.36 1157.33 1241.56 1279.56 1231.62 1278.01 1415.9 1592.17 1676.05 1651.67 1756.17 1769.47 1777.01 1940.31 2147.89 2289.13 2390.31 2436.06 2300.62 2129.46 2027.59 1942.29 1843.01 1864.06 1783.32 1692.12 1580.72 1487.28 1382.41 1471.87 1530.19 1577.54 1462.55 1473.74 1516.38 1554.84 1541.59 1556.99 1558.59 1520.15 1430.64 1326.91
-9999 1468.049 1470.96 1407.28 1353.38 1331.37 1227.12 1143.71 1107.95 1097.69 1111.33 1142.33 1140.03 1074.35 1080.9 1049.32 1008.71 1091.46 1166.46 1191.41 1240.59 1228.98 1161.5 1117.87 1149.51 1197.38 1264.13 1243.21 1264.41 1310.83 1395.77 1527.67 1510.43 1461.81 1486.84 1663.83 1848.04 1834.74 1897.37 1968.31 1981.87 2080.19 2216.18 2319.89 2440.21 2425.16 2240.35 2094.22 1970.29 1857.1 1725.76 1771.63 1759.34 1674.68 1602.78 1500.23 1366.36 1256.18 1319.46 1406.72 1305.94 1290.78 1350.2 1342.48 1305.79 1419.8 1416.39 1437.08 1409.56 1284.01
1479.75 1496.211 1432.28 1310.46 1218.65 1192.84 1271.6 1237.04 1157.99 1110.38 1040.35 1013.56 1011.89 1025.98 1096.21 1057.84 1087.31 1170.94 1231.81 1245.94 1291.72 1340.53 1324.56 1240.28 1246.01 1270.26 1335.97 1351.03 1432.3 1477.94 1543.44 1645.23 1743.9 1711.83 1661.15 1743.63 1890.93 2016.89 2066.09 2075.88 2052.7 2071.46 2061.81 2148.08 2285.18 2375.89 2188.13 2027.74 1907.9 1784.64 1622.04 1665.15 1745.48 1686.33 1601.48 1506.36 1372.99 1246.13 1153.34 1152.41 1108.09 1204.95 1218.89 1114.22 1139.58 1229.17 1205.58 1201.64 1271.84 1368.86
1339 1402.001 1353.33 1271.22 1216.54 1166.06 1157.26 1141.93 1088.95 1099.36 1038.33 1042.99 1066.8 1072.54 1110.74 1138.1 1174.39 1231.86 1300.37 1330.73 1341.94 1412.1 1459.61 1395.41 1362.24 1363.22 1397.69 1448.65 1543.3 1619.62 1672.47 1781.44 1851.56 1918.66 1912.24 1923.19 1973.04 1983.4 1968.15 1900.45 1862.66 1868.15 1899.87 2028.64 2185.58 2295.23 2134.73 1993.71 1871.5 1776.1 1603.37 1512.79 1617.02 1627.55 1569.59 1522.14 1402.47 1266.04 1147.01 996.21 942.16 1119.4 1187.27 1017.39 968.1 1091.21 1039.3 1005.17 1037.49 1169.03
-9999 1382.977 1295.92 1206.35 1156.87 1140.68 1106.81 1096.65 1126.72 1139.34 1051.34 1089.09 1126.29 1141.88 1159.74 1159.35 1237.59 1326.56 1376.16 1407.05 1411.77 1466.95 1528.01 1524.31 1485.36 1498.27 1463.31 1499.86 1608.1 1691.24 1761.16 1861.56 1928.24 1903.27 1882.97 1847.02 1852.63 1790.32 1807.52 1730.96 1665.53 1684.39 1818.4 1972.87 2134.88 2244.21 2164.32 2039.88 1939.56 1823.69 1628.37 1434.42 1396.85 1491.46 1502.33 1476.93 1401.77 1251.75 1108.97 972.87 877.06 1058.1 1210.03 1083.23 932.78 882.23 959.95 880.92 902.36 1013.81
-9999 1349.75 1315.856 1235.13 1171.56 1146.07 1170.63 1218.04 1218.73 1146.46 1082.45 1172.27 1211.06 1168.3 1242.42 1211.32 1226.34 1285.24 1310.47 1346.71 1404.53 1482.98 1560.27 1627.32 1595.94 1601.61 1613.15 1575.91 1617.11 1698.51 1762.81 1870.32 1809.31 1764.26 1686.8 1637.59 1664.91 1624.88 1565.71 1535.97 1560.09 1712.16 1906.75 2052.25 2199.78 2107.68 2005.09 1975.56 1935.81 1822.66 1628.61 1465.96 1265.8 1267.13 1351.33 1333.54 1310.27 1235.89 1133.75 983.55 850.6 965.34 1140.7 1150.7 1036.26 878.63 815.51 861.57 782.7 926.78
-9999 -9999 1350.112 1256.44 1168.39 1249.1 1248.55 1289.77 1322.96 1167.94 1084.88 1169.29 1232.93 1231.26 1273.52 1244.09 1290.72 1305.24 1340.21 1358.88 1426.03 1513.99 1593.71 1665.13 1714.89 1721.8 1756.36 1602.6 1558.32 1604.22 1730.8 1755.79 1667.34 1599.66 1542.21 1449.06 1403 1420.68 1487.15 1595.09 1696.22 1793.24 1915.22 2064.69 2115.19 2022.3 1901.58 1873.16 1890.44 1756.71 1582.01 1390.24 1188.13 1064.03 1137.35 1154.04 1189.43 1143.13 1088.29 987.4 840.62 852.05 1027.97 1038.39 961.75 903.92 827.21 766.92 757.86 889.57
-9999 1331 1348.619 1283.63 1268.78 1372.94 1395.29 1380.28 1338.46 1201.01 1105.75 1156.03 1230.68 1289.98 1278.83 1288.98 1360.6 1413.49 1453.29 1471.81 1469.48 1517.71 1594 1683.98 1751.43 1693.22 1575.23 1461.19 1434.22 1547.94 1581.3 1520.99 1482.17 1400.23 1334.59 1294.82 1392.21 1497.05 1648.77 1693.87 1833.37 1962.93 2037.32 2059.61 2029.37 1961.54 1827.39 1738.13 1772.72 1725.42 1545.63 1329.39 1173.39 1030.18 947.05 944.91 932.01 975.3 932.6 864.52 822.38 811.97 962.28 904.94 877.59 780.7 747.29 707.13 712.44 846.82
-9999 1316 1384.485 1341.03 1351.34 1440.71 1463.85 1427.2 1363.78 1286.24 1172.87 1123.32 1185.9 1289.9 1327.47 1363.27 1413.83 1495.52 1536.77 1542.24 1556.09 1590.8 1658.18 1699.08 1639.93 1524.2 1405.09 1373.23 1337.97 1368.93 1373.37 1298.2 1262.09 1273.05 1319.58 1345.59 1481.32 1665.69 1760.66 1861.48 1948.51 2100.42 2149.33 2036.13 1937.54 1856.56 1744.59 1578.74 1628.35 1672.41 1547.87 1436.4 1331.36 1158.62 1070.73 955.82 935.46 851.57 847.8 904.53 847.39 793.54 853.95 795.76 736.02 715.06 760.72 779.33 691.32 756.88
-9999 -9999 1390.103 1371.51 1392.646 1436.649 1473.917 1459.923 1448.156 1422.76 1289.83 1139.16 1201.2 1317.2 1386.3 1410.54 1460.04 1549.66 1590.98 1617.95 1643.57 1688.75 1677.39 1569.58 1431.32 1374.85 1288.91 1261.89 1176.01 1166.97 1193.22 1245.74 1342.63 1456.67 1544.01 1535.55 1602.7 1679.06 1778.21 1908.12 2028.69 2106.15 2051.44 1899.12 1793.27 1674.4 1639.29 1481.37 1438.49 1466.37 1337.88 1276.66 1277.26 1200.51 1090.67 1090.25 1090.2 992.7 1007.86 1062.36 963.36 864.04 757.31 772.75 798.26 846.8 915.88 912.13 795.21 710.11
-9999 -9999 1402.419 1404.44 1422 -9999 -9999 -9999 1491 1438.508 1308.86 1184.98 1231.09 1342.63 1444.27 1501.33 1525.18 1551.46 1631.05 1689.98 1706.94 1629.16 1472.22 1384.66 1292.67 1193.36 1130.96 1115.18 1142.26 1277.29 1365.18 1465.79 1556.38 1627.63 1733.4 1754.63 1778.53 1862.33 1875.4 1922.34 1981.68 2057.65 2007.38 1826.98 1633.85 1536.72 1457.67 1391.38 1272.32 1219.54 1118.15 1084.02 1074.32 1049.61 1021.99 1022.59 1160.06 1222.09 1212.85 1200.25 1065.44 936.03 844.59 837.35 882.17 951.35 1049.75 1071.24 967.05 900.68
-9999 -9999 -9999 -9999 -9999 -9999 -9999 -9999 -9999 1473.583 1404.96 1317.59 1271.04 1366.73 1468.05 1560.57 1623.03 1622.84 1627.29 1585.87 1594.15 1513.1 1329.11 1193.4 1108.21 1064.35 1189.83 1311.6 1397.27 1515.59 1635.28 1727.94 1789.86 1840.32 1894.87 1967.65 1979.06 2028.08 1996.71 1931.46 1998.57 2098.71 2004.87 1762.07 1562.16 1419.29 1328.06 1290.44 1228.15 1207.66 1297.25 1298.14 1290.4 1225.55 1131.77 988.63 1005.65 1224.29 1308.06 1277.55 1147.26 1048.29 997.19 964.47 953.88 1001.71 1154.38 1231.22 1116.98 951.92
-9999 -9999 -9999 -9999 -9999 -9999 -9999 -9999 -9999 -9999 1409 1377.4 1343.28 1365.31 1462.78 1559.55 1619.45 1613.01 1522.45 1445.59 1490.38 1391.3 1265.2 1113.34 1032.63 1127.03 1255.67 1350.45 1446.97 1569.68 1654.32 1726.85 1760.78 1776.23 1837.07 1918.37 1944.87 1977.17 2064.23 2067.05 2079.89 2127.72 2022.99 1845.16 1685.56 1571.53 1544.26 1483.03 1334.15 1415.94 1509.97 1507.18 1436.57 1242.83 1062.06 988.35 944.32 1057.45 1118.2 1138.84 1219.09 1240.55 1193.78 1144.3 1076.28 1119.51 1230.24 1316.32 1168.29 1064.5
-9999 -9999 -9999 -9999 -9999 -9999 -9999 -9999 -9999 -9999 -9999 1239.488 1268.05 1348.44 1433.47 1523.69 1572.34 1558.6 1496.29 1307.76 1283.12 1314.34 1224.42 1069.75 1067.57 1247.56 1379.53 1424.36 1422.82 1500.61 1574.83 1670.43 1786.2 1885.9 1885.84 1923.87 1975.45 2056.01 2163.94 2258.1 2309.41 2327.62 2287.99 2138.16 1982.75 1858.96 1727.99 1526.24 1454.37 1559.92 1577.78 1378.06 1259.71 1167.59 1151.82 1174.99 1036.21 924.85 913.7 927.41 1041.79 1213.89 1317.03 1317.36 1305.26 1288.4 1395.64 1431.51 1320.02 1232.01
-9999 -9999 -9999 -9999 -9999 -9999 -9999 -9999 -9999 -9999 1173.956 1176.847 1252.17 1333.29 1415.77 1504.67 1524.24 1420.44 1378.5 1216.07 1095.01 1148.48 1155.04 1026.28 1088.64 1232.35 1298.5 1420.69 1494.08 1562.44 1647.2 1712.06 1791.27 1846.31 1935.24 2045.92 2124.25 2217.72 2351.56 2433.61 2497.23 2484.35 2358.82 2245.34 2137.13 2006.25 1867.97 1708.9 1682.75 1714.73 1543.52 1339.53 1329.92 1273.58 1273.76 1322.38 1175.15 1051.92 998.47 946.3 891.86 1005.74 1169.2 1339 1429.71 1540.95 1559.53 1590.55 1513.56 1439.56
-9999 -9999 -9999 -9999 -9999 -9999 -9999 -9999 -9999 -9999 1106.173 1141.69 1227.81 1304.22 1373.3 1427.55 1432.95 1366.17 1238 1096.71 1003.3 1025.67 1036.5 988.16 1052.62 1107.89 1186.04 1265.96 1326.17 1458.01 1480.97 1525.77 1573.49 1634.62 1766.45 1931.01 2075.2 2251.38 2365.15 2454.77 2478.84 2320.83 2246.98 2207.72 2128.01 1986.98 1958.13 1986.56 1929.12 1744.12 1546.21 1479.43 1474.43 1419.48 1434.2 1472.8 1400.41 1262.58 1224.31 1106 913.66 868.71 1039.11 1112.46 1290.68 1410.13 1551.73 1618.1 1529.09 1424.65
-9999 -9999 -9999 -9999 -9999 -9999 -9999 -9999 -9999 -9999 1051.71 1111.24 1150.2 1205.31 1248.42 1315.18 1363.35 1289.98 1225.58 1057.45 950.24 944.84 987.59 1056.82 1165.67 1267.66 1346.28 1369.22 1413.79 1458.82 1505.03 1549.71 1589.62 1657.6 1792.38 1890.77 2004.54 2138.2 2290.66 2469.84 2423.77 2237.42 2135.95 2037.59 2009.62 1904.01 1871.76 2033.86 1998.93 1819.13 1730.47 1685.26 1596.93 1552.98 1600.72 1606.8 1481.39 1373.36 1285.85 1149.07 1018.76 876.38 880.93 1003.37 1111.46 1233.73 1393.49 1415.43 1401.84 1265.59
-9999 -9999 -9999 -9999 -9999 -9999 -9999 -9999 -9999 -9999 1044.833 1066.508 1106.84 1157.83 1214.33 1283.68 1332.81 1262.42 1212.55 1084.4 933.67 960 1061.34 1199.07 1233.44 1236.15 1305.8 1400.7 1529.41 1650.48 1736.62 1793.23 1895.23 1956.03 2047.56 2106.46 2125.91 2236.9 2406.97 2482.77 2334.73 2140.08 2017.44 1859.16 1828.88 1786.82 1799.35 1976.26 1995.07 1945.46 1902.94 1849.57 1747.41 1729.08 1722.01 1591.77 1520.45 1446.03 1287.44 1093.79 995.04 940.56 848.54 877.72 1036.2 1136.39 1181.77 1195.12 1274.88 1117.98
-9999 -9999 -9999 -9999 -9999 -9999 -9999 -9999 -9999 -9999 -9999 -9999 1105.8 1110.359 1170.72 1226.04 1231.95 1211.45 1089.64 937.83 891.41 998.21 1113.33 1222.13 1324.16 1352.59 1317.9 1465.53 1582.56 1690.18 1821.01 1916.82 1975.43 2058.53 2158.25 2283.21 2307.31 2340.2 2405.24 2402.66 2243.33 2121.04 1994.04 1816.2 1716.74 1686.35 1841.88 1983.96 1878.79 1824.48 1802.44 1809.6 1914.03 1886.93 1779.88 1706.16 1559 1390.15 1218.06 1110.83 1165.39 1090.45 947.91 809.98 852.83 934.91 985.04 1011.53 1104.21 1116.4
-9999 -9999 -9999 -9999 -9999 -9999 -9999 -9999 -9999 -9999 -9999 -9999 -9999 1075.266 1132.15 1176.64 1123.82 1103.38 982.79 883.81 950.92 1034.34 1154.62 1267.57 1404.94 1477.57 1448.96 1464.63 1558.17 1679.81 1817.07 1985.05 2082.55 2150.83 2211.81 2230.57 2167.13 2162.98 2253.11 2202.48 2069.69 2029.84 1947.99 1889.23 1793.01 1669.38 1794.38 1946.76 1844.93 1709.82 1629.62 1663.14 1799.88 1842.07 1863.34 1757.9 1570.89 1443.52 1373.17 1300.18 1333.28 1193.83 1030.45 918.91 822.07 745.03 775.46 823.22 890.06 931.27
-9999 -9999 -9999 -9999 -9999 -9999 -9999 -9999 -9999 -9999 -9999 -9999 -9999 -9999 -9999 1098.667 1018.644 960.0076 903.5018 919.28 1010.54 1086.83 1168.34 1291.06 1392.39 1473.02 1571.42 1642.24 1716.77 1794.17 1886.28 2016.71 2099 2102.37 2076.21 2033.75 1980.91 2013.92 2099.29 2119.24 2067.29 1983.05 1825.01 1731.67 1684.74 1661.16 1798.78 1923.81 1815.44 1675.51 1516.72 1552.93 1686.26 1719.46 1712.7 1719.68 1664.35 1595.92 1487.58 1469.65 1451.4 1233.84 1175.28 1136.13 911.57 804.59 780.99 715.79 689.37 837.14
-9999 -9999 -9999 -9999 -9999 -9999 -9999 -9999 -9999 -9999 -9999 -9999 -9999 -9999 -9999 940.2358 872.53 868.9 887.55 950.75 1009.67 1083.8 1166.23 1246.2 1327 1422.05 1535.49 1645.53 1784.91 1890.55 1981.3 2025.75 1983.15 1884.04 1901.82 1919.8 1862.83 1925.42 2017.98 1971.18 1922.42 1931.27 1791.03 1646.13 1617.9 1730.8 1901.41 1932.49 1795.57 1650.83 1507.68 1423.55 1540.65 1596.76 1557.8 1555.1 1662.45 1692.4 1658.52 1624.85 1471.15 1441.15 1349.57 1173.24 1096.84 1025.9 941.35 818.15 652.57 714.27
