ABM/agg_dem_174200.txt
ncols         174
nrows         200
xllcorner     108.56185392851
yllcorner     27.750063881946
cellsize      0.00144717254
NODATA_value  -9999
[rows 62 to 92 of 200, columns 0 to 69 of 174]
-9999 -9999 -9999 -9999 -9999 -9999 -9999 -9999 -9999 -9999 1294.714 1294.08 1239.76 1182.72 1114.44 1042.48 993.48 933.28 908 863.2 853.8 822.4167 783.6667 769.75 791.68 806.96 807.56 763.4 775 822.96 851.2 879 886.84 910.6 905.6 904.92 913.64 929.32 955.44 1013.88 1080.44 1120.72 1092 1029.52 999.28 1067.04 1128.28 1198.64 1234 1202.52 1181.2 1213.68 1255.24 1306.48 1295.44 1286.8 1279.32 1278.68 1311.64 1334.56 1320.44 1341.96 1392.76 1404.28 1460.52 1518.44 1573.84 1622.88 1668.96 1735.28
-9999 -9999 -9999 -9999 -9999 -9999 -9999 -9999 -9999 -9999 1328.059 1291.28 1262.8 1217.68 1150.56 1058.04 1007.4 940.16 903.92 871.12 829.28 825.52 836.68 828.76 875 865.84 858.52 791 753.4 804.92 832.84 857.72 830.64 842.76 861.56 880.6 897.28 926.2 985.6 1040.44 1070.16 1056 1057.24 990.12 982.76 1044.2 1118.48 1119.04 1117 1121.68 1146.36 1167.6 1181.6 1123.24 1129 1146.8 1169.52 1183.04 1213.2 1252.36 1264.12 1288.6 1319.32 1374 1445.6 1490.48 1538.04 1591.08 1667.6 1760.68
-9999 -9999 -9999 -9999 -9999 -9999 -9999 -9999 -9999 1397.278 1367.36 1273.56 1231.8 1183.2 1113.4 1041.04 1000.56 959 961.36 932 882.84 895.52 886.88 900.2 926.96 939.84 940.84 869 792.24 760.84 752.8 770.56 790.6 826.84 840.84 849.88 862.52 923.4 950.36 990.2 988 985.76 1017.56 970.72 952.48 1019.16 1055.68 1053.36 1062.28 1094.24 1125.4 1139.52 1065.44 1062.88 1089.04 1097.6 1121.56 1168.76 1215.76 1251.08 1267.4 1287.24 1316.72 1334.68 1378.68 1438.76 1490.4 1529.24 1640.92 1734.96
-9999 -9999 -9999 -9999 -9999 -9999 -9999 -9999 1380.818 1395.48 1341.44 1249.04 1218.68 1146.24 1091.84 1047.88 949.84 921.8 919.36 938.92 935.96 961.96 929.04 957.04 983.2 1036.48 1040.12 941.24 852.56 806.76 773.36 742.92 768.4 809.64 819 817.52 807.04 843.12 880.04 903.04 915 939 995.36 989.6 951.96 966.28 990.56 973.56 1024.52 1076.2 1081.04 1031.84 1022.92 1080.24 1120.64 1143.84 1180.68 1213.36 1262.24 1299.48 1334.92 1375.48 1387.4 1384.88 1386.88 1465.08 1532.68 1581.4 1638.36 1688.04
-9999 -9999 -9999 -9999 -9999 -9999 -9999 -9999 1367.529 1356.04 1274.92 1209.2 1151.64 1084.4 1026.32 983.44 915.2 892.28 919.76 963.52 981.36 1011.2 1003.68 1035.56 1055.84 1108.88 1104.12 979.08 910.76 877 821.08 773.84 755.84 766 783.4 795.68 812.44 818.76 818.8 835.04 843.88 869.76 884.52 926.4 935.96 904.08 933.16 961.08 983.48 1023.12 985.72 1003.72 1048.24 1093.08 1126.6 1166.68 1208.16 1244.36 1272.76 1344.16 1373.72 1419.28 1446.6 1433.32 1404.16 1484.2 1559.76 1635.24 1686.96 1694.28
-9999 -9999 -9999 -9999 -9999 -9999 -9999 1421 1414.958 1313.12 1195.28 1134.68 1083.84 1040.96 1002.4 937.56 920.84 950.64 1016.12 1059.92 1053.72 1054.6 1033.76 1071.36 1116.96 1171.04 1151.96 1073.84 1023.04 946.8 898.12 827 798.48 796.64 814.16 844.2 865.04 893.76 901.12 922.92 903.4 903 912.72 894.16 900.12 944.2 983.76 1031.76 1023.68 1006.72 992.08 1048.8 1096.64 1128.68 1155.84 1199.08 1231.88 1274.6 1295.96 1349.48 1410.2 1460.76 1491.44 1482.56 1439.44 1477.96 1569.12 1646.44 1718.56 1758.88
-9999 -9999 -9999 -9999 -9999 -9999 -9999 1432.417 1431.76 1283.52 1163.84 1120.32 1095.72 1053.76 996.8 944.16 957.12 1021.72 1093.16 1088.8 1075.84 1060.12 1085.4 1125.36 1191.96 1219.04 1155.52 1108.84 1046.96 986.16 905.48 842.6 814.52 798.96 826.36 877.12 912.56 942.48 987.56 997.88 987 970.16 983.6 972 963.32 997.92 1048.36 1102.6 1096.32 1056.84 1026.84 1072.2 1112.6 1176.36 1200.92 1216.12 1252.36 1289.44 1320.36 1376.84 1441.16 1477.16 1526.36 1517.08 1502.8 1505.76 1591.64 1651 1717.8 1793.76
-9999 -9999 -9999 -9999 -9999 -9999 1386.167 1455.542 1375.8 1237.2 1151.84 1115.32 1080.72 1051.88 1007.44 1006.2 997.28 1048.16 1139.12 1123.44 1110.84 1113.36 1147.4 1179.28 1250.88 1220.2 1132.52 1053.44 988.48 915.96 848.12 814.08 794.12 825.12 866.88 904.08 936 972.84 1032.84 1074.48 1073.52 1046.68 1041.4 1042.48 1011.2 1041.36 1099.6 1143.48 1144.68 1086.76 1074.92 1118.28 1159.72 1202.96 1243.52 1259.96 1260.8 1292.08 1331.28 1391.8 1451.36 1500.28 1534.76 1567.56 1572.28 1561.6 1621.04 1667.8 1731.6 1797.24
-9999 -9999 -9999 -9999 -9999 -9999 1416.765 1426.96 1348.16 1245.84 1173.72 1128.84 1094.96 1043.96 1029.48 1073.92 1060.84 1095.76 1204.48 1207.44 1174.72 1193.4 1204.32 1237.48 1287.96 1218.92 1128.24 1058.16 997.48 926.2 857.96 831.96 809.44 874.44 937.96 949.2 963.36 999.84 1060.92 1124.52 1152.64 1151.04 1132.32 1119.72 1101.16 1094.52 1148.28 1183.64 1177.2 1135.64 1118.44 1150.56 1184.48 1225.04 1274.6 1298.64 1311.4 1323.92 1376.4 1431.96 1477.88 1529.48 1563.84 1609.12 1625.88 1620.84 1634.48 1696.16 1788.72 1823.6
-9999 -9999 -9999 -9999 -9999 1353 1427.875 1438 1361.12 1272.4 1216.68 1162.64 1121.44 1068.64 1068.72 1103.76 1089.48 1163.76 1277.52 1300.4 1279.48 1279 1286.32 1311.36 1286.56 1165.6 1089.12 1028.56 967.48 906.92 867.52 853.12 813.64 881.32 948.44 971.2 992.88 1017.72 1062.92 1116.64 1163.16 1198.64 1211.12 1191.88 1183.04 1156.28 1171.12 1228.76 1231 1181.6 1168.08 1191.68 1229.2 1265.64 1307.92 1352.24 1381.2 1379.4 1413.48 1468.56 1529.24 1560.48 1598.84 1641.56 1686.84 1703 1710.52 1734.2 1806.48 1871.2
-9999 -9999 -9999 -9999 -9999 1415.933 1451.68 1414.92 1351.36 1266.16 1220.64 1177.24 1117.6 1080.28 1126.48 1143.44 1137.36 1237.2 1319.6 1355.72 1367.84 1373.64 1366.4 1306.92 1218.4 1137.32 1052 992.28 945.96 884.16 855.16 822.72 831.92 897.44 961.04 1005.2 1045.08 1063.4 1096.4 1130.64 1160.96 1209.52 1242.96 1250.16 1254.04 1246.04 1226.56 1286.04 1286.96 1254.2 1258.28 1231.12 1281.12 1293.76 1323.12 1366.36 1419.56 1420.76 1440.36 1491.12 1546.64 1586.44 1629.64 1687.32 1731.88 1769.76 1788.68 1782.08 1813.2 1806.56
-9999 -9999 -9999 -9999 -9999 1483.333 1487.957 1464.84 1374.68 1299.4 1244.6 1214.64 1156.56 1149.2 1190.6 1182.28 1165.16 1257 1353.6 1365.44 1345.12 1335.72 1300.2 1195.28 1105.28 1060.6 976.12 897.04 851.72 835.32 837.92 828 871.28 932.96 995.76 1053.64 1106.88 1124.68 1136 1174.84 1199.8 1239.48 1279.44 1299.4 1296.44 1319.92 1308.56 1294.68 1337.68 1339.28 1336.08 1286.28 1327.08 1353.12 1383.36 1398.24 1445.8 1482 1487.72 1526.52 1563.8 1599.44 1665.48 1730.32 1776.32 1787.72 1734.64 1716.8 1715.48 1685.04
-9999 -9999 -9999 -9999 -9999 -9999 1500.05 1494.36 1443.12 1367.28 1284.68 1231.8 1193.84 1202.08 1240.68 1237.96 1225.72 1316.4 1321.68 1257.84 1222.92 1231.48 1237.24 1144.6 1055.24 980.2 921.92 855.52 813.48 814 833.84 836.96 859.08 895.56 938.24 1003.08 1067.8 1113.52 1144.8 1175.8 1224.04 1261.64 1298.96 1334.96 1349.92 1361.96 1377.68 1361.6 1395.12 1421.56 1406.4 1358.56 1386.52 1416.12 1438.04 1455.56 1481.84 1517.8 1537.8 1555.48 1599.24 1652.56 1698.76 1730.16 1766.52 1737.64 1670.32 1608.2 1626.96 1574.32
-9999 -9999 -9999 -9999 -9999 -9999 1540.35 1555.28 1513.6 1423.08 1362.84 1319.08 1270.56 1301.04 1364.8 1348.92 1337.12 1370.16 1292.56 1216.04 1166.44 1147.32 1130.48 1067.36 994.24 911.4 870.72 854 836.52 833.52 891.28 903.52 887.56 896.4 877.36 880.44 935.8 1004.8 1070.24 1123.28 1170.68 1224.12 1259.04 1309.4 1351.08 1371.6 1392.44 1425.92 1438.28 1463.48 1474.32 1442.72 1418.96 1441.44 1462.28 1503 1531.28 1570.16 1597.48 1592.48 1592.16 1611.92 1610.8 1618.68 1650.44 1632.92 1543.2 1507.56 1503.04 1479.64
-9999 -9999 -9999 -9999 -9999 1512.5 1530.375 1538.2 1511.12 1464.32 1446.72 1408.72 1402.32 1419.32 1431.88 1415.48 1412.08 1402.56 1329.6 1285.08 1236.88 1163.16 1071.2 995 931.48 904.2 920.88 923.4 898.72 887.36 900.12 909.12 975.04 1014.56 999.56 910.52 871.48 919.64 962.56 1018.72 1072.24 1155.2 1218.28 1234 1261.76 1284 1322.16 1390.36 1437.32 1468.68 1488.52 1468.76 1402.96 1386.64 1427.56 1480.76 1524.56 1539 1502.36 1473.36 1476.2 1466.24 1483.72 1459.76 1471.04 1512.84 1413.96 1423.84 1415.92 1359.08
-9999 -9999 -9999 -9999 -9999 1467.923 1467.76 1438.76 1407.56 1390.52 1403.04 1387.88 1399.44 1431.92 1390.4 1391.52 1405.88 1374.4 1330.88 1282.2 1234.84 1162.2 1108.04 994.68 934.24 968.04 980.76 988.92 932.32 938.88 958.24 889.64 936.96 1014.2 1059.96 1026.68 957.76 914.72 915.44 937.92 1019.52 1084.84 1106.88 1110.64 1149.16 1206.64 1259.68 1326.64 1374.76 1365.16 1331.8 1296.2 1274 1301.36 1351.84 1373.24 1387.88 1396.56 1374.32 1356.44 1312.28 1325.48 1380.44 1356.36 1390 1439.24 1354.88 1341.4 1341.8 1263.04
-9999 -9999 -9999 -9999 -9999 1467.65 1475.12 1446.36 1380.68 1322.96 1294.76 1276.16 1297.8 1338.36 1341.64 1374.92 1407.4 1345.6 1273.04 1212.12 1171.24 1124.8 1055 981.12 997.08 1044.44 1057.04 1010.96 948.44 995.12 991.08 914.12 933.04 1007.48 1088.68 1101.8 1024.04 983.84 990.6 944.68 919.96 948.24 962 1005.36 1045.24 1111.72 1182.6 1240.92 1246 1174.92 1174.64 1159.08 1149.24 1196.44 1208.44 1215.16 1244.48 1292.2 1267.72 1242.12 1202.96 1242.24 1261.32 1236.44 1283.04 1309.12 1276.04 1236.72 1228.64 1242.84
-9999 -9999 -9999 -9999 1454 1476.667 1481.84 1447.2 1389.68 1333.72 1268.04 1211.92 1221.44 1268.04 1313.68 1342.96 1373.24 1323.8 1252.2 1198.4 1145.2 1083.24 1020.32 1033.12 1077.68 1107.52 1107.64 1057.36 986.44 1035.76 1042.32 978.24 935.88 955.32 1039.48 1102.4 1057.32 1040.72 1066.76 1056.44 1003.52 966.56 912.8 938 970.88 1040.36 1094.04 1103.12 1073.76 1024.32 1024.2 1033.12 1042.48 1061.08 1075.44 1098.96 1131.52 1169.92 1142 1119.2 1109.96 1120.48 1115.24 1116 1145.2 1186.16 1184.4 1198.84 1246.96 1342.28
-9999 -9999 -9999 -9999 1481.765 1514.44 1487.8 1417.48 1353.88 1293.2 1252.12 1211.16 1187.96 1224.56 1279.44 1262.44 1240.44 1262 1267.84 1264.56 1218.24 1151.52 1094.68 1114.52 1150.24 1181.56 1172.64 1080.04 1024.68 1067.36 1090.68 1060 1010.08 957.32 994.52 1079.04 1102.44 1099.56 1121.08 1117.08 1082.92 1068.24 1027.8 1016.52 964.64 954.8 961 957.92 975 998.44 1038.52 1031.76 1040.72 1041.28 1045.4 1053.68 1063.68 1072 1075.8 1127 1162.28 1187.52 1211.28 1174.68 1147.52 1175.6 1206.92 1273.48 1359.64 1412.8
-9999 -9999 -9999 1470.8 1494.625 1528.8 1514.84 1468.84 1394.2 1327.08 1304 1271.68 1194.88 1177.36 1231 1233.24 1190.4 1171.88 1208.44 1256.4 1210.48 1180.52 1171.16 1190.12 1215.72 1238.72 1206.12 1147.48 1107.52 1110.56 1120.04 1083.04 1050.48 971.64 1006.6 1074.48 1112.72 1134.04 1154.16 1164.76 1162.52 1160.52 1133.96 1108.32 1040.88 1001.44 1025.68 1035.48 1040.76 1088.6 1108.12 1141.76 1154.28 1154.04 1132.6 1147.56 1163.56 1174.2 1198 1228.52 1285.12 1331.32 1372.4 1359.88 1308.6 1294.76 1308.12 1323.52 1398.52 1492.64
-9999 -9999 -9999 1473.385 1501.64 1485.24 1457.12 1434.24 1401.2 1391.84 1375.2 1332.56 1257.08 1179.64 1145.32 1146.72 1145.52 1113.84 1117.68 1159.68 1139.08 1148.44 1184.44 1205.52 1206.12 1190.24 1120.12 1107.36 1119.2 1137.44 1124.08 1071.56 1020.8 988.24 1043.76 1102.4 1157.52 1156.48 1165.6 1197.04 1223.72 1225.96 1198.2 1191.44 1139.92 1092.68 1065.2 1119.32 1105 1135.92 1161.56 1188.96 1235.12 1237.32 1215.84 1217.64 1230.68 1251.68 1285.72 1296.24 1346.92 1414.4 1489.48 1504.64 1451.4 1416.48 1422.08 1395.92 1416.68 1526.36
-9999 -9999 1463 1467.762 1478.2 1418.76 1385.6 1352.16 1315.24 1305.24 1309.16 1308.56 1265.68 1206.08 1158.24 1124.56 1096.84 1075.6 1056.72 1056.68 1079.36 1078.44 1084.92 1094.44 1068.04 1095.72 1033.12 1036.8 1031.4 1035.56 1007.56 994.08 997.08 1028.72 1080.16 1139.52 1177.48 1174.36 1187.64 1215.36 1243.44 1269.24 1254.6 1271.68 1245.8 1167.6 1136.4 1150.56 1187.4 1169.72 1201.32 1237.68 1285.84 1298.24 1273.44 1265.92 1282.6 1292.68 1327.72 1333.64 1389.2 1432.56 1514.36 1602.2 1601.16 1572.68 1534 1495.24 1461.16 1543.16
-9999 1480.5 1507.286 1501.08 1485.68 1434.84 1364.96 1296.12 1256.6 1207.08 1201.08 1242.36 1286.76 1291.28 1267.6 1233.84 1187.2 1155.32 1124.72 1087.68 1039.04 1033.76 1028.48 1008.88 1001.6 1013.56 1008.4 1012.28 1057.4 1091.48 1043.68 1022.96 1045.08 1088.84 1128.56 1183.56 1213.24 1218.36 1222.36 1237.4 1264.44 1290.96 1306.4 1321.36 1301.08 1255.92 1229.12 1184 1225.04 1240.12 1233.24 1271.8 1315 1328.04 1316.52 1323.04 1355.96 1392.12 1417.32 1412.16 1474 1555.48 1576.36 1637.96 1709.84 1702.08 1664.52 1637.52 1597.88 1596.4
-9999 1479 1489.4 1487.08 1429.32 1379.28 1317.64 1263.12 1227.76 1183.16 1158.4 1169.52 1235.28 1273.08 1251.44 1195.28 1157.2 1132.24 1121.8 1107.32 1071.12 1017.48 1005.32 1011.56 1028.92 1003.48 1029.24 1054 1086.96 1149 1105.36 1059.36 1088.84 1126.48 1159.12 1212.52 1245.32 1250.32 1267.04 1256.96 1285.28 1326.2 1351.48 1382.88 1386.8 1354.44 1301.16 1246.84 1245.76 1273.12 1279.52 1296.48 1345.2 1355.64 1368.56 1396 1453.2 1527.92 1561.24 1521.04 1528.48 1615.8 1681.36 1685.24 1752.04 1811.64 1796.4 1748.88 1738.32 1712
-9999 1343 1410.043 1455.44 1420.2 1364.28 1338.28 1289 1252.4 1216 1166.08 1127.16 1155.36 1204.52 1191.92 1116.96 1069.8 1080.48 1075.96 1064.12 1044.4 1016.96 1014.68 1040.8 1067.6 1035.84 1043.72 1063.76 1093.88 1153.2 1140.64 1102.68 1130.44 1161.4 1196.8 1231.24 1274.32 1290.24 1305.68 1300 1306.4 1357.76 1388.48 1431.64 1442.72 1436.56 1378 1337.6 1329.48 1316.48 1325.24 1327.32 1374.16 1393.64 1407.48 1444.24 1484.92 1538.24 1597.56 1605.44 1609.88 1684.56 1756.52 1774.24 1771.4 1853.04 1872.68 1848.28 1845.6 1855.44
-9999 1335 1356.88 1385.64 1343.52 1285.32 1246.36 1211.24 1212.88 1184.88 1181.88 1189.12 1143.4 1125.76 1156.8 1102.04 1085.4 1120.12 1140.8 1116.56 1063.56 1028.4 1048.12 1068.36 1091.28 1072.48 1092.04 1090.64 1088.96 1106.92 1134.76 1174.32 1197.08 1208.64 1240.24 1259.16 1296.88 1340.04 1365.84 1351.4 1344.2 1359.4 1392.44 1435.84 1473 1486.16 1445.96 1420.08 1417.96 1385.04 1400.44 1399.88 1399.8 1423.16 1449.56 1493.32 1555.88 1594.16 1617.8 1657.68 1680.08 1715.36 1771.2 1823.8 1865.12 1916.68 1971.04 1982.64 1980.88 1967.04
-9999 -9999 1380.32 1404.52 1334.32 1259.8 1197.4 1152.64 1136.16 1127 1127.16 1122.64 1108.52 1089.6 1086.2 1077.8 1092.4 1127.24 1163.6 1109.64 1042.52 1031.8 1062.88 1080.32 1096.08 1111.92 1123.84 1131.12 1130.92 1135.56 1136.88 1159.48 1211.36 1258.36 1287.2 1312.2 1345.64 1384.6 1413.04 1403.12 1373.44 1392.68 1427.52 1474.08 1505.12 1532.4 1516.16 1483.16 1479.32 1443.24 1468.56 1461.92 1452.8 1436.04 1459.76 1517.08 1579.32 1631.48 1674.8 1682.68 1730.64 1765.24 1808.2 1865.92 1930.68 1950.32 1945.8 1949.44 1956.4 1920.56
-9999 -9999 1370.188 1376.88 1317.68 1271.88 1254.64 1220.72 1170.96 1193.36 1183.28 1129.64 1113.32 1115.8 1111.12 1111.48 1124.44 1162.8 1166.68 1117.44 1060.68 1070.36 1100.6 1112.56 1137.6 1159.56 1150.2 1162.36 1176.76 1195.72 1192.4 1148.64 1202.92 1277.72 1331.24 1375.6 1386.4 1388 1400.32 1411.72 1429.48 1451.48 1480.8 1485.4 1523.64 1550.88 1558.76 1539.16 1525.76 1493.12 1529.48 1533.12 1491.76 1472.64 1491.6 1531 1587.88 1633.72 1683.44 1724.04 1748.36 1800.4 1853.16 1918.96 1935.8 1896.16 1856.48 1861.36 1847.04 1807.88
-9999 -9999 -9999 1349.75 1324.522 1300.8 1254.16 1214.68 1194.04 1192.48 1143.4 1120.16 1152.6 1154.16 1192.84 1178.76 1169.2 1221.92 1188.56 1120.28 1060.24 1092.8 1126.16 1177.04 1211.32 1197.96 1159.12 1173 1217.64 1246.64 1232.2 1186.68 1197.08 1271.12 1313.32 1327.04 1335.32 1340.4 1351 1377.64 1400.88 1426.8 1452.2 1486.68 1521.8 1570.64 1612.4 1607.04 1561.92 1547.88 1580.04 1573.36 1566 1537.76 1544.12 1555.76 1573.6 1629.2 1691.12 1733.32 1756.36 1802 1863.76 1896.16 1864.68 1822.44 1792.12 1792.48 1758.32 1693.08
-9999 -9999 -9999 -9999 1321.063 1317.04 1257.88 1213.8 1166.76 1132.96 1142.68 1178.04 1197.92 1177.84 1235.6 1264.96 1235.96 1247.84 1197.48 1079.52 1050.52 1126.24 1168.68 1217.2 1229.84 1205.12 1157.4 1183.68 1251.2 1254.2 1219.72 1206.68 1205.52 1231.64 1246 1254.6 1278.2 1287.96 1313.24 1344.96 1376.48 1413.96 1472 1521.04 1557.28 1591.36 1632.56 1657.28 1648.68 1625.28 1626.2 1626.84 1684.4 1664.44 1603.88 1599.88 1613.96 1651.68 1683.2 1686.4 1707.92 1784.96 1864.72 1856.64 1795.2 1754.92 1746.32 1726.12 1690.92 1604.88
-9999 -9999 -9999 -9999 1326.929 1341.44 1301.72 1205.68 1149.12 1156 1194.04 1251.32 1235.12 1216.28 1253.48 1288.36 1322.56 1296.72 1201.96 1099.56 1065.08 1105.88 1154.4 1204.88 1233.36 1229.48 1193.28 1237.68 1274.04 1257.88 1227.56 1242.08 1234.84 1262.6 1260.28 1277.12 1293.96 1320.64 1320.84 1358.2 1392.8 1436.52 1482.44 1525.48 1575.04 1606.48 1645.28 1673.36 1706.76 1711.12 1676.56 1704.52 1758.04 1762.76 1650.4 1617.52 1604.76 1611.04 1594.36 1640.68 1717.48 1797.56 1823.44 1791.48 1726.44 1679.88 1645.16 1650.52 1621.56 1537.24
