ABM/agg_dem_174200.txt
ncols         174
nrows         200
xllcorner     108.56185392851
yllcorner     27.750063881946
cellsize      0.00144717254
NODATA_value  -9999
[rows 62 to 92 of 200, columns 70 to 139 of 174]
1796.04 1858.6 1918.24 1960 1891.16 1840.88 1878.32 1946.12 1986 1938.28 1856.56 1782.48 1767.36 1846.4 1922.88 1946.44 1911.84 1929.2 1992.08 2036.92 2088.24 2127.12 2167.72 2182.36 2104.12 2071.12 2053.48 1999.84 1944.6 1903.04 1861.48 1793.72 1759.72 1707.24 1644.36 1575.24 1549 1603.12 1649.32 1678.44 1683.76 1740.28 1784.08 1797.36 1878.32 1947.44 1966.32 1982.04 1964.04 1927.48 1873.36 1865.8 1851.92 1817.2 1765.8 1683.28 1632.64 1631.12 1650.4 1609.6 1526 1494.6 1501.64 1500.56 1481.56 1383.16 1335.32 1356.48 1378.92 1409.84
1814.08 1862.68 1918.84 1958.48 1915.84 1877.64 1918.08 1964.16 1983.52 1930.8 1873.56 1785.2 1787.04 1862.56 1935.16 1985.64 1989.04 1976.92 1995.36 2014.28 2035.64 2075.48 2131.28 2118.2 2044.64 2003.96 1987.16 1962.32 1901.56 1832.2 1783.72 1720.56 1686.12 1648.76 1588.56 1588.36 1611.96 1634.6 1723.36 1757 1792.84 1797.04 1841.52 1873.48 1905.68 1980.44 1989.16 1959.68 1926.72 1881.76 1836.24 1799.92 1773.56 1762.64 1768.04 1726.92 1635 1553.08 1561 1533.36 1488.04 1429.32 1414.6 1421.24 1390.88 1318.4 1270.72 1276.92 1290.84 1340.88
1799.36 1844.56 1901.68 1944.8 1939.8 1909.44 1938.2 1989.36 2006.24 1940.68 1874.64 1786.88 1788.6 1834.08 1909.04 1982.6 2025.64 2056.8 2086.36 2099.72 2089.72 2107.88 2136.92 2074.64 1991.24 1909.48 1861.8 1856.24 1825.48 1760.56 1706.12 1665.36 1617.16 1610.76 1635.56 1690.12 1688.04 1695.88 1774.52 1824.96 1877.24 1889 1901.52 1967.24 1985.84 2000.8 1993.2 1951.72 1872.84 1828.36 1816.6 1765.32 1710.56 1685.12 1701.48 1693.64 1629.96 1537.2 1457.36 1408.92 1388.28 1343.64 1310.56 1346.6 1325.32 1266.92 1211.64 1196.68 1191.88 1241.24
1751.28 1806.72 1885 1949.16 1977.04 1955.6 1966.88 2013.16 2020.16 1964 1898.16 1890.2 1853.44 1825.88 1868.76 1940.68 1975.44 2019.24 2073.44 2102.12 2159.32 2197.96 2188 2102.8 2035.8 1943.2 1854.32 1759.76 1710.44 1683.24 1659.92 1648.04 1667.4 1725.88 1756.72 1774.36 1733.36 1706.36 1774.12 1856.2 1947.44 1999.4 2030.92 2066.84 2048.88 2012.36 1968.2 1919.36 1856.04 1793.8 1755.44 1706.72 1676.16 1638.84 1613.64 1594.48 1583.84 1542.16 1453.2 1374.16 1305.88 1288.12 1235.12 1256.76 1255.76 1198.44 1130.12 1094 1106.28 1152.84
1715.24 1784.6 1859.96 1929.84 1978.2 2018.64 2030.4 2065.92 2024.24 1972.4 1936.44 1965.6 1948.2 1893.92 1861.16 1877.12 1915 1963.28 2028.72 2063.92 2134.64 2182.56 2132 2061 1994.52 1907.6 1828.88 1748.72 1744.24 1738.16 1735.76 1757.36 1773.48 1820.32 1838.16 1814.84 1812.64 1766.68 1766.64 1835.68 1936.12 2047.68 2111.24 2082 2049.84 2019.28 1963.08 1906.72 1860.44 1787.6 1708.76 1621.16 1604.12 1589 1553.2 1519.92 1481.28 1472.8 1428.12 1427.24 1371.04 1265.12 1174.08 1161.48 1181.84 1135.04 1083.76 1026.44 1036 1075.6
1780.12 1795.24 1840.2 1886.84 1937.08 2031.4 2090.84 2101 2066.4 2021.88 2026.24 2015.64 2002.84 1951.28 1877.76 1857.64 1929.6 1987.04 2038.88 2089.2 2118.24 2139.56 2125.08 2071.84 1991.56 1898.88 1817.48 1841.12 1850.6 1806.28 1834.4 1867.56 1907.44 1909.92 1889.8 1905.84 1876.76 1833.32 1841.36 1894.92 1949.24 2056.28 2135 2119.28 2067.64 1989.08 1924.44 1855.24 1817.12 1745.04 1667.28 1578.56 1507.08 1488.36 1483.56 1443.04 1380.16 1357.76 1316.44 1345.64 1341.76 1268.2 1183.48 1100.36 1102.36 1084 1021.44 985.64 954.52 1009.12
1798.04 1848.64 1891 1941.24 1984.84 2061.6 2129.92 2147.68 2126.48 2096.08 2092.6 2034.28 1968.96 1918.48 1896.72 1870.84 1894.6 1947.84 2030.04 2118.24 2178.96 2186.44 2121.92 2045.92 1962.84 1884.6 1833.12 1877.2 1924.04 1865.48 1890.52 1964.6 1996.08 1978.36 1971.4 1968.56 1906.36 1915.04 1945.44 2005.28 2062.28 2091.64 2126.12 2118.04 2068.76 1999.84 1942.76 1863.56 1793.56 1719.96 1648.44 1562.84 1487.84 1447.28 1407.6 1391.2 1327.4 1261.4 1224.16 1232.36 1224.96 1183.92 1157.76 1083.4 1022.96 1038.88 974.84 941.4 919.44 964.88
1827.76 1869.72 1913.36 1970.68 2040.28 2063.44 2104.64 2122.52 2140.08 2117.52 2055.96 1991.64 1959.44 1990.36 1971.8 1911.48 1884.04 1942.64 2006.52 2064.2 2134.8 2178.48 2135.12 2057.16 2001.4 1960.64 1884.88 1900.48 1959.52 1926.36 1949.44 1986 2063.32 2084.88 2064.92 1998.04 2003.76 2024.36 2044.48 2060.56 2077.44 2077.04 2099.64 2104.16 2052.2 2004.52 1950.36 1885.6 1825.6 1738.96 1663.48 1589.32 1562.28 1515.28 1435.64 1350.48 1286.44 1250.2 1219.88 1160.52 1116.56 1082.36 1083.8 1039.6 981.56 1000.76 946.8 899.12 874.12 906.72
1866.68 1893.84 1929 1969.64 2004.64 2048.76 2061.24 2092.4 2130.6 2111.52 2045.92 2024.08 2014.16 2063.88 2047.52 1990 1937.56 1911.6 1986.36 2074.04 2141.16 2186.52 2205.4 2145.64 2073.16 2002.68 1934.36 1920.24 1983.92 1975.88 1966.84 2034 2133.44 2168.68 2097.76 2088.64 2105.44 2107.12 2064.76 2011.28 1990.84 2002.68 2011.96 2041.6 2057.88 2016.72 1951 1891.44 1827.52 1739.84 1688.2 1658.76 1622.08 1570.32 1510.76 1416.92 1363.32 1382.92 1332.6 1200.48 1115.08 1047.08 1001.52 968.72 937.16 911.36 886.12 853.52 821.2 833.92
1897.48 1901.24 1870.92 1907.2 1919.4 1970.6 1994.28 2071.12 2122.48 2119.96 2108.68 2107 2068.48 2095.24 2116.48 2083.72 2017.76 1939.2 1999.52 2043.92 2082.32 2126 2223.4 2201.92 2137.24 2073.12 2019.76 1985.16 2029.36 2060.88 2028.2 2068.8 2155.08 2196.88 2157.76 2104.64 2072.72 2029.68 1964.84 1930.8 1898.28 1904.76 1952.08 1984.64 2036.68 2019.92 1970.84 1926.16 1874.16 1810.8 1748.76 1719.88 1671.16 1620.52 1558.6 1495.56 1480.96 1448.24 1360.92 1265.8 1180.76 1119.16 1023.88 956.88 909.96 884.84 875.64 906.68 882.72 822.68
1780.44 1756.6 1783.48 1811.68 1832.16 1881.92 1947.36 2050.24 2115.16 2161.2 2194.24 2199.64 2155.68 2156.92 2167.96 2105.04 2037.2 1969.08 1960.96 1981.96 2053.48 2129.76 2158.32 2152.88 2177.4 2166.88 2135.8 2104.16 2115.44 2144.6 2190.64 2198.96 2208.08 2157.16 2077.92 2035.36 1983.76 1923.44 1893.68 1850.64 1827.68 1837 1896.12 1931.52 1964.84 1960.92 1974.92 1951.52 1891.8 1834.16 1811 1767.96 1715.48 1656.48 1609.48 1567.88 1525.64 1451.96 1371.36 1276.88 1189.04 1108.32 1029.88 973.28 934.84 964.52 982.32 958.16 875.92 822.12
1677.08 1668.08 1694.48 1735.52 1792.84 1841.92 1920.4 1985.04 2050.56 2148.44 2194.96 2215.4 2208.04 2228.2 2208.08 2143.64 2121.28 2079.92 2018.28 1971.32 2038.44 2082.72 2061.04 2079.84 2114.76 2184.44 2262.88 2275.96 2268.04 2273.6 2314.24 2277.8 2204.52 2095.12 2015.16 1951.36 1911.56 1864.72 1856.8 1801.12 1764.52 1775.16 1811.56 1868.36 1887.32 1885.6 1927.24 1946.76 1932.4 1902.32 1859.92 1814.44 1763.52 1706.92 1651.44 1573.08 1500.16 1422 1335.76 1246.68 1165.2 1116.08 1075.72 1066.2 1041.76 1055.32 1054.44 971.64 903.24 882.44
1553.88 1583.84 1650 1706.24 1743.84 1780 1842.68 1908.76 2007.04 2085.24 2108.04 2119.56 2147.52 2226.28 2256.04 2253.12 2208.12 2139.2 2048.64 1985.92 1989.36 2023 2062.24 2127.28 2158.32 2195.48 2310.2 2378.56 2362.36 2331.36 2266.8 2185.96 2139.76 2056.76 1959.8 1893.48 1844.68 1811.08 1802.24 1759.24 1735.2 1712.8 1751 1806.72 1796.76 1805.76 1862.36 1902.28 1936.36 1933.36 1885.6 1831.56 1778.36 1705.52 1623.08 1542.96 1462.32 1386.6 1303 1221.2 1189.44 1141.32 1149.2 1157.8 1111.56 1109.8 1095 1025.96 976.56 915.64
1430.76 1508.96 1568.12 1597.96 1625.76 1677.96 1744.12 1848.76 1915.32 1962.72 1987 2004.56 2082.4 2195.28 2225.04 2273 2260.76 2205.28 2122.92 2060.44 2056.64 2084.88 2139.08 2170.12 2220.56 2294.44 2358.24 2385.16 2325.68 2251.48 2172.36 2115 2039.48 1998.96 1942.72 1868.2 1798.76 1765.28 1757.16 1724.36 1678.64 1660.36 1696.24 1731.48 1708.08 1742.2 1787.2 1848.48 1901.88 1926.36 1879.88 1821.32 1762.16 1678.16 1593.6 1531.04 1456.92 1378.44 1291.92 1254.24 1203.48 1176.72 1209.32 1173.12 1196.72 1197.6 1157.8 1061.32 985.72 946.64
1332.68 1374.88 1431.28 1470.16 1551.68 1630.28 1707.88 1757.6 1782.12 1840.88 1876.52 1956.6 2054.44 2101.12 2164.88 2204.24 2240.72 2245.04 2209.92 2144.76 2129.6 2129.96 2161.48 2249.2 2305 2347.32 2315.28 2252.6 2203.4 2153.84 2088.2 2038.56 1980.4 1926.04 1914.68 1857.4 1792.56 1717.68 1687.56 1691.28 1655.28 1600.88 1614.72 1631.8 1637.84 1679.6 1712.08 1791.56 1860.08 1885.8 1883.8 1830.76 1762.52 1677.28 1619.16 1545.04 1459.72 1374.56 1324.76 1272.36 1235.56 1273.96 1235.84 1234.36 1276.12 1243.32 1190.64 1123.2 1078.24 1048.48
1250.44 1281.72 1320.96 1389.96 1475.16 1517.16 1583.32 1630.08 1692.88 1726.68 1830.84 1915.44 1956.56 2018 2062.72 2110.72 2185.08 2269.76 2286.24 2239.32 2237.32 2226.92 2241 2279.96 2345 2334.68 2260.24 2191.04 2150.32 2113.32 2049.44 1984.12 1925.4 1881.68 1823.08 1785.4 1761.6 1681.96 1632.92 1622.32 1624.6 1562.28 1530.6 1546.44 1577.92 1596.48 1670.52 1769.56 1828.16 1827.12 1847.12 1833.52 1772.64 1706.96 1634.04 1544.52 1471.96 1410.88 1333.12 1296.24 1322.16 1337.88 1282.56 1305.64 1356 1297.8 1234.16 1167.12 1108.92 1059.72
1314.36 1386.92 1366.12 1357.88 1386.4 1432.2 1468.04 1523.48 1585.4 1684.84 1782.24 1831.04 1859.36 1901.92 2007.44 2118.72 2243.68 2325.28 2359.2 2346.08 2345.08 2336.6 2352.68 2343.52 2309.96 2276.32 2232.48 2151.92 2099.32 2070.16 2050.96 1986.28 1928 1886.64 1826.84 1737.08 1692.64 1647.24 1647.76 1610.36 1542.8 1507.12 1477.96 1483.8 1508.6 1597.28 1707 1782.24 1780.44 1724.6 1732.8 1749.56 1746.8 1712.8 1632.32 1537.16 1464.32 1398.24 1382.92 1384.92 1428.16 1416.76 1383.16 1400.28 1417.72 1336.04 1250.2 1194.6 1177.76 1140.08
1431.84 1487.04 1532.32 1485.2 1473.68 1553.16 1571.56 1592.76 1576.16 1623.12 1685.4 1770.6 1853.8 1973.56 2055.12 2150.44 2291.16 2332 2369.12 2403.24 2418.8 2441.72 2437.48 2326.4 2227.52 2169.44 2158.12 2126.56 2061.92 1979.2 1989.44 1967.68 1919.12 1860.32 1803.84 1775.52 1735.76 1706.28 1671.96 1605.44 1543.76 1491.44 1443.4 1410.08 1491.96 1601.24 1683.88 1694.32 1703.12 1670.28 1625.36 1638.44 1633.64 1656.32 1626.04 1582.32 1517.88 1493.48 1516.04 1509.2 1541.16 1501.68 1494.6 1509.2 1462.08 1386.72 1335.24 1306.64 1264.92 1197.36
1522.4 1590.56 1637.08 1593.44 1578.28 1650.44 1691.72 1728 1713 1718.72 1707.44 1769.96 1871.36 2025.36 2115.48 2190.36 2269 2304.76 2360.84 2415.88 2456.36 2436.2 2374.04 2251.64 2160.88 2098.72 2064.16 2064.56 2016.96 1922.76 1871.76 1901.8 1891.12 1868.56 1818.88 1786.2 1742.28 1685.36 1623.52 1564.84 1518.16 1449.16 1383.48 1390.92 1485.04 1555.88 1589.92 1589.84 1615.2 1625.36 1528.08 1492.04 1522.08 1528.24 1548.76 1555 1585.76 1589.36 1594.04 1593.76 1587.52 1579.48 1571.44 1587.6 1554.8 1499.88 1468 1418.84 1349.92 1308.24
1572.32 1683.4 1752.2 1721.48 1673.72 1704.24 1780.08 1824.88 1818.8 1827.36 1801.48 1829.16 1884.2 1980.32 2095 2190.72 2262.24 2320.52 2376.8 2407.72 2439.92 2411.76 2335.48 2241.32 2168.08 2090.16 2014.48 1967.16 1959.68 1869.76 1789.8 1808.68 1842.48 1854.08 1793.6 1734.6 1694.56 1646.28 1591.32 1543.2 1510.8 1471 1399.6 1355.64 1402.68 1443.88 1466.12 1474.88 1528.88 1540.72 1442.88 1387.2 1415.92 1428.72 1474.72 1487.04 1517.24 1527 1504.32 1474.24 1527.6 1533.36 1535.4 1539.92 1533.32 1492.6 1443.2 1392.52 1340.32 1309.16
1622.36 1704.72 1815.6 1835.28 1785.28 1767.84 1815.68 1889.36 1906.16 1928.04 1922.16 1944.32 1987.36 2069.2 2172.44 2250.32 2316.16 2381.6 2427.76 2452.84 2464.52 2403.56 2292.44 2222.72 2149.2 2097.64 2023.64 1931.76 1897.32 1858.16 1762.2 1724.68 1784.84 1809.08 1785.64 1733.88 1690.36 1655.08 1622.8 1565.44 1506.84 1445.48 1387.72 1318.96 1275.8 1306.64 1331.08 1380.16 1469.08 1441.8 1364.72 1333.16 1310.16 1351.04 1404.6 1380 1393.44 1414.56 1365.28 1348.2 1452.24 1471.84 1456.8 1483.88 1484.28 1452.88 1410.32 1349.92 1283.28 1227.08
1624.24 1704 1824.24 1917.04 1904.28 1881.56 1926.36 1958.08 1999.52 2039.52 2026.52 2034.48 2083.6 2180.6 2214.32 2227.64 2260.64 2321.16 2420.92 2459.32 2461.88 2370.68 2268.08 2178.16 2092.32 2037.72 1984.24 1941.52 1865.52 1807.4 1744.84 1671.32 1722.24 1770.36 1780.04 1737.8 1697.76 1655.52 1621.84 1601.04 1555.16 1493.44 1428.88 1329.88 1237.92 1204.36 1250.64 1315.96 1369.2 1346.8 1281.24 1244.64 1209.24 1292.68 1337.08 1279.12 1280.28 1281.64 1234.52 1275.16 1379.56 1375.56 1363.56 1361.32 1389.36 1421.8 1455.88 1422.12 1362.4 1263.28
1657.16 1735.44 1824.8 1937.68 1994.92 1986.56 2018.28 2066.8 2089.36 2109.12 2095.04 2105.72 2123.44 2115.56 2085.48 2119.84 2155.48 2203.28 2265.32 2394.88 2457.48 2370.12 2254.96 2146.72 2073.64 1997.56 1932.92 1908.36 1854 1775.44 1697.36 1618.12 1675.32 1741 1779.76 1753.32 1707.36 1676.76 1621.8 1575.68 1538.28 1472.52 1396.6 1315.28 1247.12 1190.8 1156 1208.72 1222.96 1218.12 1199.76 1122.12 1160.68 1272.68 1274.36 1192.96 1163.08 1163.96 1130.8 1224.16 1260.84 1268.76 1267.68 1259.16 1253.28 1284.16 1339.84 1365.04 1402.64 1365.2
1756.2 1825.72 1862.04 1939.2 2019.32 2066.76 2086.04 2093.24 2082.24 2022.8 1982.96 2027.08 2026.64 2020.2 2003.24 2038.68 2097.64 2135.92 2201.68 2278.84 2368.64 2307.32 2215.68 2135.16 2063.56 1976.2 1928.16 1862.16 1795.16 1713.96 1615.84 1556.84 1595.12 1649.16 1710.2 1738.64 1699.16 1662.04 1620.88 1587.56 1540.12 1474.52 1424.4 1355.68 1302.4 1244.2 1140.28 1108.36 1086.28 1082.28 1064.96 1045.52 1142.92 1243.52 1256.96 1151.28 1083.72 1046.12 1068.2 1135.16 1182.36 1204.72 1156.8 1138.68 1128.2 1140.92 1173.36 1209.12 1306.72 1400.88
1865.24 1918.6 1977.32 1995.36 2015.32 2027.76 2023 2001.24 1973.68 1916.08 1883.04 1943.4 1922.88 1922.6 1914.72 1969.04 2011.44 2065.52 2169.04 2232.64 2342.88 2275.36 2164.72 2092.04 2037.88 1942.48 1875 1821.2 1779.68 1733.04 1618.32 1547.76 1510.92 1564.2 1641 1676.84 1665.28 1633.56 1590.32 1575.76 1553.96 1491.56 1426.48 1372.04 1317.76 1234.16 1167.04 1124.2 1043.16 960.84 953.56 998.64 1097.56 1211.76 1242.96 1133.84 1058.36 991.16 982.2 1019.96 1115.2 1143.92 1079.72 1056.6 1058.96 1028.48 1061.96 1103 1193.32 1245.6
1946.48 1962.44 1975.92 1943.56 1933.48 1957.04 1947.92 1900.44 1870.08 1841.96 1791.92 1832.28 1817.24 1809.88 1825.84 1889.88 1974.68 2062.92 2135.52 2205.12 2287.24 2275.44 2177.72 2104.44 2031.32 1963.16 1911.84 1877.96 1834.88 1756.8 1663.08 1584.32 1481.72 1494.32 1573.6 1576.64 1608.08 1603.28 1563.28 1549 1546.4 1496.64 1436.6 1374.76 1290.44 1221.8 1180.52 1116.28 1044.96 935.88 881.48 934.96 1024.56 1143.72 1229.72 1142.56 1045.88 974.16 919.2 951.04 1021.84 1083.88 1042 978.88 991.4 941.84 963.08 1021.92 1103.08 1134.12
1897.44 1907.04 1918.32 1861.24 1824.28 1859.36 1861.72 1840.48 1779.16 1776.72 1712.12 1709.96 1696.76 1699.68 1765.48 1849.56 1931.92 1996.72 2080.56 2161.44 2262.8 2269.04 2218.76 2143.72 2072.96 2014.92 1965.56 1917.6 1866.52 1795.6 1705.08 1580.68 1462.84 1415.52 1455.8 1458.4 1531.72 1551.64 1538.84 1510.72 1517.92 1495.8 1431.8 1364.88 1280.12 1211.72 1137.8 1056.96 998.72 936.72 867.92 905.24 1004.92 1123.92 1227.92 1177.28 1080.68 988.56 925.44 874.48 888.8 960.24 990.64 951.28 915.36 886.52 891.68 970.68 1025.8 1073.2
1783.76 1799.84 1832.48 1798.48 1724.48 1753.16 1776.48 1751.4 1705.96 1662 1640.2 1599.84 1628 1713.12 1791.8 1866.76 1944.88 2017.96 2098.8 2198.72 2239.4 2205.6 2180.48 2114.32 2060.24 2011.4 1959.88 1915.2 1856.36 1776.28 1677.12 1550.6 1476.2 1383.12 1325.24 1347.96 1432.76 1449.72 1489.92 1469.84 1448.12 1445.88 1433.32 1377.08 1301.04 1214.12 1146.84 1094.28 1022.44 933.6 864.48 870.6 986.16 1117.4 1211.68 1223.24 1168.76 1094.92 1017.36 913.84 836.4 843.48 934.6 963.28 892.4 829.4 841.44 905.64 946.6 1009.64
1682.6 1688.6 1726.44 1735.4 1693.84 1671.48 1652.04 1611.84 1577.2 1527.72 1511.56 1567.08 1639.84 1758.8 1846.36 1936.44 2001.04 2089 2178.6 2230.16 2168.08 2107.44 2074.36 2023.56 2007.28 1996.2 1950.04 1906.56 1860.72 1789.96 1685.64 1540.24 1489.6 1422.48 1318.76 1277.6 1323.84 1346.92 1403.12 1393.32 1381.68 1358.48 1349.12 1320.16 1278.08 1208.2 1150.72 1098.52 1015.48 937.76 842.32 878.32 967.84 1037.6 1122.68 1208 1194.92 1165.24 1073.6 961.08 872.8 801.2 800.04 879.24 911.24 828.52 782.64 822.24 895.44 979.08
1599.08 1580.08 1586.8 1611 1591.16 1543.04 1510.16 1488.8 1509.24 1529.72 1531.64 1630.08 1693.24 1756.76 1869.72 1974.48 2025.36 2093.6 2192.16 2198.2 2110.6 2044.6 1983.44 1939 1941.56 1957.2 1959.04 1927.6 1855.32 1784.64 1685.52 1603.04 1536.32 1415.44 1280 1186.84 1174.56 1223.2 1305.64 1303.24 1292.8 1301.2 1305.16 1266.64 1235 1222.28 1172.4 1113.36 1040.96 940 848.72 833.04 890.12 965.8 1057.48 1174.64 1131.56 1111.08 1077.12 1033.24 960.24 880.28 799.36 783.4 872.68 833.84 747.56 778.36 876 956.6
1503.72 1474.28 1453.52 1476.32 1466.4 1443.32 1445.84 1477.64 1540.76 1599.08 1631.2 1663.32 1746.96 1790.6 1853.32 1938.08 2010.64 2095.28 2160.64 2134.44 2076.76 2020 1952.52 1892.28 1887.36 1900.2 1923.48 1901.64 1817.44 1735.36 1657.48 1574.6 1471.68 1376.92 1272.44 1142.08 1084.84 1114.12 1200.52 1202.56 1192.6 1239.76 1251.4 1220.44 1180.56 1158 1132.92 1092.28 1044.44 938.96 842 813.24 859.08 907.08 1004.04 1090.84 1088.84 1048.48 1016.36 959.68 949.48 936.28 852.56 763.04 773.56 799.84 747 777.6 852.28 934.6
