ABM/aggregated_slope.txt
ncols         83
nrows         108
xllcorner     259950.19993637
yllcorner     3071619.56669
cellsize      296.92359527466
NODATA_value  -9999
[rows 29 to 57 of 108, columns 0 to 65 of 83]
-9999 -9999 -9999 -9999 -9999 -9999 -9999 -9999 -9999 -9999 -9999 -9999 -9999 30.36018 30.91369 27.08211 27.88473 23.34833 20.91093 24.12221 23.6125 19.75273 16.51123 23.98598 19.75144 15.5914 13.76485 15.91375 21.48007 22.91509 16.67262 20.45831 22.36151 25.3411 30.02403 19.51074 33.44056 32.05104 33.69354 36.14637 37.01752 30.49365 24.82514 28.46214 25.13436 15.31141 18.17955 31.11454 25.74062 22.56095 22.58253 31.84875 33.88861 33.29052 28.92071 29.83019 30.57175 30.83669 32.91343 35.4455 34.62108 21.23857 19.48684 24.13257 29.95369 22.42288
-9999 -9999 -9999 -9999 -9999 -9999 -9999 -9999 -9999 -9999 -9999 -9999 -9999 33.12727 28.39419 20.63881 21.09208 21.70501 28.20935 25.15634 29.32474 19.30455 21.61849 24.80936 16.99949 19.37914 19.24401 18.70145 22.72754 16.68914 20.21021 21.4398 21.71662 22.82747 27.84253 16.96797 23.09053 33.99481 38.24087 32.8435 37.85061 35.96307 25.00985 20.14314 28.00725 23.4375 19.6043 19.86203 26.47534 21.19554 28.61131 31.84247 28.65511 30.21956 33.64698 36.32471 33.61485 31.21514 30.22481 31.38874 22.43511 18.68599 22.52197 28.33186 33.16804 27.58701
-9999 -9999 -9999 -9999 -9999 -9999 -9999 -9999 -9999 -9999 -9999 -9999 -9999 21.91779 24.45021 24.73478 24.54782 22.35851 24.47096 22.56642 22.91798 24.90141 23.84192 19.95628 20.9537 20.03276 17.95059 19.22615 23.98396 18.93661 19.30267 23.53539 30.60688 33.39792 25.04325 16.43744 22.67645 23.01469 37.85258 35.98431 40.18238 24.83194 17.64521 12.92859 16.34271 29.6228 22.96594 19.21144 25.84291 30.33353 30.24735 30.79349 28.73287 30.8866 35.17647 34.10285 33.48585 31.88844 28.30933 24.53879 19.43716 15.35017 19.2697 28.9737 28.24044 31.19878
-9999 -9999 -9999 -9999 -9999 -9999 30.67905 -9999 27.88348 25.13111 28.79611 -9999 24.36955 17.83696 24.37699 23.67277 24.388 18.14975 20.51996 21.38345 23.66293 29.95531 27.35719 24.08898 27.10999 22.17775 19.92305 27.64372 27.6169 28.45851 31.69052 29.01034 24.72841 24.76251 21.99597 20.13902 23.24047 20.9182 28.35211 32.79048 28.07024 28.04744 21.96908 24.6065 25.3012 19.72817 25.82757 24.55714 24.83561 29.92926 25.09936 31.75946 31.76619 31.25872 30.98703 29.54248 30.86813 29.43055 24.02533 20.32631 25.35765 28.03705 28.18582 27.04285 25.67161 26.43698
-9999 -9999 -9999 -9999 -9999 28.24104 23.99062 32.14024 25.55519 25.4871 29.89024 24.17207 21.53407 20.68475 26.01618 19.38429 24.39228 21.90107 15.11975 26.08006 24.52138 28.23105 27.12087 27.83962 36.89605 44.90353 49.89802 39.51809 34.29823 36.28724 25.8953 27.68914 26.25611 25.87936 25.49237 20.9821 26.7824 22.99586 22.41367 29.92092 32.80299 26.65615 23.92183 23.92972 27.15178 19.68631 27.28956 27.22364 31.76093 29.14472 34.54934 35.91781 33.79272 34.88333 31.17448 29.68083 26.46427 14.54886 19.64863 26.5799 32.01859 25.77334 31.93073 32.18483 23.50526 28.75509
-9999 -9999 -9999 -9999 -9999 29.15365 22.07486 28.59259 22.47118 25.24577 24.59104 24.65195 27.14862 35.5746 23.7707 23.47221 13.48537 17.64199 23.42493 28.74216 22.44915 22.2618 25.9979 24.64741 15.25609 28.16509 23.67015 24.6701 25.48375 18.09927 24.06621 29.14044 28.80776 31.36459 22.43443 16.97238 22.68193 19.65634 25.24855 26.16126 27.91445 22.32338 26.50983 23.28415 21.91034 31.75053 31.38043 28.01719 32.22628 28.43424 30.89678 29.1275 29.96909 30.26904 27.41407 31.32483 15.80665 20.11693 22.82091 23.87811 28.86017 29.71831 32.85744 28.03747 28.26281 33.93338
-9999 -9999 -9999 -9999 32.52012 31.635 32.51179 28.58157 20.57626 23.70757 22.0508 24.66189 27.95924 38.79554 28.22844 19.09365 18.05546 18.18354 26.37693 26.94067 27.79152 25.32564 27.58261 26.2862 28.16394 22.90222 17.57388 20.91029 22.66492 24.96344 24.75131 27.91138 27.84694 27.97337 26.73081 22.17627 20.99522 20.23871 26.66009 31.31891 27.06835 25.52451 26.94185 25.90244 28.40421 34.91108 31.1007 35.30974 28.27134 28.93339 35.35417 25.09464 29.84134 34.91637 36.03594 24.51445 19.72529 25.19569 24.90121 22.76234 29.87873 30.93202 34.51745 31.68422 30.4366 30.52649
-9999 -9999 -9999 -9999 39.17741 27.69008 18.61719 22.5925 30.04215 20.43547 15.86206 26.72031 26.85298 31.5788 34.97821 23.63507 15.55264 19.65921 25.74364 29.27697 24.41837 25.36292 24.58977 25.07697 22.61682 23.34659 20.11181 17.2195 21.16958 21.00658 17.93161 27.54109 29.38452 25.30217 25.20329 27.18213 28.63179 23.63455 26.0955 24.61386 27.91763 22.77 27.8977 23.88538 25.88182 31.4212 30.18535 32.60824 31.82914 37.51431 25.59268 27.46706 32.22125 35.73429 22.51676 19.23067 24.06017 28.52407 32.77845 30.01552 31.03838 33.5603 32.8843 32.78272 28.64635 30.06902
-9999 -9999 -9999 32.42897 36.42428 23.11848 19.19241 20.65019 31.1754 30.57613 26.54301 27.73069 30.09021 30.13971 27.02318 15.20842 26.5863 18.35395 23.26472 27.44411 28.3529 26.71843 25.23599 19.90105 20.98613 21.82786 17.3665 18.23655 20.58596 21.22593 18.18427 24.60461 26.00734 23.89815 19.24651 27.3021 22.67993 16.31025 24.57556 25.40625 27.92532 21.03195 29.72374 29.62171 26.70501 32.3337 26.97243 30.0842 28.82737 30.66977 31.28642 27.91567 34.88649 29.68736 16.27934 25.32302 28.09585 30.89921 32.82763 27.89594 28.01983 33.4158 35.26685 32.18158 31.38569 25.55692
-9999 -9999 -9999 27.18708 28.48869 23.20431 25.42015 21.98038 32.97283 23.85861 28.00408 28.45516 37.39338 27.66317 21.41925 17.00955 26.06264 16.55502 19.77531 18.94447 20.10026 26.59187 26.34035 23.92745 22.51362 19.74335 20.3978 22.82368 24.22395 22.36616 20.72802 22.77691 30.40979 25.26163 29.58525 24.86466 26.26803 20.58552 20.16266 26.3632 25.57208 33.8187 28.55142 29.52414 26.75131 32.82579 29.8692 27.02452 24.62259 33.1247 29.26408 30.42507 28.38698 29.39987 25.78067 18.77819 24.19099 32.51691 27.52205 28.78661 35.92231 37.13083 34.89415 31.5246 26.4776 27.86447
-9999 -9999 -9999 14.47224 34.08092 20.3898 25.30589 24.06038 33.52145 26.8784 29.67428 38.61033 34.88529 31.13356 18.24312 18.9537 27.23651 27.32263 21.34194 20.05861 18.51554 18.08628 26.63894 24.36701 30.71437 25.35836 22.80542 20.37582 20.98302 19.3251 25.74873 21.74674 28.54406 32.35113 33.15128 29.76585 28.45157 31.32238 24.98739 23.9585 26.80019 31.89087 27.76177 27.85184 31.39544 26.41178 37.62474 38.47628 41.33994 31.63869 31.40302 33.91962 28.33599 29.05404 24.91377 24.15545 20.86205 25.83663 24.94273 26.30536 28.94734 29.97424 33.60748 31.94514 21.21077 23.22427
-9999 -9999 -9999 20.31542 30.18517 32.85568 36.70222 31.15147 30.96332 30.93918 30.4067 36.98731 26.34023 22.9282 21.0538 26.42739 35.03178 36.85339 33.94902 30.36551 21.9875 19.16019 21.87519 19.57463 25.50173 19.80418 18.9554 21.69045 20.74981 27.32572 32.18257 34.28053 36.67983 35.91953 35.16558 31.52766 35.90233 36.42106 35.2993 35.52522 21.76956 30.16973 33.84941 26.80177 27.18406 27.43071 36.67968 30.49483 33.0611 35.78309 32.40859 24.16 24.09823 21.93971 28.73709 29.68744 20.99896 19.78801 23.05898 27.47877 31.60116 30.68447 30.05277 23.52868 32.53076 29.38006
-9999 -9999 -9999 19.52157 29.14007 28.95272 27.77299 17.91296 21.89192 26.21458 28.9782 32.48845 24.83951 23.76083 23.79083 29.10739 25.1227 37.03385 28.22513 35.30324 35.48742 37.25327 30.80083 27.29271 37.21856 36.37897 31.45402 33.50412 38.46412 41.6326 38.1174 39.89941 33.38095 37.12068 40.00594 39.25431 34.56929 38.49276 40.74034 35.27638 34.25801 28.91821 30.76432 30.88644 29.2897 31.41139 26.86498 36.73312 33.13699 31.95511 26.3344 24.19102 20.986 24.86868 31.47173 28.52431 30.73192 20.19046 22.5001 30.86311 30.23366 29.26928 23.08664 27.1979 25.19741 28.57922
-9999 -9999 -9999 16.23507 27.10911 27.67153 28.31682 22.81319 28.12746 25.78414 34.98289 29.1957 25.90419 28.19091 25.27349 28.32731 30.77716 25.5817 25.60718 33.55421 34.8996 32.81388 37.16084 46.67024 42.05972 37.21685 40.76811 38.77463 39.19376 36.71642 40.28854 40.0551 33.25698 33.66743 37.06443 35.7368 39.1077 36.67773 39.11716 33.26839 37.50131 36.79274 27.28605 32.04431 35.22225 25.26253 30.35366 24.88314 27.58291 23.35529 29.7815 28.37524 24.73322 27.35991 25.09853 29.86927 30.16837 28.33085 25.58607 28.46311 30.33204 27.53749 29.7668 29.62139 31.36893 28.92506
-9999 -9999 16.9489 23.75238 28.82156 29.64334 26.41327 23.61313 28.61652 31.09461 25.21267 26.74953 27.20499 30.37558 19.33945 24.48574 22.55973 18.8032 17.59488 25.43287 34.05992 30.25659 32.00646 31.00557 29.80318 30.33532 27.09298 35.68057 33.38517 35.03735 37.95467 30.72892 32.57832 37.30493 39.35867 37.83576 37.28006 39.05437 32.69662 38.65032 38.29849 33.07206 20.07636 20.28878 35.09647 34.46144 32.43915 30.26822 31.36656 20.89842 21.71368 24.78366 27.44335 24.60222 29.16425 36.25967 34.07183 30.495 38.97763 31.04793 28.56542 35.33669 35.80133 32.58565 34.10048 35.52261
-9999 -9999 21.99961 28.3209 27.8647 24.58311 31.391 30.07548 21.67863 26.38698 26.45247 32.73533 34.68813 27.77864 31.36199 23.30347 23.89542 19.17967 13.51738 18.21347 23.71299 35.43509 27.64182 27.69462 20.03559 27.23936 25.19518 23.4198 25.82956 31.99108 40.53369 41.08308 29.85219 37.7937 38.49648 35.89711 31.98671 29.63937 35.32877 35.26012 41.78355 31.88906 23.93986 17.86952 31.96106 29.0933 29.73635 30.11924 31.88087 21.46459 23.35752 23.03402 22.05764 24.87555 27.20505 39.32934 35.31118 36.13447 34.22424 33.98415 30.01411 29.83435 32.79502 23.41034 25.81944 29.76804
-9999 22.16849 27.18227 27.44527 22.81459 27.10106 27.2331 34.78514 31.46733 23.29803 16.524 16.08075 16.99831 20.7111 29.29945 23.15829 23.90542 17.23542 15.50463 14.45815 18.12103 30.01314 30.69517 20.02637 19.32494 15.04281 23.00653 32.12609 31.75683 35.80093 34.80973 39.36908 40.62966 36.18003 35.60051 34.00953 37.41471 32.99519 29.62083 32.04615 35.62469 33.53699 36.7905 23.40394 34.90743 31.11995 26.10981 26.53194 31.58074 26.97771 17.03686 16.93341 18.96903 28.36741 32.51302 31.03611 36.51299 37.81528 31.08223 32.6997 34.99112 41.2726 37.59236 29.82535 31.6519 24.91729
-9999 29.82851 28.97094 34.23789 31.02827 25.50086 28.42849 28.19637 19.09804 21.50416 13.32328 16.65181 19.76781 17.55843 19.838 24.0606 19.24931 17.78931 18.64422 19.3094 19.59889 21.69162 32.62331 25.76969 21.28023 18.15403 20.16189 28.41982 32.2627 34.00272 29.75243 30.92885 34.7643 41.57292 37.60568 33.14511 23.46081 27.66097 38.65519 34.4246 30.55495 29.63746 32.09578 37.12976 37.32125 31.49907 24.59831 33.22702 30.45454 34.22719 24.70903 20.02448 17.45669 25.62413 27.95151 29.90412 32.98245 41.52987 36.55991 32.40193 32.72849 35.13239 36.41808 31.20915 36.62121 43.88156
-9999 27.37288 27.15311 27.32949 22.29316 24.98884 17.85054 18.03573 15.79212 26.07404 17.00141 16.07664 16.56018 17.56689 23.85539 21.28518 19.00163 24.11368 19.62171 18.88471 22.17838 16.50131 24.64128 25.05602 25.76493 17.92804 21.47783 25.55999 21.62735 25.64105 27.33232 29.77675 32.38579 27.35118 20.76931 31.49118 28.06266 32.42275 33.15022 36.94684 33.74502 33.40282 32.17641 30.75855 35.00806 29.37883 25.90507 28.91048 32.67548 31.34495 33.48602 21.24543 14.56657 22.78649 27.01141 26.33407 31.30328 33.8763 33.54617 35.48421 33.06374 25.44347 37.35037 28.86517 29.69692 34.79299
-9999 -9999 18.83736 21.2112 20.2629 25.15568 19.2919 26.58428 23.78802 25.37874 20.06288 24.41186 18.46677 17.64756 19.89265 24.88759 24.38333 20.48728 17.41541 17.00282 18.72708 18.13515 20.34636 22.32355 21.38293 23.97503 21.43956 21.31062 19.87336 23.77979 23.37181 26.34254 30.36981 35.9479 34.56159 31.47677 34.16514 35.4217 38.57452 32.90546 32.25151 32.18501 34.48109 25.93199 28.69659 23.3573 24.3771 27.00107 38.47952 33.79173 38.25927 32.65735 19.25761 24.87177 29.85673 28.26412 31.45836 26.93638 31.62974 36.73817 33.58842 33.64864 35.10073 33.43065 25.18595 27.61477
-9999 -9999 20.80157 29.1503 17.77057 26.94382 23.9948 21.2253 28.22309 29.16267 22.54423 15.70994 19.07398 21.73656 17.16764 19.58731 20.98357 23.52756 18.87782 17.81852 20.41739 17.81899 15.23294 26.26087 23.9169 35.76418 20.14592 22.37559 24.3815 29.4235 24.10251 27.89655 28.74103 34.14186 36.1276 37.82854 37.40641 28.47457 28.72457 34.4473 37.03156 31.33227 30.61723 32.73702 32.27982 23.19224 19.53794 25.62966 38.05485 33.57034 36.76596 40.46573 30.51396 24.24525 25.33537 24.32973 27.69912 32.91922 31.35938 38.56021 26.10027 34.27449 36.73182 34.17824 32.05588 26.44692
-9999 -9999 21.3275 28.90561 25.83546 28.2242 30.07331 18.15644 33.18975 24.73882 18.66077 18.38724 16.52433 17.91805 19.13544 20.80272 21.84984 22.15543 23.69852 20.33457 18.75745 18.05366 14.64252 14.20167 25.72655 38.90749 33.84409 28.18842 30.01104 31.63687 32.83095 31.36018 32.952 32.35303 35.94685 34.29282 27.67109 27.99795 32.53618 33.91697 32.28347 29.85804 24.2872 27.95638 27.58671 21.45182 21.96321 32.398 36.89201 38.4327 38.00095 35.29846 39.09182 34.05088 23.7655 23.3726 23.51583 34.25867 24.90383 35.66055 30.46722 25.88453 29.82797 32.5198 31.21062 26.03505
-9999 -9999 20.36598 22.60118 26.5778 22.4066 17.88006 20.27676 26.841 28.37233 25.67135 18.7263 17.84799 13.15081 17.78317 19.56046 19.15281 21.32669 15.75749 18.81818 20.53496 20.20188 20.57998 19.35485 41.7645 34.82977 23.69511 22.96637 29.05809 34.66422 39.16236 32.8261 37.28834 33.85452 34.32775 39.16639 38.36054 29.97112 34.57263 33.4241 31.58184 17.14681 15.73716 18.64598 29.10029 30.31984 26.474 30.12622 37.95307 37.02034 31.67219 27.65244 32.27293 35.12826 41.58931 30.61289 29.23303 31.9414 22.79792 37.12289 26.88086 25.48758 28.87576 29.14852 28.03292 21.69684
-9999 -9999 16.95902 13.36258 17.42648 19.31239 -9999 16.08251 29.05502 29.58896 28.44748 15.9904 24.0274 14.51749 18.76353 17.60734 19.94616 13.23152 14.07125 16.49613 19.40545 20.31783 25.27655 44.04706 33.49213 26.02805 20.49216 27.68741 39.61999 38.30243 37.6368 39.23285 34.66591 35.14129 35.12213 37.13492 27.15315 27.95261 33.89624 35.43969 33.05333 23.68126 28.37774 28.87272 35.03057 32.46928 32.86806 27.10418 28.75409 35.91481 40.67532 32.73095 33.96659 34.33671 31.44164 30.03034 30.55498 31.76398 23.61865 33.88919 28.09095 28.60333 28.42289 18.07614 25.14618 18.41918
-9999 -9999 16.86461 -9999 -9999 -9999 -9999 -9999 -9999 33.04358 31.80223 18.60119 23.59741 16.89799 17.46925 21.53534 20.38837 12.91117 15.3937 22.69517 21.83472 28.96615 36.00463 27.76479 29.84809 30.34895 28.01571 30.2082 27.46385 35.66177 34.85659 43.46849 35.26808 34.06498 34.53644 26.61174 27.26473 27.75858 25.12746 23.69632 28.58699 33.10271 31.60291 31.6675 33.71222 33.24187 35.82909 40.32894 41.77789 35.51195 34.58808 36.34674 35.44453 31.70164 33.74968 29.24774 34.72968 30.18607 29.30787 27.11268 27.75433 23.00752 22.44381 34.03835 34.17711 29.04692
-9999 -9999 -9999 -9999 -9999 -9999 -9999 -9999 -9999 -9999 29.59141 22.2039 21.6977 19.95085 20.38155 21.06541 21.49965 18.62119 20.37664 22.19591 37.2872 43.13036 34.6939 36.95332 34.55688 35.19308 33.33117 35.54819 40.60448 37.90223 36.35634 36.42508 34.92115 36.20906 36.16271 34.09023 33.14305 23.27077 18.33343 18.81569 24.7501 36.5704 36.01282 35.01199 34.90855 38.06562 33.71532 42.59464 38.96017 38.02108 41.09494 37.95634 27.55881 36.26199 34.96032 38.71795 33.73447 29.88347 26.92046 31.12723 21.52072 26.03652 27.71837 31.36678 34.02976 30.82032
-9999 -9999 -9999 -9999 -9999 -9999 -9999 -9999 -9999 -9999 25.28844 32.03658 22.64876 21.2725 19.16865 16.8964 18.84907 18.59593 27.35201 17.41508 34.69098 33.86411 32.94287 33.48826 33.45161 40.87725 39.6065 43.20584 41.85829 40.79795 42.16403 36.27362 33.49132 29.77868 39.10693 33.85151 27.50715 20.07992 18.86514 25.63968 28.48367 39.41821 40.19138 32.92884 29.13643 32.1831 26.35954 31.15607 36.64941 37.55729 37.98834 37.27894 33.21594 34.72991 41.55969 31.73329 28.87756 33.29998 31.18477 26.31992 27.37279 28.78883 28.31204 26.51761 31.69216 39.94696
-9999 -9999 -9999 -9999 -9999 -9999 -9999 -9999 -9999 -9999 -9999 27.20214 18.18799 21.93462 18.80092 16.86783 12.6475 29.03609 27.36024 27.11539 36.06186 26.54072 31.45127 27.12685 34.84834 27.53819 32.42936 29.01588 28.51613 29.48153 31.85992 27.64849 28.77671 27.95376 27.45912 25.61739 18.00464 28.64719 29.73992 23.6257 34.63695 47.04347 34.2042 36.96552 35.62677 42.80502 36.76923 39.69212 35.7557 39.84997 38.11552 35.86837 37.32307 28.67455 41.53492 34.86912 32.72358 31.25006 33.78814 32.06656 32.5957 32.4394 26.15502 34.14222 26.82983 31.87861
-9999 -9999 -9999 -9999 -9999 -9999 -9999 -9999 -9999 -9999 -9999 17.59003 18.09989 18.57258 18.10359 13.6119 24.37102 29.89839 35.61478 36.34568 27.77582 26.34871 29.66281 29.92723 36.00372 37.65075 35.17841 34.17932 36.58677 34.80418 33.84786 36.50957 31.12886 27.32249 24.73415 32.41798 34.26118 27.68724 37.82413 33.60965 42.50795 49.2194 49.13776 44.14186 41.0923 37.32727 30.161 31.03518 34.83386 35.93703 35.6502 39.24709 29.15417 34.57645 32.01425 36.59554 35.60447 39.54617 34.95435 36.97514 32.62725 33.16177 30.63288 34.02592 32.46784 32.70461
