ABM/aggregated_dem.txt
ncols         89
nrows         104
xllcorner     108.56432649184
yllcorner     27.751714640333
cellsize      0.0027780488750801
NODATA_value  -9999
[rows 31 to 61 of 104, columns 0 to 69 of 89]
-9999 -9999 -9999 -9999 -9999 -9999 -9999 -9999 -9999 -9999 -9999 -9999 727.5 755.13 858.24 961.4 989.72 1018.72 1041.33 989.44 1075.48 1170.87 1105.57 1214.98 1323.32 1438.64 1503.83 1512.22 1542.98 1564.64 1620.23 1639.31 1646.15 1677.15 1758.67 1859.94 1913.51 1851.2 1794.65 1878.81 1833.79 1709.18 1670.27 1810.99 1933.59 2020.35 2106.33 2173.95 2178.88 2152.54 2105.62 2034.8 1950.94 1888.54 1773.37 1643.51 1531.4 1536.97 1656.92 1786.14 1893.67 1988 1988.39 1927.53 1861.7 1822.3 1818.95 1726.43 1676.02 1570.99
-9999 -9999 -9999 -9999 1267.529 1263.429 1119.029 1026.439 958.1647 911.9103 872.8387 777.4545 757.44 758.19 826.09 878.77 922.51 970.24 961.9 978.38 1091.15 1110.44 1046.87 1175.87 1284.29 1318.68 1417.31 1466.4 1396.16 1395.15 1445.06 1445.35 1487.45 1584.9 1677.08 1772.82 1895.54 1921.53 1833.57 1932.91 1937.08 1806.31 1768.28 1877.03 1906.51 1999.52 2101.82 2209.68 2172.23 2088.5 2007.52 1909.58 1813.7 1732.64 1603.39 1567.16 1614.84 1707 1781.32 1883.89 1958.23 1945.27 1922.5 1845.6 1718.18 1700.68 1685.66 1568.06 1570.47 1496.03
-9999 -9999 -9999 -9999 1338.452 1266.5 1162.76 1013.22 929.72 861.63 833.86 839.15 872.93 796.04 796.35 840.11 844.95 874.72 917.34 1007.52 1055.13 1025.35 1005.78 1114.54 1127.39 1150.6 1165.08 1137.32 1172.29 1221.07 1268.75 1313.75 1402.8 1513.45 1617.09 1765.71 1875.99 1944.5 1890.33 1963.26 1942.18 1799.21 1839.89 1963.99 1983.47 2020.1 2068.73 2130.49 2030.53 1969.18 1892.28 1780.54 1687.3 1611.8 1612.79 1693.32 1774.98 1819.87 1888.6 1981.24 1950.95 1873.13 1801.72 1762.94 1714.98 1576.01 1534.25 1443.75 1415.36 1359.54
-9999 -9999 -9999 1380.543 1353.57 1227.1 1100.1 987.62 927.97 932.93 946.02 962 1025.63 926.76 802.93 755.22 795.94 818.09 843.39 896.47 929.03 982.76 958.1 989.77 1037.83 1072.74 1039.82 1111.44 1168.78 1243.4 1318.12 1372.23 1382.66 1493.52 1600.18 1719.09 1830.27 1947.22 1959.37 2010.55 1961.14 1872.23 1837.9 1919.87 1999.58 2085.87 2159.9 2144.85 1986.73 1834.9 1730.82 1673.61 1666.47 1736.94 1744.56 1750.03 1904.43 2000.76 2045.13 2000.19 1910.73 1794.17 1704 1643.29 1608.72 1540.71 1401.56 1298.07 1249.34 1230.18
-9999 -9999 -9999 1395.72 1247.28 1121.94 1016.95 926.27 968.91 1035.1 1037.35 1082.79 1157.76 1053.85 935 824.51 788.85 830.75 871.3 896.49 890.45 906.72 924.28 990.75 1014 1001.58 1084.44 1154.29 1225.55 1291.78 1391.75 1472.76 1451.48 1523.51 1670.99 1752.98 1807 1909.22 2033.85 2091.26 2023.94 2008.56 1947.01 1864.44 1946.8 2060.46 2138.5 2105.8 1959 1824.19 1818.45 1817.06 1877.69 1887.09 1869.56 1828.45 1930.46 2094.1 2090.46 1978.88 1865.61 1735.51 1580.21 1506.81 1456.91 1378.35 1355.08 1287.52 1140.66 1102.04
-9999 -9999 1402.263 1403.3 1192.03 1099.23 1018.51 992.86 1093.73 1108.95 1113.04 1190.19 1207.09 1059.8 932.88 823.79 821.22 888.5 959.08 1044.57 1038.6 1027.29 1015.8 1100.95 1117.9 1071.31 1152.74 1230.13 1259.5 1328.05 1431.55 1519.26 1553.38 1576.6 1695.05 1802.17 1872.72 1978.8 2068.6 2129.41 2112.93 2019.01 1965.96 1920.53 1916.22 2050.85 2163.92 2104.66 1976.22 1881.56 1936.95 1931.33 2037.49 2041.58 1981.35 2012.76 2058.8 2090.39 2082.6 1988.26 1862.24 1718.76 1588.73 1490.52 1371.26 1261.95 1190.15 1122.56 1068.61 998.56
-9999 1337 1416.654 1375.76 1224.56 1124.02 1053.94 1087.95 1205.26 1260.1 1254.1 1291.86 1172.62 1031.75 915.92 839.06 869.92 963.75 1007.04 1098.15 1174.74 1177.02 1147.52 1183.26 1201.43 1158.78 1217.69 1292.72 1352.73 1393.31 1494.19 1576.95 1651.62 1678.15 1757.2 1858.81 1887.4 1928.89 1992.47 2077.95 2118.21 2080.52 2075.78 2070.31 1954.06 2024.43 2123.55 2203.19 2103.49 1984.93 2013.58 2019.61 2143.11 2142.33 2088.77 2017.04 1942.89 1955.48 2020.85 2000.53 1897.27 1778.68 1692.96 1601.1 1481.33 1423.15 1272.43 1114.34 975.57 907.4
-9999 1392.2 1462.489 1390.94 1250.6 1165.15 1145.85 1160.24 1296.43 1355.49 1345.63 1217.79 1068.61 934.37 860.91 830.71 908.13 1024.49 1094.46 1140.78 1211.06 1272.36 1284.91 1281.08 1312.68 1289.16 1306.07 1354.15 1429.44 1464.21 1542.99 1633.26 1737.51 1772.28 1756.05 1732.91 1712.82 1772.45 1868.33 2009.96 2142.94 2205.16 2192.1 2152.93 2055.03 1982.03 2074.2 2105.99 2151.09 2209.34 2206.64 2253.48 2205.39 2058.36 1947.06 1873.81 1802.87 1827.08 1905.53 1929.79 1939.27 1872.01 1787.96 1685.88 1576.29 1443.69 1282.94 1129.53 1036.17 1006.2
-9999 -9999 1518.492 1488.27 1346.6 1253.22 1287.02 1284.42 1328.09 1215.49 1186.8 1081.82 933.03 849.99 831.09 870.63 889.7 931.1 1039.98 1137.39 1223.54 1296.76 1359.88 1390.93 1425.19 1430.83 1405.24 1453.02 1505.28 1564.51 1592.97 1646.85 1688.94 1644.46 1558.69 1511.42 1560.61 1654.66 1734.04 1873.67 2013.13 2060.02 2179.56 2253.65 2201.55 2057.85 2033.75 2115.82 2206.45 2343.04 2341.57 2214.8 2095.43 1964.25 1835.12 1780.73 1717.8 1704.66 1761.9 1794.62 1885.22 1916.47 1819.77 1692.64 1537.07 1392.27 1254.1 1171.65 1174.81 1154.74
-9999 1466 1496.3 1471.04 1429.27 1399.8 1419.24 1406.57 1359.33 1264.79 1137.22 972.19 935.68 942.09 913.46 911.36 1005.33 977.3 912.76 967.58 1090.61 1175.53 1229.33 1312.55 1417.22 1422.39 1357.57 1395.51 1457.9 1452.85 1410.79 1423.24 1427.73 1437.83 1385.1 1305.62 1338.01 1455.39 1589.42 1700.85 1786.85 1926.12 2052.73 2153.37 2238.26 2211.42 2175.09 2216.35 2330.69 2282.63 2177.7 2070.32 1960.75 1874.39 1791.95 1678.84 1649.04 1578.81 1603.38 1659.38 1793.66 1865.98 1825.45 1691.77 1550.24 1406.06 1291.5 1288.64 1260.65 1289.04
-9999 1455.19 1474.12 1401.84 1300.49 1265.65 1328.02 1381.07 1295.1 1184.92 1079.12 1007.33 1066.13 1011.42 1005.03 947.91 985.93 1091.49 1015.91 1000.49 949.93 959.69 1047.53 1161.94 1165 1116.75 1121.54 1163.64 1206.05 1229.47 1177.1 1198.13 1214.49 1257.92 1230.67 1306.32 1420.49 1407.22 1469.5 1545.47 1654.41 1789.68 1913.64 2093.37 2297.51 2362.53 2372.05 2367.22 2268.02 2196.41 2080.14 2023.62 1929.76 1822.54 1718.17 1659.86 1572.9 1486.43 1476.33 1634.02 1750.64 1704.6 1709.22 1682.99 1563.52 1445.91 1435.1 1454.54 1431.15 1391.78
-9999 1487.177 1496.56 1387.41 1280.51 1203.71 1248.04 1244.85 1242.72 1246.49 1137.89 1144.14 1189.53 1093.97 1076.09 1064.62 978.2 1053.41 1107.11 1130.65 1099.06 1050.23 980.29 987.89 1007.17 1057.32 1078.42 1072.08 1090.78 1114.36 1184.93 1245.91 1210.82 1220.15 1320 1463.42 1635.28 1622.11 1664.34 1744.47 1737.45 1778.61 1971.17 2151.32 2291.68 2388.03 2442.12 2322.44 2152.78 2046.88 1988.43 1862.79 1878.55 1819.74 1736.11 1630.91 1535.37 1423.45 1414.3 1531.52 1568.19 1578.25 1476.48 1511.56 1539.4 1565.2 1554.18 1566.84 1567.16 1516.71
1451.556 1483.77 1452.02 1389.42 1354.43 1281.69 1158.25 1135.47 1105.45 1131.96 1144 1174.57 1150.01 1098.04 1101.05 1048.23 1003.58 1100.22 1159.01 1186.98 1229.64 1211.22 1138.49 1095.61 1126.91 1173.41 1241.32 1230.16 1238.88 1280.82 1338.09 1462.38 1500.51 1441.9 1416.59 1553.12 1736.38 1840.87 1805.1 1898.53 1937.57 1955.77 2066.95 2219.19 2340.76 2439.05 2430.65 2265.51 2127.23 1995.23 1889.34 1762.43 1765.94 1787.35 1700.34 1630.22 1545.13 1427.08 1305.39 1299.51 1395.44 1410.84 1310.86 1342.47 1372.3 1383.38 1337.27 1448.15 1448.51 1460.04
1497.533 1468.89 1368.62 1267.64 1209.38 1254.79 1268.08 1193.66 1128.25 1068.2 1030.23 1017.18 1016.39 1026.56 1075.23 1029.06 1083.06 1175.58 1217.99 1234.7 1285.53 1317.94 1294.04 1218.91 1225.34 1247.3 1315.94 1327.95 1370.01 1431.25 1464.76 1576.3 1681.9 1698.38 1631.86 1636.55 1770.04 1937.86 2001.24 2064.06 2084.39 2082.32 2109.18 2108.01 2181.08 2320.86 2403.51 2218.24 2051.49 1934.23 1837.76 1676.3 1653.81 1755.3 1715.56 1638.94 1557.31 1437.77 1298.71 1186.63 1202.6 1197.65 1128.64 1255.42 1198.08 1150.27 1183.84 1265.41 1244.44 1255.08
1416.217 1405.73 1321.83 1249.25 1180.69 1156.15 1196.27 1100.09 1091.95 1068.01 1019.45 1051.17 1038.75 1071.85 1142.01 1114.21 1162 1225.14 1288.16 1305.52 1332.51 1402.25 1438.2 1368.83 1327.76 1330.43 1368.11 1411.11 1487.63 1585.27 1609.49 1720.74 1778.62 1873.24 1861.54 1860.78 1928.25 1986.85 2026.92 2000.59 1921.61 1920.09 1916.86 1948.87 2050.57 2205.31 2311.25 2150.54 2010.04 1882.93 1783.71 1626.67 1528.7 1628.97 1663.14 1607.43 1558.56 1460.11 1343.2 1211.84 1104.05 969.35 1005.96 1194.34 1145.56 1006.29 1021.56 1135.65 1067.31 1040.22
1378.345 1335.24 1220.47 1157.31 1140.83 1129.56 1100.94 1091.36 1147.96 1082.42 1049.74 1087.83 1112.79 1125.64 1134.75 1167.96 1246.38 1305.05 1368.69 1399.27 1386.22 1449.57 1511.18 1499.48 1461.2 1461.95 1447.1 1464.23 1568.34 1657.49 1708.79 1790.06 1900.68 1944.79 1955.98 1912.43 1905.99 1858.93 1862.7 1834.25 1770.16 1717.04 1714.62 1829 1983.45 2134.65 2266.01 2181.26 2049.54 1954.24 1846.25 1690.45 1486.93 1446.93 1507.95 1541.43 1514.62 1469.96 1334.09 1193.74 1056.15 923.51 913.1 1132.27 1181.1 1016.18 901.74 945.73 973.42 906.05
1351.619 1329.369 1265.75 1194.28 1165.09 1137.93 1164.2 1165.73 1198.27 1094.77 1108.25 1175.36 1181.64 1178.4 1232.74 1191.46 1258.73 1333.72 1349.15 1373.03 1420.84 1477.19 1538.48 1595.67 1555.26 1568.22 1555.35 1535.39 1582.42 1681.48 1742.98 1842.29 1886.76 1819.53 1789.84 1707.69 1715 1727.5 1676.26 1632.51 1564.81 1575.85 1722.25 1894.1 2044.64 2195.48 2161.02 2071.7 2010.36 1947.42 1849.82 1680.55 1491.64 1328.96 1316.31 1397.22 1396.14 1370.84 1308.98 1195.79 1077.74 920.3 885.8 1057.58 1195.72 1146.51 986.83 835.01 870.14 865
-9999 1328.767 1295.1 1174.77 1173.52 1232.63 1237.1 1295.34 1244.53 1077.64 1131.1 1215.32 1207.76 1227.48 1253.52 1227.75 1250.59 1268.88 1301.32 1337.99 1414.23 1501.24 1583.01 1651.77 1690.64 1668.51 1738.5 1655.5 1608.03 1621.74 1697.23 1818.51 1773.27 1680.99 1655.8 1548.76 1495.75 1503.86 1469.53 1484.76 1572 1654.3 1771.48 1918.85 2067.11 2161.07 2055.94 1937.6 1903.34 1927.38 1820.29 1664.43 1493.47 1289.36 1121.38 1194.52 1215.75 1260.48 1215.35 1164.94 1080.99 929.94 828.68 924.75 1092.22 1067.24 996.96 926.84 798.09 806.18
-9999 1334.26 1324.47 1213.13 1281.34 1340.61 1332.82 1369.43 1267.83 1124.92 1107.91 1187.3 1258.28 1279.58 1256.6 1279.96 1355.09 1380.86 1416.15 1426.34 1450.53 1517.22 1591.35 1668.93 1727.53 1746.92 1714.98 1542.16 1472.13 1526.54 1642.37 1622.49 1608.71 1515.14 1462.82 1399.14 1312.65 1358.2 1471.29 1598.63 1672.22 1821.19 1897.05 1989.75 2069.07 2054.64 1975.79 1866.55 1799.76 1831.53 1772.28 1592.62 1386.23 1209.27 1057.89 992.17 1002.54 1042.5 1051.79 1034.61 983.14 905.45 820.18 849.01 991.65 947.8 901.16 814.38 805.63 730.69
-9999 1360.756 1353.39 1299.5 1388.24 1458.23 1418.3 1383.43 1278.72 1210.49 1102.6 1169.46 1234.05 1306.25 1304.42 1346.61 1408.18 1471.6 1508.57 1511.03 1517.52 1549.28 1615.56 1693.9 1734.41 1622.96 1481.12 1427.26 1379.8 1442.92 1491.29 1423.22 1384.95 1322.67 1277.79 1257.26 1342.37 1530.78 1644.04 1739.94 1802.53 1905.64 2052.57 2122.89 2058.41 1992.41 1927.2 1794.69 1646.7 1670.39 1720.58 1590.59 1443.32 1304.88 1148.31 1026.04 927.31 894.14 868.05 868.79 828.57 839.97 779.84 836.16 923.85 838.76 786.99 727.85 706.61 714.62
-9999 1402.741 1357.64 1355.09 1393.15 1456.784 1462.293 1440.798 1362.55 1310.99 1169.06 1130.97 1231.45 1327.7 1358.96 1401.99 1462.26 1532.83 1566.3 1580.87 1596.63 1637.54 1690.13 1652.46 1522.61 1459.73 1370.68 1341.84 1276.11 1240.88 1245.48 1227.93 1213.23 1289.87 1413.38 1441.58 1455.83 1574.02 1693.1 1809.52 1935.42 2030.84 2146.01 2101.88 1968.32 1855.85 1765.6 1712.4 1540.47 1524.92 1598.07 1495.7 1408.62 1384.66 1274.32 1185.02 1085 1055.56 954.09 890.74 955.69 982.82 874.57 786.39 778.58 746.56 750.82 757.79 859.76 851.87
-9999 1399.914 1381.068 1399.655 1427.889 1465 -9999 1457.077 1480.487 1396.16 1226.62 1154.1 1258.62 1359.04 1431.82 1450.25 1482.18 1562.31 1615.87 1661.21 1699.26 1697.39 1615.35 1492.05 1398.52 1302.47 1241.55 1183.76 1130.25 1142 1216.82 1300.09 1403.33 1495.13 1577.89 1647.3 1633.09 1711.96 1766.96 1829.31 1934.19 2018.6 2080.05 1996.67 1830.4 1713.64 1617.25 1565.86 1479.84 1346.36 1364.82 1238.59 1171.33 1150.25 1127.28 1036.64 1000.91 1136.39 1133.36 1090.16 1125.96 1093.31 990.03 875.13 777.17 830.22 836.83 921.5 985.18 980.55
-9999 1399 1408.5 -9999 -9999 -9999 -9999 -9999 1445.591 1396.728 1289.09 1207.51 1283.33 1388.4 1479.57 1546.18 1575.54 1583.26 1652.68 1668.17 1661.53 1576.48 1389.45 1302.31 1230.72 1118.44 1094.67 1151.8 1213.25 1320 1452.29 1533.19 1615.82 1701.64 1754.69 1853.19 1846.57 1884.98 1949.77 1915.03 1930.41 1986.87 2077.83 2001.68 1811.1 1601.21 1463.74 1372.88 1312.68 1230.6 1170.29 1144.66 1139.02 1131.69 1110.04 1099.12 996.31 1007.96 1185.43 1298.58 1288.19 1195.63 1046.83 931.25 901.15 870.9 924.52 979.2 1103.72 1150.02
-9999 -9999 -9999 -9999 -9999 -9999 -9999 -9999 -9999 1423.571 1397.342 1349.776 1317.28 1399.02 1502 1589.77 1640.09 1627.46 1582.25 1535.93 1562.83 1470.83 1313.18 1164.68 1061.07 1060.58 1230.48 1346.6 1442.14 1531.9 1657.31 1746.57 1822.79 1836.16 1854.75 1935.45 2010.64 2023.79 2054.42 2011.42 1954.98 2031.94 2112.01 1968.65 1727.98 1583.53 1447.82 1386.19 1386.11 1298.94 1269.96 1378.11 1392.53 1406.39 1311.12 1178.74 1066.43 951.74 1045.78 1209.37 1269.19 1244.65 1174.73 1100.65 1068.28 1016.47 994.96 1050.4 1188.46 1269.07
-9999 -9999 -9999 -9999 -9999 -9999 -9999 -9999 -9999 -9999 -9999 1323.17 1321.55 1385.62 1482.31 1565.42 1602.56 1608.26 1488.79 1393.72 1422.18 1376.6 1251.79 1116.78 1038.93 1151.7 1241.07 1307.94 1371.92 1482.09 1567.36 1618.36 1696.42 1751.84 1797.16 1846.91 1891.68 1918.87 1992.34 2097.61 2140.31 2159.11 2171.94 2098.63 1947.96 1760.64 1669.7 1632.09 1505.17 1360.13 1442.34 1546.89 1534.39 1423.33 1299.15 1115.19 1029.66 1005.53 950.34 1029.27 1050.55 1078.11 1220.43 1287.23 1261.26 1190.44 1141.74 1177.78 1286.41 1347.92
-9999 -9999 -9999 -9999 -9999 -9999 -9999 -9999 -9999 -9999 1209.083 1220.49 1291.98 1372.3 1450.57 1538.41 1547.97 1508.5 1462.28 1254.26 1217.52 1260.24 1212.22 1072.98 1049.75 1224.4 1378.86 1455.1 1485.11 1516.66 1586.54 1677.51 1778.56 1874.46 1918.74 1958.1 2008.39 2058.11 2150.3 2265.88 2341.12 2391.48 2399.74 2326.27 2199.72 2072.7 1938.51 1785.36 1583.88 1505.83 1583.35 1614.39 1400.87 1254.34 1201.95 1162.28 1260.07 1159.19 1002.52 908.22 899.84 905.25 1031.58 1183.88 1319.27 1365.18 1381.18 1370.74 1449.99 1471.88
-9999 -9999 -9999 -9999 -9999 -9999 -9999 -9999 -9999 1150.333 1150.244 1186.03 1280.33 1355.6 1436.69 1505.29 1492.55 1383.69 1314.47 1190.07 1066.43 1116.36 1137.39 1014.82 1064.48 1181.63 1229.66 1345.04 1428.39 1488.53 1590.02 1646.82 1711.26 1759.88 1833.24 1940.45 2049.63 2156.49 2273.05 2388.34 2452.43 2504.01 2444.87 2342.16 2236.73 2129.38 2017.5 1915.34 1791.55 1752.36 1750.64 1597.9 1391.3 1372.88 1346.24 1277.25 1377.78 1298.31 1157.53 1068.86 1044.8 933.73 883.58 985.24 1176.26 1299.64 1419.75 1557.5 1604.34 1626.29
-9999 -9999 -9999 -9999 -9999 -9999 -9999 -9999 -9999 -9999 1094.303 1170.77 1240.32 1303.11 1361.61 1402.06 1406.49 1337.67 1219.77 1068.87 982.24 993.01 1002.21 998.33 1057.79 1109.14 1193.51 1250.57 1295.25 1403.28 1440.23 1460.3 1526.08 1568.25 1664.68 1827.12 1982.91 2123.61 2275.98 2383.13 2480.39 2445.34 2275.9 2205.67 2180.83 2119.1 1981.79 1936.67 2031.61 1983.07 1795.77 1605.11 1539.3 1521.88 1448.27 1473.9 1499.65 1485.37 1375.18 1298.47 1236.12 1064.28 907.73 879.69 1026.54 1105.49 1284.33 1358.3 1521.05 1588.84
-9999 -9999 -9999 -9999 -9999 -9999 -9999 -9999 -9999 -9999 1069.662 1113.814 1154.67 1201.63 1249.39 1329.48 1354.73 1276.49 1215.18 1051.45 946.59 946.08 1008.46 1065.22 1155.51 1260.72 1338.86 1373.99 1422.72 1490.97 1535.74 1572.98 1599.42 1668.96 1755.06 1868.08 1934.04 2047.56 2176.52 2338.77 2480.85 2363.86 2213.57 2111.3 1999.94 1981.9 1887.02 1841.05 1990.37 2025.56 1884.23 1778.8 1730.79 1666.79 1563.32 1617.44 1641.84 1531.79 1427.54 1338.48 1223.26 1092.95 979.12 858.42 872.55 1009.79 1084.14 1243 1370.54 1371.17
-9999 -9999 -9999 -9999 -9999 -9999 -9999 -9999 -9999 -9999 -9999 1074.818 1129.609 1171.57 1230.56 1289.41 1313.71 1243.59 1190.22 1053.67 919.29 961.42 1055.44 1196.5 1254.6 1228.67 1287.5 1389.97 1501.36 1618.93 1740.76 1787.18 1887.81 1969.07 2011.32 2108.13 2148.3 2173.64 2311.87 2450.07 2474.94 2297.35 2124.11 1988 1831.49 1797.23 1772.28 1781.26 1970.83 1989.43 1942.83 1918.79 1891.95 1802.1 1760.11 1765.39 1651.86 1555.58 1507.76 1374.81 1212.53 1036.48 1015.51 940.07 835.5 890.65 1040.93 1117.13 1149.58 1171.5
-9999 -9999 -9999 -9999 -9999 -9999 -9999 -9999 -9999 -9999 -9999 -9999 1105.267 1118.95 1184.14 1232.63 1211.6 1201.12 1054.31 917.98 892.58 999.61 1108.16 1210.53 1314.77 1391.37 1303.96 1425.41 1538.58 1648.67 1770.71 1888.35 1962.04 2019.19 2111.01 2221.98 2308.26 2305.08 2350.35 2405.62 2349.42 2203.69 2100.21 1985.2 1822.07 1721.7 1675.73 1827.67 1987.39 1888.34 1814.31 1797.17 1767.59 1891.94 1906.5 1834.49 1749.27 1657.16 1467.04 1318.71 1173.19 1134.34 1185.82 1062.83 917.19 800.23 842.34 920.52 968.52 998.06
