ABM/aggregated_slope.txt
ncols         83
nrows         108
xllcorner     259950.19993637
yllcorner     3071619.56669
cellsize      296.92359527466
NODATA_value  -9999
[rows 58 to 86 of 108, columns 0 to 65 of 83]
-9999 -9999 -9999 -9999 -9999 -9999 -9999 -9999 -9999 -9999 17.36013 18.86049 17.33191 19.63898 19.01963 20.17211 24.76018 29.1107 42.43686 30.16656 27.41349 24.18917 29.71479 35.19242 30.19656 32.81092 29.0251 35.13438 32.95487 26.10323 29.20397 18.85169 16.63061 30.85723 35.47807 34.12297 37.44532 37.95987 34.52678 35.92695 32.6474 32.0057 38.25219 38.20741 40.22221 37.58571 34.32677 33.8764 41.12282 34.31697 32.0183 29.2121 37.99491 37.32996 33.70887 29.73621 31.87614 34.78681 40.47251 35.33918 31.15059 35.66383 39.639 34.77821 33.33051 32.03315
-9999 -9999 -9999 -9999 -9999 -9999 -9999 -9999 -9999 -9999 17.18937 19.52166 20.3744 21.0693 20.1332 21.82829 26.83543 36.11219 37.39727 25.63898 23.5512 30.52355 30.02069 29.64527 34.53139 36.3224 38.10656 33.84699 29.49406 34.05412 35.0496 39.48589 39.16259 37.81959 35.0324 30.91927 26.94884 13.07649 17.31734 36.37592 31.63174 24.42628 23.74773 24.59526 34.5316 43.85925 39.99207 37.18975 40.15916 31.96661 37.46733 31.94029 33.77907 38.7476 35.18608 34.24783 33.53218 27.51676 34.83514 41.44606 38.42322 34.79098 36.65201 34.40755 34.09196 35.54264
-9999 -9999 -9999 -9999 -9999 -9999 -9999 -9999 -9999 -9999 18.97521 20.53798 20.39137 22.72268 25.43839 20.70024 25.17469 28.60893 32.97814 18.93419 24.39051 26.78267 30.55639 35.04095 40.40104 37.57333 32.8421 29.60525 35.27936 33.06007 26.9133 26.17563 31.45293 33.91924 35.80581 35.19247 28.98403 23.35822 26.71068 32.79602 28.82519 26.66332 26.94125 33.1263 28.0286 35.21236 36.61537 37.86483 33.07132 35.41822 29.75598 33.73777 29.69637 31.81655 43.01932 39.57819 37.99042 38.27404 24.67257 38.54139 37.01777 41.07635 41.91138 39.22881 24.7804 28.22989
-9999 -9999 -9999 -9999 -9999 -9999 -9999 -9999 -9999 -9999 -9999 19.24585 14.6559 16.54485 17.94477 16.95227 21.45025 20.93775 34.864 24.92333 26.04133 28.95247 32.43687 30.08648 22.68922 24.0918 24.90957 37.19553 39.80474 34.8334 41.01628 44.91248 47.33165 38.05493 34.54123 31.78444 36.43694 33.01603 31.59866 30.68449 31.05484 32.62568 29.48328 33.14579 29.19183 31.86047 33.64341 39.44839 34.51011 32.59753 30.68774 27.91165 29.66681 30.08929 28.65483 27.42493 30.35504 34.90645 37.05955 33.47173 34.5861 39.49055 37.34148 39.34959 42.19891 33.14854
-9999 -9999 -9999 -9999 -9999 -9999 -9999 -9999 -9999 -9999 -9999 -9999 -9999 17.54495 15.69588 22.61141 15.95778 29.45541 34.48005 24.10926 26.25372 29.12228 25.42701 25.82841 24.52823 27.78021 32.78877 29.64238 28.62605 29.49132 30.48955 31.09557 30.28255 34.5909 34.8919 36.18249 32.67654 16.97819 35.27218 32.86271 33.50924 35.88945 35.2831 29.62731 30.90345 32.07574 23.56438 29.63 34.13668 34.54897 35.28071 32.14177 28.92284 31.77329 28.30849 30.1145 34.17503 32.51416 28.35014 26.43433 29.57851 32.24092 34.69033 39.98196 40.94035 33.86058
-9999 -9999 -9999 -9999 -9999 -9999 -9999 -9999 -9999 -9999 -9999 -9999 -9999 16.3176 14.6406 23.28111 23.64743 37.47768 23.13751 20.84603 29.40529 26.55688 24.67483 32.32053 36.41692 27.93102 26.55857 26.2044 25.35665 25.65235 26.51929 27.67968 27.19242 26.65354 25.98722 28.4858 23.24502 35.58199 41.78024 30.76963 27.34021 35.78359 32.37279 26.81945 39.40013 30.95194 23.74012 26.31951 29.69839 36.04225 30.21328 30.96346 30.77571 34.95734 34.74763 33.92064 35.81496 33.06199 34.43075 35.18799 27.65521 39.19657 37.05931 36.61079 37.81014 35.68531
-9999 -9999 -9999 -9999 -9999 -9999 -9999 -9999 -9999 -9999 -9999 -9999 -9999 -9999 -9999 -9999 -9999 30.6137 17.60782 20.94007 25.04791 24.20345 29.75625 20.07657 20.72947 36.13893 32.75599 32.78278 28.72823 35.77748 21.79095 20.20586 22.07817 25.98955 34.87841 32.71627 32.30697 31.96367 30.82743 32.03882 37.22173 31.82512 32.75765 29.93728 38.88729 31.16656 26.49915 28.39827 31.80501 36.10273 20.99389 23.15763 28.19344 37.40884 29.77016 30.42113 36.86426 34.68966 33.6605 37.59257 34.06114 34.50881 33.62053 38.03072 34.63945 35.04468
-9999 -9999 -9999 -9999 -9999 -9999 -9999 -9999 -9999 -9999 -9999 -9999 -9999 -9999 -9999 26.06912 24.03757 19.1842 22.6625 21.11025 21.84982 25.36154 24.62455 21.90428 22.26607 20.49677 24.93671 26.21431 30.09258 29.0493 20.3741 25.23544 35.99756 34.79243 29.18268 27.22358 29.23512 25.24367 26.09604 33.13246 33.0158 30.62219 28.82243 27.2277 32.94839 26.11639 27.33758 29.84568 25.87351 34.83366 26.71989 25.46061 29.93214 31.56392 33.14773 32.17614 33.54224 34.26495 41.61264 35.95778 42.95299 40.89433 28.35423 33.48247 30.74046 37.69867
-9999 -9999 -9999 -9999 -9999 -9999 -9999 -9999 -9999 -9999 -9999 -9999 -9999 21.63648 23.56932 26.3663 23.87328 26.68253 29.28367 28.67198 26.17635 27.52457 26.14678 29.94487 27.72391 26.46845 27.74614 23.01325 23.4925 23.86633 27.24755 39.82681 29.24213 18.76934 21.33439 23.3649 22.20555 28.55965 33.11515 31.22231 33.0591 27.56684 23.91638 31.89083 33.03841 26.5402 28.8205 30.336 30.77601 36.4476 26.26946 23.66887 29.3799 29.16322 22.57772 33.44453 35.96208 34.59516 39.32848 40.69032 38.16743 39.30425 39.46862 33.60519 34.77314 31.85597
-9999 -9999 -9999 -9999 -9999 -9999 -9999 -9999 -9999 -9999 -9999 -9999 19.04923 22.1289 24.89848 30.64096 17.79671 25.92343 27.96898 31.70441 35.10727 35.5633 32.31404 30.98512 33.2417 36.15182 35.17476 30.32379 22.27332 34.65596 40.97551 30.7564 29.41253 30.82438 27.05309 23.69221 21.85608 29.29263 30.85659 33.19467 29.10056 25.22688 28.11501 33.28429 28.59455 29.11325 28.60839 29.63783 32.32894 30.2624 33.3898 28.07314 31.71327 33.24076 29.05834 28.89665 26.00897 35.26988 34.83704 37.28926 38.42347 34.16303 29.58316 23.46835 29.55054 29.65706
-9999 -9999 -9999 -9999 -9999 -9999 -9999 -9999 -9999 -9999 -9999 -9999 25.94473 25.48298 24.57567 24.89342 26.26874 25.95866 23.0706 20.66499 19.2393 22.96054 23.41309 29.91892 25.08794 21.19507 21.43805 29.38483 35.58211 36.3685 24.22302 27.20131 27.15036 28.0641 30.21729 21.49775 21.46363 25.03812 26.91626 29.22779 26.29924 25.05481 33.06052 26.28176 25.63421 27.07898 30.73755 34.60873 35.05014 31.65545 29.39354 30.57877 27.80636 29.90947 28.67776 32.37966 36.12539 21.73632 21.19759 25.17682 27.77858 27.15798 30.94842 27.00929 34.23202 31.5597
-9999 -9999 -9999 -9999 -9999 -9999 -9999 -9999 -9999 -9999 -9999 -9999 -9999 17.27965 21.77201 28.51018 30.62772 32.43642 34.18648 24.99405 20.63469 22.16631 28.30983 27.0839 18.62524 19.54236 29.86014 30.33483 24.3016 23.51877 30.70063 30.87041 32.30198 27.3087 23.44012 24.22429 18.62157 27.47086 25.68765 28.30052 20.53066 27.90981 25.44724 24.61773 23.49991 28.90312 27.37801 30.46474 28.8618 31.49039 30.05369 35.67496 29.03127 39.86184 35.20676 34.46022 36.50219 29.62022 28.92983 32.34352 23.11987 21.04728 26.95672 34.49494 32.68818 36.65931
-9999 -9999 -9999 -9999 -9999 -9999 -9999 -9999 -9999 -9999 -9999 -9999 -9999 25.04525 24.19312 23.99873 18.36334 13.47202 24.06297 25.48916 24.55533 22.03208 24.61246 21.33923 24.35151 24.45306 36.24421 33.36086 27.42544 26.40333 33.79599 35.75841 32.26676 16.20805 20.51973 23.54308 21.57989 22.22523 26.79376 22.34327 21.39559 29.10723 24.74036 29.85206 30.89803 27.52356 31.25935 22.28031 25.66935 31.41014 35.2309 37.34775 35.17828 39.39241 35.88679 32.67782 30.70613 28.06272 36.09336 28.45889 22.3363 18.68456 24.80358 30.01101 30.99854 29.35702
-9999 -9999 -9999 -9999 -9999 -9999 -9999 -9999 -9999 -9999 -9999 -9999 -9999 25.82684 23.69107 21.59266 23.73087 22.5598 18.6845 26.84395 20.73948 22.71932 24.73973 21.09333 19.19243 36.34703 32.74367 30.58882 29.61781 30.156 34.10193 31.17395 18.76893 21.11375 17.65116 22.45599 22.96827 23.93941 29.3368 25.72705 24.91027 30.4477 30.94907 27.85882 28.08092 25.95407 33.11511 40.24884 34.11811 29.97884 35.48628 36.2947 35.28662 29.6976 34.86045 32.3508 36.54043 33.78549 31.73805 27.44614 23.15488 19.32672 29.58104 32.87932 30.93607 32.97617
-9999 -9999 -9999 -9999 -9999 -9999 -9999 -9999 -9999 -9999 -9999 -9999 22.37123 22.54659 21.74048 21.90876 16.17714 15.53349 24.99358 19.49018 18.16515 19.01724 22.06803 18.44606 29.94514 43.27 40.64373 35.7103 31.53069 29.34415 25.54404 26.27777 21.29972 23.9085 21.74609 25.45322 25.69192 23.97357 26.29383 30.45161 23.08664 32.63756 35.33543 37.03778 34.51536 33.15797 35.3854 40.24028 36.85889 38.19534 28.90711 32.89043 32.97301 35.65966 30.50354 28.18022 36.64878 35.50812 27.39239 28.8323 24.29152 23.74513 32.41913 34.30334 28.54008 22.369
-9999 -9999 -9999 -9999 -9999 -9999 -9999 -9999 -9999 -9999 -9999 -9999 21.00551 17.90014 20.5502 19.4353 15.77962 22.22488 22.35555 21.38237 19.68469 20.45316 22.5552 32.84327 44.25018 38.08554 38.05111 34.54607 28.26178 27.30946 28.81474 30.16429 28.27122 27.95625 28.1476 28.22226 25.18357 25.17947 29.03206 28.4302 21.90704 29.16337 30.70868 34.9168 32.26008 39.7307 39.05468 34.64968 35.71281 36.18415 39.661 32.7539 28.88432 30.03871 35.02081 34.485 31.14362 24.83858 23.13875 28.10591 17.96486 20.83421 34.21988 29.28145 30.39928 19.40295
-9999 -9999 -9999 -9999 -9999 -9999 -9999 -9999 -9999 -9999 -9999 15.38488 22.7947 18.325 18.55948 23.87647 18.68671 20.55377 23.50376 21.30588 19.08592 20.9561 19.14738 32.55275 42.79373 34.81009 30.1691 24.36666 20.6348 21.74487 25.01624 20.27255 29.56956 24.28163 26.3405 28.0594 18.36392 21.776 28.48556 24.86996 25.97374 26.58508 32.57273 37.92084 36.89504 31.60763 32.66722 38.62267 38.37226 35.17572 35.8215 35.4668 35.55687 36.80683 27.76709 31.20947 26.36035 29.43342 30.66144 25.00419 22.39548 26.01178 28.87374 35.47304 27.53471 28.26336
-9999 -9999 -9999 -9999 -9999 -9999 -9999 -9999 -9999 -9999 -9999 -9999 20.8392 22.49286 17.67809 21.7423 14.66279 21.5469 20.49088 13.22797 18.06747 22.98435 19.29922 29.43485 40.55845 40.84187 40.86684 24.34112 20.50314 19.82462 25.50363 29.52994 25.34128 26.53472 26.13334 20.69817 18.26406 18.53503 31.67579 31.14342 29.20374 28.02425 26.36465 41.40023 38.34816 39.9271 36.65878 33.04249 34.57565 39.44688 33.7776 37.37033 36.61802 35.03495 18.31078 28.03031 36.96489 30.58751 34.81594 28.35267 24.91158 19.34137 30.1963 30.1687 22.6034 27.1382
-9999 -9999 -9999 -9999 -9999 -9999 -9999 -9999 -9999 -9999 -9999 -9999 14.65949 19.93111 18.32526 22.83875 22.07789 14.52407 23.55426 20.12458 19.7461 26.5982 22.80958 39.74336 49.144 46.79576 38.03478 27.54602 30.4961 32.01534 30.69788 32.8876 32.03407 26.432 24.09945 25.59258 18.31665 13.70751 23.9647 32.39205 31.13243 28.55139 30.55532 35.83225 38.25584 35.24897 33.00324 38.41272 38.25337 34.35071 35.50753 37.09839 32.50964 29.32498 27.24632 31.26114 28.80488 31.43689 26.14155 29.10973 26.89898 29.66022 31.0663 20.66163 21.79723 23.50859
-9999 -9999 -9999 -9999 -9999 -9999 -9999 -9999 -9999 -9999 -9999 -9999 -9999 18.95022 19.28668 23.64318 24.5428 28.56877 23.10173 25.10367 22.71972 23.52009 22.00602 36.92199 36.15396 37.32773 34.88604 40.08634 23.77412 26.9753 30.57475 35.19663 36.27509 33.96225 34.2606 21.42988 13.91073 18.79262 19.28563 26.11511 25.59572 25.90542 29.4416 25.30161 37.9183 38.72938 40.25588 34.58375 30.12919 32.70144 28.44351 35.56094 34.20173 28.91674 31.40056 32.78922 32.95855 29.59942 21.71612 30.83121 22.89773 27.6549 27.3918 22.32863 26.40995 16.92843
-9999 -9999 -9999 -9999 -9999 -9999 -9999 -9999 -9999 -9999 -9999 -9999 -9999 17.9043 21.27876 26.45448 -9999 -9999 25.51294 29.52644 25.33455 28.31256 25.4199 36.57673 39.83065 39.74722 41.09638 32.44488 24.73081 26.7793 36.94182 35.21195 33.47034 30.43213 29.63101 27.39184 19.71432 17.69945 13.19746 24.88574 20.78767 20.46204 32.64186 32.55015 41.39166 35.31186 35.21165 39.5241 36.86567 31.62085 28.95587 36.46515 36.4207 37.83405 41.13206 32.5761 33.62693 37.3205 40.57081 33.65929 25.19434 24.73985 25.57504 23.48059 20.06132 21.56092
-9999 -9999 -9999 -9999 -9999 -9999 -9999 -9999 -9999 -9999 -9999 -9999 -9999 -9999 22.52279 23.47737 -9999 -9999 -9999 28.04128 29.982 32.61216 27.19684 29.32184 36.98748 33.85351 29.59263 24.8582 29.03026 27.93323 29.80004 29.67998 27.6812 26.51686 28.30923 29.43727 26.06244 15.23589 17.00395 23.82956 28.6759 36.682 37.46633 31.61317 31.99188 36.91851 36.04002 29.26744 33.90134 33.28794 36.59225 34.44817 39.8125 35.62679 35.71547 36.98439 38.05788 37.07392 29.23058 33.79842 28.00794 20.52577 27.19135 32.05346 33.42348 30.40377
-9999 -9999 -9999 -9999 -9999 -9999 -9999 -9999 -9999 -9999 -9999 -9999 -9999 -9999 23.76293 -9999 -9999 -9999 -9999 27.33145 24.26154 25.70978 33.98816 37.91179 33.59211 35.67116 35.28047 24.65129 24.85036 29.82923 31.91281 25.90751 27.06899 28.19745 31.59706 25.56034 21.72772 24.32445 25.78927 25.71679 33.63045 33.71635 32.57989 29.11657 31.01438 33.52635 27.94785 27.64754 32.73944 40.30632 33.84819 36.78119 28.81937 26.64917 24.76893 24.08275 20.55439 18.79091 18.2152 31.41773 30.16088 32.19924 30.52432 28.00883 -9999 -9999
-9999 -9999 -9999 -9999 -9999 -9999 -9999 -9999 -9999 -9999 -9999 -9999 -9999 -9999 -9999 -9999 -9999 -9999 -9999 24.09496 25.46068 40.47369 38.73026 34.84491 33.06379 32.65929 32.43412 25.07409 29.98833 29.8136 25.10391 24.83591 24.54939 22.96075 22.15871 23.80308 23.13329 25.49647 18.48083 19.01364 28.16976 30.27824 31.3329 33.73807 32.25593 25.79827 26.91308 23.5792 28.05012 29.72046 31.00538 32.13049 30.46148 24.7391 20.54349 21.23349 22.12774 17.36653 17.21554 24.62103 25.04844 24.73491 24.22209 -9999 -9999 -9999
-9999 -9999 -9999 -9999 -9999 -9999 -9999 -9999 -9999 -9999 -9999 -9999 -9999 -9999 -9999 -9999 -9999 -9999 -9999 17.8749 24.42522 31.49404 32.73207 31.48715 29.14233 20.09711 30.37819 22.13386 31.32732 32.2031 23.30269 28.17293 28.27367 28.81805 27.8981 33.97977 28.45949 24.09273 24.61307 29.33896 30.19854 30.15352 31.06739 26.88577 21.37314 26.31683 24.21055 20.88633 20.29223 24.64334 24.96089 24.8264 25.14504 23.77834 19.27496 20.76009 22.59877 20.46082 20.65501 15.86887 17.93106 15.14486 -9999 -9999 -9999 -9999
-9999 -9999 -9999 -9999 -9999 -9999 -9999 -9999 -9999 -9999 -9999 -9999 -9999 -9999 -9999 -9999 -9999 -9999 -9999 -9999 23.26438 29.83409 24.09567 18.9006 28.30895 36.69783 37.95589 23.09484 33.60476 35.18266 30.28868 30.7321 29.30668 31.79231 28.77905 30.66259 27.56193 29.47262 29.67627 35.35455 32.15449 24.37018 23.3257 15.57541 26.45959 27.03569 26.01158 24.99179 26.42765 26.60853 26.32224 21.28168 24.97715 22.16441 20.97487 21.69029 22.76911 24.704 30.72329 25.39638 25.35855 21.27626 -9999 -9999 -9999 -9999
-9999 -9999 -9999 -9999 -9999 -9999 -9999 -9999 -9999 -9999 -9999 -9999 -9999 -9999 -9999 -9999 -9999 -9999 -9999 -9999 21.62452 28.83032 24.90278 22.41363 30.51089 33.30944 26.90587 31.40884 30.3834 35.07717 30.24023 29.33456 32.89873 30.58901 31.84634 26.5723 19.29168 24.35701 30.63114 23.64929 26.058 26.61227 25.73278 24.68242 25.58253 22.19892 22.43536 27.89417 31.19237 27.5476 22.27146 22.40893 24.17568 20.66409 16.9129 20.71914 22.5518 22.56754 24.5327 21.67199 24.78685 -9999 -9999 -9999 -9999 -9999
-9999 -9999 -9999 -9999 -9999 -9999 -9999 -9999 -9999 -9999 -9999 -9999 -9999 -9999 -9999 -9999 -9999 -9999 -9999 -9999 28.37308 31.67524 28.89871 21.16392 28.52921 27.4659 32.81372 34.00041 32.28955 34.06453 35.78247 32.71154 33.70589 32.06334 23.7806 18.45226 19.25919 18.49727 25.23212 23.10949 26.34989 29.08098 22.25292 32.11776 26.46468 20.17731 16.84753 20.1727 23.10115 23.67995 24.32624 24.35377 26.31008 19.79025 23.96436 26.103 27.70865 26.19802 25.73652 26.40297 -9999 -9999 -9999 -9999 -9999 -9999
-9999 -9999 -9999 -9999 -9999 -9999 -9999 -9999 -9999 -9999 -9999 -9999 -9999 -9999 -9999 -9999 -9999 -9999 -9999 -9999 -9999 37.18037 29.02734 20.36321 30.10753 23.2135 23.66902 33.80745 37.93441 30.20466 27.69919 32.00342 32.39936 24.02879 21.01206 17.1189 20.60232 19.0093 24.6921 24.2459 25.47062 24.9406 23.75195 31.01775 34.61451 23.77755 17.96151 21.75558 23.05087 21.06555 16.25841 17.70611 20.84769 24.20305 27.4161 25.46822 24.40752 27.93295 -9999 -9999 -9999 -9999 -9999 -9999 -9999 -9999
