ABM/aggregated_dem.txt
ncols         89
nrows         104
xllcorner     108.56432649184
yllcorner     27.751714640333
cellsize      0.0027780488750801
NODATA_value  -9999
[rows 62 to 92 of 104, columns 0 to 69 of 89]
-9999 -9999 -9999 -9999 -9999 -9999 -9999 -9999 -9999 -9999 -9999 -9999 -9999 1088.985 1152.456 1159.303 1110.98 1084.77 948.92 886.23 958.78 1038.1 1150.19 1261.45 1393.12 1477.5 1468.93 1458 1533.96 1637.89 1755.82 1925.65 2044.7 2124.19 2184.99 2233.75 2198.89 2137.98 2174.4 2253.11 2165.91 2047.77 2020.05 1930.71 1881.08 1788.94 1667.31 1776.08 1941.38 1866.72 1733.34 1635.31 1624.14 1763.06 1827.51 1843.7 1837.54 1661.58 1508.78 1418.56 1348.9 1321.32 1316.62 1149.43 997.52 921.08 805.22 739.63 758.67 812.13
-9999 -9999 -9999 -9999 -9999 -9999 -9999 -9999 -9999 -9999 -9999 -9999 -9999 -9999 -9999 1041 998.129 918.75 894.43 924.94 1016.64 1086.09 1161.84 1279.87 1377.29 1460.35 1550.08 1628.96 1689.92 1782.4 1839.51 1969.69 2064.67 2106.4 2088.8 2057.58 2002.4 1976.65 2034.01 2120.25 2104.89 2066.6 1970.84 1813.04 1728.43 1683.72 1659.19 1788.13 1923.58 1836.65 1702.65 1553.64 1514.21 1655.99 1713.88 1702.49 1723.7 1692.91 1645.98 1552.68 1459.16 1492.68 1388.16 1201.26 1186.22 1097.99 890.59 801.22 784.48 719
-9999 -9999 -9999 -9999 -9999 -9999 -9999 -9999 -9999 -9999 -9999 -9999 -9999 -9999 -9999 935.42 861.82 871.95 890.31 952.58 1006.24 1078.72 1160.49 1237.75 1314.13 1405.08 1504.15 1615.24 1746.4 1855.43 1949.47 2017.52 2022.44 1933.06 1882.77 1925.54 1896.35 1870.65 1957.07 2027.95 1957.26 1929.7 1926.32 1777.4 1642.52 1614.2 1727.42 1884.07 1946.54 1817.61 1686.1 1544.72 1415.44 1508.11 1583.72 1589.75 1557.02 1592.04 1703.33 1675.61 1660.55 1578.63 1435.64 1432.84 1310.04 1145.68 1087.81 1017.37 934.11 819.07
-9999 -9999 -9999 -9999 -9999 -9999 -9999 -9999 -9999 -9999 -9999 -9999 875.9811 863.9881 854.5567 851.71 896.58 961.93 1000.75 1108.78 1171.85 1224.47 1259.46 1384.6 1409.13 1517.41 1612.67 1701.5 1793.85 1930.76 1978.76 1907.54 1796.38 1728.37 1734.51 1806.07 1771.19 1823.71 1934.53 2006.64 1953.87 1823.23 1787.98 1705.36 1605.65 1687.51 1813.15 1927.05 1934.7 1809.95 1661.07 1541.76 1470.06 1376.28 1462.56 1473.45 1390.87 1475.8 1602.8 1572.13 1612.96 1656.53 1591.24 1526.92 1399.75 1324.32 1199.88 1061.78 933.53 798.53
-9999 -9999 -9999 -9999 -9999 -9999 -9999 -9999 -9999 -9999 -9999 -9999 819.0492 863.55 920.55 950.65 1011.49 1063.58 1083.52 1155.46 1254.09 1336.77 1375.13 1449.41 1539.17 1638.29 1742.23 1834.11 1908.72 1885.17 1797.54 1693.81 1657.8 1608.43 1616.09 1627.43 1690.65 1816.39 1902.91 1975.81 1910.59 1835.39 1732.37 1612.28 1607.78 1738.67 1864.31 1835.53 1829.34 1805.9 1749.47 1692.41 1540.69 1387.57 1347.11 1358 1274.96 1413.91 1518.33 1401.24 1455.86 1568.57 1540.16 1494.39 1442.46 1322.37 1220.73 1101.74 978.08 906.29
-9999 -9999 -9999 -9999 -9999 -9999 -9999 -9999 -9999 -9999 -9999 -9999 905.9333 938.7979 1000.82 1065.26 1138.57 1183.5 1206.07 1233.88 1309.03 1394.76 1475.47 1535.99 1620.68 1715.51 1793.4 1868.93 1830.91 1729.52 1669.18 1603.35 1532.43 1527.07 1512.77 1640.95 1735.95 1823.86 1915.58 1939.27 1853.14 1751.57 1658.93 1579.34 1629.54 1765.61 1782.31 1753.66 1690.24 1744.31 1809.46 1691.3 1595.14 1504.8 1350.54 1242.77 1186.33 1278.87 1370.04 1250.07 1317.65 1400.66 1425.88 1338.68 1294.45 1283.6 1230.12 1189.05 1107.06 987.79
-9999 -9999 -9999 -9999 -9999 -9999 -9999 -9999 -9999 -9999 -9999 -9999 -9999 925.9512 996.38 1095.57 1191.1 1282.22 1329.63 1387.86 1434.54 1483.35 1530.8 1612.56 1721.69 1799.31 1871.93 1833.56 1674.18 1556.64 1536.23 1529.61 1426.57 1396.1 1549.3 1674.39 1735.92 1796.23 1852.82 1881.39 1826.68 1722.59 1598.68 1556.24 1691.95 1724.68 1621.78 1583.4 1556.96 1628.36 1693.61 1715 1702.49 1613.52 1494.12 1340.87 1161.39 1095.67 1202.53 1130.3 1187.6 1305.46 1246.85 1191.15 1172.48 1220.17 1169.6 1095.74 1143.48 1038.17
-9999 -9999 -9999 -9999 -9999 -9999 -9999 -9999 -9999 -9999 -9999 -9999 -9999 990.0825 1088.9 1185.28 1264.93 1322.65 1384.09 1427.39 1482.69 1569.67 1627.58 1700.8 1798.13 1882.73 1911.12 1772 1626.56 1465.06 1387 1380.4 1301.34 1433.48 1554.21 1624 1666.3 1710.25 1792.11 1886.48 1863.17 1728.2 1594.74 1538.12 1634.75 1591.42 1502.94 1427.11 1465.43 1536.31 1462.11 1502.36 1554.97 1599.61 1542.29 1378.91 1235.36 1082.18 1026.5 1002.39 1053.49 1114.62 1059.68 1037.53 1058.05 1157.67 1117.81 968.51 995.86 1004.35
-9999 -9999 -9999 -9999 -9999 -9999 -9999 -9999 -9999 -9999 -9999 -9999 1120.35 1094.041 1141.93 1218.36 1296.6 1382.91 1439.88 1516.16 1596.62 1664.61 1718.81 1760 1830.71 1887.08 1811.6 1603.69 1458.81 1400.76 1253.11 1236.15 1300.53 1405.22 1494.18 1543.81 1613.33 1734.65 1852.39 1946.21 1874.6 1755.48 1628.68 1495.22 1526.33 1423.48 1334.12 1244.37 1301.06 1378.3 1278.62 1279.27 1347.76 1413.7 1473.07 1455.81 1322.69 1172.55 1029.79 894.55 887.12 921.03 902.1 970.05 1079.23 1110.56 1083.32 952.93 843.09 883.71
-9999 -9999 -9999 -9999 -9999 -9999 -9999 -9999 -9999 -9999 -9999 -9999 1084.949 1167.13 1194.88 1276.61 1349.89 1395.43 1446.87 1480.65 1565.99 1658.1 1752.88 1849.1 1904.88 1806.19 1594.09 1416.54 1279.6 1227.33 1174.74 1269.21 1373.59 1491.6 1583.76 1605.23 1642.16 1728.63 1824.3 1919.54 1847.14 1708.76 1581.74 1500.52 1461.02 1440.49 1372.2 1226.08 1115.07 1132.83 1115.66 1100.45 1180.02 1264.47 1256.69 1342.21 1258.07 1191.62 1032.84 873.82 748.54 784.14 871.36 1002.78 1056.88 1031.27 1079.21 1001.69 812.5 736.05
-9999 -9999 -9999 -9999 -9999 -9999 -9999 -9999 -9999 -9999 -9999 996.1 1035.854 1139.49 1225.22 1262.76 1328.78 1400 1486.23 1557.2 1603.29 1680.51 1769.11 1867.17 1950.49 1793.62 1542.95 1372.18 1254.93 1127.87 1197.07 1293.19 1389.6 1491.21 1499.1 1512.1 1596.38 1721.62 1840.87 1900.58 1876.6 1758.41 1643.88 1626.33 1585.26 1609.19 1508.75 1286.17 1117.9 1058.2 993.78 910.81 971.75 1110.02 1083.58 1155.41 1097.04 1020.75 949.77 914.04 836.8 711.02 770 879.34 939.43 932.74 969.42 945.48 820.29 701.67
-9999 -9999 -9999 -9999 -9999 -9999 -9999 -9999 -9999 -9999 -9999 989.7692 1007.216 1084.72 1179.55 1254.63 1336.94 1408.61 1459.5 1556.88 1625.8 1671.76 1758.52 1857.96 1927.54 1847.12 1694.09 1474.48 1251.95 1105.87 1195.61 1298.68 1346.31 1371.76 1455.71 1568.97 1664.02 1765.65 1867.99 1952.63 1936.16 1863.71 1775.73 1768.19 1735.09 1669.59 1502.75 1346.23 1343.74 1245.04 1108.7 992.93 835.14 899.2 913.09 951.28 945.5 846.06 853.52 924.26 908.71 766.58 655.64 737.42 820.34 817.12 885.39 796.77 731.63 685.92
-9999 -9999 -9999 -9999 -9999 -9999 -9999 -9999 -9999 -9999 -9999 -9999 1027.1 1042.87 1119.97 1200.21 1282.91 1392.65 1466.51 1510.09 1564.05 1641.43 1688.36 1766.6 1809.85 1665.13 1505.29 1343.31 1246.98 1122.29 1126.77 1190.63 1217.11 1324.43 1407.75 1522.39 1660.55 1801.09 1927.73 1991.94 1990.98 1963.23 1942.56 1919.13 1819.2 1668.91 1546.43 1559.22 1410.38 1249.86 1091.82 957.48 840.4 793.6 753.8 749.29 755.01 724.37 716.57 743.47 742.84 715.32 612.31 637.36 686.63 718.37 762.26 662.56 648.87 567.11
-9999 -9999 -9999 -9999 -9999 -9999 -9999 -9999 -9999 -9999 -9999 -9999 1063.429 1033.031 1077.99 1145.49 1226.46 1323.98 1375.42 1400.86 1472.09 1548.51 1601.06 1708.07 1784.66 1680.42 1553.72 1448.97 1335.64 1151.49 1049.49 1114.7 1218.79 1357.12 1487.3 1634.63 1746.06 1864.63 1928.3 1998.46 2065.21 2051.4 2022.12 1907.41 1801.36 1703.98 1592.48 1487.57 1312.3 1118.71 1036.35 1024.1 1008.82 948.13 826.66 873.13 820.15 801.81 796.36 708.76 674.89 660.02 722.88 704.58 624.61 636.1 656.86 591.44 550.06 556.52
-9999 -9999 -9999 -9999 -9999 -9999 -9999 -9999 -9999 -9999 -9999 -9999 -9999 983.5 1000.53 1052.35 1148.774 1255.92 1254.322 1304.234 1387.63 1446.72 1517.85 1616.49 1689.71 1587.88 1435.28 1279.96 1146.7 1069.43 1050.35 1171.62 1299.2 1422.39 1486.03 1576.23 1683.1 1786.4 1908.94 2006.93 2085.19 2060.28 1991.83 1880.26 1753.03 1618.91 1459.86 1321.48 1243.28 1222.87 1262.64 1212.78 1096.73 956.24 957.28 1023.3 1063.74 1014.31 1007.34 915.18 877.74 911.58 949.54 868.48 723.89 593.85 566.51 584.88 631.7 703.1212
-9999 -9999 -9999 -9999 -9999 -9999 -9999 -9999 -9999 -9999 -9999 -9999 -9999 -9999 938.871 979.18 1071.054 -9999 -9999 1230.538 1258.011 1292.44 1376.37 1512.07 1576.12 1528.34 1399.54 1249.1 1092.46 1001.61 1130.86 1202.14 1288.71 1372.32 1476.78 1586.5 1708.15 1838.32 1944.23 2011.16 2091.16 2102.09 2006.41 1869.62 1685.22 1538.73 1430.49 1377.66 1394.69 1464.25 1404.9 1291.69 1176.7 1147.76 1135.09 1234.59 1243.45 1176.71 1131.17 1075.19 1035.25 1004.38 962.58 889.89 753.62 631.48 632.88 750.25 787.9767 745.6957
-9999 -9999 -9999 -9999 -9999 -9999 -9999 -9999 -9999 -9999 -9999 -9999 -9999 -9999 870.6667 926.77 1013.441 -9999 -9999 -9999 1172.292 1266.24 1384.31 1440.35 1383.18 1306 1311.43 1194.06 1025.2 986.43 1112.76 1254.39 1394.95 1483.64 1545.82 1645.01 1733.84 1836.04 1940.96 2015.79 2045.61 2029.27 2011.45 1893.61 1753.84 1635.34 1547.77 1494.92 1554.74 1566.13 1444.72 1337.48 1350.99 1372.21 1313.13 1321.25 1194.17 1074.51 1041.94 1004.45 985.32 917.6 900.47 875.66 814.97 798.02 792.35 809.1772 802.5 -9999
-9999 -9999 -9999 -9999 -9999 -9999 -9999 -9999 -9999 -9999 -9999 -9999 -9999 -9999 831 893.4 965.5 -9999 -9999 -9999 1218.837 1292.66 1269.36 1201.5 1161.59 1103.82 1125.04 1136.85 1005.11 984.9 1093.14 1235.75 1372.22 1424 1516.77 1633.37 1749.1 1814.49 1855.25 1896.22 1921.56 1966.17 2017.97 1941.12 1840.34 1732.51 1724.23 1665.83 1640.43 1564.43 1472.78 1427.2 1378.65 1307.62 1262.22 1203.29 1128.63 1016.31 940.86 929.58 882.89 855.14 833.76 790.92 762.39 774.08 771.98 737.0909 -9999 -9999
-9999 -9999 -9999 -9999 -9999 -9999 -9999 -9999 -9999 -9999 -9999 -9999 -9999 -9999 -9999 -9999 -9999 -9999 -9999 -9999 1226.5 1275.05 1237.71 1085.7 981.88 935.88 977.25 1066.01 1006.19 921.69 1041.75 1199.35 1273.87 1345.49 1478.93 1610.65 1677.56 1668.97 1744.68 1801.14 1885.88 2035.02 1959.95 1884.97 1834.09 1807.17 1764.65 1727.26 1616.26 1503.21 1407.14 1343.54 1299.69 1247.05 1158.87 1115.71 1044.41 963.11 882.8 838.16 798.46 752.8 762.5 670.16 670.13 696.1 732.5555 -9999 -9999 -9999
-9999 -9999 -9999 -9999 -9999 -9999 -9999 -9999 -9999 -9999 -9999 -9999 -9999 -9999 -9999 -9999 -9999 -9999 -9999 -9999 1195.103 1240.57 1175.07 1042.52 929.32 855.19 845.97 866.31 850.75 917.54 1027.43 1142.68 1276.59 1376.75 1442 1499.98 1575.78 1708.79 1842.75 1913.27 1970.56 2010.67 1897.42 1761 1701.81 1680.03 1674.07 1702.75 1627.21 1544.37 1467.93 1357.59 1230.16 1124.3 1067.96 1012.17 949.11 874.14 810.26 756.59 697.36 645.99 623.9 596.48 571.99 595.3438 666 -9999 -9999 -9999
-9999 -9999 -9999 -9999 -9999 -9999 -9999 -9999 -9999 -9999 -9999 -9999 -9999 -9999 -9999 -9999 -9999 -9999 -9999 -9999 -9999 1167.947 1183.03 1031.77 883.41 782.87 863.52 944.7 948.15 906.55 993.23 1092.05 1175.91 1287.94 1390.2 1529.31 1672.29 1780.61 1849.06 1914.08 1990.96 1908.97 1838.61 1764.71 1676.77 1565.46 1565.3 1551.07 1508.93 1473.97 1431.88 1356.05 1246.08 1173.75 1101.79 1001.9 886.64 804.89 743.95 700.18 670.73 681.59 660.04 696.52 666.125 558.25 -9999 -9999 -9999 -9999
-9999 -9999 -9999 -9999 -9999 -9999 -9999 -9999 -9999 -9999 -9999 -9999 -9999 -9999 -9999 -9999 -9999 -9999 -9999 -9999 -9999 1138.966 1085.32 975.19 848.96 759.99 857.93 997.66 1089.29 1082.64 1090.19 1184.81 1299.78 1390.36 1516.53 1632.4 1722.74 1788.44 1851.63 1918.65 1970.15 1890.1 1777.33 1684.05 1608.06 1528.94 1446.26 1363.35 1370.26 1384.89 1359.36 1292.91 1212.97 1107.79 1064.54 1003.53 916.9 851.92 827.84 822.64 818.43 794.9268 797.8276 805.4445 -9999 -9999 -9999 -9999 -9999 -9999
-9999 -9999 -9999 -9999 -9999 -9999 -9999 -9999 -9999 -9999 -9999 -9999 -9999 -9999 -9999 -9999 -9999 -9999 -9999 -9999 -9999 -9999 872.0541 809.79 768.13 786.22 872.68 966.9 1092.95 1210.44 1306.39 1324.92 1351.68 1437.25 1510.53 1637.29 1713.98 1789.5 1875.68 1951.04 1935.59 1906.77 1847.57 1744.91 1648.02 1528.46 1411.1 1344.81 1224.74 1214.72 1260.58 1201.9 1173.29 1162.62 1155.98 1041.37 974.8 973.2 946.25 894.8929 875.2857 -9999 -9999 -9999 -9999 -9999 -9999 -9999 -9999 -9999
-9999 -9999 -9999 -9999 -9999 -9999 -9999 -9999 -9999 -9999 -9999 -9999 -9999 -9999 -9999 -9999 -9999 -9999 -9999 -9999 -9999 -9999 793.6667 831.67 882.2 922.56 947.11 979.48 1070.29 1204.7 1366.09 1503.87 1562.23 1606.91 1645.48 1705.86 1762.41 1839.47 1875.14 1826.96 1825.31 1819.94 1787.71 1786.32 1672.66 1555.33 1437.01 1313.05 1216.44 1090.72 1091 1097.45 1061.11 1101.52 1102.05 1066.695 -9999 -9999 -9999 -9999 -9999 -9999 -9999 -9999 -9999 -9999 -9999 -9999 -9999 -9999
-9999 -9999 -9999 -9999 -9999 -9999 -9999 -9999 -9999 -9999 -9999 -9999 -9999 -9999 -9999 -9999 -9999 -9999 -9999 -9999 -9999 884.2558 958.5408 1075.63 1113.43 1141.49 1116.88 1150.74 1200.72 1288.44 1423.42 1582.96 1705.64 1785.86 1825.78 1848.25 1882.24 1849.76 1823.11 1759.39 1740.23 1745.07 1700.19 1751.98 1749.98 1637.04 1497.81 1330.64 1211.68 1104.75 965.83 918.88 928.73 1008.97 982.54 935.6744 -9999 -9999 -9999 -9999 -9999 -9999 -9999 -9999 -9999 -9999 -9999 -9999 -9999 -9999
-9999 -9999 -9999 -9999 -9999 -9999 -9999 -9999 -9999 -9999 -9999 -9999 -9999 -9999 -9999 -9999 -9999 -9999 -9999 -9999 -9999 999.4865 1088.15 1209.22 1331.41 1384.91 1404.51 1389.35 1426.78 1460.77 1538.75 1617.46 1754.16 1879.25 1959.13 1947.51 1870.81 1749.56 1753.56 1725.7 1671.61 1661.63 1645.14 1676.03 1678.34 1712.64 1613.38 1470.54 1344.41 1211.04 1076.99 963.11 850.59 874.58 859 844.4762 -9999 -9999 -9999 -9999 -9999 -9999 -9999 -9999 -9999 -9999 -9999 -9999 -9999 -9999
-9999 -9999 -9999 -9999 -9999 -9999 -9999 -9999 -9999 -9999 -9999 -9999 -9999 -9999 -9999 -9999 -9999 -9999 -9999 -9999 -9999 1042.148 1116.75 1208.19 1304.96 1419.18 1522.1 1562.39 1564.49 1532.5 1555.91 1682.46 1795.34 1885.79 1873.66 1808.64 1711.96 1646.56 1622.65 1630.29 1572.47 1544.53 1568.13 1568.16 1627.65 1713.57 1673.97 1509.29 1384.24 1303.26 1194.46 1088.61 968.53 836.3146 765.4375 -9999 -9999 -9999 -9999 -9999 -9999 -9999 -9999 -9999 -9999 -9999 -9999 -9999 -9999 -9999
-9999 -9999 -9999 -9999 -9999 -9999 -9999 -9999 -9999 -9999 -9999 -9999 -9999 -9999 -9999 -9999 -9999 -9999 -9999 -9999 -9999 1046.05 1132.94 1259.44 1338.71 1419.9 1484.51 1467.35 1439.38 1417.7 1517.8 1634.31 1738.06 1803.45 1800.33 1763.87 1682.91 1603.37 1533.97 1534.91 1493.08 1449.71 1503.78 1494.67 1554.13 1613.49 1651.56 1602.69 1500.25 1404.61 1253.58 1159.56 1111.32 1050.25 1049.667 -9999 -9999 -9999 -9999 -9999 -9999 -9999 -9999 -9999 -9999 -9999 -9999 -9999 -9999 -9999
-9999 -9999 -9999 -9999 -9999 -9999 -9999 -9999 -9999 -9999 -9999 -9999 -9999 -9999 -9999 -9999 -9999 -9999 -9999 -9999 -9999 1204.634 1178.76 1268.27 1370.21 1348.61 1361.11 1294.96 1294.09 1386.11 1524.4 1614.03 1706.2 1746.42 1708.83 1660 1608.37 1554.08 1514.63 1463.6 1445.22 1402.51 1413.2 1431.62 1454.12 1533.99 1577.44 1625.04 1588.07 1495.64 1415.27 1339.92 1206.81 1099.24 1039.885 -9999 -9999 -9999 -9999 -9999 -9999 -9999 -9999 -9999 -9999 -9999 -9999 -9999 -9999 -9999
-9999 -9999 -9999 -9999 -9999 -9999 -9999 -9999 -9999 -9999 -9999 -9999 -9999 -9999 -9999 -9999 -9999 -9999 -9999 -9999 1311.333 1374.691 1353.68 1377.37 1358.91 1254.66 1215.05 1212.11 1292.32 1404.9 1483.26 1561.4 1695.13 1752.52 1668.23 1596.91 1568.72 1553.34 1577.62 1546.09 1486.02 1405.11 1385.4 1385.51 1429.05 1476.58 1486.43 1536.09 1562.41 1545.08 1490.4 1419.1 1275.12 1138.09 1043.403 -9999 -9999 -9999 -9999 -9999 -9999 -9999 -9999 -9999 -9999 -9999 -9999 -9999 -9999 -9999
-9999 -9999 -9999 -9999 -9999 -9999 -9999 -9999 -9999 -9999 -9999 -9999 -9999 -9999 -9999 -9999 -9999 -9999 -9999 -9999 -9999 1427.571 1405.63 1351.25 1257.15 1169.98 1109.42 1204.35 1330.05 1458.82 1532.33 1618.91 1683.87 1692.66 1713.76 1700.35 1689.87 1681.78 1662.5 1607.2 1551.79 1456.25 1421.62 1369.61 1373.37 1395.79 1394.03 1434.85 1457.4 1416.82 1406.03 1373.13 1234.1 1108.15 1061.259 -9999 -9999 -9999 -9999 -9999 -9999 -9999 -9999 -9999 -9999 -9999 -9999 -9999 -9999 -9999
