ABM/maxent_435500.txt
ncols         435
nrows         500
xllcorner     108.56185392851
yllcorner     27.750063881946
cellsize      0.00057886901600001
NODATA_value  -9999
[rows 130 to 155 of 500, columns 116 to 173 of 435]
0.002448617 0.002439345 0.002699998 0.002963025 0.003328322 0.003601277 0.003937177 0.00431681 0.004671115 0.005021173 0.005511995 0.005948697 0.006175295 0.00663133 0.007232273 0.01021786 0.01511163 0.02137752 0.0327519 0.04677372 0.0632182 0.08147512 0.09845813 0.1057424 0.1141348 0.125486 0.133595 0.1431932 0.15679 0.1622688 0.1653962 0.1720555 0.1777287 0.1837225 0.1888818 0.183815 0.1792977 0.1749225 0.1718033 0.1761342 0.175916 0.1725298 0.1644672 0.1571655 0.1628058 0.1598812 0.164851 0.1720485 0.1611103 0.1592495 0.163432 0.161543 0.1665758 0.1810783 0.2059905 0.237214 0.2813535 0.311855
0.002169355 0.002313402 0.002382738 0.002558687 0.002782695 0.002984198 0.003289578 0.003532425 0.003829108 0.004062342 0.00421229 0.004417993 0.00452959 0.004624725 0.005207035 0.007943415 0.01207063 0.0176812 0.02563412 0.0375078 0.05526295 0.0682432 0.07248605 0.07710475 0.08136912 0.09437828 0.106688 0.1191937 0.1313835 0.1473712 0.1580285 0.159647 0.167064 0.1707627 0.1724437 0.1765347 0.1754577 0.1748962 0.167649 0.1645277 0.165035 0.1581388 0.1524217 0.1550398 0.1609075 0.147926 0.1541837 0.1609382 0.1572488 0.159988 0.1634642 0.1576145 0.1737663 0.218406 0.2198272 0.2975388 0.3537035 0.3811605
0.002136962 0.002192295 0.00228771 0.002193935 0.002300262 0.00250183 0.002675215 0.002998473 0.003261053 0.003400435 0.00327248 0.003310235 0.003401418 0.003452983 0.00401329 0.00628703 0.009386357 0.01335048 0.01997722 0.0302128 0.04812657 0.07024655 0.068957 0.06411912 0.06370123 0.07079025 0.08225995 0.09709437 0.1121358 0.1199483 0.1395015 0.145601 0.155691 0.1638222 0.168232 0.167883 0.1713928 0.171429 0.1703818 0.1694818 0.1591985 0.1522707 0.147748 0.1498925 0.1510695 0.1574228 0.152522 0.1550075 0.1506485 0.1488505 0.1675528 0.2037143 0.2192667 0.2595752 0.3224173 0.3333443 0.449477 0.494281
0.00215289 0.0022095 0.002162813 0.002065315 0.002106728 0.002277127 0.00240706 0.00254175 0.002547735 0.00270991 0.002949343 0.002952255 0.002893555 0.002942408 0.003303865 0.005228625 0.008249338 0.01218705 0.0187973 0.02845418 0.0434635 0.0654706 0.0672433 0.0636311 0.05993753 0.06062362 0.06299775 0.0737883 0.09017217 0.1045584 0.1262932 0.1395365 0.1499183 0.1590012 0.1678388 0.1704413 0.1689035 0.1661963 0.1653553 0.155965 0.151381 0.1469887 0.148703 0.1517535 0.1436978 0.14482 0.1515988 0.1488017 0.1497633 0.1786118 0.2168152 0.2673375 0.320601 0.3665187 0.4279932 0.4584798 0.6118765 0.6596295
0.002202885 0.002265055 0.002219527 0.002129657 0.002112852 0.002175143 0.00222489 0.002300963 0.002400972 0.002484737 0.00262129 0.002749813 0.002759995 0.002889412 0.003270728 0.004981468 0.007919667 0.01271703 0.02012542 0.0307702 0.047759 0.06590353 0.06449135 0.06114608 0.06070815 0.0616461 0.06056482 0.06377687 0.0755894 0.08915305 0.1089257 0.134764 0.1518863 0.1581587 0.169875 0.1761903 0.180326 0.1665473 0.1598685 0.1561982 0.151736 0.1487782 0.151978 0.1493605 0.1443253 0.1458067 0.1494678 0.1619442 0.1958213 0.2301522 0.2808315 0.3257887 0.389376 0.4540268 0.5236002 0.6156362 0.660406 0.763342
0.002165522 0.00224882 0.002259732 0.00216423 0.00211997 0.002196257 0.002261567 0.002289762 0.002358483 0.00241953 0.00246352 0.002550212 0.002669798 0.002776762 0.00313488 0.005009943 0.008353188 0.0130329 0.02083105 0.0331431 0.05209943 0.06521358 0.0644738 0.0621659 0.06106605 0.06336372 0.06138777 0.05979975 0.066588 0.08241468 0.0978019 0.1231352 0.1440158 0.1604628 0.177272 0.1845233 0.182853 0.1673843 0.1712137 0.1583565 0.1522375 0.1515377 0.1495868 0.1458948 0.1481753 0.1522655 0.1650015 0.199537 0.2483535 0.2913 0.3440845 0.404796 0.498542 0.5696718 0.6354102 0.7123742 0.8072518 0.8540487
0.002267417 0.002354433 0.002340927 0.00221021 0.002120605 0.002072255 0.002084563 0.002230227 0.002386535 0.002357478 0.00238167 0.002450072 0.00251498 0.002651968 0.003011853 0.00478076 0.007970709 0.0131368 0.02147592 0.03607728 0.05894152 0.06563967 0.06378858 0.06253278 0.06203843 0.0612634 0.06031282 0.05844903 0.0579696 0.06931718 0.09217712 0.116168 0.1353112 0.1576257 0.1829625 0.1879715 0.1781062 0.1782607 0.1762737 0.1570513 0.155753 0.152654 0.1505457 0.1521398 0.1524025 0.1659235 0.200076 0.2400133 0.2924877 0.3637395 0.418586 0.5056303 0.6029092 0.6547812 0.7272725 0.8086103 0.870472 0.9043445
0.002416658 0.002526453 0.002431093 0.002420118 0.002399093 0.002236107 0.002164098 0.00212967 0.002104225 0.002203478 0.00240416 0.002423708 0.00244696 0.0025963 0.002980622 0.004767332 0.00790971 0.01307127 0.02215882 0.0375602 0.05909353 0.0639275 0.06274223 0.06220073 0.06248977 0.0600545 0.05977618 0.06092338 0.05840135 0.05702553 0.08271785 0.1108558 0.1356498 0.1618038 0.180729 0.1862835 0.179627 0.1857545 0.1808763 0.1629708 0.1603798 0.1592197 0.157319 0.1579468 0.1673338 0.2042142 0.2478707 0.3024175 0.3737273 0.451681 0.5257853 0.607222 0.6827192 0.7467297 0.8145225 0.8670912 0.9192228 0.938621
0.002622752 0.002588202 0.002470207 0.002310392 0.00217784 0.002131895 0.002202535 0.00220268 0.002088052 0.00204252 0.002161423 0.002272992 0.00239147 0.002468638 0.002837965 0.004909673 0.007827575 0.01309612 0.02285128 0.03880575 0.0603964 0.0642325 0.06472755 0.06239362 0.06310615 0.061852 0.05949187 0.06010575 0.06000137 0.05769303 0.06965552 0.09523355 0.1270792 0.1557897 0.1749513 0.1847633 0.180016 0.1783417 0.1897075 0.1717027 0.1654333 0.1649965 0.1597973 0.167244 0.1995117 0.2446803 0.297046 0.365408 0.4350598 0.5265648 0.6228952 0.6817797 0.7701032 0.8293113 0.8739473 0.9080985 0.9381905 0.9545525
0.002703615 0.002531935 0.002488042 0.002449095 0.002226115 0.002180125 0.002194525 0.002148042 0.002094093 0.002045403 0.002040575 0.002067093 0.002152333 0.002284243 0.00274971 0.005033228 0.008540153 0.01417192 0.02380783 0.04163155 0.06459157 0.06454255 0.06620485 0.06377283 0.06551357 0.0656776 0.0609851 0.06108987 0.05942195 0.05730225 0.06521358 0.08986767 0.1176812 0.1428548 0.165921 0.1852085 0.1813425 0.1842545 0.1838423 0.173653 0.170184 0.1678578 0.1677613 0.1925515 0.2436925 0.3020445 0.3641435 0.4358255 0.52331 0.6060675 0.7013212 0.786356 0.8574437 0.8931547 0.9261658 0.9423905 0.9669222 0.9771672
0.0026843 0.002623287 0.00252756 0.002572967 0.00237679 0.002207003 0.00217601 0.002083233 0.002030705 0.00201391 0.001968635 0.002017817 0.002149662 0.0021278 0.002484792 0.00449856 0.008137427 0.01436395 0.02536087 0.04400447 0.06076667 0.06220308 0.06254163 0.06173228 0.06217178 0.0648925 0.06293535 0.06330673 0.06519622 0.06318267 0.0619045 0.0757115 0.1067144 0.1298507 0.1558135 0.1745148 0.1736798 0.1829242 0.1705015 0.1702242 0.1675223 0.1674398 0.1667947 0.2268655 0.2884378 0.3528762 0.4240192 0.4979255 0.5912812 0.6654825 0.7452785 0.8180907 0.866982 0.9075175 0.9346485 0.9511123 0.9699857 0.9814337
0.002628098 0.002635275 0.00268489 0.002557938 0.002428127 0.002278628 0.002200502 0.002155453 0.002060642 0.0020139 0.001974148 0.00194466 0.002010985 0.002178555 0.00246299 0.004141837 0.007678443 0.01416687 0.02518295 0.04388945 0.0578601 0.05908043 0.06105943 0.06042767 0.06086982 0.06232122 0.06007443 0.05958818 0.0583433 0.0566847 0.05696753 0.06057205 0.07871225 0.1041367 0.1308873 0.151554 0.1570407 0.1678877 0.162004 0.1624573 0.1546813 0.1576113 0.173616 0.2507965 0.328104 0.4178078 0.4990923 0.5515365 0.6457753 0.7057803 0.7704757 0.8137235 0.848703 0.8881675 0.9142963 0.9457195 0.9612582 0.9652565
0.002618535 0.00262189 0.002708935 0.002539255 0.00240053 0.00237071 0.00236256 0.002254775 0.002216705 0.002052915 0.001969737 0.001932738 0.001892837 0.001869097 0.002201085 0.00392746 0.007648293 0.01386955 0.02482928 0.04632948 0.05580503 0.0561082 0.05774198 0.05959937 0.06229308 0.0627999 0.05843423 0.05966305 0.05839442 0.0586034 0.05785567 0.0586844 0.05898558 0.07654008 0.09767025 0.1177338 0.1311195 0.136254 0.1400775 0.1516888 0.1465988 0.154517 0.1831135 0.2763425 0.3506495 0.4329512 0.5337605 0.606406 0.677433 0.7271652 0.7585232 0.8046435 0.8220338 0.846216 0.8838093 0.9038593 0.913226 0.9293138
0.0025935 0.002561467 0.002633397 0.00263354 0.002511498 0.002408702 0.002310735 0.002250375 0.002226768 0.002156762 0.002001825 0.001945005 0.001892657 0.00185417 0.002132538 0.003715382 0.007285098 0.01412215 0.02548572 0.04798923 0.05661288 0.05524985 0.05393182 0.05531478 0.0591236 0.06379032 0.05812303 0.0607179 0.06050013 0.05608505 0.05587558 0.05693855 0.05703185 0.0562919 0.06829675 0.08557872 0.09953205 0.1083929 0.118371 0.128116 0.1316925 0.1644115 0.2050825 0.2924875 0.3692762 0.4288147 0.5200955 0.6145087 0.6613573 0.6744378 0.6888235 0.729688 0.7064332 0.7707685 0.8097768 0.7913333 0.8261613 0.8348663
0.00265209 0.002597385 0.002534817 0.002525588 0.00242471 0.002312857 0.002401015 0.002278123 0.002165745 0.002129575 0.002039988 0.001992288 0.001905898 0.001878668 0.002172557 0.003681023 0.006764262 0.01370827 0.0245134 0.04353035 0.05184637 0.0561206 0.05514795 0.05612328 0.0564464 0.05694197 0.05628892 0.05834857 0.06027672 0.05802118 0.05770538 0.05982095 0.06131827 0.05792952 0.05520665 0.06276517 0.07025877 0.0765839 0.08507887 0.09318173 0.1064491 0.142718 0.1891408 0.2851445 0.365605 0.4319555 0.4856768 0.5560527 0.594713 0.5974557 0.6174523 0.6444592 0.6607125 0.5933822 0.6624413 0.7075445 0.7148702 0.7779188
0.002694685 0.00270046 0.00257369 0.002557873 0.002423628 0.00245789 0.002499388 0.00236526 0.002266272 0.002141625 0.002097253 0.002048193 0.001950355 0.001883865 0.002199847 0.003774883 0.006814647 0.0134311 0.02489157 0.04198155 0.04472402 0.0470192 0.0505182 0.05574502 0.0550182 0.0537782 0.05490915 0.05634323 0.0581453 0.05835265 0.05655785 0.05527685 0.05358338 0.05384055 0.05298543 0.05777122 0.05438267 0.05757803 0.0647106 0.0740708 0.0994998 0.1359123 0.1745512 0.2638845 0.346688 0.4250098 0.4550647 0.4852845 0.5288128 0.5639805 0.6072695 0.6573322 0.7138015 0.7574233 0.7984797 0.8246075 0.86666 0.855028
0.002853835 0.002777885 0.002592598 0.002515317 0.00243548 0.002552947 0.002383768 0.002377857 0.002249055 0.002136122 0.00212301 0.002045652 0.001953008 0.001882558 0.00218714 0.004163447 0.007280258 0.0134621 0.0247363 0.03954718 0.04223365 0.04484885 0.04904927 0.0497552 0.05220147 0.05253975 0.05338033 0.05649098 0.05773995 0.05741262 0.05621005 0.05542557 0.05547345 0.05606865 0.05504765 0.055139 0.05201053 0.0511424 0.05118512 0.06215923 0.08760235 0.119235 0.154633 0.2383775 0.31864 0.3902082 0.4384705 0.4876543 0.524503 0.5756235 0.6338315 0.6933153 0.7535592 0.8059005 0.8332192 0.8632485 0.887834 0.905732
0.002899617 0.00278487 0.002736775 0.002640945 0.002524685 0.00265616 0.002444363 0.002340405 0.002227595 0.002245937 0.002167945 0.002099463 0.00209764 0.001996072 0.002278283 0.00411853 0.007722045 0.01348788 0.02488777 0.04005422 0.04006848 0.04202315 0.04368303 0.04579623 0.04781412 0.05257757 0.05141282 0.05283575 0.05414875 0.05325112 0.052649 0.0539869 0.05561902 0.05455798 0.05269155 0.05035973 0.05110722 0.05135958 0.05217185 0.0614301 0.08199167 0.1076066 0.1425595 0.2264982 0.3168187 0.3884962 0.439469 0.4882998 0.5535237 0.613023 0.652302 0.6919612 0.74372 0.7977722 0.8363572 0.8567275 0.8799323 0.8949485
0.00295041 0.002742505 0.00267881 0.00269061 0.002568695 0.00255321 0.002476395 0.002382597 0.002256145 0.002276465 0.002139755 0.00217576 0.00212011 0.00195935 0.002189968 0.003878318 0.007345848 0.01385378 0.02477178 0.0389998 0.03837515 0.03810348 0.04047098 0.04275183 0.04411545 0.04820393 0.05102823 0.0528943 0.0535073 0.05006375 0.04932865 0.05011377 0.0501548 0.04956847 0.0499356 0.05036438 0.0514976 0.04931435 0.0492006 0.05807023 0.0795452 0.1033983 0.1283815 0.2119363 0.2728633 0.3416345 0.4127592 0.464737 0.514928 0.5446863 0.5742353 0.6340545 0.6914377 0.7367858 0.7841142 0.8082122 0.827258 0.8456635
0.002874407 0.002757523 0.002779722 0.00265136 0.002581335 0.002540122 0.002503565 0.002456573 0.002271617 0.00230148 0.00222809 0.002147465 0.001985623 0.001904803 0.002155505 0.003877457 0.007272502 0.0145061 0.026724 0.03928072 0.03791878 0.0364776 0.03675377 0.03893837 0.04159635 0.04376275 0.04596417 0.04570275 0.04608827 0.04611908 0.04670792 0.04755992 0.0487646 0.04925898 0.04820802 0.04800908 0.0488834 0.04999315 0.05039082 0.0589487 0.07740812 0.09723878 0.1155348 0.1677773 0.2309505 0.3002772 0.377209 0.4176015 0.456968 0.4776508 0.5141955 0.574262 0.6378338 0.662088 0.7130682 0.7612925 0.780922 0.787796
0.002841977 0.002721345 0.002761875 0.002667977 0.002488867 0.002622027 0.002575472 0.002386118 0.002314913 0.002335962 0.002231415 0.002066657 0.00198221 0.001909608 0.002136823 0.003805822 0.00697444 0.01343372 0.02675875 0.04089138 0.039532 0.0369856 0.03480718 0.03614075 0.03713838 0.03861513 0.04129745 0.0438227 0.04453938 0.0470635 0.0480408 0.0498955 0.0482442 0.05037565 0.04954945 0.05034722 0.0456911 0.03574175 0.03308925 0.0360025 0.0571339 0.08678494 0.1061355 0.157214 0.2105367 0.2674488 0.336708 0.3686905 0.3980862 0.4393337 0.4694037 0.515494 0.5706372 0.599217 0.6379538 0.6847333 0.7381027 0.748271
0.002883992 0.0028377 0.002663937 0.00271963 0.002488297 0.00256161 0.0024819 0.002291552 0.002345525 0.002385765 0.002230302 0.002145297 0.002107 0.002056947 0.002226803 0.003761003 0.006920177 0.01302638 0.02525982 0.0412276 0.03712212 0.0345561 0.0338946 0.03500072 0.03042025 0.0260923 0.02578505 0.03690837 0.04294665 0.03395722 0.03212782 0.0344706 0.04213765 0.04840325 0.05041137 0.049642 0.03692703 0.0270013 0.03048133 0.0412076 0.05994465 0.07523605 0.09523097 0.1396433 0.1894777 0.2375995 0.2881567 0.332488 0.3602458 0.3983025 0.422983 0.4476647 0.4861507 0.5439672 0.5627972 0.6061122 0.6624113 0.6886515
0.002699587 0.002912065 0.002682122 0.00267848 0.002670903 0.00250263 0.002380007 0.00224126 0.00219376 0.002340945 0.001939942 0.001388895 0.001295415 0.001287385 0.001727722 0.004069327 0.00728966 0.01302625 0.02302375 0.03664942 0.03279128 0.03391835 0.03148682 0.02670608 0.0233924 0.02807238 0.0358468 0.03640307 0.03775952 0.0395683 0.03849 0.03541473 0.03600375 0.0463591 0.0442007 0.0316873 0.02555087 0.03782482 0.04333417 0.04365075 0.05217437 0.0643701 0.08173282 0.1177462 0.1618038 0.193523 0.2373823 0.288552 0.3204485 0.346599 0.372365 0.414735 0.4418257 0.4737113 0.490309 0.5331415 0.558995 0.600482
0.002486133 0.002790523 0.002656218 0.002566055 0.002656162 0.002525808 0.00249576 0.002369083 0.002158875 0.001830325 0.001387898 0.00168261 0.001770257 0.00150923 0.001541625 0.00305098 0.005337608 0.009872838 0.01502174 0.01935612 0.0228411 0.02786705 0.02668408 0.0223443 0.02580233 0.0310031 0.03480553 0.03708405 0.03775673 0.0380422 0.04012597 0.03889695 0.02730842 0.02631208 0.03568843 0.03394343 0.0399861 0.04425982 0.04002447 0.04111877 0.04715745 0.05602195 0.0678144 0.1032348 0.1354185 0.173311 0.2159557 0.256877 0.286406 0.308816 0.320142 0.355484 0.4043382 0.4129778 0.4471545 0.4761502 0.5099227 0.5231577
0.00242198 0.002651597 0.002686837 0.00251374 0.002492442 0.00237497 0.002302335 0.002411873 0.001819988 0.001399695 0.00166486 0.0015905 0.001520745 0.001239752 0.001044495 0.001689628 0.00377532 0.006316825 0.01235821 0.02433013 0.03271542 0.0344818 0.03060612 0.03547338 0.0336191 0.03339465 0.03217407 0.02916445 0.03092917 0.03572235 0.03576925 0.03625013 0.03676838 0.0311849 0.0236257 0.02331492 0.037975 0.04193085 0.04068828 0.03742375 0.0385251 0.0462051 0.05812755 0.08869743 0.1227078 0.1551912 0.189701 0.231112 0.2643968 0.2830052 0.2913685 0.294535 0.341187 0.36854 0.3760802 0.3815902 0.4328607 0.456425
0.00249569 0.002584435 0.002724328 0.002567695 0.002426662 0.002299525 0.002387725 0.002155382 0.00198751 0.002130818 0.001893827 0.00171973 0.00178981 0.001482392 0.001369745 0.002285818 0.004886332 0.009093615 0.015941 0.0224174 0.02137467 0.0209243 0.02030955 0.0234596 0.0250307 0.02563402 0.02917675 0.02388877 0.02482492 0.02831905 0.03323837 0.03316317 0.03493475 0.03590123 0.0317496 0.0328254 0.03866487 0.03969612 0.0405731 0.03918003 0.03761237 0.0426521 0.05279483 0.0760011 0.1021626 0.1312772 0.1525692 0.1793083 0.21104 0.2338845 0.2516415 0.2560053 0.2754237 0.295987 0.3132915 0.326069 0.354508 0.3730223
