ABM/maxent_435500.txt
ncols         435
nrows         500
xllcorner     108.56185392851
yllcorner     27.750063881946
cellsize      0.00057886901600001
NODATA_value  -9999
[rows 312 to 337 of 500, columns 58 to 115 of 435]
-9999 -9999 -9999 -9999 -9999 0.00174121 0.00171796 0.001512602 0.00143896 0.00145591 0.001488482 0.001498983 0.001572747 0.001638435 0.001544815 0.001426933 0.001357232 0.001233772 0.001237235 0.001259495 0.001277653 0.001198897 0.001173975 0.001163563 0.001066328 0.00129461 0.001694285 0.001661188 0.001665798 0.001721182 0.001864115 0.00202503 0.00212253 0.002164898 0.002457105 0.00300448 0.003419135 0.003732132 0.004218347 0.004805333 0.005188955 0.005527833 0.00624742 0.007104303 0.009763145 0.0127488 0.01403165 0.01966842 0.02381238 0.02154407 0.01660705 0.01407067 0.0156896 0.01316645 0.008942887 0.0111192 0.01127496 0.01101418
-9999 -9999 -9999 -9999 0.00162905 0.00165109 0.001586627 0.00143034 0.001413535 0.001417532 0.001459492 0.00142299 0.0013989 0.001377707 0.001377905 0.001285888 0.001199913 0.001181473 0.00119368 0.001231635 0.00130667 0.001308328 0.001305072 0.001059246 0.000824378 0.001795505 0.00186 0.001752408 0.001704703 0.001810777 0.001933438 0.00208646 0.002285385 0.002277782 0.00264677 0.002768322 0.003655012 0.004264383 0.004887385 0.005844415 0.006502592 0.007145035 0.008120468 0.00870231 0.0116049 0.01531688 0.01873748 0.02409532 0.0207283 0.02023838 0.01676572 0.01184185 0.01519212 0.0115386 0.01002928 0.01213055 0.01174433 0.01013322
-9999 -9999 -9999 -9999 0.00160268 0.001651547 0.00151311 0.001424595 0.001406787 0.001410158 0.00136894 0.001343478 0.00133477 0.001320733 0.00128486 0.00136533 0.001503992 0.001489782 0.001488907 0.001495945 0.001509567 0.001434835 0.001464447 0.001355604 0.001319077 0.001976752 0.002006045 0.001903173 0.001776485 0.001991292 0.00215039 0.00230899 0.002539658 0.002566705 0.002754795 0.00284946 0.004186302 0.004682487 0.005857063 0.00660151 0.007470088 0.008348702 0.008475825 0.00985962 0.0138855 0.0170249 0.02108552 0.02184903 0.0197736 0.0173131 0.01648855 0.01510037 0.0127232 0.01292348 0.0124876 0.01135973 0.0113328 0.009447175
-9999 -9999 -9999 -9999 0.00155321 0.00144899 0.001373885 0.001377978 0.001296537 0.00123223 0.00132365 0.001434178 0.001551695 0.001646552 0.00160387 0.00163821 0.00165571 0.001654682 0.001598872 0.001621142 0.001672445 0.001708067 0.00176634 0.00174192 0.00191482 0.002102413 0.002060028 0.002005402 0.001819848 0.002028345 0.002218075 0.002584737 0.003112515 0.00302461 0.00322943 0.003716847 0.004519333 0.005033007 0.006418208 0.0075573 0.00812784 0.009055478 0.009635835 0.0113828 0.01495422 0.01908885 0.02183063 0.020229 0.01811408 0.01607643 0.01475652 0.01368595 0.0131729 0.01220223 0.0110206 0.01012033 0.009780757 0.009364175
-9999 -9999 -9999 -9999 -9999 0.001228333 0.001212063 0.001211733 0.001191065 0.001311895 0.001523355 0.00161159 0.00178723 0.00185927 0.001872775 0.001728685 0.00179915 0.001976437 0.001774402 0.001846628 0.001685438 0.001701982 0.001733992 0.00172258 0.001908452 0.002236933 0.002119985 0.002060477 0.001884563 0.002094202 0.0024271 0.002897607 0.003525872 0.003257798 0.003760705 0.00396603 0.004635015 0.005246515 0.006401813 0.007840282 0.008956585 0.0101758 0.01090677 0.01333452 0.01784797 0.0215664 0.0204402 0.01853563 0.0173839 0.01529485 0.01371912 0.01259135 0.01182445 0.01087255 0.01012917 0.0097081 0.008591715 0.008004637
-9999 -9999 -9999 -9999 -9999 -9999 0.001304887 0.00132473 0.001365438 0.001509015 0.001654953 0.001749845 0.001875508 0.001893423 0.002017505 0.00201139 0.002007875 0.001953427 0.00189452 0.001905543 0.001990082 0.002043152 0.002017785 0.002023793 0.002133498 0.002324233 0.00221393 0.00221534 0.002039895 0.00225906 0.002642475 0.00319662 0.004302697 0.00376419 0.003698145 0.004698895 0.005047455 0.005780125 0.006745433 0.008362963 0.009982888 0.0119763 0.01272313 0.01561647 0.0207847 0.02106548 0.01952435 0.01762183 0.0160458 0.01464082 0.01288815 0.01218852 0.01140125 0.01011042 0.009585639 0.008818142 0.008367738 0.007821738
-9999 -9999 -9999 -9999 -9999 -9999 0.001512495 0.00150049 0.001629225 0.001702185 0.001696535 0.001808272 0.001877212 0.00193165 0.002160448 0.002098995 0.002033125 0.00214141 0.002110105 0.002106025 0.002152598 0.002106948 0.002104815 0.00218731 0.002349932 0.002400415 0.002320797 0.00237851 0.002498522 0.002781827 0.003471085 0.004019742 0.004637582 0.005319122 0.00510104 0.00548353 0.005405732 0.006149952 0.007231617 0.008955108 0.0103004 0.01289628 0.01610205 0.01853118 0.0215728 0.01984065 0.01879535 0.01687342 0.01502462 0.01405555 0.01271052 0.01220895 0.01110957 0.01016488 0.009266375 0.008208785 0.008034885 0.007132233
-9999 -9999 -9999 -9999 -9999 -9999 -9999 0.001740152 0.001827113 0.001817035 0.001818398 0.00211621 0.002113312 0.002270395 0.002538938 0.002398452 0.002222703 0.002242658 0.002234512 0.002252515 0.00238807 0.00226237 0.002249303 0.002389692 0.002592155 0.00260902 0.00250697 0.002453277 0.002441138 0.00265246 0.003362455 0.004214677 0.004853982 0.005454148 0.006345318 0.006254497 0.005987145 0.007159447 0.008092175 0.009856639 0.01221975 0.01524538 0.0191201 0.02143313 0.02077195 0.0186478 0.01731522 0.01672687 0.0149295 0.0127669 0.01185977 0.01098948 0.01003779 0.009409238 0.008801793 0.007998687 0.007186403 0.006307625
-9999 -9999 -9999 -9999 -9999 -9999 -9999 0.00182907 0.001834822 0.001801305 0.001926115 0.002283428 0.00231738 0.002482553 0.00244983 0.002276587 0.002251307 0.002370552 0.002531715 0.002532335 0.00254051 0.00249219 0.002358357 0.002542783 0.002814708 0.00295666 0.00263119 0.002483173 0.002651325 0.00258204 0.00305378 0.003829767 0.004550095 0.005148405 0.006157995 0.006709015 0.007482525 0.008096245 0.008401322 0.009800852 0.01274838 0.01453112 0.01743763 0.0216206 0.01953957 0.01883535 0.01720918 0.01564948 0.01402575 0.012031 0.01141652 0.009843525 0.008966567 0.00839233 0.00796176 0.0072445 0.006464432 0.00597751
-9999 -9999 -9999 -9999 -9999 -9999 -9999 0.00181938 0.001891015 0.00179894 0.001823502 0.002134555 0.002254718 0.002379447 0.002315755 0.00225157 0.002281535 0.002393038 0.002404475 0.002416563 0.00248348 0.002598035 0.002676295 0.00265179 0.002897645 0.003137257 0.003081847 0.002825865 0.002975998 0.002850007 0.003300368 0.003869465 0.00441804 0.005118695 0.005911577 0.007065045 0.006934037 0.005605097 0.00897107 0.00958657 0.01189961 0.0154532 0.01687055 0.0199156 0.0188792 0.01628648 0.01535353 0.01426417 0.01281658 0.01098915 0.01018796 0.009133595 0.008608502 0.00804158 0.007150632 0.00654879 0.00607182 0.005587002
-9999 -9999 -9999 -9999 -9999 -9999 -9999 -9999 0.001647925 0.001643672 0.00174453 0.00179903 0.00190978 0.002121062 0.002259593 0.002204068 0.002217847 0.002291115 0.002364447 0.002343192 0.002447373 0.0025225 0.002672127 0.002750345 0.0027161 0.003168867 0.00323034 0.003109515 0.002920495 0.0030849 0.00287939 0.003623965 0.003904607 0.004607372 0.00540884 0.00673705 0.007700683 0.008233164 0.009128302 0.01117135 0.01250807 0.0138496 0.01556238 0.01773677 0.01641308 0.01479425 0.0137799 0.01235387 0.01115622 0.01001296 0.009413695 0.00870405 0.007915005 0.007350733 0.00664623 0.00601271 0.005528527 0.00518568
-9999 -9999 -9999 -9999 -9999 -9999 -9999 -9999 -9999 0.00158262 0.001625597 0.001735935 0.00185558 0.001940995 0.002172427 0.00214411 0.002116205 0.002143413 0.002316152 0.002255265 0.00243372 0.00261812 0.002778888 0.002788062 0.002830638 0.003170382 0.003074385 0.002868677 0.00299346 0.00287105 0.003103598 0.003298672 0.003951658 0.005119035 0.006006188 0.006817332 0.007360607 0.008250623 0.009486343 0.01105105 0.01216478 0.01341925 0.01571525 0.01833585 0.0157664 0.01399793 0.01288095 0.01168687 0.01062805 0.009471232 0.008767495 0.00818262 0.00743554 0.007016765 0.006517258 0.00563091 0.005255465 0.005159855
-9999 -9999 -9999 -9999 -9999 -9999 -9999 -9999 -9999 -9999 0.001532335 0.001704987 0.00177187 0.001835242 0.00194628 0.00200325 0.001994685 0.001948822 0.00218063 0.00226839 0.002485675 0.002802645 0.002836538 0.00287559 0.003003672 0.003052193 0.00280721 0.00275687 0.002846755 0.0028219 0.003063498 0.00342218 0.003859702 0.004442095 0.005079935 0.006102812 0.00704455 0.008054437 0.009116262 0.01025319 0.0118204 0.01318023 0.014799 0.01641352 0.016467 0.01441563 0.01294625 0.0114679 0.0101804 0.00947223 0.009039378 0.008268005 0.007183617 0.006538185 0.00590227 0.005638515 0.005263353 0.00491385
-9999 -9999 -9999 -9999 -9999 -9999 -9999 -9999 -9999 -9999 0.001376548 0.001501495 0.001603937 0.001774115 0.001894383 0.001962727 0.001972717 0.001969553 0.00213379 0.002236365 0.002429065 0.002610622 0.002725567 0.002766585 0.002880993 0.00294445 0.00270527 0.00266539 0.002762262 0.00266961 0.002862455 0.003217523 0.003683958 0.004150453 0.004659785 0.005293415 0.00608512 0.006885795 0.008330705 0.009483765 0.0106868 0.01261875 0.0145281 0.01642155 0.01573488 0.01441635 0.0124095 0.01107802 0.01056018 0.009307482 0.008371342 0.007399202 0.00660096 0.006061843 0.005547822 0.005292848 0.00488074 0.004511627
-9999 -9999 -9999 -9999 -9999 -9999 -9999 -9999 -9999 0.00137758 0.00142872 0.001454683 0.001536875 0.001802005 0.002111515 0.00217076 0.002155358 0.002128078 0.00204026 0.00204424 0.002260302 0.002302717 0.00238968 0.002490185 0.002576373 0.0029033 0.002719233 0.002576077 0.002528105 0.002587513 0.002786452 0.00311806 0.003526493 0.003977978 0.004489478 0.004969515 0.00554803 0.00654164 0.008131272 0.008829787 0.00991907 0.01151397 0.01350422 0.01520638 0.0142014 0.01277453 0.01150833 0.009956563 0.009298912 0.009050787 0.008232447 0.00694479 0.006126505 0.005621875 0.005178655 0.004883538 0.004380522 0.004157285
-9999 -9999 -9999 -9999 -9999 -9999 -9999 -9999 -9999 0.001508095 0.001614472 0.001674428 0.001753898 0.0018293 0.00212089 0.00219423 0.0020967 0.00205679 0.00209565 0.002204205 0.002252705 0.002309373 0.0024366 0.002463863 0.002454547 0.002522867 0.002611163 0.002530162 0.00244043 0.002423875 0.002658082 0.003031442 0.003394922 0.003816218 0.004312993 0.004825788 0.005390655 0.00633829 0.007777688 0.008141913 0.009002591 0.01009868 0.01180615 0.01368137 0.01214217 0.01101225 0.009969672 0.00934879 0.009110497 0.00790767 0.007169218 0.006562155 0.006050612 0.005605303 0.005165968 0.004696988 0.00414463 0.003931985
-9999 -9999 -9999 -9999 -9999 -9999 -9999 -9999 -9999 0.001619163 0.001644447 0.001704767 0.00178447 0.00182815 0.002051177 0.002247975 0.002223818 0.002201623 0.00224525 0.002226647 0.002380352 0.002636755 0.002737305 0.002719563 0.002681225 0.002523235 0.002444955 0.002318925 0.002250503 0.002302988 0.002508583 0.002940575 0.003243122 0.003631027 0.004103357 0.004727957 0.005194312 0.006038038 0.007297288 0.00767233 0.008722117 0.009699812 0.0113094 0.01383787 0.01240323 0.0105664 0.00956974 0.009004458 0.008429402 0.007714913 0.007186978 0.006453818 0.005797828 0.005269998 0.004990708 0.004544282 0.004140615 0.004024645
-9999 -9999 -9999 -9999 -9999 -9999 -9999 -9999 0.00137287 0.001626453 0.001609502 0.001708512 0.001825177 0.00196223 0.002157982 0.002329997 0.002376107 0.002401525 0.002315532 0.002376225 0.002526883 0.002747647 0.00283656 0.002826875 0.002734333 0.002604543 0.002413462 0.002335133 0.00223496 0.002154873 0.002448285 0.0027827 0.00322685 0.003632637 0.004192167 0.004825915 0.00529877 0.005910847 0.006921995 0.007196403 0.008078182 0.00898688 0.01026752 0.01196798 0.0115267 0.009981748 0.00910075 0.00881115 0.00832874 0.007026 0.00615339 0.00563456 0.005202825 0.004824785 0.004495902 0.00400633 0.003768638 0.003744178
-9999 -9999 -9999 -9999 -9999 -9999 -9999 -9999 0.00134694 0.001506972 0.001604963 0.001715235 0.001838165 0.001966525 0.002221453 0.00237442 0.00248248 0.002427195 0.00255445 0.002423418 0.002568025 0.002794885 0.002665205 0.002537668 0.002422005 0.002379935 0.002401875 0.002318993 0.002270995 0.002091887 0.002577775 0.002829375 0.003199882 0.00354635 0.00393315 0.004706715 0.005289015 0.005927072 0.006552647 0.007211987 0.008021375 0.008970561 0.00980243 0.01102868 0.01106495 0.009647425 0.00884922 0.008723662 0.00749272 0.006291885 0.005740715 0.005275263 0.004738185 0.004340047 0.004054995 0.003689528 0.0035648 0.00332744
-9999 -9999 -9999 -9999 -9999 -9999 -9999 -9999 0.00136118 0.001428197 0.00156428 0.001689067 0.001844313 0.002013298 0.0022214 0.002340405 0.002453065 0.002368585 0.00252894 0.00260184 0.00263321 0.002558997 0.002489132 0.002359573 0.002257185 0.002216795 0.002144413 0.002059543 0.00191865 0.00194666 0.002258655 0.00258717 0.00298363 0.003446368 0.003905798 0.00420757 0.004689845 0.005409975 0.00607496 0.00673852 0.007315112 0.00810072 0.00911513 0.01076093 0.01081755 0.009199175 0.008331778 0.007851715 0.006566908 0.00585778 0.005409785 0.004874968 0.0043288 0.003999925 0.003695183 0.003463365 0.003329255 0.003051188
-9999 -9999 -9999 -9999 -9999 -9999 -9999 -9999 0.00155448 0.001485538 0.001597467 0.00172733 0.001926637 0.002158115 0.002263895 0.002379538 0.002423818 0.002254708 0.00229061 0.002502315 0.00240638 0.002342582 0.002298213 0.002161185 0.00209438 0.002007677 0.001933415 0.00183584 0.00172869 0.001758145 0.001983088 0.002277242 0.002700975 0.00308521 0.003331975 0.00363994 0.004084575 0.004541913 0.005111758 0.005787757 0.006433807 0.007345818 0.008925667 0.01013392 0.009492643 0.008521227 0.00794207 0.007074058 0.006533733 0.006065835 0.00558797 0.004848405 0.004235853 0.003955382 0.00366704 0.003419813 0.003024253 0.00264044
-9999 -9999 -9999 -9999 -9999 -9999 -9999 -9999 -9999 0.001645865 0.00164682 0.001651587 0.001825997 0.00206861 0.002147185 0.00235364 0.00220182 0.00214011 0.002148885 0.0023664 0.002334612 0.002158012 0.002130485 0.00203033 0.002026442 0.00195416 0.00183061 0.001708147 0.001631745 0.001626597 0.001796567 0.002052272 0.002389645 0.002670992 0.003013005 0.003345295 0.003757577 0.004228828 0.00476892 0.005375505 0.006366627 0.007549088 0.008202442 0.00904239 0.008007335 0.008266362 0.007385625 0.00666017 0.00598112 0.005247485 0.004809115 0.004385045 0.004193135 0.003715477 0.00345372 0.002918592 0.002501015 0.00225219
-9999 -9999 -9999 -9999 -9999 -9999 -9999 -9999 0.00200246 0.001899565 0.00168854 0.001658087 0.00176408 0.001871535 0.002069012 0.002061422 0.001978107 0.001916415 0.001946723 0.002131247 0.002121045 0.002016847 0.001964265 0.001963175 0.001905408 0.001766922 0.00163947 0.001550618 0.001501185 0.001479675 0.001662818 0.001919932 0.002180212 0.00251056 0.002790147 0.003167107 0.003613965 0.004098765 0.00463281 0.005623377 0.006308192 0.007384948 0.008416163 0.00837793 0.008022285 0.007077435 0.00635376 0.005738263 0.00527158 0.004724293 0.004345047 0.003893493 0.003558763 0.003138762 0.002810842 0.002475615 0.00223087 0.002010253
-9999 -9999 -9999 -9999 -9999 -9999 0.00218302 0.002146537 0.002227275 0.001992318 0.001776727 0.00174064 0.00182922 0.001947255 0.002007855 0.002025012 0.001885063 0.001941488 0.00210022 0.002044915 0.001955805 0.001914968 0.001857465 0.001883185 0.00184517 0.001643223 0.001561273 0.001476623 0.001451845 0.001405755 0.001609465 0.001855358 0.002145465 0.00253054 0.002878935 0.003301977 0.003773155 0.004322683 0.005098245 0.00631538 0.007180167 0.008164197 0.008574765 0.007627985 0.007381123 0.006506507 0.006034715 0.005413905 0.00493556 0.004374573 0.00397555 0.003599635 0.003296685 0.003004167 0.002706335 0.002444535 0.00218285 0.001942515
-9999 -9999 -9999 -9999 -9999 0.00201392 0.002075315 0.002042895 0.00208372 0.001968973 0.001980925 0.001704375 0.001614377 0.002124087 0.002231247 0.002034675 0.001986365 0.001991848 0.001993295 0.001969953 0.001920752 0.00182886 0.001770132 0.001749565 0.001768262 0.00162957 0.001503088 0.001413835 0.001355985 0.00136645 0.001583453 0.00183927 0.002171515 0.002615705 0.002985707 0.003490475 0.004089797 0.004873408 0.005963033 0.006899163 0.00774323 0.008568928 0.008303329 0.007536265 0.00685689 0.005907925 0.005471605 0.005052147 0.004599312 0.004164533 0.003772085 0.003438203 0.003179827 0.002873253 0.00259419 0.00241267 0.00227215 0.002118193
-9999 -9999 -9999 -9999 -9999 0.00194389 0.001950828 0.002004073 0.00212999 0.002248283 0.002166615 0.002087933 0.00203005 0.002059988 0.00223755 0.002176392 0.002129752 0.001964008 0.00196654 0.00193189 0.001892338 0.0018713 0.001846815 0.001717697 0.001627575 0.001577297 0.001423808 0.00134832 0.001289238 0.001330583 0.00155725 0.001838715 0.002249222 0.00266629 0.003113547 0.003695292 0.004431747 0.005356492 0.006469313 0.007326695 0.008715432 0.00900007 0.008029938 0.006995897 0.006112393 0.00555721 0.005279732 0.004872978 0.004416432 0.003963768 0.003614095 0.003369025 0.003069525 0.00271202 0.002496645 0.002440698 0.002220188 0.002041338
