ABM/maxent_435500.txt
ncols         435
nrows         500
xllcorner     108.56185392851
yllcorner     27.750063881946
cellsize      0.00057886901600001
NODATA_value  -9999
[rows 156 to 181 of 500, columns 232 to 289 of 435]
0.0313964 0.0356494 0.03595015 0.0353282 0.0502404 0.05908427 0.06906625 0.07721573 0.0849313 0.1033862 0.1125742 0.1228828 0.1438632 0.1621663 0.1639857 0.171863 0.1779365 0.1789992 0.1961607 0.199866 0.257865 0.2763568 0.285442 0.308202 0.3077527 0.309037 0.3451005 0.3406595 0.3521312 0.3844982 0.389588 0.3796633 0.3852952 0.3945105 0.412741 0.4552405 0.4754905 0.4795885 0.4778032 0.481957 0.4914712 0.4766867 0.5093508 0.514438 0.528125 0.5366073 0.5411723 0.510113 0.5179808 0.5239367 0.5367165 0.5143465 0.543147 0.5424988 0.5421245 0.542682 0.5125265 0.505167
0.0297649 0.03430747 0.03719195 0.04190702 0.0482082 0.05316183 0.06068353 0.07020545 0.07981659 0.09359735 0.1017565 0.1129477 0.1279888 0.144694 0.1454287 0.1576997 0.1617012 0.1686938 0.1793723 0.1778027 0.1845685 0.1812797 0.181495 0.1786613 0.1847135 0.1944302 0.2148345 0.2179375 0.234279 0.2492215 0.2585145 0.2607563 0.2824523 0.3286663 0.3492388 0.3681085 0.4145048 0.4080968 0.4350915 0.4768212 0.4884815 0.4843222 0.5038227 0.5341628 0.5146918 0.5525917 0.5456595 0.5223277 0.5631037 0.5476338 0.5577125 0.565213 0.5462037 0.5597405 0.4763725 0.548544 0.5268692 0.520579
0.02748252 0.0308729 0.03555378 0.03857375 0.04115112 0.04660155 0.05405885 0.06562263 0.05964157 0.07094842 0.09648905 0.09975427 0.1135247 0.1346105 0.132962 0.1432945 0.1539038 0.1530545 0.1657385 0.1685582 0.175846 0.1741508 0.168898 0.1630978 0.1686838 0.1787492 0.1651517 0.1743588 0.1586097 0.1819875 0.1691537 0.1886965 0.1893817 0.2206335 0.2666528 0.283037 0.322943 0.3635903 0.3778865 0.4286903 0.445868 0.4805562 0.4971237 0.5078415 0.547375 0.5641685 0.5382385 0.5553452 0.567265 0.582653 0.5847065 0.5806135 0.5364985 0.5873405 0.5397295 0.5474345 0.5552343 0.5342698
0.0272546 0.03128947 0.03294133 0.0343125 0.03838775 0.0415785 0.04904718 0.04573132 0.05034065 0.06673262 0.07252423 0.09133685 0.1096577 0.1158275 0.1251023 0.133705 0.1370572 0.1368347 0.1525475 0.1507722 0.1612775 0.1566775 0.1580217 0.151778 0.163107 0.1553213 0.163416 0.1669668 0.1656775 0.1628085 0.1683425 0.1630992 0.1451475 0.1898002 0.1947042 0.2130045 0.2500052 0.290196 0.3048968 0.3691728 0.3838218 0.4191065 0.4660327 0.4976287 0.5279877 0.5660353 0.5777128 0.594113 0.6092918 0.596863 0.600605 0.5995553 0.546224 0.5896338 0.613287 0.60969 0.5931748 0.5710775
0.0250349 0.02863898 0.02982192 0.03284597 0.03341537 0.0311191 0.04041405 0.04608478 0.0564174 0.06609687 0.0698284 0.08278278 0.09142277 0.1031243 0.1143728 0.1033762 0.1147531 0.1320295 0.1247745 0.11549 0.1450695 0.1410543 0.1399582 0.1477977 0.1537223 0.1406642 0.1492995 0.1512598 0.164536 0.1423118 0.1331545 0.1618045 0.176705 0.1790995 0.1851487 0.1789438 0.1905027 0.2133507 0.2360893 0.3006923 0.3377705 0.3868905 0.4398075 0.4361595 0.518596 0.5702225 0.5656418 0.609039 0.6252443 0.6395128 0.639939 0.6403028 0.6347542 0.648151 0.6473178 0.631949 0.6322945 0.6033612
0.02453305 0.02687235 0.02745857 0.02890923 0.03222698 0.03467418 0.03802568 0.03839645 0.04467212 0.0520734 0.06386195 0.05703732 0.0713097 0.07405665 0.07346957 0.08306788 0.1083172 0.1167217 0.1217918 0.126638 0.1200242 0.125599 0.1305075 0.1410605 0.1344 0.1337025 0.1474198 0.1466055 0.131123 0.141092 0.1654275 0.1640922 0.1745025 0.1780442 0.1826608 0.1752585 0.190908 0.1962968 0.212876 0.2352635 0.2980105 0.370993 0.4329723 0.4761012 0.515968 0.5780568 0.5360895 0.5527217 0.641548 0.5813658 0.628537 0.6772197 0.6435238 0.6263505 0.6674193 0.672274 0.654877 0.621559
0.0188386 0.02415875 0.02429762 0.0263868 0.02337142 0.02562473 0.03197912 0.03569555 0.0387687 0.0450775 0.05037075 0.0572041 0.05033615 0.04375585 0.06446825 0.085671 0.08234205 0.09276538 0.105889 0.109805 0.1032474 0.1050631 0.1123722 0.1176407 0.1124869 0.1089875 0.1257603 0.139259 0.1529263 0.1562865 0.1632925 0.1629565 0.1558173 0.164689 0.1631843 0.1648552 0.176348 0.1945625 0.1979882 0.200113 0.2374098 0.3004095 0.368204 0.4417475 0.5080308 0.5624925 0.5852863 0.618403 0.6372465 0.5163005 0.5808048 0.6730077 0.6426808 0.6586913 0.6436385 0.641345 0.6394233 0.6483215
0.0212432 0.02206632 0.0227822 0.0239512 0.02471455 0.02271145 0.0277028 0.03158265 0.03464705 0.03933503 0.04425565 0.04854295 0.04755127 0.0496805 0.0612013 0.06883553 0.07392678 0.07778765 0.0800571 0.08499297 0.08620455 0.09056772 0.09794752 0.1089578 0.08359692 0.08965005 0.1186 0.132167 0.1377497 0.137088 0.1312598 0.1497175 0.1497898 0.1626932 0.157129 0.1663952 0.1593183 0.1778785 0.169055 0.1950735 0.2075735 0.2310373 0.300418 0.3876177 0.4733692 0.5308962 0.5822142 0.604373 0.5858605 0.5318403 0.6493273 0.6517648 0.624013 0.644274 0.6421405 0.6447203 0.6660425 0.6544052
0.01927068 0.0195474 0.02035775 0.02186675 0.0234103 0.0219135 0.0255556 0.02890522 0.0309628 0.0328353 0.03285295 0.03427035 0.04513983 0.04549925 0.04912695 0.0547802 0.06097515 0.06928197 0.0719983 0.07340815 0.07810067 0.0719873 0.08328982 0.09654443 0.09278622 0.1066142 0.1103975 0.1159423 0.123146 0.121839 0.1293265 0.1267872 0.1328215 0.1527427 0.1625113 0.1669205 0.1687458 0.1614217 0.1837035 0.1926012 0.1849502 0.1970057 0.2417748 0.324805 0.422629 0.4722115 0.5414432 0.603859 0.6560347 0.6527528 0.6384842 0.6481355 0.6332122 0.644612 0.6552538 0.657448 0.6520785 0.6602992
0.01736835 0.01846495 0.01955025 0.01944773 0.01641957 0.0165034 0.02351568 0.0256181 0.02780348 0.0301273 0.03175795 0.03157178 0.03568543 0.0394683 0.04561748 0.05107827 0.05194435 0.0524097 0.06093062 0.05703932 0.05970025 0.0657507 0.07471525 0.0704909 0.08632368 0.09330175 0.09775032 0.105272 0.1102763 0.110859 0.1082112 0.1141362 0.116434 0.1323175 0.1444007 0.1562292 0.1639268 0.165103 0.1672457 0.1845503 0.1921217 0.199226 0.2089193 0.2556755 0.284487 0.44464 0.5147787 0.5799162 0.6517442 0.6523713 0.6471493 0.6521355 0.6419823 0.6469778 0.6553723 0.6509695 0.655126 0.6636392
0.01553835 0.01556928 0.01714423 0.01853985 0.01907858 0.02063443 0.02175117 0.02229502 0.02353635 0.02591052 0.02787425 0.02813697 0.02939017 0.02392585 0.0336303 0.03932 0.0410931 0.0437181 0.05075008 0.05235985 0.0554642 0.0595443 0.05343693 0.05033838 0.0523124 0.069354 0.08540212 0.09069635 0.09717807 0.09504145 0.1001327 0.102358 0.1118637 0.1219905 0.1260485 0.1359297 0.1495433 0.1488995 0.1514837 0.1687135 0.1829868 0.184508 0.1972945 0.2495565 0.2604015 0.3552645 0.5066693 0.5871072 0.6392535 0.6217008 0.6472675 0.6535568 0.660193 0.661154 0.6652255 0.6614398 0.660447 0.6667652
0.01310777 0.01401228 0.01497432 0.0156711 0.01716438 0.01858328 0.01721913 0.02086185 0.02181735 0.02221848 0.02380637 0.02610927 0.02575468 0.02577068 0.03182837 0.03339925 0.0343315 0.03782947 0.04073 0.03982658 0.04529877 0.0468946 0.05056635 0.04734918 0.0518288 0.0649595 0.07130142 0.07468685 0.07711355 0.08362818 0.09123887 0.1035938 0.1109973 0.1155133 0.1211955 0.126092 0.1395227 0.1501652 0.1523468 0.1621283 0.1538845 0.1819845 0.1877005 0.207463 0.2589788 0.3413633 0.4122778 0.5818415 0.6077582 0.622416 0.6572093 0.6574622 0.6612167 0.667189 0.6773175 0.6928147 0.6877965 0.6871877
0.01233815 0.01274583 0.01421307 0.0144169 0.01489355 0.01633438 0.01447192 0.01950192 0.0197646 0.01885335 0.02181678 0.02193953 0.02395998 0.0274964 0.02858915 0.03029985 0.02990687 0.0318243 0.0339438 0.03474152 0.03558087 0.04241297 0.04502277 0.04897945 0.05481903 0.05916212 0.06231803 0.06146628 0.06612527 0.07365513 0.08368842 0.09451525 0.09883472 0.1045171 0.1126627 0.1211185 0.1293842 0.1419992 0.1436073 0.150044 0.1582038 0.1825625 0.1851045 0.1957512 0.2327705 0.3534722 0.403097 0.5497358 0.5936585 0.6338497 0.6536412 0.6813968 0.6662505 0.6765198 0.7001555 0.7115722 0.7040502 0.6788902
0.01117663 0.0117483 0.01231327 0.01339442 0.01375505 0.01424567 0.01619503 0.01698427 0.0173906 0.0167972 0.02041808 0.02129347 0.02312712 0.02425952 0.0262177 0.02625697 0.02519527 0.0260371 0.02898925 0.03209803 0.0339209 0.0346337 0.0353248 0.04226945 0.04479633 0.04719215 0.0520304 0.0554761 0.06084315 0.06798808 0.0634239 0.08408597 0.08653197 0.09525805 0.09831782 0.1064716 0.121105 0.1343808 0.1480947 0.1579912 0.1670562 0.1631677 0.14367 0.1392017 0.2148828 0.3352085 0.4449235 0.5446525 0.6088707 0.628933 0.6487312 0.6637222 0.6572962 0.6873785 0.713563 0.73414 0.7356678 0.7012088
0.01035149 0.01116025 0.01181787 0.0121726 0.01236345 0.0133103 0.01401345 0.01486885 0.01529615 0.01532182 0.01800635 0.01977248 0.01965557 0.02029375 0.0231502 0.02449585 0.0247233 0.02442227 0.02798462 0.02839728 0.0300438 0.03156333 0.03325872 0.03536037 0.03594083 0.0383138 0.04357495 0.05043302 0.05483337 0.0612517 0.0659864 0.0690761 0.07867301 0.0897161 0.08860908 0.1011317 0.115701 0.1245092 0.137142 0.130213 0.1192695 0.1282545 0.1656647 0.189855 0.1926842 0.3011048 0.4195675 0.5389955 0.5896847 0.6352468 0.649687 0.643687 0.6597635 0.6981207 0.6929065 0.7214425 0.7368892 0.706988
0.009266783 0.00979652 0.01013825 0.010804 0.01130707 0.0114443 0.01246693 0.0133977 0.01414992 0.0143053 0.01546955 0.01812053 0.01861815 0.01951795 0.01987815 0.0219551 0.02364965 0.0227936 0.02519225 0.02726775 0.02736622 0.02768733 0.02829203 0.03178982 0.03307332 0.03504682 0.03784437 0.04403123 0.05063467 0.05486615 0.0554094 0.0608145 0.07264958 0.08140513 0.0828163 0.09850285 0.1113798 0.123463 0.129964 0.1361828 0.1449623 0.1616727 0.1779663 0.1845323 0.1936743 0.2762263 0.383675 0.5010318 0.5758393 0.6195253 0.632685 0.6548842 0.6853135 0.7078112 0.7140203 0.7317485 0.72877 0.694231
0.00834803 0.008718945 0.009064045 0.009371365 0.009893168 0.01039535 0.01134283 0.01265093 0.01358045 0.01351235 0.01340735 0.0157298 0.01388505 0.0174536 0.01704853 0.01918362 0.02114715 0.02272215 0.0220534 0.02481253 0.0237171 0.02547137 0.02835635 0.02968092 0.0301211 0.03205302 0.03435222 0.0354702 0.03937905 0.04977693 0.05241865 0.05643008 0.06247078 0.07372858 0.08043668 0.09134842 0.1045359 0.1160415 0.1258145 0.136162 0.1495868 0.1575497 0.1632152 0.1664118 0.172124 0.2329348 0.359557 0.4766583 0.571681 0.6148782 0.6348435 0.652451 0.6756597 0.6978895 0.7179175 0.7045323 0.7047982 0.692225
0.007576277 0.008048653 0.008107785 0.008447495 0.009389533 0.009571843 0.01059598 0.0113511 0.01229658 0.01179262 0.01327935 0.0116013 0.01391653 0.01546775 0.0158173 0.01709798 0.01779367 0.0202583 0.02088377 0.02165147 0.02163878 0.02399867 0.01954705 0.02794502 0.02768413 0.0289468 0.0190024 0.0210368 0.03438355 0.04500227 0.048438 0.05303343 0.05915113 0.0675844 0.0745349 0.08779335 0.09872092 0.107775 0.1175268 0.1278577 0.1339778 0.1358373 0.154843 0.1686975 0.1814608 0.2427398 0.3740715 0.4899518 0.5927802 0.635074 0.6388162 0.6440822 0.6767678 0.7118673 0.724647 0.7054435 0.71156 0.7111472
0.006290033 0.007098095 0.006393767 0.008051057 0.008277945 0.008181867 0.00916406 0.01030832 0.01114163 0.01131607 0.011954 0.0129179 0.0137937 0.0135947 0.01430295 0.01583892 0.01572352 0.0169993 0.01782802 0.01834375 0.02063025 0.02286468 0.02174408 0.0249622 0.02588765 0.02257987 0.02418938 0.03085878 0.03438235 0.03978865 0.0455019 0.04997782 0.0434369 0.03753135 0.05870498 0.08091114 0.08858645 0.07914998 0.09975488 0.1184207 0.126131 0.137477 0.1494203 0.1688575 0.1801755 0.2288232 0.3513718 0.4683953 0.6028545 0.6528193 0.6378027 0.6554163 0.6943015 0.702979 0.704794 0.7163147 0.7399345 0.7371305
0.005784872 0.006544117 0.006923058 0.007302092 0.007565583 0.007801358 0.008507352 0.009177888 0.009769675 0.009992125 0.01011031 0.01107205 0.01257432 0.01260185 0.01309043 0.0149455 0.01518273 0.01519227 0.01612272 0.01794845 0.02033475 0.02049762 0.02226597 0.01800982 0.01797555 0.02580785 0.02642675 0.03046858 0.03323347 0.03436352 0.0380171 0.04538542 0.04489607 0.05311385 0.06828803 0.07361943 0.0884863 0.09039398 0.0981478 0.1148405 0.1307845 0.1301048 0.1487655 0.16621 0.1845713 0.218306 0.3370143 0.4798993 0.5940015 0.625834 0.5908045 0.642688 0.6889588 0.6771938 0.691444 0.7215523 0.7504033 0.745103
0.005566195 0.005853607 0.005949827 0.006328235 0.006666975 0.006849037 0.007712143 0.007909602 0.008618297 0.008883882 0.009183133 0.009483404 0.01115908 0.01241313 0.01231982 0.01433275 0.01518345 0.01529808 0.01552127 0.01642787 0.01804 0.02009393 0.02108238 0.0137381 0.0218781 0.02359343 0.02607863 0.02974952 0.03264228 0.034825 0.0374068 0.0426352 0.04577322 0.05177665 0.06172502 0.07022288 0.07781385 0.0896827 0.09362235 0.09218883 0.122727 0.1351928 0.1423777 0.1514198 0.1803648 0.212319 0.3290052 0.459784 0.5828078 0.654283 0.6633388 0.6449993 0.6965625 0.6706525 0.6812897 0.7143717 0.7336278 0.7345092
0.004746688 0.004937642 0.00546027 0.005634568 0.006196172 0.006395457 0.006823433 0.007490455 0.008094998 0.00854249 0.00864528 0.00902365 0.01039272 0.0118365 0.009400547 0.01247638 0.01423988 0.0149051 0.01524272 0.0163276 0.01759358 0.01785145 0.01645193 0.02109003 0.02400985 0.02337313 0.0254165 0.02875477 0.02898283 0.03363905 0.0377571 0.0386385 0.04400453 0.0515904 0.0592666 0.07002922 0.07776845 0.06919962 0.09071107 0.1163675 0.1273188 0.1318655 0.138382 0.1612177 0.1794813 0.2000553 0.290368 0.4604842 0.5585072 0.6098652 0.6292745 0.6675395 0.632089 0.678174 0.6698697 0.6889368 0.724161 0.714882
0.003938445 0.004527452 0.004930933 0.005042437 0.005360927 0.005599485 0.006401735 0.006940065 0.006977918 0.005755308 0.00650958 0.006512337 0.009603753 0.01020887 0.01072502 0.01108545 0.01315382 0.01370193 0.01448135 0.0160375 0.01638323 0.01890455 0.02005235 0.0215068 0.02135812 0.02343423 0.02391883 0.02631975 0.0292249 0.03177147 0.03467975 0.04030785 0.04736738 0.05569132 0.0630558 0.06791825 0.07314987 0.09226145 0.1009703 0.1107674 0.1276745 0.1353395 0.150232 0.1676912 0.1714372 0.1911805 0.288962 0.4408425 0.576014 0.6228805 0.6202067 0.633594 0.6785772 0.7019938 0.6728498 0.6717433 0.7009875 0.6841615
0.003779618 0.0037867 0.004072827 0.00431468 0.004821305 0.00526755 0.005100638 0.006134195 0.006478407 0.007098378 0.00736899 0.007200965 0.00862243 0.00969075 0.01051547 0.01162552 0.01263635 0.009960557 0.008424822 0.008374755 0.01158156 0.01720662 0.01919827 0.01862998 0.02050308 0.02251323 0.0250875 0.02836237 0.02996955 0.03285442 0.0366408 0.04109023 0.04484303 0.05257718 0.06114928 0.0721286 0.08001228 0.09273395 0.102737 0.1056411 0.120898 0.135542 0.1484402 0.1655555 0.1736808 0.184357 0.2912402 0.4340687 0.55732 0.6212097 0.6204755 0.638661 0.6511418 0.6538823 0.6833995 0.6991245 0.6814193 0.638022
0.003379093 0.00353049 0.003591667 0.003646313 0.003962405 0.004571877 0.00520382 0.00477187 0.005123258 0.00523391 0.0066047 0.00759502 0.007342477 0.007078217 0.008727865 0.0109094 0.01110948 0.0126699 0.009508571 0.008370372 0.00837451 0.01043025 0.01588405 0.0146308 0.02234912 0.02189495 0.02629365 0.02964235 0.03266403 0.03282435 0.03664715 0.03994 0.04465763 0.0495341 0.05663915 0.05971283 0.07705475 0.09326123 0.1047858 0.1108205 0.1187188 0.13249 0.1443647 0.1553595 0.1631557 0.1817703 0.2941845 0.4413537 0.540014 0.5935482 0.6172465 0.6282395 0.6597087 0.6549917 0.6443908 0.6618208 0.6547903 0.6389822
0.002832717 0.00315912 0.003538017 0.003625443 0.00382539 0.003860278 0.004418713 0.004842998 0.003878223 0.00251773 0.002669115 0.005604668 0.00762049 0.00644732 0.006834905 0.01024722 0.01094192 0.01201512 0.008158655 0.006570688 0.00814143 0.0113246 0.01449411 0.01821358 0.02115655 0.02521827 0.02753355 0.0306186 0.0323091 0.0327033 0.03740728 0.03746882 0.03731857 0.04216 0.06331835 0.0720212 0.0839391 0.08924238 0.09386107 0.1059663 0.119207 0.1282555 0.1399485 0.1467772 0.1533455 0.1650548 0.2771682 0.4309362 0.5408952 0.5902013 0.60515 0.6128427 0.6172685 0.6310198 0.6497837 0.6516373 0.6604102 0.6245338
