ABM/maxent_435500.txt
ncols         435
nrows         500
xllcorner     108.56185392851
yllcorner     27.750063881946
cellsize      0.00057886901600001
NODATA_value  -9999
[rows 390 to 415 of 500, columns 174 to 231 of 435]
0.003075365 0.002395923 0.00258493 0.002129417 0.001802035 0.00184062 0.001706437 0.001491615 0.001278413 0.00111641 0.0007978273 0.0005996412 0.000643021 0.00052741 0.0004677348 0.0004351435 0.0003815545 0.0003703405 0.0003563613 0.000338435 0.0003152493 0.000295639 0.0002857242 0.0002808982 0.0002810095 0.000274962 0.000253791 0.0002528005 0.0002762807 0.0002509042 0.0003379555 0.0003374885 0.0003616742 0.000403859 0.000476265 0.0005886903 0.0006390538 0.0007475383 0.000877252 0.0009338905 0.000974661 0.001071655 0.00126912 0.00153144 0.001778197 0.002088872 0.002481912 0.002782912 0.003036293 0.003589268 0.004266903 0.00473143 0.00531287 0.006094998 0.007168165 0.00797073 0.00920943 0.01126685
0.003360528 0.003012012 0.00264085 0.00241259 0.00209863 0.001894865 0.001678338 0.001464673 0.001284432 0.001110724 0.0008596837 0.0007438138 0.000629253 0.0005048643 0.000457718 0.00043214 0.0003825435 0.0003753985 0.000351834 0.0003439145 0.0003222732 0.0003039075 0.0002899643 0.0002962208 0.000286312 0.000253246 0.0002535965 0.000274305 0.0002582202 0.00023256 0.0003216425 0.0003274818 0.0003588047 0.000407177 0.0005046345 0.0005751095 0.000620495 0.000752455 0.0009031135 0.001002914 0.00107378 0.001181657 0.001317892 0.001547765 0.001864047 0.0022871 0.00218167 0.00253119 0.00288299 0.00353588 0.00463791 0.005024545 0.005766492 0.006435158 0.007168115 0.00816255 0.00940435 0.01148862
0.00320903 0.00284009 0.002478155 0.002201055 0.001903435 0.001773803 0.001645637 0.00142681 0.00116447 0.001014409 0.000856836 0.0007139947 0.000612292 0.000515816 0.0004685922 0.0004231358 0.0004241953 0.000396551 0.0003997757 0.0003825102 0.000342409 0.000328446 0.0003166173 0.0003131195 0.0002870753 0.0002657403 0.0002681587 0.0002922685 0.000257207 0.0003013713 0.0003185727 0.00035522 0.0003970975 0.0004520875 0.0005469755 0.0005781575 0.0006509867 0.000773341 0.000921504 0.00110403 0.001211282 0.001353882 0.00136061 0.001638025 0.001931392 0.002413555 0.002592598 0.002903952 0.003453442 0.004243425 0.004893795 0.005199748 0.00596519 0.007231252 0.00797962 0.008769055 0.01036762 0.01212425
0.00327148 0.002879252 0.002515333 0.002300953 0.001916835 0.001747755 0.001615162 0.001494262 0.001203452 0.001003834 0.0009023958 0.0007883132 0.000629516 0.000529652 0.0004871617 0.00046887 0.0004330958 0.000391071 0.0003895058 0.000411808 0.0003813053 0.0003556818 0.0003324297 0.0003271935 0.0003112505 0.0003037295 0.000316394 0.0003032472 0.0002741485 0.0003497087 0.0003663028 0.0003923828 0.0004475293 0.0005053593 0.0005842205 0.0006241683 0.000707878 0.0008548567 0.0009933782 0.001091665 0.001285575 0.00135465 0.001506828 0.001991848 0.00230878 0.00231586 0.002905902 0.003347677 0.003819155 0.004305085 0.005063622 0.00539582 0.006178393 0.00759711 0.00924133 0.00963504 0.01146473 0.01326007
0.003086463 0.002965963 0.002362783 0.002418502 0.002065602 0.001884148 0.001520553 0.001510005 0.001273063 0.00108232 0.000902035 0.000770349 0.000638026 0.0005467455 0.000469536 0.0004701022 0.000473787 0.0004478503 0.0004210022 0.0004249027 0.0004048413 0.0003743097 0.0003507495 0.0003412415 0.0003204957 0.0003232485 0.0003483022 0.0003393695 0.0003410832 0.0003596368 0.000383499 0.0004256663 0.0004807535 0.000577947 0.0006622332 0.000722281 0.0008505 0.0009766052 0.001125228 0.001182812 0.001270402 0.001412112 0.001667368 0.00199595 0.002366815 0.002856398 0.003020465 0.00409572 0.004535032 0.004771668 0.005748303 0.006037845 0.006789728 0.007884205 0.01021949 0.01123325 0.01181155 0.01258382
0.00256011 0.002500118 0.0023442 0.00230638 0.00207594 0.001574865 0.001565767 0.001474365 0.001331727 0.00109466 0.000939377 0.000787021 0.0006655615 0.0005757575 0.0005036255 0.0004992435 0.0004744675 0.0004621777 0.0004594568 0.000442727 0.000417367 0.0003977382 0.000375683 0.0003608632 0.000343255 0.0003527532 0.0003584262 0.0003474418 0.000381546 0.0004047275 0.0004271245 0.0004524078 0.0005404555 0.0006343895 0.0006986132 0.0008225925 0.0008844598 0.001115883 0.001272928 0.001378535 0.001523272 0.001705728 0.001796528 0.002088713 0.002546415 0.003198275 0.00380878 0.004513515 0.004137742 0.005525047 0.00644728 0.007015088 0.007812292 0.009302485 0.01115542 0.01166292 0.01099624 0.01482795
0.003286847 0.002874613 0.0025508 0.002222945 0.002051203 0.001895445 0.001579085 0.001344637 0.001217245 0.00103744 0.0009203738 0.000787149 0.0006685227 0.0005993825 0.0005257445 0.0004986285 0.0004980587 0.0004685402 0.0004513892 0.0004375748 0.000419859 0.0004131325 0.0004054845 0.0003907575 0.0003865415 0.000396643 0.0003765417 0.000377433 0.0004226693 0.0004713215 0.0004912545 0.000508758 0.000599169 0.0006717757 0.0008173438 0.0008795608 0.0009959382 0.001166195 0.00125479 0.001343383 0.001595533 0.001739075 0.00199789 0.00257391 0.003159275 0.003673445 0.00418595 0.004989068 0.00420175 0.006590853 0.007326668 0.008774525 0.009892555 0.01118218 0.01234323 0.01283733 0.01505925 0.01936638
0.003186635 0.002729343 0.00245091 0.00223409 0.0020379 0.001921095 0.00168237 0.001458725 0.001350233 0.001172777 0.001020869 0.0008626492 0.000734127 0.0006336927 0.0005581945 0.0005415818 0.0005303702 0.000509042 0.0004829997 0.000461288 0.0004465595 0.0004374527 0.0004271737 0.00041353 0.000403768 0.000420922 0.0004026433 0.0004151485 0.000448603 0.0004891255 0.0005396085 0.0005545458 0.000638509 0.0007736315 0.0008786363 0.0009043277 0.001023569 0.001173703 0.00135 0.001544748 0.00180422 0.002043788 0.002404028 0.003074123 0.003771928 0.004527617 0.00540319 0.006150613 0.00673842 0.007862328 0.008728995 0.01000269 0.0115441 0.01200427 0.0132309 0.01398755 0.01696212 0.02105762
0.00307077 0.002670363 0.002422235 0.0022195 0.001870665 0.001780702 0.001623658 0.001420007 0.001295157 0.00116368 0.001046847 0.000855417 0.0007488335 0.0006740955 0.000563635 0.0005771025 0.0005688012 0.0005324335 0.0005235412 0.0004921765 0.0004807938 0.000470445 0.0004736825 0.0004626965 0.000458112 0.0004891785 0.0004543045 0.0004509448 0.0004676515 0.000518027 0.000596673 0.0006474588 0.0007359785 0.0008758198 0.000945079 0.000989839 0.001135572 0.001300188 0.001530225 0.001825385 0.002049295 0.00242292 0.002863515 0.003399258 0.00414944 0.00502398 0.005779422 0.006902358 0.008187803 0.009611078 0.01009996 0.01045267 0.01198767 0.01452373 0.01581093 0.01764975 0.0200435 0.02391973
0.002976625 0.002804423 0.002617348 0.002287787 0.001994425 0.0018123 0.001550105 0.001345423 0.001228718 0.001134305 0.001016169 0.0008869263 0.0007767675 0.0006782297 0.0005804588 0.000571579 0.0005747498 0.0005570725 0.0005609178 0.0005477598 0.0005217235 0.00053411 0.0005447827 0.0005225153 0.0004898678 0.0005226113 0.0005047705 0.0005399928 0.000549851 0.0005846805 0.0006587863 0.0007675553 0.0008747682 0.001003867 0.001084295 0.001108782 0.001282695 0.001445585 0.00180944 0.002143035 0.002397555 0.002752403 0.00322135 0.004104853 0.004931153 0.005709695 0.006669295 0.007945643 0.009387033 0.01025855 0.01127775 0.01254705 0.01408507 0.01630125 0.01853255 0.0208269 0.02484225 0.02685922
0.00262958 0.00261707 0.002306202 0.002062495 0.001929227 0.001782975 0.001598465 0.001392927 0.001298595 0.001198082 0.001061072 0.0009172725 0.00076522 0.0006885407 0.0006154003 0.0006059255 0.0006057425 0.0005893387 0.0005887945 0.0005857167 0.0005898795 0.000589357 0.0005957193 0.0005334752 0.0005432068 0.000533381 0.0005263055 0.000536029 0.0005905267 0.0006829638 0.0007250205 0.000803176 0.0009691772 0.001121507 0.00123657 0.001386255 0.001550283 0.001768843 0.002097835 0.002390235 0.002783765 0.0031469 0.003689548 0.00453844 0.005376005 0.006531092 0.007824957 0.009622416 0.01071065 0.01133997 0.0127985 0.01442918 0.01608395 0.01864737 0.02116 0.0254809 0.02879748 0.0294589
0.002646327 0.002551707 0.002262203 0.002061952 0.00196835 0.001861795 0.001536887 0.001393087 0.001278803 0.001164878 0.001046373 0.0009142995 0.0007981845 0.0007312397 0.0006546695 0.000632445 0.000647995 0.0006722222 0.000683779 0.0006707845 0.0006734923 0.0005368295 0.0006126675 0.0005930922 0.0006309018 0.0005743437 0.000565189 0.0005611478 0.0005956715 0.0007417278 0.0008467595 0.0009095442 0.001048086 0.001182755 0.00129364 0.001503957 0.001767645 0.002071745 0.00254548 0.003063558 0.003450593 0.003751172 0.004624953 0.006075515 0.007147348 0.008174935 0.009561105 0.01094203 0.01288093 0.01328532 0.01490853 0.01634802 0.01841697 0.02069075 0.02286045 0.02677912 0.03153298 0.02901595
0.002828477 0.002603975 0.002486527 0.00227455 0.00205181 0.001609923 0.001635245 0.001382575 0.001286563 0.001154197 0.00108252 0.0009819728 0.0008294928 0.0007680547 0.0007062628 0.0006927515 0.0007348115 0.0007443715 0.000725559 0.0007447482 0.0007370993 0.0006898902 0.000647744 0.0007166615 0.0006703515 0.000627374 0.0006260942 0.0006338388 0.0006750433 0.0007528935 0.0008653555 0.0009939908 0.001142553 0.001322515 0.001485893 0.00175417 0.002045765 0.00250752 0.00289752 0.002923422 0.00305613 0.003670915 0.00525299 0.00707558 0.008309207 0.009861533 0.01164587 0.01303392 0.01416765 0.01579995 0.01744303 0.01907675 0.021326 0.02458892 0.02705257 0.0309332 0.03341268 0.03817707
0.002661773 0.002446078 0.002301347 0.002174413 0.00198724 0.001799152 0.00156676 0.001512912 0.001310738 0.001177458 0.001076407 0.001062972 0.0008953537 0.0007976385 0.000768506 0.0007849965 0.0007584285 0.0007573827 0.0007650118 0.000714395 0.0007041325 0.0007139167 0.0007320535 0.0007604485 0.0008104505 0.0007825497 0.00075904 0.0007969948 0.0008385295 0.0008773482 0.001035145 0.001044307 0.001164817 0.001384282 0.00162102 0.002070148 0.002380367 0.002858005 0.003311395 0.003926607 0.004627382 0.005535767 0.00617813 0.007675448 0.008961773 0.01081908 0.01267617 0.01430655 0.01647997 0.01847243 0.02083717 0.02291338 0.02567508 0.0286471 0.03129222 0.03523015 0.0405392 0.04168043
0.002670765 0.002508393 0.00234356 0.002166783 0.001947225 0.00171745 0.00174969 0.00165324 0.001355713 0.001234415 0.001124827 0.001104335 0.001010463 0.0008875135 0.0008568703 0.000828298 0.0007727805 0.000794882 0.0008067802 0.0008242702 0.000841323 0.0008437585 0.0008486012 0.0008067067 0.0008178432 0.0008109952 0.000827811 0.0008018423 0.0008403913 0.000966938 0.001035125 0.001130722 0.001251227 0.001577788 0.001800737 0.002235555 0.002708742 0.003288625 0.003772165 0.004411555 0.005203348 0.00619181 0.007318673 0.008748133 0.01046208 0.01244638 0.01508175 0.0176315 0.0201412 0.021177 0.02383183 0.02655968 0.02808595 0.0302487 0.03409955 0.03767413 0.04288843 0.04783225
0.002737063 0.00260384 0.002387025 0.002267357 0.00204844 0.00182546 0.001661957 0.001585738 0.001488233 0.001304748 0.001201048 0.001161615 0.001089202 0.000951642 0.0009163438 0.0008014035 0.0008081675 0.0008218638 0.0008516157 0.0009242945 0.0009602903 0.0009124528 0.0008612038 0.000843326 0.0009271248 0.000914171 0.0008645045 0.0008939705 0.0009701302 0.001015988 0.001151733 0.001299317 0.001505633 0.001975263 0.002263417 0.002543327 0.003019738 0.003619903 0.004274102 0.005162075 0.006117755 0.007000012 0.008727825 0.01062413 0.01215702 0.0140999 0.01603233 0.0193825 0.02213635 0.0250189 0.02508845 0.0260024 0.03150687 0.0331065 0.03712783 0.0416451 0.0461218 0.05315353
0.00275346 0.002533415 0.002291678 0.002118995 0.001973578 0.001926085 0.00175372 0.00158481 0.001584348 0.001467288 0.001401665 0.001315778 0.00121936 0.001089525 0.0008964518 0.0009679322 0.0009843857 0.001006486 0.001047862 0.00104117 0.00103782 0.001021273 0.0009516637 0.0009979793 0.001061185 0.001019134 0.001011771 0.001082378 0.001098073 0.001197875 0.001419652 0.001650815 0.00202006 0.002522238 0.002773095 0.003100745 0.003601525 0.00429376 0.00514148 0.006386178 0.007455035 0.008302866 0.0106804 0.01266387 0.0139858 0.01653225 0.01820878 0.02021788 0.02393905 0.02658705 0.03182188 0.03458115 0.03778002 0.03938665 0.04337845 0.04871918 0.05430403 0.04816888
0.002279447 0.002462005 0.002270765 0.00208127 0.002001467 0.001869678 0.001764877 0.00172191 0.001722325 0.001616978 0.001494075 0.0014111 0.001295198 0.001088358 0.001051934 0.001135512 0.001025396 0.00105592 0.001121635 0.001200258 0.001188132 0.001173272 0.001145447 0.001262865 0.00128722 0.00121839 0.001194525 0.001219908 0.0012913 0.001525603 0.001867983 0.002157412 0.002478603 0.002960037 0.00332271 0.003901455 0.004407825 0.005031188 0.005978213 0.007408572 0.009073878 0.01033433 0.01224055 0.0146447 0.01623062 0.01860163 0.02010217 0.02185363 0.02578785 0.03085595 0.03479892 0.03960362 0.0412721 0.04464542 0.04987705 0.05281252 0.0538858 0.04435295
0.001730595 0.00214449 0.002360163 0.00239028 0.002196463 0.002036798 0.001957532 0.001929335 0.001877257 0.001694108 0.001576578 0.001489048 0.001373795 0.001197382 0.001316385 0.001248237 0.001294035 0.001380717 0.00134052 0.00134167 0.00135972 0.001377177 0.001347177 0.0014227 0.001408912 0.001396757 0.001422553 0.001482897 0.00160212 0.001861695 0.00212591 0.002440655 0.002784543 0.003391718 0.003750555 0.00449626 0.005630855 0.006228697 0.006890865 0.008026322 0.00988894 0.01233143 0.01390962 0.01675043 0.0194352 0.02108505 0.02341897 0.02461458 0.02892857 0.03170795 0.03441088 0.0415504 0.04476622 0.04817137 0.05215515 0.049932 0.04632605 0.04032825
0.00141379 0.001750977 0.001914165 0.0022064 0.002477262 0.00250545 0.002339732 0.002224682 0.002162188 0.00192297 0.001802968 0.001732392 0.001500632 0.001423 0.001528425 0.001473462 0.001474852 0.0014663 0.001427628 0.001434352 0.001423575 0.001624312 0.00157899 0.001582847 0.001656747 0.001649132 0.001843215 0.001864312 0.002042 0.002264838 0.002527225 0.00286043 0.003274793 0.00399723 0.00436652 0.00510553 0.006082278 0.007256403 0.007856622 0.009086942 0.01144032 0.01032935 0.01286282 0.0182163 0.02154522 0.02331335 0.025477 0.02848355 0.03220037 0.03602995 0.038793 0.04485857 0.04855273 0.0471682 0.04666197 0.04628127 0.041858 0.03952178
0.001188062 0.001426448 0.001682318 0.001968117 0.00210436 0.002462325 0.00240664 0.002394105 0.002230567 0.002060978 0.002004002 0.001802788 0.001662293 0.001730743 0.001748318 0.00162051 0.001667493 0.001662865 0.001673892 0.001656918 0.001689475 0.001699383 0.001818288 0.001868397 0.00195713 0.001991462 0.00227514 0.00234919 0.00241755 0.002805475 0.003079095 0.00342781 0.003984963 0.004717065 0.005122897 0.005992605 0.007280283 0.008671528 0.009400525 0.01046685 0.01175225 0.01467235 0.01471527 0.0199926 0.02381277 0.0259243 0.0285784 0.03459072 0.04621202 0.05899853 0.06431822 0.06555063 0.06446207 0.0623447 0.06073377 0.06016148 0.0578135 0.05376668
0.001105477 0.001261987 0.001458292 0.00153087 0.001728078 0.001958593 0.00198039 0.0021402 0.002328675 0.002320865 0.002137088 0.002057092 0.00194583 0.00193556 0.00198755 0.001943103 0.00212175 0.001927583 0.002001713 0.002012993 0.002005198 0.00203996 0.002089615 0.002380383 0.002509033 0.002408817 0.00260615 0.002801532 0.002904545 0.003334183 0.003804305 0.004039898 0.004568317 0.005300955 0.00606277 0.00703775 0.008321763 0.00998418 0.0116842 0.01224317 0.01349172 0.01532042 0.01801415 0.0210347 0.02441997 0.02784777 0.03902243 0.0566491 0.07322645 0.08530243 0.08351833 0.08494283 0.08223358 0.07997495 0.07776412 0.0762461 0.07261603 0.06672797
0.0009792044 0.001120958 0.0011696 0.00126551 0.001489065 0.001586895 0.001596505 0.001663475 0.001830217 0.002051377 0.002215005 0.002350452 0.002305337 0.002247647 0.002278455 0.00228888 0.002532863 0.00228022 0.0023906 0.002453127 0.002559633 0.002655672 0.002879658 0.003096157 0.002856887 0.002953865 0.003184285 0.003503188 0.00390553 0.004115995 0.004724505 0.00514229 0.00570794 0.00643445 0.007658963 0.008584242 0.0101661 0.01125477 0.0136323 0.0142921 0.0152844 0.01656127 0.01794677 0.02269758 0.02702527 0.0362144 0.0541636 0.06895925 0.0803175 0.08983682 0.08824667 0.08883072 0.08933748 0.08748792 0.0842825 0.08131755 0.0770351 0.07613203
0.0008603578 0.0009412388 0.001036227 0.001154943 0.00124664 0.001257487 0.001384303 0.001474552 0.001531617 0.00162204 0.001762792 0.001888928 0.00206032 0.002112187 0.002353705 0.002638175 0.003070667 0.002820923 0.002765933 0.00308451 0.003242583 0.00335455 0.003503503 0.003393035 0.00349677 0.003516118 0.00380498 0.0040238 0.00457119 0.005496172 0.00582315 0.006515742 0.007570792 0.008397157 0.008941352 0.009933792 0.01125975 0.01279343 0.0152272 0.01538922 0.0170288 0.01731782 0.01810143 0.0193049 0.02324765 0.03496495 0.04878227 0.06362258 0.07535965 0.08177713 0.08277805 0.08020782 0.07898477 0.0792679 0.06498275 0.07603085 0.07410742 0.07389553
0.0005812585 0.0006663242 0.0006865973 0.0009143258 0.0009744028 0.001062635 0.001169562 0.001271175 0.00130959 0.00128301 0.001418598 0.001502343 0.001519118 0.001585335 0.001773783 0.002088 0.00251503 0.002839395 0.003009648 0.003203592 0.003489472 0.003700357 0.003781033 0.00389664 0.004325143 0.004454303 0.004493573 0.004757337 0.005196882 0.005800747 0.006588732 0.007582838 0.007817763 0.00915301 0.00993274 0.01072942 0.01225287 0.01349308 0.0145495 0.01361207 0.01450793 0.01406842 0.01366668 0.0146616 0.01837875 0.02632917 0.03653628 0.04881665 0.05532213 0.0601735 0.06392153 0.06330643 0.0644423 0.06090438 0.06039347 0.0620961 0.05573517 0.06103285
0.0005099513 0.0005525395 0.0007077275 0.000739707 0.0007961068 0.0008679568 0.0009524715 0.001070337 0.001063053 0.00105907 0.00114175 0.001191797 0.00120031 0.001226322 0.001366918 0.001512157 0.001695618 0.001904528 0.00216403 0.002407202 0.00262928 0.002928428 0.003259685 0.00366527 0.004188768 0.004680825 0.005070352 0.005355795 0.005945622 0.006706072 0.007082668 0.00756782 0.00752462 0.007790175 0.007841717 0.008214924 0.00894527 0.008815953 0.009254907 0.008998195 0.009379815 0.01009012 0.009714475 0.01119826 0.01496895 0.0201277 0.0260267 0.03386468 0.04260857 0.04610525 0.04561643 0.04806123 0.0481725 0.04845992 0.04848652 0.04941867 0.04723685 0.0453124
