ABM/maxent_87100.txt
ncols         87
nrows         100
xllcorner     108.56185392851
yllcorner     27.750063881946
cellsize      0.00289434508
NODATA_value  -9999
[rows 54 to 80 of 100, columns 0 to 59 of 87]
-9999 -9999 -9999 -9999 -9999 -9999 -9999 -9999 -9999 -9999 0.02490556 0.02366396 0.02253206 0.0215834 0.01922886 0.01710137 0.01567341 0.0145326 0.01281367 0.0104484 0.007859389 0.005389654 0.003474442 0.003089752 0.004196255 0.006000339 0.007496384 0.00889998 0.01050684 0.01356554 0.0159868 0.01721094 0.01682571 0.01557112 0.01225023 0.008543695 0.005212191 0.002616918 0.001249798 0.0007760845 0.000706633 0.0008057968 0.001121222 0.001727339 0.002401574 0.003270171 0.005631992 0.0147626 0.03992413 0.0817084 0.1384733 0.1794139 0.1888721 0.1823753 0.1653397 0.1284429 0.09044983 0.06837983 0.05617407 0.04619357
-9999 -9999 -9999 -9999 -9999 -9999 -9999 -9999 -9999 -9999 0.0252682 0.02357989 0.02091527 0.01945193 0.01779028 0.0162953 0.0149055 0.0134286 0.0117507 0.00950314 0.007221006 0.004804532 0.003577834 0.003705678 0.005039631 0.006341947 0.007509982 0.008985501 0.01119789 0.01483269 0.01752614 0.01859306 0.01868664 0.01724615 0.01352554 0.008786728 0.004981601 0.002368751 0.001117656 0.000693764 0.0006425715 0.0007703854 0.001098704 0.001760043 0.002493426 0.003256463 0.005121124 0.0121449 0.03379621 0.07197918 0.1242116 0.174128 0.1917532 0.1846503 0.1679319 0.13338 0.09481159 0.07654932 0.06632917 0.0562778
-9999 -9999 -9999 -9999 -9999 -9999 -9999 -9999 -9999 -9999 0.02476571 0.02254732 0.01994754 0.0170022 0.01471175 0.01352283 0.0125129 0.01138613 0.01000375 0.008354144 0.006291843 0.004217741 0.003632962 0.004267536 0.005601221 0.006472131 0.007658506 0.008919821 0.01148765 0.01557642 0.01853738 0.0196662 0.02023847 0.01895357 0.01413818 0.008401514 0.004377574 0.002111723 0.001130189 0.0008059782 0.0008158886 0.000984807 0.001431015 0.002187317 0.002924837 0.003575668 0.004859095 0.009835156 0.02706583 0.05500901 0.09570233 0.1404403 0.1618852 0.1616466 0.1440776 0.1257478 0.09779745 0.08389926 0.07371803 0.06549967
-9999 -9999 -9999 -9999 -9999 -9999 -9999 -9999 -9999 -9999 -9999 0.01974663 0.01707131 0.01442577 0.01250151 0.01082465 0.009821923 0.008967729 0.007750285 0.006103567 0.004379464 0.003265011 0.003717947 0.005016204 0.005988564 0.006750701 0.007732742 0.00837643 0.01051374 0.01448417 0.01773262 0.01934392 0.02045795 0.01843546 0.01302301 0.007258232 0.003968074 0.002215594 0.001488487 0.001276957 0.001372873 0.001606387 0.002154994 0.00296105 0.003756243 0.004293961 0.005145642 0.008714266 0.02184081 0.04129045 0.0724155 0.1047607 0.1214112 0.1285132 0.1172216 0.1051274 0.09204376 0.0874993 0.08197498 0.07236239
-9999 -9999 -9999 -9999 -9999 -9999 -9999 -9999 -9999 -9999 -9999 -9999 0.01341263 0.01079713 0.009288218 0.007899554 0.00700129 0.006072567 0.0050638 0.003961122 0.002900457 0.003067507 0.004360397 0.005780824 0.006431687 0.007139388 0.007415398 0.007584726 0.009189072 0.01282221 0.01534407 0.01698294 0.01748235 0.01565593 0.01095414 0.006513587 0.00390594 0.00276185 0.002423012 0.002452929 0.002761192 0.003025489 0.003589862 0.004420486 0.005265187 0.005548276 0.005992128 0.009191847 0.01923338 0.03456908 0.05832861 0.08296801 0.09576168 0.1012468 0.09585895 0.08898134 0.07779428 0.08327871 0.08345751 0.07460479
-9999 -9999 -9999 -9999 -9999 -9999 -9999 -9999 -9999 -9999 -9999 -9999 -9999 -9999 0.004419944 0.003858909 0.003453319 0.0029951 0.002642904 0.002347342 0.002852591 0.004161024 0.005392187 0.006340772 0.00689335 0.007238077 0.006762569 0.006212985 0.007283736 0.009943024 0.01220702 0.01382167 0.01389297 0.01194417 0.008513246 0.005664635 0.004229043 0.003929757 0.004252501 0.00469224 0.005220789 0.005512974 0.006060561 0.006781046 0.00725774 0.00717808 0.007985495 0.01241429 0.02136149 0.03425132 0.05367218 0.07428209 0.08736129 0.09385136 0.0922227 0.08848671 0.08075993 0.07795241 0.08361518 0.07765164
-9999 -9999 -9999 -9999 -9999 -9999 -9999 -9999 -9999 -9999 -9999 -9999 -9999 -9999 -9999 0.001899086 0.001825963 0.001862883 0.002161889 0.003101529 0.004588341 0.005645365 0.006671591 0.007031893 0.007163703 0.006839641 0.005947392 0.004942222 0.005387065 0.007192445 0.00908099 0.01029375 0.01001287 0.008985783 0.007007094 0.005515184 0.005252641 0.005973794 0.00715164 0.008130539 0.00889677 0.009226341 0.009672356 0.01000606 0.009676454 0.01003911 0.01281273 0.01882221 0.02823732 0.04100727 0.05972902 0.07999085 0.09522719 0.1072871 0.1112393 0.1072308 0.09769413 0.09365548 0.09549114 0.08824225
-9999 -9999 -9999 -9999 -9999 -9999 -9999 -9999 -9999 -9999 -9999 -9999 -9999 -9999 -9999 0.001720044 0.001864562 0.002196395 0.003264918 0.004905545 0.006330367 0.007144387 0.007595724 0.007522535 0.007246237 0.006377655 0.005033715 0.003871464 0.003719489 0.004621096 0.005796948 0.006709137 0.006645833 0.006095115 0.005547542 0.005817705 0.007021034 0.009141181 0.01144467 0.01315063 0.01405346 0.01436511 0.01439263 0.01359009 0.01329532 0.01623159 0.02144811 0.02932759 0.04087032 0.05556586 0.07565176 0.09859017 0.1174062 0.1282832 0.1278678 0.1213024 0.1158714 0.1125876 0.1091497 0.0971908
-9999 -9999 -9999 -9999 -9999 -9999 -9999 -9999 -9999 -9999 -9999 -9999 0.001642544 0.001717701 0.001805578 0.001934248 0.002281816 0.003047056 0.004720706 0.006165717 0.007399693 0.008002654 0.008385318 0.007932634 0.007168246 0.00560617 0.004133552 0.003218033 0.002912173 0.00323098 0.003851856 0.004410064 0.004422551 0.004378454 0.004902487 0.006591462 0.009346608 0.01302815 0.01665722 0.01899771 0.02013831 0.01995806 0.01890316 0.01806363 0.02133197 0.02788786 0.03608418 0.04666211 0.06122559 0.07943539 0.104332 0.129614 0.1475444 0.1515017 0.1395437 0.1280513 0.11995 0.1208711 0.1162949 0.1038534
-9999 -9999 -9999 -9999 -9999 -9999 -9999 -9999 -9999 -9999 -9999 -9999 0.00175569 0.001810163 0.001899429 0.002060233 0.002590341 0.003755732 0.005387511 0.00687964 0.007904382 0.008615638 0.008678804 0.0078961 0.006214032 0.0046593 0.003589817 0.002976597 0.002760063 0.002882556 0.003238249 0.003566563 0.003590283 0.003770326 0.004985354 0.007812781 0.01187881 0.01703711 0.02206813 0.0249686 0.02570486 0.02433384 0.02359375 0.02536004 0.0328982 0.04455104 0.05774191 0.07264885 0.09206452 0.1167422 0.143553 0.166741 0.1740302 0.1671155 0.1502662 0.1335811 0.1223074 0.1173963 0.10788 0.09223288
-9999 -9999 -9999 -9999 -9999 -9999 -9999 -9999 -9999 -9999 -9999 -9999 -9999 0.001898395 0.001963025 0.002157563 0.002734875 0.003984976 0.00572399 0.007229141 0.007910387 0.008472794 0.008323477 0.006785533 0.004896415 0.003798832 0.00322554 0.003040447 0.003145289 0.003483335 0.003797769 0.003988706 0.004005533 0.004120704 0.005593444 0.009307004 0.01443799 0.02077495 0.02684677 0.03011128 0.03035101 0.02826379 0.02962089 0.03520304 0.04766254 0.06532135 0.08596528 0.1080902 0.134779 0.1648315 0.1936801 0.2068242 0.2015804 0.185215 0.1607804 0.1332162 0.1108094 0.1007612 0.09202188 0.07990935
-9999 -9999 -9999 -9999 -9999 -9999 -9999 -9999 -9999 -9999 -9999 -9999 -9999 0.001964582 0.002014985 0.002139025 0.002693638 0.003974565 0.005717424 0.006847912 0.00731466 0.007657545 0.006825436 0.005131992 0.003798338 0.003192811 0.003092031 0.003314001 0.003866988 0.004609037 0.005207193 0.005051905 0.005082178 0.005154695 0.006504869 0.01053103 0.01624634 0.02353331 0.03092478 0.03487081 0.03457699 0.03297627 0.03677443 0.04626385 0.06277884 0.08581545 0.1156796 0.1429386 0.170762 0.203061 0.2268191 0.2323038 0.2196393 0.1939908 0.1546084 0.113342 0.08239014 0.06858231 0.06782583 0.0633863
-9999 -9999 -9999 -9999 -9999 -9999 -9999 -9999 -9999 -9999 -9999 -9999 -9999 0.001895665 0.001927052 0.002000936 0.002513387 0.003726036 0.005131212 0.005925028 0.006372557 0.006173003 0.005183499 0.003873419 0.003046991 0.002856824 0.003181848 0.003829818 0.004891855 0.005872244 0.006581784 0.006196136 0.006123513 0.006057268 0.007398913 0.01164325 0.01797274 0.02582603 0.03456421 0.03890825 0.03873837 0.03710931 0.04258482 0.05461561 0.07446525 0.1013003 0.1319465 0.1568353 0.1842656 0.2128575 0.2335667 0.2334749 0.2185948 0.1904219 0.1471824 0.09318817 0.05302792 0.04188026 0.04349745 0.04234532
-9999 -9999 -9999 -9999 -9999 -9999 -9999 -9999 -9999 -9999 -9999 -9999 0.001634823 0.00166545 0.001679715 0.001768031 0.002313774 0.003231043 0.004218737 0.004820261 0.005195859 0.004836604 0.004010932 0.003024548 0.002611205 0.002767892 0.003441757 0.00442431 0.006006 0.007008718 0.007690219 0.007373448 0.007062716 0.006688025 0.007859785 0.01195893 0.01850595 0.02709289 0.03639479 0.04065284 0.03956489 0.03871128 0.04462724 0.05573938 0.0742502 0.09949905 0.124382 0.1459628 0.1690946 0.1975381 0.2177932 0.2176525 0.1991889 0.1742987 0.129362 0.07592592 0.03830683 0.02760767 0.02627655 0.02602402
-9999 -9999 -9999 -9999 -9999 -9999 -9999 -9999 -9999 -9999 -9999 -9999 0.001480282 0.001466861 0.001448581 0.001546532 0.002065632 0.002831795 0.003478812 0.003972815 0.004372239 0.00406286 0.00332159 0.00263966 0.002487169 0.002903726 0.003825973 0.005220992 0.006674276 0.007711685 0.00828267 0.008516819 0.007803157 0.007143491 0.007917325 0.01175095 0.01799266 0.02611524 0.03419327 0.03737009 0.0361853 0.03599814 0.04087117 0.05099634 0.06667984 0.08592202 0.1044656 0.1218929 0.1433239 0.1687551 0.188892 0.1874887 0.1688903 0.1433622 0.107123 0.06508619 0.03403754 0.02350792 0.01962254 0.01873234
-9999 -9999 -9999 -9999 -9999 -9999 -9999 -9999 -9999 -9999 -9999 -9999 0.001349449 0.001294997 0.001263258 0.001342747 0.001789107 0.002616031 0.00310297 0.003568892 0.004022418 0.003807527 0.003088147 0.002680938 0.002815821 0.003525441 0.00479176 0.006252258 0.007351371 0.007794111 0.008291218 0.008778936 0.007922065 0.007085267 0.007465463 0.01052311 0.01568938 0.02281038 0.02932917 0.03176435 0.03046493 0.02936559 0.0319451 0.03773798 0.05130043 0.06791737 0.08183794 0.09039293 0.1006353 0.1149129 0.1318583 0.1404793 0.1292276 0.1092868 0.08296314 0.0545544 0.03142476 0.02291103 0.01831358 0.01703448
-9999 -9999 -9999 -9999 -9999 -9999 -9999 -9999 -9999 -9999 -9999 -9999 0.001195544 0.001143558 0.001081116 0.001132494 0.001647241 0.002497875 0.003124013 0.003592343 0.003905176 0.003853621 0.003427092 0.003246088 0.003670649 0.004792945 0.006354101 0.007796985 0.007995987 0.007573983 0.007843669 0.008160759 0.007293195 0.006345139 0.006705834 0.008643676 0.0120658 0.01747492 0.02315702 0.02553131 0.02507958 0.02332917 0.02328241 0.02495803 0.03452214 0.04424864 0.05056935 0.05427618 0.05760732 0.06121871 0.07554337 0.08818385 0.08839031 0.07922325 0.06486987 0.04791769 0.03300647 0.02457426 0.0204755 0.01885195
-9999 -9999 -9999 -9999 -9999 -9999 -9999 -9999 -9999 -9999 -9999 -9999 0.001006424 0.0009772019 0.0009403073 0.0009839679 0.00148565 0.002433431 0.003339925 0.003800229 0.004163954 0.004282543 0.004259272 0.004458806 0.005259769 0.006773063 0.008350183 0.008784671 0.008396634 0.007521055 0.007242397 0.006973739 0.006394046 0.005635099 0.005931121 0.006823397 0.008334884 0.01170574 0.01586192 0.01788172 0.0179696 0.01583463 0.01414982 0.01382953 0.01834523 0.0222311 0.02612436 0.02815457 0.0282017 0.03010754 0.03908521 0.05146641 0.05798859 0.05726432 0.05090807 0.04351459 0.03468298 0.02914151 0.0255833 0.02300048
-9999 -9999 -9999 -9999 -9999 -9999 -9999 -9999 -9999 -9999 -9999 -9999 -9999 0.0008798217 0.0008725227 0.000934119 -9999 -9999 0.003807656 0.004600284 0.005112035 0.005300035 0.005636472 0.00626873 0.007592237 0.009250252 0.009971058 0.009500129 0.008575949 0.007200219 0.006372553 0.005868786 0.005447431 0.00504545 0.005260367 0.005445318 0.005451028 0.006612985 0.008624308 0.009719753 0.01008219 0.008396192 0.007516919 0.008302293 0.01118027 0.0141366 0.01630758 0.01765832 0.01947939 0.02121926 0.02567408 0.03413536 0.04141952 0.04378664 0.04149395 0.03925561 0.03500317 0.03281762 0.029538 0.02609538
-9999 -9999 -9999 -9999 -9999 -9999 -9999 -9999 -9999 -9999 -9999 -9999 -9999 -9999 0.0008406938 0.0008295648 -9999 -9999 -9999 0.005998646 0.006301136 0.006688791 0.007384904 0.008395252 0.009967228 0.010719 0.01078608 0.009975309 0.008682513 0.006684469 0.00536209 0.004644194 0.004395057 0.004542643 0.004641276 0.004496957 0.00377255 0.003757173 0.004258159 0.004530294 0.004645016 0.003998868 0.004005872 0.005279171 0.007915018 0.01115265 0.0130078 0.01414685 0.01562561 0.0174477 0.02012094 0.0249401 0.03196999 0.03588205 0.03528203 0.03571003 0.03455701 0.03291446 0.03005177 0.02675972
-9999 -9999 -9999 -9999 -9999 -9999 -9999 -9999 -9999 -9999 -9999 -9999 -9999 -9999 0.0007923305 -9999 -9999 -9999 -9999 -9999 0.007094195 0.007362311 0.00813356 0.009186487 0.01014223 0.01042865 0.01011305 0.009448202 0.008052494 0.005892098 0.003971271 0.003508047 0.003698223 0.003931141 0.004032266 0.003820762 0.002926139 0.002405532 0.002365989 0.002311443 0.002279616 0.002286362 0.002697867 0.003870632 0.006486469 0.009690831 0.01152898 0.01212788 0.01364163 0.01455809 0.01602199 0.01967348 0.02568561 0.02982587 0.03199023 0.03376531 0.03379538 0.03165465 0.0291748 0.02657248
-9999 -9999 -9999 -9999 -9999 -9999 -9999 -9999 -9999 -9999 -9999 -9999 -9999 -9999 -9999 -9999 -9999 -9999 -9999 -9999 0.007609437 0.007490113 0.0081485 0.008893906 0.009206837 0.00921492 0.008788283 0.008279446 0.00687715 0.004472229 0.002536131 0.002670332 0.003116015 0.00338767 0.003467826 0.003245841 0.002432952 0.001809381 0.001652523 0.001566972 0.00156628 0.001748985 0.002234308 0.00329512 0.005981974 0.009152973 0.01073436 0.01106301 0.0123945 0.0128173 0.01310891 0.01570526 0.02017192 0.02431497 0.02801614 0.0298408 0.03048395 0.02888994 0.02660617 0.02411597
-9999 -9999 -9999 -9999 -9999 -9999 -9999 -9999 -9999 -9999 -9999 -9999 -9999 -9999 -9999 -9999 -9999 -9999 -9999 -9999 0.007380405 0.006920693 0.007082085 0.00740797 0.007958886 0.007829409 0.007143474 0.006282981 0.004481473 0.002455313 0.001701945 0.002159717 0.002639218 0.002919195 0.002973838 0.00273963 0.002016319 0.001420521 0.001246223 0.001229202 0.001339536 0.001527595 0.002003162 0.003079127 0.005502446 0.008569874 0.01027368 0.01059116 0.01114137 0.01107252 0.01072334 0.01200205 0.01515652 0.01876907 0.02146686 0.02297411 0.02349579 0.02280428 0.02101207 0.02005003
-9999 -9999 -9999 -9999 -9999 -9999 -9999 -9999 -9999 -9999 -9999 -9999 -9999 -9999 -9999 -9999 -9999 -9999 -9999 -9999 0.006564532 0.005919673 0.005815505 0.005729191 0.005876319 0.005549205 0.005140013 0.004079973 0.00261489 0.001508818 0.001244275 0.001684555 0.002191348 0.00253745 0.002521135 0.00233306 0.001742073 0.00119236 0.0009546992 0.0009390475 0.001093384 0.001354722 0.00201491 0.00347569 0.005952074 0.00896016 0.01064628 0.01113411 0.01072297 0.009907626 0.008971793 0.009759246 0.01197821 0.01419744 0.01569209 0.01688752 0.01717975 0.01648007 0.01589452 0.01584864
-9999 -9999 -9999 -9999 -9999 -9999 -9999 -9999 -9999 -9999 -9999 -9999 -9999 -9999 -9999 -9999 -9999 -9999 -9999 -9999 -9999 0.004425515 0.003802633 0.003331582 0.003227848 0.003116549 0.002755813 0.001959544 0.001451074 0.001119481 0.00100843 0.001323178 0.001777277 0.002150323 0.002105173 0.001991821 0.001576808 0.001094063 0.0007860069 0.0007253437 0.0009238815 0.001437013 0.002662967 0.004960245 0.00827982 0.0113569 0.01264428 0.01310459 0.0115009 0.009749802 0.008740095 0.009038969 0.01044684 0.01147679 0.01254125 0.01288146 0.01251115 0.01212499 0.01208618 0.01236267
-9999 -9999 -9999 -9999 -9999 -9999 -9999 -9999 -9999 -9999 -9999 -9999 -9999 -9999 -9999 -9999 -9999 -9999 -9999 -9999 -9999 0.002938249 0.002577086 0.002172382 0.001900252 0.001679458 0.001457282 0.001246663 0.001054003 0.0009298107 0.000892081 0.001052114 0.00138154 0.001728119 0.001762154 0.001715774 0.001531734 0.001179354 0.0009096563 0.0008944722 0.001292246 0.002378611 0.004611019 0.00829077 0.0135205 0.01645336 0.01716538 0.01693986 0.01329589 0.01070908 0.009554207 0.009305269 0.01008256 0.01039652 0.0108874 0.01027849 0.01000697 -9999 -9999 -9999
-9999 -9999 -9999 -9999 -9999 -9999 -9999 -9999 -9999 -9999 -9999 -9999 -9999 -9999 -9999 -9999 -9999 -9999 -9999 -9999 -9999 0.002327876 0.002132907 0.00189976 0.00160091 0.00135825 0.001200276 0.001059537 0.0009333512 0.0008353095 0.0007828713 0.0008488314 0.001082944 0.001350837 0.00147131 0.001511408 0.001496629 0.001337257 0.001237714 0.00146715 0.002298749 0.004082984 0.008329011 0.01416573 0.01975867 0.02354103 0.02409514 0.02243847 0.01739769 0.01334471 0.01035514 0.009617048 0.009864025 -9999 -9999 -9999 -9999 -9999 -9999 -9999
