ABM/maxent_174200.txt
ncols         174
nrows         200
xllcorner     108.56185392851
yllcorner     27.750063881946
cellsize      0.00144717254
NODATA_value  -9999
[rows 130 to 155 of 200, columns 58 to 115 of 174]
0.003537974 0.003780662 0.004177535 0.004395297 0.004539043 0.003905379 0.003477566 0.002420951 0.001938161 0.001548596 0.001520167 0.001942114 0.003168023 0.005613729 0.01016838 0.01621206 0.02438191 0.03319699 0.03583969 0.03608505 0.03834747 0.03978658 0.0477015 0.0414704 0.0347891 0.02902836 0.02421466 0.0225674 0.01882154 0.01596179 0.02337896 0.07262551 0.08718004 0.09456205 0.1026411 0.115889 0.1291424 0.1395206 0.1495656 0.1585212 0.1878302 0.1807721 0.2129893 0.2469338 0.2719998 0.2957568 0.3151099 0.2564511 0.2470674 0.188926 0.1042592 0.04656598 0.03405105 0.0332945 0.03983069 0.03982534 0.05366771 0.05287101
0.004377621 0.005029861 0.005860902 0.006622928 0.006772201 0.005709422 0.005257195 0.004188511 0.00280841 0.002459655 0.001956562 0.001875666 0.002884384 0.005412316 0.009756177 0.01692376 0.02668287 0.03607873 0.03730085 0.03932539 0.0399128 0.04309694 0.0493213 0.04478792 0.03490563 0.02648065 0.02131774 0.01810325 0.01484086 0.01704256 0.0315455 0.09297553 0.1053756 0.1124825 0.1226256 0.1345678 0.1444693 0.1606966 0.1727693 0.1714971 0.178589 0.1893066 0.2461411 0.3042179 0.3072205 0.3622369 0.3558527 0.312581 0.2141109 0.1813596 0.07743131 0.03781674 0.03035906 0.02352894 0.02421631 0.02772054 0.03363286 0.02819265
0.005311833 0.006052544 0.007027352 0.008739473 0.009684432 0.008274395 0.007942076 0.006229749 0.004397169 0.00336414 0.002686729 0.002260501 0.00260248 0.004521128 0.008609719 0.01648774 0.02634712 0.03841013 0.04103804 0.04138639 0.04599238 0.04776568 0.04919783 0.04414354 0.03414908 0.02392393 0.01795923 0.01468735 0.01596448 0.02063614 0.04119055 0.1028635 0.1254448 0.1340835 0.1496061 0.1641193 0.1751004 0.1934471 0.2149561 0.2370436 0.2489831 0.2734273 0.3141135 0.3170514 0.3871004 0.3823045 0.4036227 0.3336234 0.2619895 0.1677437 0.0612883 0.03023053 0.02545634 0.02278594 0.01523801 0.0147224 0.01694131 0.01605334
0.006259941 0.006869926 0.008256777 0.01078979 0.01259306 0.01270675 0.01170781 0.00905168 0.006140675 0.004584635 0.003602068 0.002982613 0.002803163 0.003915363 0.007556165 0.01597011 0.02984272 0.04197367 0.04500055 0.04465779 0.04634918 0.05042531 0.05337634 0.04469609 0.0327726 0.02266413 0.0154343 0.01308028 0.01844454 0.02299126 0.05264318 0.1189972 0.1424067 0.1414616 0.1560183 0.18403 0.2111258 0.2252816 0.2524838 0.2745906 0.2908644 0.3037707 0.3411658 0.3946129 0.4709809 0.5239549 0.4743251 0.364006 0.292744 0.1715244 0.05229416 0.02802529 0.02411562 0.02138886 0.01263445 0.01005602 0.008602555 0.009416595
0.00715923 0.006938766 0.009090804 0.01089892 0.0136618 0.0162064 0.01424414 0.01135358 0.008163699 0.00585828 0.004657132 0.003811554 0.003427078 0.003651217 0.006652116 0.01357623 0.026329 0.03839345 0.04243971 0.0413315 0.04464093 0.0457277 0.0539294 0.04805072 0.03560865 0.02334338 0.01603469 0.01424066 0.02023166 0.02393212 0.05901473 0.1224486 0.148805 0.1546312 0.1802954 0.1949511 0.223643 0.2296264 0.2608459 0.3079631 0.256534 0.2883754 0.3381699 0.3895496 0.41142 0.4402191 0.4401065 0.3641426 0.2914721 0.1650402 0.05205026 0.03056814 0.02666428 0.02477877 0.01880651 0.01312877 0.008675723 0.008083971
0.00825898 0.007659396 0.009777785 0.01187105 0.01418555 0.01192391 0.01519109 0.01157588 0.008827357 0.00623383 0.0049538 0.004038912 0.003541573 0.003671155 0.005792842 0.01193985 0.02318694 0.03740365 0.04233187 0.04272014 0.04824299 0.05184633 0.06300125 0.05935913 0.04070971 0.02592209 0.01696264 0.01514218 0.02082697 0.0281539 0.07418657 0.1391424 0.1634505 0.1874692 0.2088446 0.2230167 0.2160905 0.2980706 0.2872587 0.2314994 0.205862 0.2070034 0.2417359 0.2887732 0.3344408 0.3847079 0.3783927 0.3096519 0.2517985 0.1569274 0.05546382 0.03791752 0.03246294 0.03098648 0.02680026 0.01979842 0.01527036 0.01045204
0.007082262 0.00722481 0.01073783 0.01295077 0.01231033 0.00679652 0.01312571 0.01267817 0.009542641 0.007477841 0.005941829 0.004805326 0.003939874 0.003540829 0.005178602 0.01115539 0.02312522 0.03961248 0.04569865 0.05078726 0.05456008 0.06355794 0.07177653 0.06600057 0.04818748 0.0277339 0.01769686 0.01671412 0.0216338 0.03315581 0.08397825 0.1414089 0.1533717 0.1731339 0.2202403 0.2531367 0.2243633 0.2704295 0.2085239 0.144207 0.1269779 0.1228041 0.1543684 0.2163466 0.254363 0.3227562 0.3157926 0.3060636 0.2743629 0.1748978 0.06369427 0.04521815 0.04178013 0.03913624 0.03058808 0.02157812 0.0162888 0.01399934
0.007957195 0.008920916 0.01149478 0.01358877 0.009288781 0.004017499 0.01005193 0.01277437 0.009654898 0.007820113 0.006342753 0.005257314 0.004373414 0.004119108 0.004778608 0.009900916 0.02088051 0.03892693 0.04572699 0.05085456 0.05910522 0.06931262 0.08203902 0.07560526 0.05048983 0.03195043 0.01877507 0.01750469 0.02144973 0.02738051 0.04789238 0.07159773 0.08870848 0.1072918 0.1451316 0.1851206 0.1515625 0.107976 0.07405655 0.06852033 0.07081582 0.06199268 0.06799763 0.1080118 0.1449716 0.2068955 0.2696542 0.2660517 0.232071 0.1669186 0.07012326 0.05535773 0.04478941 0.04374704 0.03116598 0.02377728 0.01823654 0.01709255
0.007995587 0.01043922 0.0131661 0.01310915 0.005793649 0.002454708 0.006602841 0.01311571 0.01051628 0.009054142 0.005839444 0.005591428 0.004846335 0.004846476 0.0053698 0.009450122 0.01846137 0.03250442 0.04373015 0.0517108 0.05830465 0.0692023 0.08459181 0.07809449 0.0521483 0.03166574 0.01937263 0.01724599 0.02116386 0.02602178 0.0305769 0.03839228 0.04560081 0.0498148 0.05586541 0.07790035 0.05177833 0.03994494 0.03812274 0.0338227 0.03703343 0.04334053 0.04664245 0.06161469 0.09191712 0.1103786 0.1788295 0.1976808 0.1792331 0.1427491 0.06788744 0.05859991 0.04280495 0.03507111 0.03161869 0.0236348 0.02199113 0.02265182
0.009690894 0.01248582 0.01474673 0.009762091 0.00365586 0.001599761 0.004173521 0.01186515 0.01124363 0.009292891 0.007436372 0.006189418 0.005487414 0.005060032 0.005417853 0.007422247 0.0145877 0.02693134 0.03614445 0.04404203 0.051785 0.06157877 0.073343 0.06718786 0.04686842 0.02781352 0.01674927 0.01464086 0.0176457 0.02268716 0.02738032 0.03432956 0.04013638 0.03471554 0.04640733 0.05378971 0.03053792 0.02617473 0.02312664 0.02045714 0.02036089 0.03028514 0.03319482 0.03996981 0.05107035 0.07918543 0.107965 0.1418264 0.1408425 0.1149879 0.06212469 0.05908827 0.04764611 0.03496176 0.02899396 0.02324232 0.0254706 0.0308113
0.01003747 0.01359349 0.01501913 0.007568067 0.003039407 0.001280091 0.003019512 0.009962945 0.01216365 0.009832608 0.007898267 0.00617845 0.005008376 0.00507519 0.005472651 0.006084476 0.01089254 0.02011536 0.02590334 0.03081172 0.03606512 0.04159118 0.04985861 0.04357592 0.02914683 0.01869224 0.01155177 0.01082551 0.01378685 0.01609659 0.0211455 0.02611348 0.02835052 0.03917651 0.05131626 0.03556588 0.02654454 0.02303764 0.0202999 0.01730123 0.02154288 0.03723771 0.04388992 0.03506559 0.04216746 0.04868678 0.08153098 0.1098262 0.1163791 0.09682401 0.03728062 0.04496318 0.04448627 0.03314866 0.02436855 0.02230794 0.02584065 0.03206431
0.01014898 0.01314219 0.01312945 0.006557589 0.002337971 0.00119922 0.003138685 0.01057174 0.01256297 0.009446521 0.007103391 0.005958613 0.005224823 0.005028474 0.005229714 0.005825594 0.008646464 0.01439184 0.01888228 0.0198312 0.02251316 0.02537778 0.02926918 0.02631521 0.01739046 0.01112475 0.007589583 0.00715155 0.009619938 0.01240998 0.01549452 0.01971796 0.02351009 0.02995825 0.02955928 0.03015652 0.02592903 0.02110844 0.01859892 0.01606082 0.01657429 0.03513762 0.05231404 0.04622532 0.04937091 0.04862829 0.06423283 0.08416813 0.1047874 0.07554896 0.0350733 0.0360935 0.03829638 0.03076325 0.02021954 0.01841155 0.02358084 0.02697954
0.01163619 0.01166526 0.00878831 0.005361139 0.002239275 0.001316536 0.002911051 0.008619384 0.01071963 0.009259121 0.007221278 0.006092258 0.005297794 0.005179665 0.005183694 0.005536382 0.006584011 0.009826448 0.01135047 0.01265666 0.01360783 0.01435544 0.01572793 0.01396267 0.009427393 0.006016987 0.004508384 0.004788164 0.005989303 0.008252017 0.01072192 0.01371429 0.01709126 0.0226809 0.02891175 0.02528262 0.01651525 0.0195371 0.01659104 0.01097652 0.0103027 0.01922984 0.03420938 0.04387282 0.04776901 0.0594193 0.06435493 0.06832422 0.07567908 0.05041167 0.024274 0.02414919 0.02239812 0.022792 0.0155919 0.01500922 0.01570435 0.01965258
0.0136314 0.01069925 0.005928116 0.003033132 0.001715384 0.001163411 0.002479955 0.006688043 0.01043099 0.009832553 0.007078096 0.00579885 0.004942839 0.004652473 0.004446685 0.004850796 0.004527191 0.005914573 0.007041546 0.007560051 0.007511085 0.008009088 0.008185507 0.006802852 0.004781502 0.003525937 0.00279868 0.003098044 0.003932184 0.005386399 0.007564825 0.009101167 0.01235206 0.01693666 0.02204556 0.0189813 0.0129223 0.0149075 0.01168173 0.008174115 0.00794102 0.01122512 0.0230177 0.03217949 0.02999743 0.03802789 0.03932062 0.0392243 0.03896204 0.02999798 0.02777761 0.02525399 0.02333695 0.01923829 0.01763141 0.01749902 0.01624042 0.01525637
0.01571572 0.007922978 0.003936037 0.002724576 0.00179792 0.001292101 0.002175374 0.005002096 0.01133238 0.00954257 0.006768096 0.005302867 0.004615937 0.00390671 0.003909526 0.00367889 0.003539865 0.003797996 0.004251475 0.004449946 0.00435143 0.00392627 0.004055691 0.003481116 0.002597235 0.002074408 0.001840436 0.002238104 0.002839856 0.003829221 0.005375616 0.007298945 0.009961092 0.01363301 0.01746583 0.01368009 0.01072857 0.01295724 0.01083911 0.008724336 0.008681593 0.0110541 0.01867514 0.01974022 0.02498772 0.0286968 0.03313899 0.03133721 0.02857822 0.03764979 0.04991383 0.0388863 0.03577255 0.02947363 0.02421941 0.02062258 0.02016985 0.02021747
0.01205023 0.005824003 0.003062365 0.002382991 0.001813622 0.001214829 0.002139579 0.004891034 0.01011508 0.008364388 0.006563362 0.004583247 0.004067917 0.003462633 0.003387282 0.003123877 0.002698845 0.002492865 0.002594811 0.002745316 0.002569475 0.002513055 0.002761809 0.002507656 0.002070496 0.001616392 0.00138934 0.001798101 0.00226022 0.003223611 0.004350261 0.005901302 0.007360647 0.01104138 0.01341809 0.01652121 0.01511099 0.01352268 0.0108302 0.01136268 0.01392514 0.01738624 0.0228797 0.02572381 0.02664714 0.02718106 0.02863732 0.02606774 0.0280016 0.04511934 0.05727153 0.04473441 0.03473892 0.03603002 0.03488284 0.039059 0.02829726 0.02849473
0.005544805 0.003579673 0.002622299 0.002140313 0.001703093 0.001218781 0.001938153 0.003822636 0.00797468 0.007745492 0.006503133 0.005020206 0.003886912 0.003000807 0.002585496 0.002463496 0.002058605 0.001857395 0.002158567 0.00231677 0.002247366 0.002436231 0.002890581 0.002821314 0.002132726 0.0018123 0.001453152 0.001677681 0.002179712 0.002838818 0.003579945 0.004779786 0.006798554 0.009707293 0.01412456 0.02001482 0.01594795 0.01386828 0.01469536 0.0118504 0.01158271 0.01615564 0.02097096 0.02256523 0.01994216 0.02020382 0.02004241 0.0272548 0.03645053 0.04690278 0.05489594 0.05665309 0.05769574 0.04347223 0.04542356 0.04997084 0.03904986 0.03548735
0.003523733 0.003063182 0.002474295 0.001800223 0.001411397 0.001131643 0.001991475 0.004638388 0.009444633 0.008381157 0.006282939 0.004799728 0.003596854 0.002838529 0.002276868 0.001880782 0.001437267 0.001304376 0.001591861 0.001858261 0.002114986 0.002572274 0.003270609 0.003336372 0.002420021 0.002068332 0.001636433 0.001495277 0.00179346 0.002393221 0.003509197 0.004895665 0.006509169 0.008361795 0.01156756 0.01990039 0.0229423 0.01835864 0.01163122 0.01053759 0.01059428 0.01375208 0.01686713 0.02035093 0.0193479 0.01855664 0.02149056 0.02635293 0.03700565 0.04882027 0.05272114 0.06061901 0.06457843 0.06219327 0.06186128 0.05972543 0.05292827 0.050721
0.0023558 0.002280699 0.002125245 0.001762741 0.001243148 0.001067219 0.001991607 0.004441467 0.008933356 0.008113792 0.005792984 0.004450454 0.00338864 0.002522016 0.001967161 0.001575975 0.001138177 0.001007155 0.001319925 0.001680529 0.002215384 0.002759194 0.003713202 0.003678478 0.002919067 0.002222063 0.00186409 0.001456299 0.001652726 0.002376296 0.003256931 0.004619651 0.0062226 0.007825449 0.0113083 0.01771541 0.02653453 0.02236581 0.01540259 0.01057599 0.009158843 0.01147702 0.01388014 0.01558275 0.01547539 0.01575434 0.02144853 0.02795651 0.03536534 0.04265076 0.04854861 0.05205619 0.05842237 0.05909702 0.06020591 0.05645283 0.0523727 0.04628408
0.00165052 0.001634125 0.001456187 0.001365143 0.001197966 0.001057523 0.001890676 0.004269911 0.008541545 0.007543997 0.005603356 0.004160699 0.003117417 0.00232703 0.001843458 0.001364751 0.0009798481 0.0008985209 0.001202193 0.001577794 0.002153727 0.003092249 0.00408376 0.004417554 0.003174708 0.002575904 0.002123553 0.001717912 0.001572949 0.002111815 0.002926967 0.004139436 0.005502598 0.007432156 0.01105111 0.01701398 0.02750238 0.02450498 0.01643157 0.01017559 0.007839796 0.009678757 0.01097102 0.01194754 0.01231517 0.01601105 0.01595045 0.01961554 0.02788971 0.02960862 0.03896569 0.0491374 0.05047417 0.04759037 0.04154192 0.04247874 0.04086596 0.03713483
0.001150575 0.001211378 0.001168502 0.001284923 0.001114755 0.001020911 0.001900112 0.004099412 0.008334561 0.007142559 0.005403063 0.004105735 0.00295206 0.002141607 0.001599274 0.001214095 0.0008467618 0.0007643792 0.001134295 0.001601546 0.002307669 0.003125141 0.004175029 0.004428366 0.003714952 0.002813684 0.00228362 0.001925859 0.001566863 0.00196173 0.002574614 0.003586585 0.004317035 0.006571894 0.009438707 0.01520447 0.026641 0.02885399 0.01787444 0.009736888 0.006859099 0.008001986 0.009417053 0.01036141 0.0106265 0.01235937 0.01482627 0.0184371 0.02312205 0.02619305 0.03513647 0.04173029 0.04152297 0.0355714 0.03123215 0.03051548 0.03149371 0.03186424
0.00100341 0.0009991367 0.00102708 0.001085215 0.001056656 0.0009821708 0.001700894 0.003593555 0.007849004 0.007199541 0.005427307 0.003884164 0.002862699 0.002103242 0.001494295 0.001049449 0.0007417637 0.0006173243 0.000763189 0.00114586 0.00162519 0.002296152 0.003037379 0.003196197 0.002562279 0.00214216 0.001783381 0.001542509 0.00130424 0.001810478 0.002404611 0.003426339 0.004968246 0.006537362 0.009178493 0.01474275 0.02452211 0.02757672 0.01705969 0.009144957 0.006028976 0.007248593 0.007857765 0.008180704 0.009026246 0.01004709 0.01307613 0.01617252 0.01979211 0.02536876 0.03054032 0.03467023 0.03443445 0.03162102 0.02602244 0.0229855 0.02428187 0.02462418
0.0009230519 0.0008481168 0.0008381028 0.001073132 0.0009992979 0.0008793503 0.001433449 0.002826492 0.005925383 0.006978772 0.005218207 0.003717958 0.002738252 0.001858726 0.001444525 0.001090276 0.0007066454 0.0004863503 0.0004902391 0.0005710472 0.0007600831 0.001041022 0.001415154 0.001537829 0.001346833 0.001074779 0.0009868513 0.0009332994 0.00114959 0.001716577 0.002492378 0.003116803 0.004852307 0.006419661 0.009150798 0.0139797 0.0230191 0.02249719 0.01420946 0.008403638 0.005839626 0.006905197 0.007314197 0.007419064 0.007763988 0.008845305 0.01169712 0.01430624 0.0179929 0.02092599 0.02399096 0.02741917 0.02537426 0.02368605 0.02057762 0.01809911 0.01754782 0.01978949
0.0008750987 0.0008443811 0.0008705255 0.001109439 0.0009408201 0.0007395217 0.001283527 0.002251405 0.004352175 0.006366367 0.005270032 0.003837775 0.002782127 0.001977968 0.001515691 0.0009802661 0.0006830177 0.0004942144 0.000432349 0.0003706829 0.0003952241 0.000524727 0.0006616076 0.0006523786 0.0006079481 0.0005467498 0.000613016 0.000896155 0.001181525 0.00168324 0.002350209 0.00346483 0.004867715 0.006160108 0.009417844 0.01482201 0.02112637 0.01716514 0.01192813 0.007496256 0.005659624 0.00669984 0.00741376 0.007269582 0.007567743 0.008342803 0.01052689 0.0132908 0.01442432 0.01597158 0.01747332 0.02002702 0.02072819 0.01867664 0.01732609 0.01463658 0.01348578 0.01478223
0.0008518302 0.0008503562 0.0008586151 0.0008593196 0.0007449323 0.0007131295 0.001113194 0.001900311 0.003248284 0.005470296 0.005023276 0.003627881 0.002681272 0.001827667 0.001403293 0.001020634 0.0007077971 0.0004235857 0.0003969939 0.0003667158 0.0003263783 0.0003069846 0.0003321125 0.0003577574 0.0003602718 0.0005187799 0.0006764549 0.000893851 0.001196093 0.00177168 0.002486901 0.003551686 0.004878676 0.006530002 0.009382279 0.01585726 0.01702814 0.01377286 0.01015334 0.00724378 0.005430498 0.006410597 0.006889452 0.006781658 0.00690422 0.007992165 0.01055311 0.01129408 0.01130892 0.01360901 0.01406382 0.01455552 0.01468669 0.01415174 0.01207742 0.01168136 0.01020422 0.01036276
0.001016576 0.0009040225 0.0009030674 0.0008483676 0.0007766205 0.0007288626 0.0009761526 0.001480258 0.002295359 0.003514766 0.003694995 0.002743591 0.002367526 0.001935445 0.00151363 0.001073755 0.0006661895 0.0004646526 0.0003971962 0.0003523034 0.0003241686 0.000297946 0.0002769807 0.0002729962 0.000372413 0.0004944098 0.0006809017 0.0009087545 0.001224692 0.001796025 0.002725519 0.003844316 0.005218863 0.006911527 0.01018987 0.01434346 0.01256852 0.01070243 0.008373148 0.006426087 0.005379821 0.006409617 0.006813412 0.006506857 0.006061917 0.006444848 0.007124167 0.0078894 0.008229565 0.009049948 0.01032192 0.01116116 0.01058973 0.009763096 0.009531493 0.008504977 0.008248525 0.00869423
