ABM/maxent_174200.txt
ncols         174
nrows         200
xllcorner     108.56185392851
yllcorner     27.750063881946
cellsize      0.00144717254
NODATA_value  -9999
[rows 104 to 129 of 200, columns 116 to 173 of 174]
0.01998565 0.01932445 0.01638593 0.0167979 0.01853952 0.0180031 0.0143097 0.01207419 0.009192805 0.008777156 0.007689731 0.006407887 0.005904614 0.005427579 0.006848514 0.007292384 0.00904277 0.01162644 0.01302148 0.0153067 0.01455975 0.01418854 0.01375408 0.01441451 0.01562974 0.01843562 0.02550275 0.02604047 0.02634372 0.02472774 0.02224067 0.0230876 0.03218855 0.03896623 0.04764401 0.04335282 0.03860581 0.0312278 0.04308802 0.07164069 0.08668574 0.1101123 0.111926 0.1026765 0.09146783 0.08757818 0.08460297 -9999 -9999 -9999 -9999 -9999 -9999 -9999 -9999 -9999 -9999 -9999
0.01807333 0.01706058 0.01571926 0.0149241 0.01468902 0.01499935 0.01479825 0.01174967 0.009879948 0.009926704 0.008889058 0.007671145 0.005772636 0.005763158 0.006467024 0.00829881 0.00915411 0.009919959 0.01128794 0.01210861 0.0154436 0.01557428 0.01453794 0.01604215 0.01596341 0.02213021 0.02704044 0.0230646 0.02234184 0.02150525 0.02361026 0.02922258 0.03491975 0.05140122 0.0552515 0.04610931 0.03601745 0.03152223 0.04092105 0.05923098 0.07107087 0.1007994 0.09770357 0.0873715 0.08298491 0.0705422 0.06826604 -9999 -9999 -9999 -9999 -9999 -9999 -9999 -9999 -9999 -9999 -9999
0.01747063 0.01580832 0.01405768 0.01221163 0.0132115 0.01488001 0.01291096 0.01272119 0.01123643 0.01037006 0.009552025 0.008543272 0.007492182 0.008541872 0.008972285 0.008627512 0.009309071 0.009722929 0.01114802 0.01117975 0.01418612 0.01526942 0.01638923 0.01737304 0.0238744 0.02776462 0.02760443 0.02329571 0.0248065 0.02478615 0.02776512 0.03568582 0.04575384 0.06201006 0.0571425 0.04856193 0.04607045 0.03816513 0.04248767 0.04373524 0.05282909 0.08083716 0.07891262 0.07771302 0.07081773 0.06176958 0.05746825 -9999 -9999 -9999 -9999 -9999 -9999 -9999 -9999 -9999 -9999 -9999
0.01909065 0.01417624 0.01190957 0.01042495 0.009745734 0.01086103 0.01063046 0.01305894 0.01161925 0.009053351 0.009635804 0.008455852 0.008769573 0.007081881 0.005734938 0.007288918 0.009196846 0.009531402 0.01131308 0.01241391 0.01354945 0.01261756 0.0160998 0.0189646 0.023967 0.02743338 0.03120667 0.02971557 0.02816705 0.03181881 0.03897128 0.05224678 0.05970325 0.05076475 0.04906189 0.04329707 0.04579749 0.04505344 0.04126427 0.03601841 0.03960443 0.06146434 0.05779771 0.06105726 0.05964126 -9999 -9999 -9999 -9999 -9999 -9999 -9999 -9999 -9999 -9999 -9999 -9999 -9999
0.03383745 0.02406273 0.01766445 0.01131155 0.008082461 0.008678403 0.008570032 0.009233266 0.008116247 0.008672734 0.008200694 0.008058667 0.008924006 0.008661748 0.008134193 0.006998429 0.008457822 0.009361098 0.01057368 0.01161418 0.01287359 0.01344145 0.01413498 0.01804486 0.02109401 0.02540805 0.03294646 0.03456396 0.03686095 0.04035657 0.05440722 0.05851585 0.0587134 0.04569869 0.04437308 0.03914142 0.0360692 0.0380938 0.03315316 0.02969938 0.03899086 0.03426672 0.04137683 0.03529469 -9999 -9999 -9999 -9999 -9999 -9999 -9999 -9999 -9999 -9999 -9999 -9999 -9999 -9999
0.06620872 0.04327913 0.02761773 0.01450947 0.008551413 0.006790937 0.007003587 0.00680898 0.005807457 0.009573768 0.01022716 0.008931255 0.007938047 0.007383261 0.007314345 0.008647337 0.008589269 0.008569736 0.01006704 0.009598286 0.01100121 0.01133331 0.01150712 0.01557686 0.01944301 0.02393068 0.02791456 0.03384585 0.04347172 0.04757783 0.04192753 0.04665914 0.04704975 0.04669404 0.04829839 0.04237019 0.03938051 0.0378889 0.0357108 0.03149256 0.03054892 0.03184441 0.03584404 0.0373148 -9999 -9999 -9999 -9999 -9999 -9999 -9999 -9999 -9999 -9999 -9999 -9999 -9999 -9999
0.1195459 0.07934977 0.04623695 0.02080348 0.01105649 0.006302101 0.005120174 0.005642304 0.005969683 0.008449446 0.006449226 0.005859462 0.008330557 0.007226326 0.007300998 0.007232648 0.006012447 0.007553798 0.008825101 0.009854842 0.01010516 0.009052296 0.009963199 0.01308611 0.01794388 0.02063932 0.02449376 0.03011069 0.03522225 0.03925206 0.04469232 0.04776698 0.04562241 0.04063059 0.04210667 0.04023267 0.04221169 0.04401592 0.04183022 0.03927178 0.03932976 0.04181384 0.04147461 0.03994453 -9999 -9999 -9999 -9999 -9999 -9999 -9999 -9999 -9999 -9999 -9999 -9999 -9999 -9999
0.1756781 0.1268435 0.0808932 0.03737116 0.0193328 0.01084597 0.007204978 0.006024921 0.00603495 0.007165984 0.006366091 0.006180014 0.008557192 0.007382667 0.008278116 0.007476903 0.006262458 0.007467975 0.007968403 0.01053297 0.01080245 0.01118537 0.01155176 0.0139789 0.01530014 0.02216559 0.02291994 0.02456575 0.0287968 0.03073555 0.03508057 0.03883464 0.03888236 0.03562478 0.03783653 0.041198 0.04203673 0.03952231 0.038685 0.03974131 0.0394516 -9999 -9999 -9999 -9999 -9999 -9999 -9999 -9999 -9999 -9999 -9999 -9999 -9999 -9999 -9999 -9999 -9999
0.1761369 0.1773082 0.1237627 0.07012697 0.03426979 0.02003006 0.01033309 0.00655353 0.0066555 0.00599887 0.005782764 0.00653469 0.007318397 0.008612755 0.01001857 0.009840761 0.008703664 0.009246503 0.008319481 0.01055647 0.01171188 0.01159256 0.01212507 0.01481762 0.01839241 0.01997834 0.01857176 0.01720958 0.02101882 0.0248107 0.02565234 0.02938168 0.0341193 0.03419073 0.03329545 0.03476587 0.0346563 0.03036933 0.03416593 0.03632353 -9999 -9999 -9999 -9999 -9999 -9999 -9999 -9999 -9999 -9999 -9999 -9999 -9999 -9999 -9999 -9999 -9999 -9999
0.134468 0.1640826 0.1521105 0.08672622 0.04731113 0.02926773 0.01762134 0.009892616 0.006674694 0.005746593 0.006115765 0.006406567 0.006293948 0.00742797 0.008857816 0.009952045 0.008916156 0.008796687 0.01080256 0.009949886 0.01198618 0.01167518 0.01117223 0.01361811 0.01508014 0.01430826 0.0140341 0.01480659 0.01712332 0.02209466 0.0207609 0.0233438 0.0279737 0.02833136 0.02846546 0.02916186 0.02860147 0.02588649 0.0283908 -9999 -9999 -9999 -9999 -9999 -9999 -9999 -9999 -9999 -9999 -9999 -9999 -9999 -9999 -9999 -9999 -9999 -9999 -9999
0.1111707 0.132348 0.1445815 0.1073011 0.06299705 0.03558566 0.02354891 0.01433259 0.008973199 0.005492981 0.004601433 0.004792795 0.005718505 0.008151401 0.01067186 0.0113139 0.01122223 0.01088926 0.009779232 0.01126042 0.01285565 0.01312912 0.01218528 0.01166022 0.01214721 0.01321418 0.01334631 0.01247527 0.01405057 0.02004219 0.02232676 0.02022139 0.01930661 0.02308729 0.02436593 0.02415342 0.02340308 0.0222727 -9999 -9999 -9999 -9999 -9999 -9999 -9999 -9999 -9999 -9999 -9999 -9999 -9999 -9999 -9999 -9999 -9999 -9999 -9999 -9999
0.08364322 0.1039188 0.1082766 0.1067594 0.09388863 0.07583027 0.03865986 0.02190927 0.01450761 0.007382053 0.00464989 0.004991803 0.005888303 0.006884606 0.008510423 0.00898529 0.01080007 0.008470185 0.00934054 0.01039693 0.01297667 0.0137453 0.01228245 0.01149698 0.01159623 0.01130621 0.01060026 0.01042332 0.01183573 0.01679728 0.02049581 0.02058398 0.01850453 0.01855646 0.02138542 0.02220588 -9999 -9999 -9999 -9999 -9999 -9999 -9999 -9999 -9999 -9999 -9999 -9999 -9999 -9999 -9999 -9999 -9999 -9999 -9999 -9999 -9999 -9999
0.06914628 0.07825678 0.06991661 0.0888158 0.1257003 0.1545147 0.08559476 0.04213191 0.02093327 0.00977141 0.005009285 0.004094819 0.005204569 0.005809793 0.006956291 0.008084859 0.008670281 0.007940026 0.00813869 0.01033172 0.01272378 0.01238156 0.01424394 0.01430198 0.01300583 0.01248058 0.01146184 0.01054024 0.01112198 0.01581933 0.01875602 0.01988787 0.01864236 0.0179674 0.0175608 -9999 -9999 -9999 -9999 -9999 -9999 -9999 -9999 -9999 -9999 -9999 -9999 -9999 -9999 -9999 -9999 -9999 -9999 -9999 -9999 -9999 -9999 -9999
0.06168907 0.06918671 0.06897568 0.0973366 0.1377581 0.159221 0.08913092 0.04476653 0.021717 0.009431125 0.005501459 0.003357275 0.00274438 0.00416395 0.00521893 0.006406874 0.007782583 0.007608772 0.008296768 0.009398174 0.01113318 0.01110224 0.01005263 0.01722538 0.01596553 0.01546975 0.01416838 0.01360619 0.01451286 0.01363402 0.01642971 0.02137954 0.02140194 0.01936659 -9999 -9999 -9999 -9999 -9999 -9999 -9999 -9999 -9999 -9999 -9999 -9999 -9999 -9999 -9999 -9999 -9999 -9999 -9999 -9999 -9999 -9999 -9999 -9999
0.05611776 0.0597093 0.08690871 0.09545629 0.1255742 0.1450724 0.08891745 0.05396882 0.02692785 0.008812389 0.006128062 0.004301981 0.003720036 0.003303476 0.004037345 0.005071699 0.005837697 0.006332883 0.006807321 0.008447839 0.009409009 0.0109354 0.0102448 0.0139237 0.02187419 0.02156188 0.02132224 0.02051675 0.02078695 0.01918677 0.01747734 0.02069014 0.02199556 0.02152255 0.01923177 -9999 -9999 -9999 -9999 -9999 -9999 -9999 -9999 -9999 -9999 -9999 -9999 -9999 -9999 -9999 -9999 -9999 -9999 -9999 -9999 -9999 -9999 -9999
0.05267848 0.06181312 0.07572934 0.09586232 0.1250152 0.1269064 0.06920396 0.04563307 0.02180613 0.0129042 0.005917859 0.005379203 0.005962549 0.004747131 0.004495587 0.004415109 0.004729557 0.005487151 0.006384783 0.007409184 0.007854541 0.01012021 0.01006342 0.0156833 0.02614962 0.0323793 0.03220583 0.03248025 0.03097264 0.03054748 0.02515919 0.02285895 0.02417585 0.02178426 -9999 -9999 -9999 -9999 -9999 -9999 -9999 -9999 -9999 -9999 -9999 -9999 -9999 -9999 -9999 -9999 -9999 -9999 -9999 -9999 -9999 -9999 -9999 -9999
0.06487554 0.06297015 0.0635541 0.08789915 0.1103613 0.0934557 0.05699601 0.04046918 0.02197136 0.01452659 0.01179506 0.007461287 0.006360285 0.006369374 0.005381504 0.004950589 0.004568049 0.005114003 0.005915163 0.006114975 0.006767136 0.008677682 0.01152973 0.01976359 0.03177731 0.04316305 0.04531558 0.04358217 0.04347164 0.04414196 0.03928175 0.0360261 -9999 -9999 -9999 -9999 -9999 -9999 -9999 -9999 -9999 -9999 -9999 -9999 -9999 -9999 -9999 -9999 -9999 -9999 -9999 -9999 -9999 -9999 -9999 -9999 -9999 -9999
0.07117175 0.06798483 0.07049675 0.07595537 0.08967333 0.06922349 0.06546995 0.04701667 0.02670601 0.02256296 0.01273328 0.00715266 0.007516565 0.007276029 0.007869829 0.008110445 0.008923974 0.0108448 0.008668214 0.007468938 0.006805826 0.007558447 0.01155797 0.02066041 0.03206781 0.04641134 0.05129412 0.04847528 0.04463163 0.04357589 0.03971996 0.03491971 0.0279258 -9999 -9999 -9999 -9999 -9999 -9999 -9999 -9999 -9999 -9999 -9999 -9999 -9999 -9999 -9999 -9999 -9999 -9999 -9999 -9999 -9999 -9999 -9999 -9999 -9999
0.07903684 0.06793329 0.08035454 0.08019859 0.08486692 0.08627373 0.06056277 0.03570616 0.03378728 0.01901602 0.01032196 0.01022915 0.009134686 0.01027377 0.01198891 0.01386584 0.01598127 0.01530473 0.01390357 0.01092633 0.007986397 0.008269154 0.01167595 0.01964507 0.0325021 0.04597579 0.05918545 0.05416547 0.04994016 0.04903222 0.04365042 0.03524779 0.03662634 0.04750459 0.06041145 0.07119668 -9999 -9999 -9999 -9999 -9999 -9999 -9999 -9999 -9999 -9999 -9999 -9999 -9999 -9999 -9999 -9999 -9999 -9999 -9999 -9999 -9999 -9999
0.09944695 0.09793497 0.09727902 0.0990357 0.1112562 0.09915034 0.06051525 0.04633875 0.03376674 0.01901562 0.01491891 0.01236655 0.01486979 0.01660167 0.0175382 0.01808817 0.01751588 0.01578092 0.01496121 0.01291854 0.009113361 0.008344334 0.01056388 0.01699427 0.02641553 0.03918928 0.05753631 0.05591376 0.0574099 0.05287154 0.04604435 0.04017185 0.03849838 0.05256233 0.0687604 -9999 -9999 -9999 -9999 -9999 -9999 -9999 -9999 -9999 -9999 -9999 -9999 -9999 -9999 -9999 -9999 -9999 -9999 -9999 -9999 -9999 -9999 -9999
0.1211282 0.1239424 0.1336876 0.1346879 0.1322309 0.117079 0.07462826 0.04756397 0.03459434 0.02322224 0.01511488 0.01455402 0.01714871 0.01737547 0.01767748 0.01696555 0.01549827 0.01509961 0.01229858 0.01005695 0.009697979 0.008983593 0.008988103 0.01496225 0.02131346 0.04226392 0.0555142 0.06338917 0.06015174 0.05470916 0.05368875 0.04576803 0.03918995 0.05312946 0.06057145 -9999 -9999 -9999 -9999 -9999 -9999 -9999 -9999 -9999 -9999 -9999 -9999 -9999 -9999 -9999 -9999 -9999 -9999 -9999 -9999 -9999 -9999 -9999
0.1438268 0.143562 0.1636808 0.1610094 0.166038 0.1377627 0.07823803 0.05202056 0.03630965 0.02457283 0.015559 0.01373963 0.01589188 0.01901714 0.01909688 0.01621873 0.01481299 0.01469042 0.01155659 0.009573362 0.01063751 0.01003359 0.009173173 0.01215479 0.01961646 0.03204787 0.04936249 0.05946418 0.05935504 0.05630262 0.04920092 0.04210345 0.04233498 0.0473462 0.05176202 -9999 -9999 -9999 -9999 -9999 -9999 -9999 -9999 -9999 -9999 -9999 -9999 -9999 -9999 -9999 -9999 -9999 -9999 -9999 -9999 -9999 -9999 -9999
0.1529052 0.1625222 0.1893157 0.1948386 0.1861063 0.1510761 0.0825312 0.05132485 0.03428371 0.0228174 0.01539999 0.01278888 0.01569102 0.01818641 0.01809362 0.01679118 0.016968 0.01528199 0.01404596 0.01483661 0.01479745 0.01241351 0.01104648 0.01124145 0.01630155 0.02531442 0.04331511 0.0569342 0.06172122 0.06063286 0.05960853 0.0536361 0.05002851 0.0619135 0.07270011 -9999 -9999 -9999 -9999 -9999 -9999 -9999 -9999 -9999 -9999 -9999 -9999 -9999 -9999 -9999 -9999 -9999 -9999 -9999 -9999 -9999 -9999 -9999
0.161638 0.1755456 0.1984786 0.1954565 0.2007529 0.1554423 0.08866073 0.05681818 0.03546315 0.02268125 0.01415 0.01208952 0.01399891 0.01700481 0.01826826 0.02047284 0.01888928 0.01835451 0.02071373 0.01894222 0.01688465 0.01229783 0.0134688 0.01453789 0.01427843 0.02099652 0.03928608 0.05807969 0.06983753 0.06983014 0.06658947 0.06383492 0.07192264 0.07904267 0.0796078 -9999 -9999 -9999 -9999 -9999 -9999 -9999 -9999 -9999 -9999 -9999 -9999 -9999 -9999 -9999 -9999 -9999 -9999 -9999 -9999 -9999 -9999 -9999
0.1290817 0.141255 0.1647643 0.1810223 0.1713111 0.1319871 0.07928929 0.04961076 0.0328236 0.0222316 0.01433124 0.01226177 0.01407756 0.01724731 0.01942318 0.02269301 0.02267779 0.02481231 0.02247216 0.02056434 0.01767152 0.01588014 0.01705349 0.01594832 0.01426441 0.01934851 0.03816152 0.05914478 0.07358713 0.07125683 0.06746574 0.07286242 0.06924365 0.07208002 -9999 -9999 -9999 -9999 -9999 -9999 -9999 -9999 -9999 -9999 -9999 -9999 -9999 -9999 -9999 -9999 -9999 -9999 -9999 -9999 -9999 -9999 -9999 -9999
0.09215199 0.1106179 0.1181898 0.1234708 0.1134502 0.08945148 0.05458338 0.04218369 0.03057472 0.02063224 0.01532394 0.01302826 0.01530362 0.01792945 0.02047712 0.02373186 0.02599091 0.02626649 0.02121733 0.01815495 0.01634649 0.0161659 0.01574035 0.01461778 0.01461188 0.01797547 0.02011171 0.04055407 0.06512456 0.07196163 0.06986122 0.07110329 0.06616475 -9999 -9999 -9999 -9999 -9999 -9999 -9999 -9999 -9999 -9999 -9999 -9999 -9999 -9999 -9999 -9999 -9999 -9999 -9999 -9999 -9999 -9999 -9999 -9999 -9999
