ABM/maxent_87100.txt
ncols         87
nrows         100
xllcorner     108.56185392851
yllcorner     27.750063881946
cellsize      0.00289434508
NODATA_value  -9999
[rows 27 to 53 of 100, columns 0 to 59 of 87]
-9999 -9999 -9999 -9999 -9999 -9999 -9999 -9999 -9999 -9999 -9999 -9999 -9999 0.001550382 0.001724275 0.001881864 0.002060293 0.002294127 0.002443571 0.00259078 0.002740802 0.002827561 0.003006918 0.003762739 0.008522537 0.02430221 0.04490336 0.069301 0.09274968 0.1203737 0.1695909 0.2501451 0.3438102 0.3933549 0.394682 0.3553381 0.2961636 0.1979156 0.09885003 0.03896645 0.01812672 0.01211091 0.01021275 0.01108666 0.01452696 0.02134562 0.03375239 0.05937749 0.1172195 0.1793733 0.2383262 0.2755318 0.2972196 0.2922076 0.2852178 0.2921607 0.3214349 0.3696643 0.432236 0.516992
-9999 -9999 -9999 -9999 -9999 -9999 -9999 -9999 -9999 -9999 -9999 -9999 0.001480448 0.001585455 0.001730042 0.001925568 0.002148144 0.002301653 0.002511023 0.002725186 0.002810194 0.00277295 0.002704376 0.00295109 0.005995148 0.0147713 0.02637194 0.0478921 0.06970694 0.1037396 0.1597015 0.2456459 0.3457641 0.4089596 0.4203059 0.3872807 0.3166755 0.2019494 0.09925589 0.0422047 0.02115198 0.01383778 0.01135833 0.01237872 0.01730464 0.02713156 0.04492231 0.07973085 0.1514335 0.2253542 0.2830291 0.3295255 0.3595232 0.3520389 0.3392246 0.338881 0.3599361 0.4008537 0.4536494 0.5173139
-9999 -9999 -9999 -9999 -9999 -9999 -9999 -9999 -9999 -9999 -9999 -9999 0.001540299 0.001680588 0.001769455 0.001946013 0.002166594 0.002412559 0.002654473 0.002818948 0.002804099 0.002739366 0.002620124 0.002729311 0.005044804 0.01248449 0.02069815 0.03207849 0.05041095 0.08197418 0.1399768 0.2282072 0.3228375 0.387123 0.4064105 0.3729354 0.2963605 0.1894604 0.09317424 0.04179012 0.02288443 0.01496467 0.01238922 0.01355235 0.01925134 0.03168526 0.05295115 0.09286387 0.1635022 0.2351516 0.2923239 0.3443606 0.3806859 0.3812771 0.3706386 0.3771534 0.3951666 0.4254053 0.4580709 0.4952542
-9999 -9999 -9999 -9999 -9999 0.001170139 0.001225358 0.001302408 0.001359494 0.001449503 0.001525059 0.001606699 0.00168368 0.001711456 0.0018036 0.001957479 0.002161883 0.002386592 0.002585993 0.002687707 0.002664489 0.00259314 0.002489168 0.002560241 0.004524195 0.01062955 0.01807487 0.0265717 0.03737308 0.05971205 0.1104713 0.1819998 0.2596132 0.3199671 0.3406598 0.3121013 0.238175 0.1479309 0.07392614 0.03475745 0.02042676 0.01436706 0.01235987 0.01324889 0.01852045 0.03048898 0.05210677 0.09252337 0.1577981 0.2222873 0.2752659 0.3236138 0.3606371 0.3777857 0.3829387 0.3994956 0.4259162 0.4541862 0.4718292 0.4826764
-9999 -9999 -9999 -9999 -9999 0.001029918 0.0010975 0.00120657 0.001356367 0.00153254 0.00168337 0.001776051 0.001799088 0.00180434 0.001844008 0.001878947 0.002024642 0.002201675 0.002373273 0.002455742 0.002399778 0.00239157 0.002376587 0.002476303 0.004566881 0.009989008 0.01668262 0.02363019 0.03008778 0.04197589 0.07435179 0.1239374 0.188934 0.2327589 0.2466279 0.2248015 0.1691433 0.100561 0.05203272 0.02770767 0.01829377 0.01399718 0.01230455 0.01263817 0.01649317 0.02596479 0.0443703 0.07207255 0.1255316 0.1801825 0.2393395 0.2846249 0.3208509 0.3408051 0.369086 0.4069167 0.4540469 0.4908012 0.503832 0.4842994
-9999 -9999 -9999 -9999 0.0008625143 0.0009276732 0.001033857 0.001189481 0.001374399 0.001590149 0.001815343 0.001923972 0.001902049 0.00186621 0.001857749 0.001834315 0.00189266 0.002035033 0.002233056 0.002340873 0.002367653 0.002419211 0.002460007 0.002956664 0.006000001 0.01136776 0.01688822 0.02216418 0.0277418 0.03415817 0.05084728 0.08032453 0.1217655 0.1471398 0.1573272 0.1395303 0.1033255 0.06117797 0.03473317 0.02230811 0.01723938 0.01407234 0.0121973 0.0115723 0.01346935 0.0193219 0.03161284 0.05074796 0.08630218 0.1240576 0.1709171 0.2067583 0.2480877 0.2921458 0.3529697 0.4132657 0.4796663 0.5238666 0.5388535 0.4994359
-9999 -9999 -9999 0.0006397777 0.0007204958 0.000818301 0.000940605 0.001144451 0.001369806 0.001625163 0.001874828 0.002003287 0.001962204 0.001893825 0.001829091 0.001783435 0.001804558 0.002023661 0.002285727 0.002458967 0.002551818 0.002660985 0.002945847 0.004439566 0.008473597 0.01393005 0.01883657 0.0233366 0.02777139 0.03211232 0.04078662 0.0560413 0.07646181 0.08864868 0.09499481 0.08300585 0.06307825 0.04241651 0.02959871 0.02237926 0.0181407 0.01478739 0.01228505 0.01056255 0.01088416 0.01373891 0.02032812 0.03127659 0.04760303 0.06674902 0.09826722 0.1228311 0.158728 0.2220616 0.3148066 0.4057269 0.4873493 0.5410441 0.5477781 0.4935839
-9999 -9999 -9999 0.0005465972 0.0005987746 0.0007075389 0.0008483798 0.001050788 0.001300707 0.00157512 0.001845399 0.001986791 0.001950407 0.001844069 0.00176996 0.001764877 0.001849148 0.002070473 0.002406902 0.002680119 0.002841925 0.003031929 0.003765299 0.0064114 0.01120579 0.01676779 0.02126876 0.02562248 0.02924354 0.03213673 0.03645763 0.04438275 0.05417066 0.06032843 0.06267156 0.05661453 0.0471435 0.03726359 0.02944752 0.0235491 0.01907679 0.01523285 0.01197421 0.009424433 0.008575178 0.009522177 0.01249939 0.01774979 0.02560157 0.03610263 0.05083084 0.06936491 0.09946975 0.1667833 0.2750046 0.3814727 0.4688213 0.5232323 0.5239932 0.4629023
-9999 -9999 0.0004183624 0.0004439901 0.0004982867 0.0005637527 0.000713428 0.0009256145 0.00116638 0.001417542 0.001673588 0.0018042 0.00181178 0.001741882 0.001660499 0.00164943 0.00184027 0.002183198 0.002570746 0.002869411 0.003079491 0.003495877 0.004841871 0.008205174 0.01371703 0.01902826 0.0237548 0.02814052 0.03073784 0.03146355 0.03362792 0.03814638 0.04399829 0.04787174 0.04873861 0.04536157 0.04045533 0.03454512 0.02933165 0.02431628 0.01957439 0.01515295 0.01131356 0.008133954 0.006550851 0.006530839 0.007795107 0.01016671 0.01424999 0.02067084 0.03068314 0.0466857 0.07332124 0.132407 0.2398871 0.3508818 0.4290456 0.4717339 0.4740664 0.4163472
-9999 -9999 0.0003183534 0.000359825 0.0003919439 0.0004636357 0.0005886912 0.000785806 0.00100187 0.001239746 0.001439671 0.001549029 0.001564315 0.001507898 0.001493172 0.001578271 0.001784631 0.00218927 0.002625565 0.002972455 0.003171409 0.003724037 0.005481676 0.009465724 0.01561591 0.02096803 0.02514139 0.02886095 0.0307745 0.02997351 0.03034048 0.03195661 0.03625104 0.03920726 0.04007308 0.03810865 0.03605627 0.03314349 0.0293315 0.02429304 0.01924041 0.01428854 0.01008047 0.006573918 0.004769072 0.00430455 0.004930038 0.006430807 0.00932388 0.01401122 0.02209981 0.03633375 0.06101395 0.1141347 0.2108181 0.3043947 0.3678034 0.4023842 0.4108143 0.3622483
-9999 -9999 -9999 0.0002886655 0.0003134851 0.0003831318 0.0004862103 0.0006500573 0.0008423284 0.001029699 0.00116095 0.001254243 0.001292468 0.0012471 0.001264918 0.001445288 0.001738545 0.002154887 0.002584463 0.002890576 0.003046237 0.003587821 0.005582225 0.01025093 0.01645052 0.02113427 0.02529922 0.02796379 0.02855207 0.02770928 0.02721502 0.02689015 0.02894994 0.03241909 0.03499862 0.03705704 0.03946983 0.03921615 0.03335803 0.0264208 0.01946216 0.01350496 0.008722544 0.005129188 0.003320756 0.002811274 0.003201781 0.004519613 0.007080035 0.01159449 0.01903973 0.03212877 0.05442443 0.09932166 0.1768789 0.2468774 0.2936755 0.3234463 0.3331507 0.2978199
-9999 -9999 0.0002154469 0.0002301194 0.0002574525 0.000309403 0.0004022118 0.0005354772 0.0006779547 0.0008266467 0.0009521766 0.001039209 0.001064881 0.001081497 0.001146702 0.001303171 0.001571832 0.001987015 0.002397125 0.002718714 0.002881033 0.003325496 0.005362291 0.01021769 0.01626244 0.02057657 0.02412567 0.02586794 0.026113 0.02552243 0.02517224 0.02512773 0.02717977 0.03369806 0.04085311 0.05069121 0.05580779 0.05562994 0.04722716 0.03500514 0.02227918 0.01374448 0.008086027 0.004147519 0.002420075 0.001924191 0.002272518 0.003512274 0.006022158 0.0106859 0.01821888 0.03055943 0.04886546 0.08097766 0.1352638 0.1853833 0.2224603 0.2430719 0.2484268 0.2208452
-9999 -9999 0.0001852962 0.0001945662 0.0002186048 0.0002607379 0.0003328471 0.0004351447 0.0005526698 0.0006745764 0.0007834428 0.0008622513 0.0009073539 0.0009427879 0.001065663 0.001224092 0.001461459 0.001750565 0.002134731 0.002476274 0.002771279 0.003378215 0.006171609 0.0106374 0.01594936 0.01990821 0.02355565 0.02450472 0.02434788 0.02401892 0.02514605 0.02883747 0.03375097 0.04681775 0.06106013 0.07694729 0.07818284 0.07442688 0.06441587 0.04660862 0.02753534 0.01563391 0.008414778 0.003943396 0.00201442 0.001564101 0.001962659 0.003233487 0.005851455 0.01055804 0.01763994 0.02798849 0.0405423 0.06057624 0.09767606 0.1330635 0.1621338 0.1741554 0.1731826 0.1545544
-9999 0.0001705387 0.0001733632 0.0001797254 0.0001980363 0.0002347446 0.0002970733 0.0003837502 0.0004808218 0.0005849176 0.0006754303 0.0007534804 0.0008163679 0.000875151 0.0009912091 0.001181291 0.00140893 0.001685609 0.002124689 0.002607084 0.003120402 0.004394951 0.007459513 0.01180956 0.01583389 0.01964097 0.02245712 0.02285553 0.02256441 0.02346294 0.02704006 0.03685133 0.04756772 0.06674995 0.08744567 0.1000907 0.09669671 0.09048984 0.07695179 0.05623364 0.03429478 0.01861581 0.009574339 0.00433938 0.002105216 0.001601591 0.002065139 0.003500469 0.006250251 0.01085308 0.01690244 0.02421779 0.03288218 0.04455357 0.06610132 0.08562094 0.1066802 0.1117551 0.1098927 0.1037147
-9999 0.0001727471 0.0001740046 0.0001765419 0.0001897284 0.0002189853 0.0002684813 0.0003434645 0.000432298 0.0005249156 0.0006128256 0.0006913508 0.0007626893 0.0008449712 0.0009337735 0.001095387 0.001373394 0.001820964 0.002536727 0.003372496 0.004404512 0.00643154 0.009584163 0.01332308 0.0160571 0.01903365 0.02124186 0.02153584 0.02135123 0.02293095 0.02832499 0.03854742 0.05207051 0.07130346 0.09281752 0.1038342 0.1012533 0.09353145 0.08151145 0.06022071 0.03641089 0.01948963 0.01008312 0.004730873 0.002474871 0.001990365 0.002589998 0.004221044 0.007157584 0.01118292 0.01560342 0.02113645 0.02816512 0.03561998 0.04507659 0.05355046 0.06425168 0.06428823 0.06495841 0.06806309
0.0001743431 0.0001736453 0.0001734961 0.0001766608 0.0001865885 0.0002100979 0.0002527378 0.0003145013 0.0003900427 0.0004810168 0.0005745829 0.0006659476 0.000742689 0.0008039299 0.0008544969 0.0009777193 0.00128275 0.001951485 0.003038469 0.004241535 0.005723637 0.007870613 0.01101748 0.01380397 0.01622622 0.01887751 0.02011475 0.01990219 0.02009972 0.02249783 0.02998114 0.04075372 0.05434932 0.06761351 0.08554666 0.09752296 0.1008601 0.09628899 0.08280353 0.05789308 0.03246073 0.01766009 0.009672366 0.005204233 0.00318439 0.002738148 0.003434155 0.005270515 0.008088442 0.01131466 0.01508451 0.02004631 0.02549543 0.03118854 0.03619355 0.03820832 0.03917368 0.0372241 0.03762964 0.03902154
0.000177507 0.0001752167 0.0001778073 0.0001811683 0.0001890021 0.0002108515 0.0002531904 0.0003099849 0.0003771746 0.0004611679 0.0005445919 0.0006151631 0.0006865664 0.0007286395 0.0007525455 0.0008618496 0.001225588 0.002085041 0.003444486 0.004839445 0.006368345 0.008461545 0.01153481 0.01396525 0.01636996 0.01824531 0.01891581 0.01826834 0.01849894 0.02022866 0.02428914 0.03406753 0.04422951 0.06008446 0.07588205 0.08635465 0.08579579 0.0794921 0.06192438 0.04210633 0.02549185 0.01542335 0.009625767 0.006000113 0.004208595 0.003880308 0.004654044 0.006573965 0.008722465 0.01150403 0.01546779 0.0205186 0.02590381 0.03218032 0.03547926 0.03429205 0.03183126 0.03050626 0.02779424 0.02665581
-9999 0.0001898041 0.0001880612 0.0001897681 0.000201307 0.0002275268 0.0002744842 0.0003295007 0.0003890168 0.0004724628 0.0005576711 0.0006351394 0.0007063919 0.0007537778 0.0007944115 0.0008509855 0.001173318 0.002064978 0.003559684 0.005090221 0.006545876 0.00867488 0.0111394 0.01310136 0.01510065 0.01614317 0.01631295 0.01587775 0.01613252 0.01754513 0.02063722 0.02783131 0.03537114 0.04764811 0.05538435 0.061453 0.05971029 0.05392125 0.03979221 0.02815631 0.01936516 0.01373657 0.009946086 0.007193103 0.005686971 0.005352591 0.006102572 0.007556198 0.009105656 0.01218143 0.01733524 0.02319587 0.03028426 0.03565151 0.03642748 0.03385182 0.03106022 0.02730127 0.02117049 0.01675953
-9999 0.0002134757 0.0002106967 0.0002140476 0.0002242179 0.0002485749 0.0002962202 0.0003573948 0.0004314081 0.0005617907 0.0007231422 0.000896998 0.001176083 0.001378897 0.001444986 0.001448309 0.001707129 0.002438643 0.003760487 0.005230163 0.006759441 0.008568083 0.01026849 0.01175584 0.01292343 0.01364531 0.01383668 0.0137227 0.013867 0.01485238 0.01658228 0.01872762 0.0211059 0.02657163 0.02787077 0.03172211 0.02987281 0.02651171 0.02231021 0.01866877 0.01534895 0.0124971 0.01007338 0.008042291 0.006835993 0.006512825 0.006982387 0.007841329 0.009438301 0.01342897 0.02093572 0.02918693 0.03718714 0.04223184 0.03967468 0.03339712 0.02851975 0.02273324 0.015501 0.00963679
-9999 -9999 0.0002347264 0.0002351101 0.000247473 0.0002751712 0.0003242865 0.0004014233 0.0005161582 0.0007609449 0.001219843 0.001851005 0.002506596 0.002823086 0.003008087 0.003002772 0.003072618 0.00338254 0.004170128 0.005191254 0.00643071 0.007680695 0.008880824 0.009992406 0.01086241 0.01157572 0.01206025 0.01216682 0.01218054 0.01261784 0.01353041 0.01450697 0.01491325 0.01546998 0.01570462 0.01602977 0.01589827 0.01607266 0.01501362 0.01379487 0.01276214 0.01134817 0.009832727 0.008392824 0.007493137 0.007184333 0.007211893 0.007851388 0.01000467 0.01600242 0.02718407 0.0396244 0.04653211 0.04866848 0.04503685 0.03645569 0.02715816 0.01974209 0.01192989 0.007341939
-9999 0.0002476751 0.0002492771 0.0002504427 0.0002649458 0.000302696 0.000364007 0.0004795605 0.0007153229 0.001249373 0.002212403 0.003328813 0.004193197 0.004640165 0.004816565 0.004672218 0.004542659 0.004491766 0.004750193 0.005284323 0.006196695 0.007013435 0.007829105 0.008660065 0.009703873 0.01053499 0.01103665 0.01117546 0.0111138 0.01106939 0.01140437 0.01164891 0.01150315 0.01127648 0.01082024 0.01062516 0.01067408 0.01071044 0.01064599 0.0105624 0.01038828 0.009882193 0.00898343 0.008138149 0.007448545 0.007039945 0.006960529 0.007838771 0.01129681 0.02120011 0.03547303 0.04658706 0.05061821 0.05297922 0.04848231 0.03761138 0.02559098 0.01709457 0.01069677 0.007936583
-9999 0.0002654589 0.0002646854 0.0002732965 0.0002869004 -9999 0.0004125216 0.0006415895 0.001151065 0.002170924 0.003808218 0.005334498 0.006271779 0.006778139 0.006829972 0.006481674 0.006182862 0.005938965 0.005936965 0.006106513 0.006483308 0.006701065 0.007186778 0.007974304 0.008837495 0.009510405 0.01025716 0.01077558 0.01072805 0.01042436 0.01003304 0.009719879 0.009283953 0.008742975 0.008155865 0.007609518 0.007272992 0.007189242 0.007453865 0.007804587 0.008074457 0.008000928 0.007655071 0.007232977 0.006810661 0.006549621 0.00675443 0.008179354 0.01350833 0.0264156 0.0436333 0.05283704 0.05532051 0.05328405 0.04785665 0.03582933 0.02379327 0.0153003 0.01140932 0.009582129
-9999 -9999 -9999 -9999 -9999 -9999 -9999 0.0008431001 0.002045718 0.003920936 0.005975174 0.007615061 0.008616142 0.009307939 0.009258335 0.008651939 0.007977157 0.007473332 0.007248273 0.007094923 0.006934469 0.006589675 0.006704098 0.007114123 0.007755112 0.008664736 0.009628228 0.0106065 0.01091385 0.0104784 0.009505937 0.008624306 0.007983503 0.007384659 0.006714457 0.005897732 0.005218032 0.004886108 0.004970336 0.005203872 0.005488088 0.005669703 0.005747026 0.005772503 0.005715159 0.005715078 0.006243419 0.008851613 0.0171245 0.03371499 0.05120772 0.06397676 0.06826696 0.06245928 0.05090982 0.03384943 0.01832355 0.01312899 0.01223755 0.01115788
-9999 -9999 -9999 -9999 -9999 -9999 -9999 -9999 0.003793358 0.006461976 0.00868184 0.01076427 0.0115227 0.01200755 0.01157365 0.01050956 0.009569397 0.008918443 0.008475099 0.007850006 0.007079631 0.006392884 0.006127318 0.006131517 0.006519263 0.007732072 0.009303981 0.01073097 0.01103943 0.01068276 0.009397162 0.008452686 0.008014101 0.007551185 0.006462549 0.005402941 0.004542576 0.003691401 0.003292287 0.003273702 0.003514574 0.003737001 0.004071797 0.004405405 0.004605251 0.004890456 0.006156507 0.01030977 0.02095719 0.04100317 0.06825022 0.08668756 0.09521261 0.08645026 0.05859488 0.03289079 0.01749579 0.01367246 0.01310188 0.01244305
-9999 -9999 -9999 -9999 -9999 -9999 -9999 -9999 -9999 -9999 0.01366189 0.01438738 0.01477679 0.01458194 0.01325852 0.01167915 0.01068807 0.01007201 0.009570304 0.008469927 0.007243985 0.006023202 0.00529213 0.005038991 0.005735566 0.007348378 0.009016138 0.009910157 0.01047559 0.01045404 0.00965585 0.009365027 0.009281725 0.008259506 0.006968927 0.00575557 0.004555408 0.003220842 0.002386841 0.002080483 0.002188317 0.002421987 0.002825493 0.003371348 0.003743656 0.004238488 0.006235211 0.01225811 0.02834749 0.05753688 0.09704743 0.1222634 0.1294455 0.1248507 0.08852971 0.04992677 0.02509716 0.0189309 0.01603951 0.0141556
-9999 -9999 -9999 -9999 -9999 -9999 -9999 -9999 -9999 -9999 0.0188338 0.0189697 0.01884532 0.01725255 0.01496178 0.01301735 0.01205663 0.01150651 0.01070817 0.009367085 0.007575077 0.005889359 0.004526405 0.003751387 0.004647081 0.006719261 0.008668903 0.009417535 0.01009421 0.01041946 0.01086565 0.01167912 0.01164069 0.01030415 0.008350677 0.006511473 0.004880952 0.00308481 0.001888396 0.001416729 0.001383113 0.001567302 0.001965628 0.002604872 0.003103233 0.003919341 0.006760746 0.01369944 0.03460582 0.07118908 0.1155325 0.1509159 0.1600686 0.1540877 0.1218565 0.08268905 0.04179344 0.03129105 0.02506517 0.01905594
-9999 -9999 -9999 -9999 -9999 -9999 -9999 -9999 -9999 -9999 -9999 0.02267582 0.02169064 0.01987094 0.01761897 0.01510923 0.01402345 0.01336474 0.01220357 0.01014273 0.007922974 0.005783056 0.003844288 0.002879827 0.003913845 0.006131665 0.00776304 0.00883993 0.01015726 0.01178937 0.01344081 0.01471185 0.01464174 0.01295151 0.01032389 0.007668759 0.005287149 0.002906126 0.001496339 0.001005355 0.0009247759 0.001018149 0.001403506 0.002015563 0.002659297 0.003556398 0.00619607 0.01566877 0.04200255 0.08581197 0.1344905 0.1674329 0.1740076 0.171328 0.1527078 0.117188 0.07374009 0.05068021 0.04154076 0.03209732
