ABM/maxent_174200.txt
ncols         174
nrows         200
xllcorner     108.56185392851
yllcorner     27.750063881946
cellsize      0.00144717254
NODATA_value  -9999
[rows 26 to 51 of 200, columns 58 to 115 of 174]
-9999 -9999 -9999 -9999 -9999 -9999 -9999 -9999 -9999 -9999 -9999 -9999 -9999 -9999 -9999 -9999 -9999 -9999 -9999 -9999 -9999 -9999 -9999 -9999 -9999 -9999 -9999 -9999 -9999 0.01350822 0.01335591 0.01395371 0.01464792 0.01738466 0.0270456 0.06334958 0.1078806 0.22296 0.3734915 0.3624098 0.3668735 0.6146245 0.7593555 0.7905852 0.779811 -9999 0.840439 0.8516704 0.8604774 0.8826654 0.85974 0.8024677 0.8756501 0.8488189 0.7596145 0.6739069 0.6640173 0.721469
-9999 -9999 -9999 -9999 -9999 -9999 -9999 -9999 -9999 -9999 -9999 -9999 -9999 -9999 -9999 -9999 -9999 -9999 -9999 -9999 -9999 -9999 -9999 -9999 -9999 -9999 -9999 -9999 0.01462965 0.01498249 0.01563307 0.01584713 0.01722004 0.02280475 0.03548962 0.0813173 0.1597572 0.2498085 0.3436797 0.3677032 0.3878764 0.6370374 0.7635089 0.7396337 0.733624 0.71705 0.674333 -9999 0.784834 0.8224667 0.7744406 0.834439 0.8621735 0.8520204 0.787675 0.7770363 0.7227124 0.6511056
-9999 -9999 -9999 -9999 -9999 -9999 -9999 -9999 -9999 -9999 -9999 -9999 -9999 -9999 -9999 -9999 -9999 -9999 -9999 -9999 -9999 -9999 -9999 -9999 -9999 -9999 -9999 -9999 0.01516716 0.01616677 0.01838114 0.02000888 0.02113639 0.02805849 0.04546836 0.1035223 0.2109446 0.3177149 0.3322193 0.3284838 0.3852548 0.6231557 0.7368482 0.728027 0.69702 0.6443194 0.6280217 0.6606314 0.6987546 0.7368527 0.6376657 0.7801424 0.7961019 0.8071581 0.8099861 0.8055357 0.7917467 0.7042355
-9999 -9999 -9999 -9999 -9999 -9999 -9999 -9999 -9999 -9999 -9999 -9999 -9999 -9999 -9999 -9999 -9999 -9999 -9999 -9999 -9999 -9999 -9999 -9999 -9999 -9999 -9999 -9999 0.01546888 0.01558619 0.01905512 0.02245404 0.02524411 0.03260348 0.04979135 0.1133593 0.2511346 0.3829728 0.3683321 0.3263541 0.4225782 0.6375487 0.711943 0.6985611 0.6551365 0.6102834 0.5892011 0.59601 0.6241112 0.6525232 0.5858122 0.710817 0.7364908 0.719297 0.7521152 0.7149381 0.749931 0.7262529
-9999 -9999 -9999 -9999 -9999 -9999 -9999 -9999 -9999 -9999 -9999 -9999 -9999 -9999 -9999 -9999 -9999 -9999 -9999 -9999 -9999 -9999 -9999 -9999 -9999 -9999 -9999 -9999 0.0136704 0.0150265 0.01699164 0.02037622 0.02327396 0.02921063 0.0409044 0.1087504 0.2817117 0.4279793 0.3584182 0.3246326 0.3714291 0.547352 0.6352636 0.6078836 0.5688301 0.5452959 0.531593 0.5457739 0.5486226 0.5647674 0.6116051 0.6464039 0.6659696 0.6006796 0.654577 0.6657049 0.6568189 0.6430876
-9999 -9999 -9999 -9999 -9999 -9999 -9999 -9999 -9999 -9999 -9999 -9999 -9999 -9999 -9999 -9999 -9999 -9999 -9999 -9999 -9999 -9999 -9999 -9999 -9999 -9999 -9999 0.007703834 0.009907263 0.01138276 0.01272124 0.01610883 0.01840899 0.02136538 0.03142725 0.09037979 0.2713747 0.3574692 0.3126841 0.2754094 0.2964593 0.455575 0.5760562 0.5636384 0.5052252 0.4910801 0.4736314 0.5010822 0.5077471 0.5463519 0.5595751 0.5844112 0.6052927 0.6007652 0.5754701 0.621711 0.6252899 0.6213741
-9999 -9999 -9999 -9999 -9999 -9999 -9999 -9999 -9999 -9999 -9999 -9999 -9999 -9999 -9999 -9999 -9999 -9999 -9999 -9999 -9999 -9999 -9999 -9999 -9999 -9999 -9999 0.007897934 0.00741609 0.007026623 0.008658456 0.008120696 0.009430869 0.01054486 0.01851512 0.07089533 0.2231875 0.2767318 0.2470279 0.2190895 0.2106322 0.3427614 0.4990427 0.492109 0.4574192 0.4314408 0.4157574 0.4470357 0.469435 0.4857856 0.5021246 0.5244975 0.5484818 0.5408599 0.5228503 0.5881941 0.5822617 0.5854951
-9999 -9999 -9999 -9999 -9999 -9999 -9999 -9999 -9999 -9999 -9999 -9999 -9999 -9999 -9999 -9999 -9999 -9999 -9999 -9999 -9999 -9999 -9999 -9999 -9999 -9999 -9999 0.008255556 0.007616201 0.006063336 0.005306692 0.005606598 0.005840505 0.005733961 0.01037959 0.04594564 0.1649235 0.1570523 0.1508589 0.1505673 0.1523473 0.2584962 0.430193 0.4351523 0.4110234 0.3847292 0.3817809 0.3939607 0.4339509 0.4552738 0.4645194 0.4823731 0.5085319 0.5033005 0.5115609 0.5336707 0.5604088 0.5556678
-9999 -9999 -9999 -9999 -9999 0.03061052 0.02140618 0.01585687 0.01074152 0.007099156 0.004113809 0.003313992 0.00336172 -9999 -9999 -9999 -9999 -9999 -9999 -9999 -9999 -9999 -9999 -9999 -9999 0.006223926 0.006951474 0.008342678 0.008486553 0.006427062 0.005090123 0.00483401 0.005596773 0.005268096 0.00760081 0.03237883 0.1158801 0.1223731 0.1261679 0.1436648 0.1251886 0.1824607 0.3654341 0.3934501 0.3630157 0.3456364 0.3293712 0.3465046 0.3948335 0.4110738 0.4386191 0.4518557 0.4543516 0.4640853 0.4924021 0.5108724 0.492456 0.4940578
-9999 -9999 0.02871765 0.03105564 0.03005812 0.03325089 0.02506409 0.01740736 0.01110781 0.007725913 0.004657262 0.002981615 0.003036623 0.003393158 -9999 -9999 -9999 -9999 -9999 -9999 -9999 -9999 0.00646039 0.00754706 0.00722926 0.007544015 0.007544616 0.007588502 0.007902787 0.006542304 0.004747758 0.003648712 0.00452365 0.005762877 0.008060746 0.03105918 0.08189802 0.1024144 0.1276619 0.1164335 0.1103677 0.1454292 0.3060355 0.3467124 0.3172181 0.2928066 0.3005171 0.323735 0.375184 0.3831564 0.4085734 0.4339803 0.4289954 0.4341693 0.4426962 0.4557168 0.4379177 0.4676845
-9999 -9999 0.02776764 0.03033423 0.03033839 0.03380686 0.02388686 0.01542805 0.01088489 0.007171128 0.00478412 0.003339626 0.002957655 0.00293891 0.003542686 0.004108812 0.005006382 0.005733681 0.00595922 0.006217094 0.006774969 0.009352714 0.0102403 0.01137399 0.01171529 0.01075071 0.010462 0.01024806 0.01042378 0.008426755 0.006241247 0.004606143 0.005306215 0.006568749 0.009801543 0.03565884 0.07857955 0.08771673 0.1045234 0.09669878 0.09552247 0.1257235 0.2754311 0.3179527 0.2883499 0.2835009 0.3079429 0.3084703 0.3480221 0.3747036 0.3951767 0.4009345 0.3857015 0.4161895 0.4107362 0.4306046 0.4400348 0.4297096
0.0232138 0.02407995 0.0258132 0.02759834 0.03000615 0.03171171 0.0226786 0.01436091 0.009584015 0.006756368 0.004582433 0.002953566 0.002552546 0.003231986 0.003993969 0.004580376 0.005472098 0.006606398 0.008038599 0.008197991 0.008937455 0.01170495 0.01638799 0.01865115 0.01708093 0.01660803 0.01526996 0.01538458 0.01446522 0.00940397 0.007242607 0.006640779 0.007986594 0.009814106 0.01261124 0.03942908 0.0681753 0.07332372 0.09411977 0.08144329 0.08628467 0.1080508 0.2451654 0.2863651 0.2732072 0.2563586 0.2755516 0.2869985 0.3064495 0.3382051 0.3578381 0.3682854 0.3720187 0.3865161 0.3673318 0.4095148 0.4041684 0.3558791
0.02228303 0.02289608 0.02420054 0.02629824 0.02822773 0.03028476 0.02103551 0.01338986 0.008822913 0.006220092 0.004251494 0.002610454 0.002570696 0.003312434 0.004272881 0.005356013 0.006222588 0.007109027 0.009247829 0.009545284 0.01168369 0.01679887 0.02306262 0.02650952 0.02570155 0.02375678 0.02214265 0.02377516 0.02178336 0.01474537 0.01176769 0.01208414 0.01081986 0.01051882 0.01378094 0.03793549 0.06587586 0.06521698 0.07965817 0.08265923 0.07916491 0.09562039 0.2234582 0.2517799 0.2329811 0.2275748 0.2538847 0.2615892 0.2827775 0.3101819 0.32754 0.3100546 0.3504609 0.3595931 0.3626285 0.37208 0.3818706 0.3366146
0.02182445 0.02275319 0.02326978 0.02583212 0.0271353 0.02849301 0.01913413 0.01232946 0.008296965 0.005603905 0.003901994 0.002510506 0.002439804 0.003639715 0.004826805 0.005990476 0.006587978 0.007968411 0.0106017 0.01264938 0.01584622 0.02160015 0.03100511 0.03896396 0.03533085 0.03502172 0.03611022 0.03604665 0.03158763 0.02468799 0.0183934 0.02209729 0.0216651 0.0186842 0.02066444 0.03800551 0.05405014 0.06085125 0.06677284 0.06987654 0.07213556 0.08432011 0.1945043 0.2388184 0.2076862 0.1929419 0.22115 0.2374792 0.2518123 0.2800323 0.2915131 0.313525 0.3290187 0.3392545 0.3176921 0.3458868 0.3684588 0.3693051
0.02256453 0.02278297 0.02396877 0.02467498 0.02702332 0.02838711 0.01891452 0.01190742 0.008100624 0.005283099 0.003583385 0.002496436 0.00265669 0.003741192 0.005103827 0.006197639 0.00699374 0.009244859 0.01215543 0.01617606 0.02009181 0.02946469 0.04494479 0.05903674 0.05552676 0.0486896 0.04893285 0.04257906 0.0485655 0.03750249 0.03132089 0.03763399 0.03914018 0.03374297 0.03861464 0.04741775 0.04546164 0.06008479 0.06364463 0.06652121 0.06489986 0.08124167 0.1867296 0.209111 0.197598 0.1856047 0.2100048 0.2263539 0.2232541 0.2492753 0.2808912 0.3051294 0.3008642 0.3082725 0.3185396 0.3291621 0.3495481 0.3490373
0.02285024 0.02247373 0.02451522 0.02542638 0.02687112 0.02775602 0.0213637 0.01427401 0.008844313 0.006215361 0.004006505 0.0029346 0.003662806 0.004500894 0.006086478 0.007511831 0.008296628 0.01103992 0.0164781 0.02328858 0.03084995 0.04401327 0.07199781 0.08330783 0.07254404 0.05238819 0.05562236 0.04885742 0.04974101 0.04591507 0.05413549 0.05893381 0.05204882 0.05077283 0.04947302 0.03832892 0.04258865 0.05281172 0.05415216 0.05780163 0.05285425 0.06858954 0.1600683 0.183776 0.1770916 0.1712832 0.1865179 0.2060905 0.2083288 0.2311202 0.2581258 0.2700215 0.2738063 0.2811264 0.297619 0.2965761 0.3193536 0.334289
0.02219043 0.02233325 0.0237995 0.02464306 0.02635253 0.02730542 0.03067291 0.03034333 0.02753445 0.02163237 0.0144287 0.01143589 0.01373966 0.01552475 0.01883318 0.02135319 0.02129589 0.0263956 0.03833022 0.0564076 0.07302853 0.08062758 0.07468642 0.0641053 0.04454112 0.04504937 0.04757005 0.04536122 0.05019636 0.0531739 0.05006219 0.04753022 0.04440254 0.04264941 0.03331907 0.03186382 0.03502632 0.03951951 0.04347445 0.04793385 0.04555761 0.05527959 0.1324612 0.165889 0.1618954 0.1620954 0.1726811 0.182685 0.1872535 0.2055965 0.227472 0.2381467 0.252121 0.2720247 0.2832548 0.2883635 0.2996601 0.3280521
0.02332543 0.02473457 0.02521965 0.02469565 0.02595922 0.02689417 0.02855126 0.03047917 0.03537288 0.03722715 0.0397944 0.04471698 0.05638558 0.05905847 0.06535986 0.06687324 0.06003026 0.06734704 0.09435207 0.1045569 0.08471711 0.05555555 0.05134172 0.04245011 0.04100844 0.03956075 0.04439793 0.04335432 0.04154466 0.04282694 0.03921057 0.03700599 0.03051762 0.03185415 0.02720513 0.0285701 0.0293547 0.03256775 0.03413932 0.03774502 0.03367962 0.04932982 0.1236995 0.1485643 0.1420092 0.1496483 0.1541849 0.160804 0.1803679 0.1772337 0.1955229 0.2231578 0.2224996 0.2565008 0.2643287 0.2708416 0.3033736 0.3267453
0.02541592 0.02469269 0.02563881 0.02688643 0.02711056 0.02722983 0.0281047 0.03287773 0.03601226 0.04307812 0.05059502 0.06044241 0.07207834 0.08838405 0.1037847 0.1223142 0.1256219 0.1205435 0.11344 0.09080644 0.05852284 0.04773312 0.03713061 0.03460426 0.0323603 0.03870373 0.0393356 0.03700892 0.03502665 0.03353257 0.03237835 0.02955674 0.02741111 0.02421334 0.0230273 0.0218972 0.02120906 0.02551698 0.02742921 0.02966166 0.03191492 0.03787849 0.1068707 0.1337292 0.1299243 0.1352136 0.1470228 0.1544263 0.1673775 0.1712062 0.1925886 0.2059104 0.2252872 0.230923 0.2469965 0.2651969 0.2853625 0.3012656
0.03104239 0.0302884 0.03014549 0.03025412 0.03265837 0.0337806 0.03564772 0.04048096 0.04492249 0.04909252 0.05628973 0.06378713 0.07289452 0.08806636 0.09708313 0.1103221 0.1212522 0.1151241 0.09645519 0.0703726 0.03979314 0.03140587 0.03142263 0.02767078 0.03232518 0.03079266 0.03080664 0.02989068 0.02808219 0.02625277 0.02323017 0.01988482 0.02023754 0.01803194 0.0168089 0.01595006 0.0181088 0.016511 0.01807834 0.02548284 0.02591559 0.03562142 0.08812586 0.115814 0.1059637 0.1045316 0.1310111 0.1404137 0.1492318 0.1564718 0.1752838 0.1862817 0.1995236 0.2175292 0.2382484 0.2430681 0.2508724 0.2902587
0.04412571 0.04340363 0.04389129 0.04308286 0.04074154 0.04419441 0.04642234 0.0492411 0.05134765 0.0579949 0.06097261 0.06636202 0.07321273 0.0815128 0.08986441 0.102693 0.1059496 0.09578861 0.06418023 0.03541458 0.03540685 0.02842924 0.02552225 0.02801711 0.02710696 0.02490667 0.02379646 0.02409802 0.01751298 0.01914895 0.01821171 0.01499106 0.01418142 0.01441257 0.01262048 0.01284195 0.01437465 0.01612884 0.01864666 0.02096323 0.02125431 0.0289763 0.07277005 0.1090594 0.1100198 0.1157521 0.1240248 0.1363899 0.1461545 0.1526196 0.1600858 0.17568 0.1837118 0.2088806 0.2148175 0.2350246 0.2609109 0.2801638
0.05336715 0.05071882 0.05127031 0.0510173 0.04985083 0.05209485 0.05285169 0.05170107 0.05407571 0.05781823 0.06263334 0.06334451 0.0709286 0.07573472 0.08215033 0.08718145 0.09090969 0.07818294 0.04004237 0.0394453 0.03595448 0.02558239 0.02434463 0.02177967 0.02049507 0.01926178 0.01901723 0.01816328 0.01645909 0.01476689 0.01257108 0.0119468 0.01130611 0.01062039 0.009254348 0.009974426 0.01063258 0.01166312 0.01490192 0.0158669 0.01631676 0.02524466 0.07466488 0.09062557 0.09113126 0.1084918 0.1195927 0.1159678 0.1288271 0.1354689 0.1509537 0.169535 0.1766811 0.1959554 0.2097694 0.232363 0.2468837 0.25164
0.05977253 0.05895654 0.05751818 0.05636893 0.05761898 0.0552934 0.0560751 0.05449298 0.05430413 0.05687788 0.06244201 0.06747395 0.08294298 0.0992628 0.118049 0.07963386 0.07576676 0.06311765 0.03808972 0.04101088 0.02986164 0.0238398 0.01887067 0.01722139 0.01637546 0.01503581 0.0139701 0.01138183 0.01233856 0.01103016 0.01025226 0.007667372 0.008200485 0.007180838 0.006746795 0.007721131 0.007719956 0.01014085 0.01139966 0.01276465 0.01284414 0.01913708 0.05714744 0.08293754 0.09287342 0.1212604 0.1329313 0.1268962 0.125664 0.1281728 0.1365109 0.161802 0.1655604 0.1862964 0.1961642 0.2132882 0.235578 0.2259652
0.1303821 0.1271144 0.1216288 0.1150618 0.1128375 0.116343 0.115909 0.116629 0.1221277 0.1260171 0.1246028 0.1556137 0.1670682 0.1879838 0.1810096 0.08592304 0.06176317 0.05194641 0.04433782 0.03131559 0.02339385 0.0187596 0.0150153 0.01355334 0.01202783 0.01094545 0.008538898 0.009727196 0.009447926 0.008472225 0.007400569 0.005263309 0.004640745 0.006731037 0.006350592 0.006186883 0.007032013 0.008449896 0.009627827 0.0100376 0.01096708 0.01588935 0.05643037 0.08470844 0.1112625 0.1506247 0.1553123 0.1222819 0.124612 0.1293591 0.1376858 0.132012 0.1579442 0.1800056 0.1899163 0.2019699 0.2141846 0.2241473
0.2326435 0.2330794 0.2241462 0.2201472 0.2080013 0.1967795 0.1975123 0.2005359 0.1916429 0.1850903 0.193492 0.2022092 0.2015722 0.206012 0.188688 0.0857484 0.0530683 0.04654368 0.03704253 0.02061769 0.01851669 0.014253 0.01284706 0.01179818 0.00968194 0.009367125 0.008692024 0.008089506 0.007324116 0.00654788 0.005810034 0.005303333 0.005157267 0.007497392 0.01011993 0.009365504 0.00942316 0.009715743 0.01003035 0.009489353 0.01076695 0.01895654 0.06572218 0.107923 0.1381494 0.1668198 0.1878422 0.1629167 0.1413705 0.1361777 0.1367984 0.1453788 0.1566885 0.1688232 0.177119 0.1906621 0.2096716 0.254871
0.2050976 0.2064729 0.1988136 0.1901545 0.1818833 0.1777661 0.1796748 0.1730698 0.1807484 0.1872234 0.1946529 0.2159045 0.1906737 0.1850634 0.165435 0.07189731 0.043611 0.03793637 0.02918404 0.01797442 0.01578675 0.01270364 0.01034751 0.009880915 0.008419272 0.007823795 0.006709291 0.006363277 0.005334528 0.004423192 0.004712097 0.005715564 0.008301947 0.01139824 0.01468516 0.0117711 0.01296882 0.01310711 0.0134065 0.01230659 0.01288029 0.0243599 0.0814365 0.1236356 0.1535034 0.1960933 0.2113676 0.1762818 0.1717232 0.151434 0.131625 0.1257888 0.1532038 0.1666417 0.1900326 0.2282826 0.2832634 0.3516386
