ABM/maxent_174200.txt
ncols         174
nrows         200
xllcorner     108.56185392851
yllcorner     27.750063881946
cellsize      0.00144717254
NODATA_value  -9999
[rows 78 to 103 of 200, columns 58 to 115 of 174]
0.01988004 0.0199516 0.02066937 0.02651715 0.02388256 0.02883118 0.02585403 0.02381106 0.01881993 0.01556874 0.01591433 0.01764662 0.02433534 0.0365809 0.03866376 0.0499518 0.05521258 0.04973462 0.0445049 0.03983594 0.03409366 0.02573248 0.0226346 0.01729798 0.01039476 0.00572219 0.004063628 0.002347846 0.001509036 0.00124805 0.001113974 0.0009800944 0.0008983553 0.0008565742 0.0007941843 0.001067919 0.00135143 0.001860093 0.002698244 0.003870363 0.005201285 0.007224955 0.01014301 0.01442093 0.01923841 0.02625658 0.03500918 0.03991099 0.05606593 0.07251504 0.08826426 0.09858112 0.0922958 0.1422878 0.2380727 0.2182889 0.1817044 0.160508
0.0149505 0.0153442 0.01616137 0.01922433 0.02162938 0.0271927 0.02838947 0.02822582 0.0240354 0.02419802 0.02753498 0.0303635 0.04540682 0.06282599 0.08235959 0.08691142 0.09215549 0.07381421 0.05308511 0.04041822 0.03836784 0.03502091 0.02856773 0.02026133 0.01057723 0.005715261 0.004501116 0.002221721 0.001496721 0.0012354 0.001049152 0.0009077007 0.0008529461 0.0007590104 0.000780325 0.000744205 0.001390484 0.001924387 0.002681967 0.003830622 0.005367944 0.007771627 0.01032581 0.01419052 0.01931523 0.02693804 0.03257009 0.03982306 0.05470173 0.0661143 0.07674488 0.07938505 0.06857809 0.0728022 0.1022522 0.08730777 0.08191697 0.08787216
0.01336548 0.01511413 0.01625375 0.02158243 0.02402733 0.02398687 0.02946892 0.03031234 0.03693583 0.04476179 0.04968854 0.05757248 0.07169823 0.1024182 0.1425945 0.1523792 0.1623341 0.1452148 0.09976508 0.07601684 0.05256853 0.03797968 0.03448523 0.02204313 0.01133012 0.006356522 0.004869658 0.002734694 0.001688774 0.001200139 0.001050634 0.0008761698 0.0007594205 0.000738512 0.0006422537 0.0008543375 0.001323828 0.001903396 0.002805316 0.003833919 0.00590301 0.007141243 0.01071835 0.01505037 0.01926816 0.02615609 0.03256698 0.03894118 0.05297648 0.05768857 0.06018386 0.05506424 0.04465967 0.03913848 0.03541803 0.03918608 0.04066825 0.04496762
0.01511907 0.02015074 0.02267412 0.02651763 0.02910842 0.02947076 0.03121403 0.05013376 0.06205976 0.07038752 0.07535715 0.08557488 0.1240366 0.12985 0.2183859 0.2142542 0.2584511 0.2242512 0.1423106 0.1011968 0.07913598 0.0544293 0.04009291 0.02383474 0.01507716 0.007747611 0.004738376 0.0029303 0.001838998 0.001306654 0.001035393 0.0008856332 0.0007612903 0.0007320251 0.000751438 0.0009787517 0.001336567 0.001997873 0.00285781 0.004070173 0.006096119 0.00776827 0.01146426 0.01622744 0.02061268 0.0273675 0.03364399 0.03865819 0.04513485 0.04657337 0.0434405 0.03640305 0.02942633 0.03207346 0.03567599 0.03677591 0.04046513 0.04423897
0.01780913 0.01892776 0.02276689 0.02995225 0.03779708 0.03686791 0.04398413 0.0593217 0.07903711 0.08029144 0.07864498 0.08170751 0.1394378 0.1783627 0.2287237 0.2777134 0.2787962 0.2521409 0.1599772 0.1015983 0.07635672 0.05572798 0.03946296 0.02656461 0.01603324 0.006173774 0.004448349 0.003098755 0.002081107 0.001477214 0.001195764 0.0009885583 0.0008671276 0.0007874895 0.0008532087 0.00114599 0.001571176 0.002232845 0.003156794 0.004672208 0.006816681 0.009426544 0.01204561 0.016406 0.02138798 0.02702628 0.03107056 0.0313892 0.03206812 0.02828764 0.02443719 0.02483306 0.03048561 0.03346423 0.03655899 0.04007107 0.04349367 0.04915581
0.01768286 0.02009689 0.02179498 0.02882922 0.03585442 0.04288355 0.04350318 0.05337794 0.109219 0.1202589 0.1080198 0.09670472 0.1635662 0.208799 0.2300531 0.2294566 0.2070372 0.197237 0.1241328 0.07811108 0.05704702 0.04758149 0.03484909 0.02147465 0.01322469 0.007499384 0.005202177 0.003489261 0.00218323 0.001155795 0.001174444 0.001149835 0.001057451 0.000992756 0.001097665 0.001385241 0.001872955 0.002620644 0.00373213 0.005262874 0.007788348 0.009686658 0.01305074 0.01670788 0.02259094 0.02635909 0.02571035 0.02513818 0.02244408 0.01821666 0.01899287 0.02373965 0.02962471 0.03238742 0.03479201 0.03892538 0.04225533 0.04481016
0.01615596 0.0191085 0.02374758 0.02887483 0.03400466 0.04326263 0.05051398 0.09663802 0.1899186 0.1813885 0.1640688 0.2047965 0.2520854 0.3580084 0.3511734 0.1787781 0.1753374 0.15375 0.09930629 0.06254674 0.05034554 0.03789581 0.02911846 0.02133396 0.01436824 0.008631004 0.005507085 0.003233891 0.002590163 0.002014519 0.001310311 0.0008739462 0.001331922 0.00120295 0.001262937 0.001684862 0.002278978 0.003127998 0.004184705 0.006104731 0.008904079 0.01164103 0.01252149 0.01804306 0.02160044 0.02494767 0.02196082 0.0202181 0.0164457 0.01758447 0.02028264 0.02337606 0.02828486 0.03031066 0.03331374 0.03471597 0.03973243 0.04371012
0.0145308 0.01672379 0.02340982 0.02864381 0.03227617 0.03843289 0.04295721 0.06303127 0.1318534 0.1568214 0.1571155 0.1469573 0.1812966 0.2347646 0.2243202 0.1170224 0.1279418 0.1040355 0.07144676 0.04802087 0.03663753 0.02465586 0.027513 0.02031551 0.01318024 0.009102337 0.006111827 0.004212222 0.002970571 0.002331314 0.002093164 0.00146097 0.001594446 0.00134061 0.001726654 0.002136691 0.002765342 0.003684289 0.005077728 0.007627788 0.01013257 0.01090037 0.01488786 0.01884362 0.02326048 0.02260376 0.02062412 0.01610138 0.01725515 0.01960723 0.02103119 0.02370479 0.02753226 0.02980421 0.03463693 0.039407 0.04612388 0.05217652
0.01586113 0.01753252 0.02117418 0.02605473 0.02969589 0.03519537 0.03985561 0.04055321 0.05611148 0.06868836 0.07265625 0.05789389 0.08026937 0.09000888 0.06662063 0.07058635 0.07773776 0.07020803 0.05045499 0.03503306 0.03015588 0.0268119 0.02317207 0.01759258 0.01320223 0.00926497 0.006538186 0.004408698 0.003523018 0.002764392 0.002457777 0.002057116 0.001841888 0.001746734 0.002212846 0.002693412 0.003391715 0.004638645 0.006381625 0.00871174 0.01185132 0.01262286 0.0164476 0.02020205 0.01992071 0.01918762 0.01723923 0.01784106 0.02070688 0.0221663 0.023945 0.02527597 0.03089533 0.03576866 0.04049668 0.04627251 0.04781736 0.02675606
0.01508023 0.01548396 0.01898341 0.02283924 0.0261069 0.0301308 0.031148 0.033882 0.02956289 0.02816663 0.02652111 0.0302137 0.03080079 0.03290733 0.03906277 0.04431042 0.0435598 0.04040181 0.03344904 0.02731814 0.02459738 0.0215423 0.01883266 0.01425148 0.01036134 0.007333423 0.006644951 0.005310163 0.004124427 0.003476117 0.003110222 0.002567802 0.002648778 0.002563789 0.002851245 0.00351456 0.004407723 0.005803225 0.007638484 0.01070752 0.01373523 0.01587616 0.01952844 0.01975825 0.01638031 0.01564024 0.01704265 0.02257474 0.02713966 0.0274315 0.02768226 0.03120708 0.03753698 0.04412486 0.05222652 0.03876838 0.01733407 0.007002134
0.01369503 0.01426432 0.01690358 0.01958196 0.02365515 0.02826882 0.0289231 0.02819809 0.02953518 0.0278176 0.02427223 0.02263397 0.0254017 0.02885774 0.0321249 0.03586154 0.03233273 0.02864538 0.02655862 0.02472169 0.0221383 0.02107764 0.01870725 0.01545232 0.01233918 0.009777932 0.007713479 0.006224293 0.005065884 0.004208898 0.003869857 0.003133608 0.003116944 0.003107642 0.003316485 0.004077751 0.005165456 0.006535896 0.008576121 0.01104415 0.01451872 0.01683444 0.01693747 0.01541853 0.01335404 0.0132417 0.01691632 0.02624887 0.03024581 0.03337875 0.03201491 0.03692997 0.0470168 0.05450355 0.05739798 0.02863844 0.01251757 0.005640348
0.01333753 0.01352656 0.01545123 0.01743656 0.02067348 0.02248131 0.02462828 0.02613701 0.02676076 0.02515812 0.02002398 0.01870816 0.02380348 0.02768379 0.02905419 0.03005113 0.02804197 0.02331743 0.0251746 0.0242584 0.02237112 0.01585698 0.01586934 0.01647018 0.01290989 0.01100781 0.00846965 0.007357635 0.006387117 0.005219788 0.004545959 0.00376186 0.003925076 0.004048184 0.004162943 0.004823591 0.005666262 0.007309909 0.009153041 0.01217582 0.01480994 0.01742405 0.0150654 0.01274296 0.0117587 0.01627264 0.024712 0.03518661 0.04161059 0.03859658 0.03901463 0.04517647 0.05589208 0.06761423 0.05412722 0.0267915 0.01299095 0.00643458
0.01284968 0.01261864 0.01347278 0.01448945 0.01666103 0.01874516 0.02226399 0.02247409 0.02241445 0.02218148 0.02026298 0.01954214 0.02177464 0.02202759 0.02162141 0.02449702 0.02107967 0.01949196 0.01859063 0.01762755 0.02039962 0.01870034 0.01837542 0.01688463 0.01262286 0.01185084 0.009646088 0.007731821 0.007704884 0.006380759 0.005389412 0.005048893 0.005263434 0.005088387 0.004652812 0.005437532 0.006646267 0.007876684 0.009969068 0.01239231 0.01470741 0.01600283 0.01150297 0.008619775 0.01120242 0.02027107 0.02851882 0.03719946 0.03600295 0.04416285 0.04708644 0.05472854 0.06764624 0.0763589 0.05005648 0.02499545 0.01331544 0.007370991
0.01236754 0.01243894 0.01225474 0.01150573 0.01373615 0.01649902 0.01835893 0.01891244 0.01965464 0.0199681 0.01897554 0.01665159 0.01938772 0.02070492 0.01866423 0.01755779 0.01416941 0.01488732 0.01903994 0.01973138 0.01862606 0.01881927 0.01826141 0.01471705 0.01469685 0.01245051 0.009989726 0.01005544 0.00933905 0.008237792 0.00673968 0.006234093 0.006153915 0.006030163 0.005874286 0.006254293 0.007582854 0.008862712 0.0105329 0.01351532 0.01525922 0.01327809 0.01021817 0.009149672 0.0122431 0.02051938 0.03109057 0.04567765 0.04687509 0.04564169 0.04379218 0.06851499 0.08508347 0.07640313 0.04263362 0.02440532 0.01395049 0.008558593
0.01226275 0.01240212 0.0124505 0.0120374 0.01280054 0.01495047 0.01603726 0.0171324 0.01751379 0.01743191 0.01632704 0.01444509 0.015843 0.0171847 0.01437844 0.01171159 0.01317292 0.0154982 0.01690752 0.01802243 0.0189729 0.01859858 0.01811231 0.0178364 0.01537497 0.01391617 0.01152591 0.01184845 0.01155824 0.009940537 0.008479684 0.00802373 0.007613444 0.007079021 0.007125255 0.007528272 0.00860609 0.01002269 0.01143237 0.01446056 0.01433341 0.01133391 0.008446186 0.009348273 0.01669962 0.02950709 0.03791676 0.04198545 0.04618511 0.04982714 0.05976941 0.07902212 0.09057939 0.06425948 0.03993573 0.02403333 0.01423163 0.008857899
0.01144306 0.01170116 0.0115317 0.0114964 0.01145234 0.01272971 0.01263732 0.01302776 0.01453272 0.01571624 0.0143369 0.01269266 0.0128204 0.01163192 0.0098721 0.009676183 0.01086618 0.01230648 0.01517457 0.01717955 0.01678079 0.01722716 0.01676826 0.01488149 0.01535538 0.01474777 0.01393633 0.01345315 0.01329946 0.01141354 0.0099544 0.009178978 0.008703819 0.00835125 0.008216048 0.00875848 0.009449115 0.01100672 0.01250175 0.0123258 0.01098927 0.008260868 0.006853523 0.0113742 0.02202185 0.03761823 0.05667333 0.06116698 0.05098229 0.04397066 0.05347668 0.07032586 0.05237216 0.03515179 0.02332797 0.0195157 0.01393505 0.009122308
0.0116064 0.01113123 0.01109522 0.010964 0.009890995 0.009657322 0.008270917 0.01049581 0.01235199 0.01216067 0.01068694 0.009375857 0.008798752 0.007395114 0.007804634 0.007924656 0.007263517 0.009429062 0.01098634 0.01294074 0.01237927 0.01241156 0.01395062 0.01377321 0.01153252 0.01198767 0.01161688 0.01142437 0.01094493 0.009913934 0.008978663 0.00854561 0.007820426 0.007796699 0.007605594 0.008145901 0.008965747 0.009238265 0.008863095 0.007979137 0.006870275 0.00691779 0.009229498 0.01447224 0.02563966 0.04961208 0.06920519 0.07165603 0.06461237 0.05035808 0.0451397 0.04400107 0.03065532 0.02615441 0.01614679 0.009827549 0.01006354 0.007964541
0.01150761 0.01066084 0.01036848 0.009708731 0.01010726 0.0104275 0.009261534 0.008969338 0.01005309 0.009399016 0.008056856 0.006263087 0.006268057 0.005974655 0.005695573 0.00590931 0.007023321 0.006689867 0.007736575 0.009209922 0.009621792 0.01045339 0.01102476 0.01142504 0.01044132 0.009973893 0.009088977 0.009995445 0.009309221 0.00855669 0.008096178 0.007586344 0.007300539 0.007617501 0.006886314 0.007583142 0.007882386 0.007290846 0.006120163 0.00519292 0.005654673 0.008383108 0.01202994 0.02027524 0.03292677 0.05264883 0.08277447 0.1061145 0.09336109 0.07587481 0.05897903 0.02877612 0.01767335 0.01327091 0.01033629 0.007837127 0.006719946 0.007019275
0.01138725 0.009504728 0.008934192 0.01022805 0.01075285 0.009611077 0.009029862 0.005399459 0.006918988 0.006774825 0.005260809 0.004761179 0.005121008 0.005386932 0.004550077 0.005062991 0.00440096 0.00552493 0.006640917 0.007228252 0.007502158 0.00793046 0.007858487 0.00870261 0.0078033 0.008105436 0.006945395 0.007735249 0.008280028 0.007787777 0.007778662 0.007429745 0.007125764 0.007241572 0.006109709 0.006749155 0.006024763 0.005070204 0.004242199 0.004641837 0.006650275 0.009804547 0.0150664 0.02745877 0.04862377 0.07407963 0.08714359 0.108953 0.140538 0.1120713 0.05641725 0.0293056 0.01500038 0.01063382 0.0084007 0.008183921 0.006109394 0.004973368
0.01052604 0.009851007 0.00934628 0.009535256 0.007424274 0.008943358 0.006550576 0.007028702 0.006315886 0.005890789 0.005108827 0.004204486 0.004368138 0.004370371 0.003348638 0.003767822 0.003862811 0.004105574 0.004724634 0.005178628 0.005561549 0.005868311 0.006443887 0.00660075 0.006134103 0.006173153 0.006472598 0.006728333 0.007637221 0.007256654 0.006984922 0.006875416 0.006689111 0.006597084 0.005893104 0.004451756 0.004595169 0.003522878 0.004130749 0.005689772 0.008390043 0.01219118 0.01920865 0.03324516 0.05490667 0.09179726 0.1358933 0.1557969 0.1830259 0.09718332 0.05104987 0.02662699 0.01554296 0.01287286 0.01366024 0.01067497 0.007243813 0.00604993
0.01088288 0.01027639 0.009046826 0.006906216 0.007987361 0.00837167 0.007901438 0.004417487 0.006379539 0.005605699 0.004660533 0.003504992 0.004020695 0.003694756 0.00335284 0.003207781 0.002700359 0.002821526 0.003649554 0.003981653 0.004162245 0.004378406 0.004744265 0.004853251 0.005293815 0.005287296 0.005818861 0.005993341 0.006865999 0.006503016 0.006212655 0.006072143 0.006351241 0.005559102 0.005351407 0.004189963 0.00292524 0.003420983 0.005031504 0.006237234 0.009876276 0.01239065 0.01930624 0.04003533 0.07039744 0.1122255 0.1635407 0.1685672 0.1217161 0.05879382 0.03371466 0.01996693 0.01592054 0.01649957 0.01608226 0.01246727 0.01021185 0.009237355
0.008867185 0.009544289 0.009681236 0.009610561 0.009011881 0.006825288 0.007417337 0.005517345 0.005780925 0.005233184 0.00444315 0.004232003 0.003975506 0.003828546 0.003285093 0.002772609 0.002069873 0.002103957 0.002833338 0.002925776 0.002915828 0.003282477 0.003541776 0.003708033 0.003829177 0.003880812 0.00458406 0.005049666 0.005451741 0.005364011 0.005012778 0.005539068 0.00572591 0.005749632 0.00475525 0.003444094 0.002950406 0.004046773 0.005480224 0.008271813 0.01253252 0.01245119 0.03259655 0.06272304 0.09176993 0.1253876 0.1359352 0.0822276 0.06254175 0.03339211 0.01328305 0.008559024 0.008894872 0.01309856 0.01768394 0.01557473 0.01412325 0.01283634
0.009058217 0.01013519 0.01125493 0.01059841 0.009353462 0.008054688 0.007457447 0.005934235 0.005433057 0.004674708 0.005090781 0.005574801 0.004710628 0.00386024 0.003331171 0.003127384 0.002547716 0.002347535 0.002454851 0.002371114 0.002399837 0.002491454 0.002584137 0.002821411 0.00288812 0.003031782 0.003571782 0.003973151 0.004168946 0.004756416 0.004914986 0.004524844 0.005436186 0.005580418 0.004801203 0.003489665 0.00300733 0.004481064 0.006210539 0.009863443 0.01199972 0.02253788 0.03347146 0.05320177 0.07970546 0.09992718 0.09557755 0.06405029 0.0577298 0.03145969 0.01714312 0.01017299 0.00907814 0.01293227 0.01776154 0.01851094 0.01595507 0.01767165
0.009869698 0.01159338 0.009816336 0.009420155 0.007987082 0.007787048 0.006151977 0.006153584 0.004321595 0.005421569 0.005692454 0.007351389 0.006154674 0.005334296 0.00429049 0.003351102 0.002477706 0.002099988 0.00195234 0.001866452 0.00187895 0.001888752 0.00199776 0.002164004 0.0023357 0.002471026 0.002861389 0.00322918 0.003431612 0.003701747 0.004065796 0.004897255 0.005380853 0.005369009 0.005066676 0.003482273 0.003119547 0.004674921 0.007128345 0.01043722 0.01613889 0.02547099 0.03882042 0.05116207 0.08032361 0.09625569 0.09550604 0.08626521 0.05307438 0.0297699 0.0238647 0.01246264 0.007598653 0.009121911 0.008426372 0.01277018 0.01995156 0.02048233
0.01014462 0.008680793 0.008062634 0.007205022 0.006122391 0.006788974 0.00536983 0.004929701 0.005399833 0.006950565 0.008757375 0.009617086 0.007869064 0.006100512 0.003985254 0.002672038 0.002006378 0.001796039 0.001663585 0.001577156 0.001494285 0.001517143 0.001568032 0.001723482 0.001847697 0.001935407 0.002300004 0.002070005 0.002821979 0.00273729 0.003409182 0.004152217 0.005140197 0.005806732 0.005294925 0.004150706 0.00369834 0.005288792 0.007411207 0.0111782 0.01837099 0.02574707 0.03686024 0.07084421 0.1036503 0.1638317 0.1472194 0.1066333 0.08964159 0.05456036 0.03868834 0.01587226 0.008587316 0.00839446 0.007064069 0.01256607 0.01811521 0.0202379
0.01197348 0.01268635 0.01232565 0.01069355 0.009742541 0.008301176 0.006695929 0.005362123 0.006084382 0.008046491 0.01071186 0.01171305 0.009277823 0.006133766 0.004094932 0.00293861 0.002053855 0.001517296 0.001389988 0.001326222 0.001252294 0.001216742 0.001321649 0.001357796 0.001463712 0.001554846 0.001833047 0.001605331 0.001522798 0.002703012 0.003447924 0.004144443 0.004869149 0.005956409 0.005546802 0.004075267 0.002893644 0.003962591 0.007438522 0.01446214 0.01880048 0.0423087 0.07409768 0.1018176 0.1208888 0.1454518 0.1450038 0.1353818 0.1037809 0.06920811 0.04463918 0.02229651 0.01393459 0.00993735 0.008517032 0.01075037 0.01344055 0.02312675
