39, 72
40, 72
41, 71
41, 72
42, 72
42, 71
41, 70
42, 69
43, 68
42, 69
42, 69
49, 24
48, 25
47, 24
46, 24
46, 25
45, 24
46, 24
47, 23
46, 24
47, 23
47, 23
35, 17
34, 17
33, 17
34, 18
33, 17
34, 17
34, 17
30, 56
29, 55
28, 56
28, 57
29, 58
29, 58
37, 10
37, 11
36, 11
36, 10
36, 9
37, 10
36, 9
37, 9
36, 10
36, 10
19, 47
18, 46
17, 46
18, 45
17, 46
16, 47
17, 47
17, 47
46, 31
47, 30
46, 31
45, 32
44, 31
44, 32
43, 31
44, 31
44, 31
70, 46
69, 45
68, 46
68, 47
68, 46
67, 45
66, 44
65, 43
64, 42
64, 42
31, 12
32, 12
31, 11
32, 10
31, 9
32, 10
32, 9
32, 10
31, 10
31, 10
65, 91
64, 91
64, 90
65, 89
65, 88
64, 89
63, 88
62, 88
62, 88
55, 76
55, 75
55, 76
54, 77
53, 76
53, 75
53, 76
54, 76
54, 76
26, 29
25, 28
24, 29
23, 30
24, 30
23, 31
22, 32
22, 32
45, 16
46, 15
46, 14
47, 13
47, 12
46, 13
45, 14
44, 14
45, 13
45, 13
46, 14
46, 15
45, 16
46, 16
46, 15
46, 16
45, 17
44, 16
43, 17
42, 16
42, 16
37, 73
36, 73
35, 74
36, 75
36, 74
37, 73
38, 73
37, 74
37, 74
28, 35
29, 35
29, 36
28, 35
29, 35
29, 35
72, 58
73, 57
72, 57
72, 56
72, 55
73, 56
72, 56
71, 55
72, 54
72, 53
72, 53
46, 89
47, 88
48, 88
49, 89
48, 89
47, 88
48, 87
48, 88
47, 89
47, 89
60, 74
59, 75
58, 74
57, 73
58, 72
58, 72
57, 87
57, 86
58, 87
59, 87
59, 86
59, 85
59, 86
59, 86
64, 43
64, 44
63, 43
64, 43
65, 44
66, 43
66, 42
65, 43
65, 43
44, 13
44, 12
44, 13
43, 13
43, 14
43, 14
33, 16
33, 15
32, 16
33, 17
32, 17
32, 18
32, 19
31, 20
32, 20
31, 20
31, 20
42, 17
43, 17
43, 18
42, 18
41, 19
42, 20
43, 19
44, 20
43, 20
43, 20
29, 36
30, 35
31, 35
30, 34
29, 34
30, 34
31, 33
31, 34
32, 34
33, 34
33, 34
61, 89
60, 89
61, 88
62, 88
63, 89
63, 90
64, 91
64, 91
73, 52
72, 53
72, 54
73, 55
72, 55
72, 54
73, 53
74, 53
74, 53
58, 85
57, 86
58, 87
59, 87
58, 88
57, 88
57, 89
57, 89
43, 68
43, 67
42, 66
42, 65
41, 64
41, 63
40, 62
39, 63
39, 64
38, 63
38, 63
59, 72
58, 71
57, 71
56, 72
55, 72
56, 72
57, 72
57, 72
47, 90
48, 89
48, 88
47, 89
48, 88
48, 87
47, 86
48, 86
48, 86
53, 75
54, 76
55, 76
56, 77
57, 77
58, 76
57, 76
57, 76
48, 22
48, 21
48, 20
49, 19
48, 20
48, 19
47, 20
48, 21
48, 22
47, 22
47, 22
36, 75
36, 74
36, 73
37, 72
36, 71
37, 72
38, 71
37, 72
37, 72
16, 48
16, 49
17, 48
16, 47
16, 46
17, 45
18, 44
18, 44
43, 32
43, 33
42, 34
41, 33
40, 33
41, 32
40, 31
39, 30
38, 31
38, 31
37, 10
38, 11
39, 12
39, 13
39, 12
39, 12
32, 11
33, 11
34, 10
34, 11
35, 10
36, 10
37, 10
36, 9
35, 8
35, 7
35, 7
28, 58
28, 57
29, 57
28, 56
27, 55
27, 54
28, 53
29, 52
28, 53
28, 53
22, 31
23, 32
24, 32
24, 31
25, 30
24, 31
23, 32
22, 31
22, 31
37, 63
38, 64
37, 64
36, 65
35, 64
35, 63
36, 62
37, 61
36, 61
36, 61
27, 53
28, 54
29, 55
28, 55
29, 55
28, 55
27, 56
26, 57
25, 58
26, 59
26, 59
58, 90
58, 91
58, 90
58, 91
58, 90
57, 89
58, 88
58, 88
32, 35
33, 34
32, 35
31, 36
32, 37
32, 37
19, 45
19, 46
20, 46
20, 45
20, 46
21, 47
20, 48
19, 47
19, 46
19, 46
42, 21
41, 22
42, 22
43, 22
42, 22
42, 22
38, 32
38, 33
38, 34
37, 34
36, 34
35, 34
35, 34
36, 8
36, 7
37, 6
36, 6
37, 5
37, 4
37, 3
36, 4
36, 4
66, 44
66, 43
66, 42
67, 41
67, 42
67, 41
67, 42
66, 42
66, 42
56, 73
56, 74
57, 75
56, 75
56, 76
56, 77
56, 76
56, 76
38, 71
38, 70
37, 70
38, 69
38, 68
38, 67
38, 67
74, 52
75, 52
74, 52
75, 52
76, 53
76, 53
32, 21
32, 20
31, 21
32, 21
31, 21
30, 20
30, 19
29, 18
30, 18
30, 18
56, 76
57, 77
57, 76
57, 75
57, 76
58, 77
59, 77
60, 76
60, 76
39, 13
38, 14
38, 15
37, 14
36, 13
37, 14
37, 14
64, 92
65, 92
64, 93
63, 92
63, 93
64, 92
65, 92
64, 92
63, 91
64, 92
64, 92
49, 85
50, 84
51, 84
50, 84
50, 83
50, 83
21, 32
20, 32
19, 32
18, 33
19, 32
20, 31
21, 32
21, 33
21, 34
22, 33
22, 33
46, 22
45, 23
46, 22
46, 23
45, 24
46, 23
47, 23
47, 22
46, 23
45, 23
45, 23
44, 13
45, 13
46, 13
46, 14
47, 15
46, 16
45, 16
44, 16
45, 17
46, 18
46, 18
18, 45
18, 46
18, 45
18, 46
18, 45
19, 46
19, 47
18, 46
18, 46
42, 23
42, 24
43, 24
43, 25
44, 25
44, 25
33, 38
32, 38
32, 37
33, 36
32, 35
33, 35
34, 34
34, 35
35, 36
35, 36
47, 17
47, 18
48, 17
47, 18
48, 17
48, 16
47, 16
47, 16
58, 87
59, 86
59, 87
60, 88
61, 89
60, 88
60, 87
61, 87
61, 87
67, 42
68, 42
67, 42
66, 42
65, 42
66, 42
66, 42
45, 24
44, 24
45, 23
44, 23
43, 23
43, 24
42, 23
43, 23
44, 22
44, 22
56, 75
57, 75
58, 75
59, 74
58, 75
58, 76
59, 75
59, 74
59, 75
60, 74
60, 74
34, 35
33, 34
34, 33
35, 34
35, 33
36, 33
37, 33
38, 33
39, 32
39, 32
75, 52
74, 52
74, 53
75, 52
75, 53
76, 54
75, 54
75, 54
60, 75
59, 76
58, 77
57, 76
57, 77
56, 76
56, 76
21, 32
21, 33
22, 33
21, 33
22, 32
22, 32
27, 60
28, 59
27, 58
28, 59
27, 60
26, 60
25, 60
24, 60
23, 60
23, 60
39, 68
40, 67
40, 68
41, 68
40, 67
40, 66
39, 67
38, 67
38, 67
37, 5
36, 4
37, 3
36, 4
36, 5
37, 6
36, 7
36, 7
63, 91
63, 90
64, 90
64, 91
65, 90
66, 90
67, 90
67, 90
36, 60
37, 59
38, 59
38, 60
37, 61
36, 62
37, 63
36, 62
36, 63
37, 64
37, 64
30, 17
31, 18
30, 17
31, 17
32, 17
33, 18
32, 17
33, 18
33, 18
49, 83
49, 82
48, 83
47, 82
46, 83
45, 84
45, 85
44, 85
44, 84
44, 84
38, 14
39, 15
39, 14
38, 13
39, 14
38, 14
39, 14
38, 14
38, 15
38, 16
38, 16
66, 89
66, 90
65, 89
66, 88
65, 87
64, 86
64, 86
47, 15
47, 14
47, 13
48, 13
49, 12
48, 13
49, 13
50, 14
50, 15
50, 15
44, 85
45, 84
46, 85
47, 84
48, 85
47, 86
48, 85
49, 85
49, 85
61, 74
61, 73
62, 72
63, 72
64, 73
65, 72
66, 72
67, 72
67, 72
17, 47
16, 46
15, 47
16, 47
17, 46
18, 47
18, 47
37, 17
38, 17
37, 17
36, 16
35, 17
36, 16
37, 15
37, 16
36, 16
37, 16
37, 16
38, 65
39, 65
39, 64
40, 64
41, 65
42, 66
43, 67
42, 67
42, 67
36, 36
35, 37
35, 36
35, 37
36, 36
37, 35
38, 36
39, 36
39, 35
39, 35
62, 88
63, 88
64, 89
65, 89
64, 89
63, 90
62, 89
62, 89
38, 66
37, 65
37, 64
37, 65
37, 64
38, 63
38, 63
67, 42
66, 42
67, 41
68, 42
69, 43
69, 43
43, 21
42, 20
43, 19
44, 18
45, 19
45, 18
46, 17
46, 18
45, 19
44, 19
44, 19
45, 25
46, 26
46, 27
45, 27
44, 28
44, 28
74, 55
73, 54
72, 54
73, 54
74, 55
74, 56
73, 55
73, 55
36, 8
37, 7
38, 8
37, 8
38, 7
39, 8
40, 8
41, 7
40, 6
40, 6
24, 59
23, 58
24, 58
23, 57
22, 56
22, 55
22, 54
23, 55
23, 55
23, 31
22, 30
22, 31
21, 32
21, 31
21, 31
33, 19
33, 20
32, 21
31, 20
32, 19
32, 19
55, 75
55, 76
54, 76
53, 76
52, 77
52, 76
51, 76
51, 75
51, 74
51, 74
40, 33
40, 34
39, 33
40, 34
39, 34
40, 34
39, 34
39, 34
24, 54
23, 54
22, 55
22, 56
23, 55
23, 54
24, 53
24, 52
25, 52
25, 52
17, 47
18, 47
17, 47
18, 47
17, 47
18, 46
17, 46
18, 46
18, 46
38, 15
37, 15
37, 14
36, 14
37, 15
38, 16
37, 17
37, 18
36, 17
36, 17
48, 85
47, 84
47, 85
47, 86
46, 86
45, 87
44, 87
44, 87
68, 42
69, 43
68, 44
67, 44
68, 44
67, 44
68, 44
69, 44
69, 44
45, 20
46, 20
47, 19
46, 19
47, 18
47, 19
46, 20
46, 20
22, 31
23, 30
24, 29
24, 28
25, 28
25, 27
25, 27
67, 73
66, 72
66, 73
65, 72
66, 71
66, 71
40, 35
39, 34
39, 35
40, 35
41, 34
41, 33
41, 33
51, 73
52, 72
51, 73
50, 72
51, 73
52, 73
52, 72
51, 71
51, 71
37, 63
38, 64
37, 63
37, 64
38, 65
38, 65
40, 34
39, 35
38, 36
37, 35
37, 36
38, 37
38, 38
38, 38
42, 66
42, 65
41, 65
40, 65
41, 65
40, 66
39, 66
40, 65
40, 65
43, 28
43, 29
43, 30
42, 30
41, 31
40, 30
39, 31
40, 31
40, 30
40, 30
39, 5
38, 4
39, 4
40, 5
39, 6
39, 7
39, 8
38, 8
38, 8
33, 18
34, 17
35, 16
36, 17
37, 16
38, 16
38, 15
38, 14
38, 15
37, 15
37, 15
72, 56
71, 56
70, 56
71, 57
71, 56
71, 56
64, 85
64, 86
63, 86
62, 86
61, 85
60, 86
61, 85
60, 85
59, 85
58, 84
58, 84
49, 14
48, 15
49, 15
50, 14
49, 14
48, 13
49, 14
49, 14
62, 90
63, 89
63, 88
62, 87
63, 87
63, 87
48, 13
48, 12
47, 13
48, 12
49, 12
50, 11
50, 11
44, 88
45, 89
46, 88
45, 89
44, 88
45, 88
45, 89
45, 88
45, 88
40, 32
39, 32
40, 33
41, 34
41, 35
41, 35
45, 21
46, 21
45, 20
46, 20
45, 19
45, 19
24, 27
23, 26
22, 25
21, 26
21, 25
21, 24
22, 23
21, 23
21, 23
37, 38
36, 37
37, 37
38, 38
39, 37
40, 38
40, 37
41, 38
42, 39
42, 39
58, 83
57, 84
58, 83
59, 83
60, 84
59, 84
60, 84
60, 85
60, 85
37, 66
37, 65
36, 64
35, 63
35, 62
36, 63
37, 62
37, 63
37, 63
69, 45
68, 46
68, 47
68, 48
67, 48
66, 47
65, 46
64, 45
65, 45
66, 46
66, 46
64, 87
65, 88
65, 87
64, 87
64, 88
63, 88
62, 88
61, 88
61, 88
41, 29
42, 29
41, 29
42, 29
43, 30
43, 31
42, 32
42, 32
26, 53
25, 53
26, 53
25, 52
26, 52
25, 52
24, 51
23, 52
23, 52
17, 45
17, 46
18, 47
19, 46
19, 45
19, 45
70, 56
69, 55
70, 56
69, 56
70, 56
69, 55
69, 55
38, 14
39, 14
38, 15
38, 16
37, 17
36, 16
36, 15
35, 15
35, 16
34, 15
34, 15
35, 16
36, 15
36, 16
36, 17
35, 16
36, 15
36, 15
67, 70
66, 70
66, 71
66, 70
65, 71
65, 71
40, 66
40, 65
41, 66
42, 65
42, 64
42, 65
41, 64
41, 63
42, 64
43, 64
43, 64
52, 70
51, 71
50, 72
50, 71
49, 72
49, 72
39, 7
38, 7
39, 7
40, 7
41, 6
40, 5
41, 4
41, 4
70, 54
71, 54
70, 55
70, 54
71, 55
71, 55
42, 34
41, 34
40, 35
39, 35
40, 34
39, 34
39, 33
38, 32
39, 32
39, 32
64, 70
65, 69
66, 69
67, 68
66, 69
65, 68
66, 67
65, 68
64, 69
63, 68
63, 68
37, 62
37, 63
38, 63
39, 62
40, 62
41, 61
40, 62
40, 62
44, 20
45, 21
45, 20
44, 21
44, 22
45, 22
45, 22
41, 38
40, 39
39, 39
39, 38
40, 38
41, 39
41, 38
40, 37
39, 38
39, 38
35, 14
35, 13
36, 14
37, 15
38, 16
38, 16
23, 53
24, 52
25, 53
25, 54
26, 55
25, 56
26, 55
26, 55
44, 65
45, 64
45, 63
46, 62
45, 62
46, 62
46, 63
45, 64
45, 64
43, 33
42, 33
41, 34
40, 34
39, 34
38, 34
38, 33
38, 33
49, 11
48, 12
49, 11
48, 12
49, 13
50, 14
49, 14
50, 15
49, 14
49, 13
49, 13
62, 88
62, 89
61, 90
60, 89
59, 90
58, 89
59, 89
60, 90
60, 90
18, 46
18, 47
17, 46
16, 47
15, 47
15, 47
37, 14
38, 15
37, 15
36, 15
37, 15
37, 15
45, 87
45, 88
46, 88
47, 89
47, 90
46, 89
45, 89
46, 89
47, 89
48, 90
48, 90
59, 84
58, 85
57, 84
58, 83
57, 83
56, 84
55, 84
55, 85
55, 85
42, 5
41, 6
40, 7
39, 6
40, 7
41, 6
42, 6
43, 7
44, 7
43, 8
43, 8
48, 71
49, 71
50, 70
51, 69
52, 69
52, 69
22, 22
22, 23
22, 22
21, 22
22, 22
22, 23
22, 22
22, 22
65, 45
66, 46
66, 45
65, 44
64, 43
65, 43
65, 42
64, 42
65, 43
66, 43
66, 43
48, 89
47, 88
46, 89
47, 90
46, 89
45, 88
45, 89
44, 88
44, 88
72, 54
71, 54
70, 55
70, 56
71, 56
71, 56
63, 67
62, 66
61, 67
62, 67
61, 68
60, 68
60, 69
60, 69
42, 8
43, 8
44, 7
45, 8
46, 7
45, 8
45, 8
44, 63
45, 64
44, 64
43, 63
44, 62
44, 62
40, 38
41, 37
40, 37
41, 36
40, 36
41, 35
42, 36
43, 37
42, 37
42, 37
23, 22
22, 22
23, 21
22, 21
22, 22
21, 23
22, 23
21, 22
21, 23
21, 22
21, 22
27, 55
26, 55
26, 56
26, 55
26, 54
27, 55
27, 56
27, 56
39, 34
40, 34
41, 35
40, 36
41, 37
41, 38
41, 37
40, 36
40, 37
40, 37
37, 14
36, 13
37, 14
38, 14
39, 13
39, 14
40, 15
40, 14
39, 15
38, 16
38, 16
46, 22
46, 23
47, 23
47, 24
48, 23
49, 23
48, 23
48, 24
48, 23
48, 24
48, 24
39, 33
39, 32
38, 32
38, 33
39, 33
40, 34
40, 34
41, 62
40, 61
39, 60
40, 59
39, 59
38, 58
39, 57
38, 58
37, 59
37, 59
15, 48
14, 47
13, 46
14, 45
15, 46
14, 46
14, 46
66, 42
66, 43
66, 44
65, 44
66, 45
65, 44
65, 44
51, 69
51, 68
52, 69
52, 68
51, 68
51, 68
54, 85
54, 84
55, 83
56, 84
55, 85
54, 84
54, 83
55, 83
55, 84
55, 84
60, 89
61, 90
62, 89
63, 90
63, 89
62, 88
61, 87
60, 88
61, 87
60, 87
60, 87
50, 12
50, 11
50, 12
49, 11
49, 12
49, 11
48, 10
49, 9
49, 9
37, 17
38, 16
37, 16
37, 17
38, 18
39, 17
39, 18
40, 18
39, 17
40, 18
40, 18
72, 56
73, 57
72, 58
72, 57
72, 58
71, 59
71, 59
46, 9
46, 8
45, 9
44, 9
44, 10
45, 11
45, 10
46, 9
47, 8
47, 7
47, 7
45, 89
46, 89
47, 90
48, 90
47, 90
46, 89
46, 88
45, 89
45, 89
40, 19
41, 19
42, 18
41, 18
40, 18
41, 19
40, 20
39, 20
40, 21
40, 21
36, 60
35, 59
34, 60
35, 59
36, 58
37, 59
36, 58
35, 57
35, 57
61, 70
61, 71
62, 71
63, 70
62, 71
62, 71
49, 25
48, 25
48, 24
49, 25
49, 24
48, 25
47, 25
48, 24
48, 24
41, 33
40, 32
39, 33
39, 32
39, 31
39, 31
26, 55
27, 56
26, 55
26, 56
27, 57
26, 58
27, 57
27, 57
14, 45
15, 46
15, 47
14, 48
14, 49
15, 49
14, 48
13, 49
13, 48
13, 49
13, 49
45, 63
45, 62
46, 63
46, 62
45, 62
44, 63
44, 62
45, 63
45, 63
52, 68
53, 67
52, 66
53, 65
52, 65
53, 65
52, 66
52, 66
39, 17
38, 18
37, 17
36, 17
36, 16
35, 16
35, 17
35, 17
48, 9
49, 8
50, 8
49, 9
50, 10
50, 9
50, 10
49, 9
49, 9
64, 45
64, 44
64, 45
63, 45
62, 45
63, 44
64, 45
63, 46
64, 47
64, 47
40, 38
40, 39
39, 38
40, 39
41, 38
40, 39
41, 40
41, 40
54, 84
53, 85
54, 84
55, 83
55, 84
54, 84
55, 84
55, 85
54, 85
53, 86
53, 86
61, 88
60, 88
59, 87
58, 86
57, 85
57, 84
58, 84
57, 84
56, 85
57, 85
57, 85
43, 36
43, 37
44, 38
43, 39
43, 40
42, 39
42, 39
21, 23
22, 24
22, 23
21, 22
21, 23
21, 22
22, 23
22, 23
12, 50
13, 51
14, 50
13, 51
14, 50
14, 51
15, 52
14, 53
14, 53
38, 32
38, 33
37, 33
38, 32
37, 31
36, 30
37, 31
36, 31
36, 31
41, 22
40, 22
41, 21
41, 22
40, 22
41, 23
40, 22
40, 23
39, 22
39, 22
41, 40
42, 39
42, 38
41, 38
40, 37
41, 38
40, 39
39, 38
39, 38
49, 23
49, 22
48, 21
48, 22
47, 23
47, 22
48, 23
48, 23
35, 58
34, 58
34, 57
33, 58
32, 58
33, 59
34, 58
34, 58
58, 84
58, 85
58, 84
57, 83
56, 83
56, 83
48, 9
49, 9
49, 10
48, 10
48, 9
48, 9
47, 8
47, 7
46, 7
45, 7
46, 8
45, 9
44, 10
45, 9
45, 9
41, 41
40, 40
41, 39
42, 40
42, 39
41, 39
42, 38
42, 38
28, 58
28, 59
29, 60
28, 61
27, 61
26, 60
27, 61
26, 61
26, 61
35, 16
34, 16
33, 15
34, 15
34, 14
35, 13
36, 13
35, 12
36, 13
35, 12
35, 12
53, 67
54, 66
53, 67
54, 68
55, 67
54, 67
54, 67
64, 46
65, 47
64, 47
65, 46
66, 45
67, 44
67, 44
46, 62
45, 61
44, 62
44, 63
43, 63
44, 63
44, 63
44, 88
44, 87
45, 87
45, 88
46, 88
46, 89
47, 89
46, 88
47, 89
47, 89
22, 22
23, 23
24, 23
24, 24
25, 24
26, 25
25, 26
26, 25
26, 26
26, 26
63, 70
62, 71
62, 72
63, 73
64, 74
64, 74
70, 58
71, 58
70, 59
69, 58
70, 58
70, 59
69, 60
69, 60
54, 87
55, 88
55, 89
55, 88
56, 89
55, 90
55, 89
55, 89
41, 37
40, 38
40, 39
40, 40
40, 39
41, 39
42, 40
42, 40
33, 58
33, 59
34, 60
33, 60
33, 61
33, 60
34, 60
34, 59
34, 59
27, 61
28, 61
28, 60
27, 61
28, 60
28, 59
29, 60
28, 59
28, 59
66, 43
67, 44
68, 45
69, 45
69, 44
68, 45
69, 45
68, 46
68, 46
15, 53
15, 52
14, 53
13, 54
14, 54
15, 55
14, 54
14, 54
36, 11
36, 12
36, 13
35, 12
34, 12
35, 12
34, 11
34, 12
34, 12
56, 89
55, 90
54, 89
53, 88
54, 89
53, 89
53, 90
53, 91
53, 91
70, 60
69, 61
68, 60
68, 61
69, 61
70, 60
70, 60
54, 68
55, 67
56, 66
57, 65
58, 64
58, 63
58, 64
58, 64
57, 82
57, 81
56, 80
55, 80
54, 80
53, 79
54, 80
54, 81
54, 81
45, 63
44, 62
45, 62
45, 61
46, 62
45, 63
46, 63
46, 64
47, 63
46, 64
46, 64
40, 38
39, 39
38, 39
39, 39
40, 38
41, 37
41, 37
64, 75
65, 74
64, 75
65, 75
66, 74
66, 73
67, 74
66, 75
66, 74
66, 74
47, 9
48, 8
49, 7
48, 8
48, 9
48, 9
44, 9
44, 8
43, 8
43, 7
42, 7
42, 6
41, 7
42, 6
42, 7
42, 7
40, 23
41, 22
42, 22
42, 23
43, 22
44, 22
44, 22
35, 32
35, 31
34, 32
33, 31
33, 30
34, 29
35, 28
36, 28
36, 28
49, 24
50, 23
49, 23
49, 24
49, 23
50, 23
50, 24
51, 23
51, 23
25, 25
26, 26
26, 27
26, 28
25, 29
25, 28
24, 29
25, 30
26, 30
26, 30
48, 89
49, 89
48, 90
49, 89
50, 88
50, 88
47, 63
48, 64
48, 65
47, 65
47, 66
46, 65
45, 65
46, 65
47, 64
48, 64
48, 64
45, 21
46, 20
47, 20
46, 21
47, 20
47, 19
48, 18
48, 17
47, 16
48, 15
48, 15
47, 9
48, 10
49, 9
50, 8
49, 9
49, 8
48, 8
49, 7
50, 8
50, 8
13, 54
14, 55
13, 54
12, 55
12, 56
12, 56
41, 41
42, 40
41, 39
42, 40
42, 41
41, 42
41, 41
42, 40
42, 40
50, 89
49, 89
50, 89
49, 88
48, 88
48, 88
54, 91
53, 90
53, 89
53, 90
54, 91
55, 90
55, 90
54, 82
53, 81
54, 80
54, 81
55, 82
56, 82
56, 81
56, 80
56, 80
52, 23
51, 23
50, 23
49, 23
48, 22
47, 21
46, 22
45, 21
44, 20
44, 20
69, 60
70, 59
70, 60
69, 60
69, 59
69, 58
68, 59
68, 59
58, 63
59, 63
60, 63
59, 63
58, 64
58, 64
33, 13
32, 14
33, 15
34, 16
35, 15
36, 14
35, 15
36, 15
37, 14
36, 15
36, 15
26, 29
25, 29
24, 29
23, 28
24, 28
23, 28
24, 28
24, 28
69, 47
68, 47
69, 47
70, 46
69, 47
68, 46
67, 46
68, 45
69, 45
70, 46
70, 46
42, 8
42, 9
42, 8
43, 9
44, 9
44, 8
45, 8
45, 8
33, 60
34, 59
35, 58
35, 59
34, 58
35, 57
35, 57
42, 37
43, 37
44, 37
43, 36
42, 36
43, 36
43, 35
44, 34
44, 34
29, 60
30, 59
29, 60
30, 60
31, 60
30, 60
31, 60
31, 61
31, 62
31, 62
37, 29
37, 28
38, 27
38, 28
38, 27
37, 26
38, 25
38, 25
67, 75
68, 76
68, 77
69, 77
70, 76
69, 77
70, 77
70, 76
69, 76
69, 76
11, 56
12, 55
11, 54
11, 55
11, 56
12, 57
12, 58
11, 57
11, 57
37, 14
37, 13
37, 12
38, 13
37, 13
38, 13
39, 13
38, 14
38, 14
71, 45
70, 45
71, 44
72, 44
71, 44
71, 43
70, 44
69, 44
68, 45
68, 45
56, 79
56, 78
55, 77
55, 78
54, 78
53, 77
53, 77
44, 19
45, 18
46, 19
47, 20
47, 21
47, 21
36, 57
35, 58
34, 57
34, 58
34, 59
35, 60
36, 61
36, 61
50, 9
49, 8
49, 9
50, 9
49, 8
48, 7
48, 7
68, 58
69, 59
68, 60
68, 61
69, 61
68, 62
68, 62
45, 33
45, 34
46, 34
47, 33
47, 34
47, 35
48, 35
47, 36
48, 37
48, 37
30, 63
31, 64
31, 65
31, 66
30, 66
31, 67
31, 67
39, 26
39, 27
38, 28
39, 28
38, 27
37, 28
37, 29
38, 28
39, 28
39, 27
39, 27
58, 65
57, 64
56, 64
55, 65
56, 65
57, 65
56, 66
56, 65
56, 65
56, 89
55, 89
56, 89
57, 89
58, 89
58, 89
48, 65
49, 66
50, 66
51, 65
51, 66
51, 65
50, 66
49, 67
49, 67
25, 27
26, 26
25, 25
25, 24
25, 25
26, 25
26, 25
45, 9
46, 9
45, 8
44, 7
43, 7
43, 8
44, 9
45, 8
46, 8
45, 8
45, 8
49, 87
48, 87
49, 86
50, 85
51, 86
51, 85
52, 85
52, 84
52, 84
49, 15
48, 15
49, 14
48, 14
48, 15
47, 15
47, 14
47, 14
70, 75
69, 75
70, 76
70, 75
70, 74
70, 74
41, 41
41, 42
42, 41
43, 40
42, 40
41, 41
42, 40
41, 40
42, 39
42, 38
42, 38
38, 28
38, 29
39, 29
38, 28
37, 29
38, 28
38, 29
38, 29
50, 66
51, 65
51, 64
51, 65
51, 64
50, 64
50, 64
47, 36
46, 36
47, 35
46, 35
45, 34
46, 33
47, 33
48, 33
49, 33
49, 32
49, 32
12, 57
11, 57
12, 57
12, 58
12, 57
12, 57
54, 78
54, 79
53, 80
53, 81
52, 81
51, 82
51, 81
51, 81
51, 83
50, 83
51, 82
52, 83
53, 82
53, 83
52, 84
53, 85
52, 85
53, 85
53, 85
41, 39
42, 39
43, 38
42, 38
42, 37
42, 37
35, 60
35, 59
34, 59
33, 58
34, 58
34, 58
59, 89
59, 88
58, 89
57, 88
57, 89
57, 89
30, 66
29, 65
30, 66
29, 65
28, 64
28, 65
28, 65
56, 66
57, 65
56, 66
57, 65
57, 66
56, 67
55, 67
55, 67
70, 73
70, 72
69, 72
68, 72
67, 71
67, 72
68, 73
67, 73
67, 73
27, 26
28, 25
27, 25
27, 26
27, 25
27, 25
69, 45
70, 45
71, 44
71, 43
70, 44
70, 45
70, 45
47, 22
48, 22
47, 21
46, 21
45, 22
45, 22
67, 61
67, 60
68, 61
68, 62
67, 61
68, 62
68, 62
46, 8
46, 7
46, 8
46, 7
47, 8
47, 7
46, 7
46, 7
47, 8
48, 9
49, 10
48, 9
49, 9
49, 9
47, 15
47, 16
46, 15
45, 15
45, 14
46, 14
47, 13
47, 13
39, 15
40, 16
40, 15
39, 15
40, 16
39, 15
40, 16
39, 16
40, 17
40, 17
46, 12
47, 12
46, 11
46, 10
45, 9
45, 10
44, 10
44, 11
43, 10
43, 10
26, 24
27, 25
28, 26
29, 27
28, 27
29, 26
29, 26
66, 74
65, 73
66, 72
66, 71
65, 71
65, 70
65, 70
11, 57
11, 58
11, 59
11, 60
11, 61
11, 62
11, 61
10, 62
11, 62
10, 63
10, 63
58, 88
57, 87
58, 87
57, 88
56, 89
56, 88
56, 88
48, 31
48, 32
47, 31
46, 32
47, 32
47, 32
39, 28
40, 29
41, 29
40, 28
39, 27
39, 28
40, 28
40, 28
54, 67
53, 67
54, 68
53, 69
53, 68
52, 67
51, 67
52, 68
52, 67
53, 66
53, 66
29, 66
30, 67
30, 66
31, 66
30, 67
31, 66
30, 65
31, 64
31, 65
31, 65
51, 65
52, 64
52, 63
52, 62
51, 63
52, 64
51, 64
51, 64
69, 44
70, 44
71, 44
72, 44
73, 44
73, 44
48, 10
47, 11
46, 12
47, 11
46, 12
45, 13
45, 13
67, 61
67, 62
68, 62
68, 61
69, 60
69, 60
44, 21
45, 20
44, 21
43, 22
43, 21
43, 20
42, 19
43, 20
42, 19
42, 19
41, 17
40, 17
40, 18
39, 17
38, 17
39, 17
38, 16
39, 17
39, 17
54, 84
55, 83
56, 84
56, 85
55, 86
55, 85
54, 85
54, 85
52, 80
53, 81
53, 82
54, 81
54, 82
55, 82
55, 82
46, 8
47, 9
46, 8
45, 7
44, 8
44, 7
45, 7
46, 7
46, 7
41, 37
41, 38
40, 38
40, 39
41, 40
42, 39
41, 40
41, 40
33, 59
33, 58
34, 58
34, 57
35, 56
36, 55
35, 55
35, 55
46, 14
47, 15
48, 16
50, 18
51, 19
52, 20
53, 21
54, 22
54, 23
54, 24
54, 25
54, 26
54, 28
54, 29
54, 30
54, 31
54, 32
54, 33
54, 34
54, 35
54, 35
40, 18
41, 19
42, 20
43, 21
44, 22
44, 22
30, 27
31, 28
32, 29
33, 30
34, 31
35, 32
36, 33
37, 34
37, 34
52, 65
52, 66
52, 66
53, 67
54, 68
53, 69
53, 69
54, 70
55, 71
55, 72
55, 71
55, 71
55, 71
56, 83
57, 84
58, 85
59, 86
60, 87
61, 88
61, 88
47, 8
48, 9
49, 10
50, 11
52, 13
53, 14
54, 15
55, 16
56, 17
57, 18
58, 19
59, 20
60, 21
62, 23
63, 24
64, 25
65, 26
66, 27
67, 28
68, 29
70, 31
70, 32
70, 33
70, 34
70, 35
70, 36
70, 37
70, 38
70, 40
70, 41
70, 42
70, 43
70, 44
70, 45
69, 44
69, 44
69, 44
36, 56
37, 57
38, 58
39, 59
40, 60
41, 61
43, 63
44, 64
45, 65
46, 66
47, 67
48, 68
49, 69
50, 70
51, 71
52, 72
52, 72
54, 67
54, 68
54, 68
54, 69
54, 70
54, 71
54, 71
53, 71
53, 71
54, 72
54, 73
54, 73
54, 73
48, 33
49, 34
50, 35
49, 36
49, 36
50, 37
49, 36
49, 36
49, 35
49, 35
49, 34
49, 34
50, 35
50, 35
42, 41
43, 42
44, 43
45, 44
46, 43
46, 43
46, 43
32, 66
33, 67
34, 68
35, 69
36, 69
36, 69
35, 69
35, 69
36, 70
37, 71
38, 72
39, 73
39, 73
57, 88
57, 88
58, 87
58, 86
58, 85
58, 84
58, 83
58, 83
11, 64
10, 65
10, 65
11, 66
10, 66
10, 66
12, 68
13, 69
14, 70
15, 71
16, 72
17, 73
18, 73
19, 73
19, 73
41, 29
42, 30
43, 31
44, 32
45, 33
46, 34
47, 35
48, 36
49, 37
49, 37
55, 86
54, 87
54, 87
55, 86
56, 86
57, 86
57, 86
56, 86
56, 86
56, 86
56, 86
56, 86
43, 20
44, 21
45, 22
46, 23
47, 24
48, 24
48, 24
49, 25
49, 25
68, 59
68, 59
67, 60
66, 59
66, 59
66, 58
66, 58
65, 59
64, 60
64, 60
64, 71
63, 72
62, 73
62, 74
62, 75
62, 76
62, 77
61, 76
61, 76
62, 77
62, 77
72, 45
71, 46
70, 47
70, 49
70, 50
70, 51
70, 52
70, 53
70, 54
70, 55
70, 56
70, 57
71, 58
71, 58
70, 59
70, 60
70, 60
44, 11
45, 12
45, 11
45, 11
46, 12
47, 13
46, 14
46, 14
47, 15
47, 16
47, 16
48, 17
48, 17
54, 72
53, 73
52, 74
51, 75
51, 76
51, 77
51, 77
47, 44
48, 45
49, 46
50, 47
51, 48
51, 48
40, 74
39, 75
39, 75
39, 76
39, 76
40, 77
41, 78
42, 79
43, 80
44, 81
44, 81
62, 87
63, 86
64, 85
65, 84
66, 83
67, 82
67, 81
68, 80
68, 80
68, 80
69, 61
69, 60
69, 60
68, 61
69, 60
69, 60
68, 61
67, 62
66, 63
66, 63
55, 86
55, 85
55, 85
54, 86
53, 86
54, 86
54, 86
54, 85
54, 85
54, 85
59, 82
60, 81
61, 80
61, 79
61, 78
61, 78
60, 77
60, 77
60, 77
50, 38
51, 39
52, 40
53, 41
54, 42
53, 43
53, 43
54, 44
54, 44
65, 61
66, 62
66, 63
65, 63
65, 63
66, 65
66, 66
66, 67
66, 68
66, 69
66, 69
53, 73
54, 74
55, 75
55, 76
55, 76
56, 77
57, 78
57, 79
57, 79
45, 23
46, 24
47, 25
48, 26
49, 27
51, 29
52, 30
53, 31
54, 32
55, 33
56, 34
57, 35
58, 36
59, 37
59, 38
59, 38
51, 36
52, 37
53, 38
54, 39
55, 40
55, 41
55, 42
55, 43
55, 44
55, 44
55, 36
56, 37
57, 38
58, 39
58, 40
58, 41
58, 41
58, 42
58, 43
58, 43
54, 72
54, 71
54, 71
54, 71
54, 71
54, 71
54, 71
54, 71
54, 71
53, 71
53, 71
53, 71
50, 26
51, 27
53, 29
54, 30
55, 31
56, 32
57, 33
58, 34
59, 35
60, 36
60, 37
60, 38
60, 39
60, 39
20, 74
21, 75
22, 76
23, 77
24, 78
24, 79
24, 79
24, 79
68, 45
67, 46
67, 45
67, 45
66, 46
65, 47
63, 49
62, 50
61, 51
60, 52
60, 53
60, 54
60, 55
60, 56
60, 57
60, 58
60, 59
60, 60
60, 60
38, 35
39, 36
40, 37
41, 38
42, 39
43, 40
44, 41
44, 41
47, 18
47, 18
48, 19
49, 20
50, 21
51, 22
52, 23
53, 24
52, 23
52, 23
52, 23
61, 76
60, 75
59, 75
58, 75
57, 75
56, 75
55, 75
55, 75
54, 76
53, 77
52, 77
52, 77
51, 78
50, 79
50, 80
50, 80
50, 80
50, 80
50, 80
50, 80
67, 81
67, 81
66, 81
66, 81
65, 80
64, 79
64, 78
64, 77
64, 77
64, 77
64, 77
59, 40
58, 41
58, 42
58, 43
58, 44
58, 44
61, 78
62, 78
62, 79
62, 79
63, 78
64, 78
65, 78
65, 78
52, 49
52, 50
52, 50
53, 51
54, 50
54, 50
56, 52
57, 53
58, 54
58, 55
58, 56
58, 57
58, 58
58, 59
58, 59
54, 72
55, 72
56, 72
57, 72
58, 72
58, 72
58, 72
59, 44
61, 46
62, 47
63, 48
64, 49
65, 50
66, 51
68, 53
69, 54
69, 55
69, 56
69, 57
69, 58
68, 58
68, 58
69, 59
69, 60
69, 60
55, 45
54, 45
54, 45
55, 46
57, 48
58, 49
59, 50
60, 51
61, 52
62, 53
62, 54
62, 55
62, 56
62, 57
62, 58
61, 59
61, 59
62, 60
62, 61
62, 61
58, 39
57, 40
56, 41
57, 40
57, 40
56, 41
55, 41
55, 41
55, 42
54, 43
54, 43
55, 43
55, 43
55, 44
55, 44
45, 80
44, 81
44, 81
45, 80
46, 79
47, 79
48, 79
49, 79
50, 79
49, 79
49, 79
49, 79
65, 70
64, 71
65, 71
65, 71
64, 72
63, 73
62, 74
61, 75
60, 76
60, 76
55, 86
56, 87
57, 88
58, 88
59, 88
60, 88
61, 88
62, 88
62, 88
25, 80
26, 80
26, 80
27, 81
28, 82
29, 82
30, 82
31, 82
32, 82
32, 82
65, 64
64, 65
63, 66
62, 67
61, 68
60, 69
59, 70
58, 71
57, 72
57, 72
53, 24
54, 25
53, 24
53, 24
54, 25
55, 26
56, 28
56, 29
56, 30
56, 31
56, 32
56, 33
56, 34
56, 35
56, 36
56, 37
56, 36
56, 36
56, 36
58, 78
59, 78
60, 78
59, 78
59, 78
60, 78
61, 78
62, 78
63, 78
64, 78
64, 78
61, 61
61, 62
60, 61
60, 61
61, 62
61, 63
61, 64
61, 65
61, 65
56, 45
58, 47
59, 48
60, 49
61, 50
62, 51
63, 52
64, 53
65, 54
66, 55
67, 56
68, 57
69, 58
68, 59
68, 59
68, 59
43, 42
43, 42
44, 43
45, 44
44, 43
44, 43
45, 44
44, 45
44, 45
45, 46
46, 47
47, 48
47, 48
52, 78
52, 79
52, 79
53, 80
54, 81
54, 81
55, 82
56, 83
57, 84
57, 84
61, 87
60, 86
59, 85
58, 84
59, 84
59, 84
58, 84
57, 84
58, 85
58, 85
58, 85
68, 61
67, 62
66, 63
65, 64
64, 65
64, 66
64, 66
64, 66
48, 80
48, 80
49, 81
48, 82
48, 82
47, 83
47, 83
48, 84
48, 84
60, 75
60, 75
61, 76
62, 77
63, 78
64, 79
64, 79
65, 79
65, 79
64, 78
64, 77
64, 76
64, 75
64, 74
64, 73
64, 72
63, 71
63, 71
63, 71
55, 37
55, 37
56, 36
56, 36
57, 36
57, 36
58, 37
58, 38
58, 38
59, 39
60, 40
61, 41
63, 43
64, 44
65, 45
66, 46
67, 47
68, 48
68, 48
58, 73
59, 74
60, 75
61, 75
62, 75
62, 75
62, 75
63, 75
63, 75
62, 75
62, 75
62, 75
51, 79
51, 79
52, 80
53, 81
53, 80
53, 80
54, 81
54, 81
57, 85
57, 85
58, 84
59, 83
59, 82
59, 81
59, 80
58, 79
58, 79
59, 78
59, 78
60, 66
59, 67
59, 68
59, 69
59, 70
59, 71
58, 71
58, 71
59, 72
59, 73
59, 74
59, 74
61, 62
60, 63
59, 64
60, 65
60, 65
59, 66
59, 67
59, 68
59, 69
59, 70
59, 70
60, 46
61, 47
62, 48
63, 49
64, 50
65, 51
66, 52
66, 53
66, 54
66, 55
66, 56
66, 57
66, 58
66, 59
66, 60
66, 61
66, 62
67, 62
67, 62
66, 63
66, 65
66, 66
66, 67
66, 68
66, 69
66, 70
66, 71
66, 72
66, 73
66, 74
66, 75
66, 76
66, 76
48, 49
49, 50
50, 51
51, 52
50, 52
50, 52
51, 53
52, 54
53, 54
53, 54
54, 55
54, 56
54, 56
56, 45
58, 47
59, 48
60, 49
61, 50
62, 51
63, 52
64, 53
64, 54
64, 56
64, 57
64, 58
64, 59
64, 60
64, 61
64, 62
64, 63
64, 64
64, 64
64, 65
64, 65
65, 78
64, 77
64, 77
65, 78
66, 79
65, 80
65, 80
65, 80
32, 81
32, 81
33, 82
33, 82
33, 82
33, 82
33, 82
33, 82
33, 82
33, 82
33, 82
58, 60
58, 61
58, 62
57, 63
57, 63
58, 64
57, 64
57, 64
58, 65
58, 66
58, 67
58, 67
57, 73
56, 74
56, 75
56, 76
55, 77
55, 77
56, 78
56, 79
56, 80
56, 81
56, 81
67, 60
66, 61
65, 61
65, 61
64, 62
63, 63
64, 62
64, 62
63, 63
62, 64
61, 65
60, 66
60, 66
66, 78
67, 78
66, 78
66, 78
67, 78
67, 78
68, 78
67, 78
67, 78
68, 78
68, 78
67, 79
66, 79
66, 80
66, 80
65, 81
65, 81
65, 82
65, 82
64, 81
64, 81
63, 82
63, 82
64, 81
64, 81
66, 81
67, 82
68, 83
68, 83
69, 84
69, 85
70, 84
70, 84
69, 85
69, 86
69, 86
67, 77
68, 78
69, 79
69, 80
69, 81
69, 82
69, 83
69, 83
55, 57
56, 58
57, 59
57, 59
58, 60
59, 61
60, 62
61, 63
62, 64
63, 65
64, 66
64, 66
63, 66
62, 67
62, 66
62, 66
61, 67
60, 68
61, 68
61, 68
60, 69
59, 70
58, 71
57, 72
57, 72
63, 80
62, 81
61, 82
60, 83
60, 83
59, 84
58, 85
57, 86
57, 86
64, 72
65, 73
66, 74
66, 75
66, 76
66, 77
66, 78
66, 79
66, 79
60, 74
60, 74
61, 75
62, 76
63, 77
64, 78
64, 78
55, 80
56, 79
57, 78
56, 78
56, 78
57, 77
58, 77
58, 76
58, 76
59, 77
59, 77
63, 67
62, 68
61, 69
60, 70
59, 71
59, 71
60, 71
61, 72
60, 72
60, 72
61, 73
60, 73
60, 73
60, 73
57, 68
56, 69
55, 70
55, 70
55, 71
55, 72
55, 73
56, 74
56, 74
55, 75
55, 76
55, 77
55, 77
49, 83
50, 82
51, 81
51, 82
51, 82
52, 81
53, 80
54, 79
55, 78
55, 78
59, 67
58, 68
58, 69
58, 70
58, 71
58, 72
58, 73
58, 73
59, 84
60, 84
61, 84
62, 84
61, 83
61, 83
62, 84
63, 84
64, 84
65, 84
66, 84
66, 84
63, 76
63, 76
62, 75
62, 75
63, 76
63, 76
63, 76
63, 76
63, 76
63, 76
63, 76
58, 79
57, 80
58, 79
58, 79
57, 80
56, 81
55, 82
54, 83
54, 84
55, 83
55, 83
54, 84
54, 84
57, 82
58, 83
58, 82
58, 82
59, 83
60, 84
61, 85
62, 85
63, 85
64, 85
64, 84
64, 84
64, 84
33, 82
33, 82
33, 82
33, 82
33, 82
33, 82
33, 82
33, 81
33, 81
33, 81
33, 81
69, 47
69, 47
68, 48
67, 49
65, 51
64, 52
63, 53
63, 54
63, 55
63, 56
63, 57
63, 58
63, 57
63, 57
63, 57
56, 77
56, 77
57, 76
58, 75
59, 74
59, 74
60, 74
61, 73
61, 73
61, 73
59, 76
59, 75
58, 75
58, 75
59, 74
59, 73
59, 73
59, 73
59, 73
59, 73
59, 73
59, 73
33, 81
33, 81
33, 81
33, 81
32, 80
32, 80
33, 81
33, 81
33, 81
33, 81
33, 81
33, 81
64, 58
65, 59
66, 60
67, 60
67, 60
66, 61
66, 62
66, 63
66, 65
66, 66
66, 67
66, 68
66, 69
66, 70
66, 71
66, 72
65, 73
65, 73
65, 73
65, 67
65, 67
64, 68
63, 69
62, 70
63, 71
63, 71
63, 71
56, 85
56, 84
56, 83
56, 82
56, 81
56, 80
56, 79
56, 78
56, 77
56, 77
56, 77
56, 77
57, 76
58, 75
59, 74
60, 73
60, 73
65, 85
64, 86
63, 87
63, 88
63, 89
64, 90
64, 90
63, 89
63, 89
63, 85
62, 86
62, 85
62, 85
61, 86
60, 87
60, 88
60, 89
60, 89
60, 89
60, 89
60, 89
70, 83
70, 83
69, 84
68, 85
67, 86
67, 87
67, 88
67, 89
67, 89
67, 89
57, 74
56, 75
55, 76
54, 77
53, 76
53, 76
54, 77
54, 78
54, 79
54, 79
68, 85
67, 84
66, 83
65, 82
64, 81
64, 81
55, 83
56, 82
57, 81
58, 80
59, 79
60, 80
60, 80
61, 79
62, 78
63, 77
64, 77
64, 77
65, 82
66, 82
67, 82
67, 82
67, 82
67, 82
68, 81
68, 81
67, 82
67, 82
63, 77
62, 76
61, 75
62, 75
62, 75
61, 75
60, 75
59, 75
58, 75
58, 75
58, 72
57, 73
56, 73
56, 73
55, 74
54, 75
54, 76
54, 77
54, 77
59, 74
58, 75
57, 76
56, 77
56, 77
55, 78
55, 79
55, 80
56, 81
56, 81
55, 82
55, 82
64, 77
65, 78
65, 78
65, 78
65, 77
65, 77
65, 78
65, 78
65, 78
64, 78
63, 78
62, 78
61, 78
61, 78
56, 73
56, 74
55, 75
55, 75
56, 76
56, 77
56, 78
56, 78
55, 80
56, 81
57, 82
58, 83
59, 84
60, 85
60, 85
66, 79
67, 80
68, 81
69, 82
69, 83
69, 84
69, 84
70, 83
70, 83
69, 84
69, 84
69, 84
55, 77
55, 76
55, 75
55, 74
55, 73
55, 72
55, 72
55, 72
55, 72
55, 72
57, 76
58, 75
59, 74
60, 73
61, 72
62, 71
62, 71
62, 71
62, 71
63, 72
63, 72
63, 72
56, 81
57, 80
57, 79
57, 78
57, 77
57, 76
57, 75
56, 75
56, 75
56, 75
60, 72
59, 71
58, 71
57, 71
56, 71
55, 71
54, 71
53, 71
53, 71
33, 81
33, 81
32, 80
32, 80
33, 79
32, 79
32, 79
33, 78
34, 77
33, 76
33, 76
33, 76
59, 88
58, 87
57, 86
56, 85
55, 84
54, 83
54, 82
55, 81
55, 81
54, 80
54, 80
63, 76
62, 75
61, 74
60, 73
59, 72
59, 71
59, 71
60, 71
60, 71
59, 71
59, 71
63, 88
63, 88
64, 87
65, 87
65, 87
66, 86
67, 85
68, 85
67, 86
67, 86
68, 85
68, 85
68, 85
66, 88
65, 87
64, 86
63, 85
62, 85
62, 85
62, 85
66, 83
65, 84
65, 84
65, 85
64, 85
64, 85
65, 86
65, 87
65, 87
61, 74
62, 75
63, 76
64, 75
64, 75
63, 76
63, 77
62, 78
62, 78
63, 79
63, 80
63, 80
62, 79
63, 80
64, 81
65, 82
65, 82
66, 83
66, 83
59, 76
60, 77
61, 78
62, 79
63, 80
63, 80
63, 82
62, 82
61, 82
60, 82
59, 82
58, 82
57, 83
57, 83
56, 82
56, 82
62, 72
61, 73
60, 74
59, 75
58, 76
58, 77
58, 77
53, 76
53, 75
52, 75
52, 75
53, 75
53, 75
53, 75
53, 75
58, 74
57, 75
57, 76
57, 77
57, 78
57, 79
57, 78
57, 78
57, 79
57, 80
57, 81
57, 81
65, 74
65, 74
64, 75
63, 76
62, 77
61, 78
60, 78
59, 77
59, 77
58, 78
58, 78
63, 84
64, 83
65, 82
66, 81
66, 80
67, 81
67, 81
66, 80
66, 80
34, 77
35, 77
35, 77
36, 78
37, 79
38, 80
38, 80
38, 80
38, 80
38, 80
38, 80
62, 73
61, 74
60, 75
59, 76
58, 77
58, 76
58, 76
58, 75
58, 75
57, 76
56, 77
56, 77
58, 80
59, 79
59, 78
59, 77
59, 76
59, 75
58, 74
58, 74
58, 74
56, 73
57, 74
58, 75
59, 76
59, 76
60, 77
61, 78
61, 78
55, 79
56, 78
57, 78
57, 78
58, 77
59, 76
60, 75
61, 74
62, 74
62, 74
58, 78
58, 79
58, 80
57, 79
57, 79
58, 79
58, 79
58, 80
58, 80
62, 80
61, 80
60, 80
59, 80
58, 80
57, 80
56, 80
56, 80
56, 80
61, 85
61, 85
60, 86
59, 86
58, 86
57, 86
56, 86
55, 86
54, 86
53, 86
53, 86
62, 81
61, 81
60, 81
59, 81
58, 81
58, 81
57, 82
57, 82
58, 81
58, 81
58, 81
58, 81
57, 77
57, 77
57, 76
57, 76
58, 77
59, 78
59, 78
58, 77
58, 77
58, 77
54, 76
53, 76
53, 76
54, 77
54, 78
54, 78
55, 77
55, 77
54, 78
54, 78
54, 78
65, 82
64, 81
63, 80
62, 80
61, 80
60, 80
59, 80
59, 80
56, 74
56, 74
57, 73
56, 72
56, 72
57, 72
58, 71
58, 71
59, 72
59, 72
58, 72
57, 73
56, 74
55, 75
54, 76
53, 76
52, 76
51, 76
51, 76
51, 76
67, 84
66, 83
65, 82
64, 81
63, 80
62, 80
61, 80
60, 80
60, 80
64, 86
63, 85
63, 85
62, 84
61, 83
60, 82
59, 81
58, 80
58, 80
68, 83
67, 82
66, 81
67, 81
67, 81
66, 80
66, 80
57, 81
58, 82
58, 82
58, 83
58, 83
59, 82
59, 81
59, 80
59, 79
59, 79
54, 71
54, 71
53, 71
53, 71
54, 72
53, 72
53, 72
54, 72
54, 72
55, 73
55, 73
53, 78
53, 79
53, 78
54, 78
55, 77
56, 77
55, 77
55, 76
56, 75
56, 75
57, 80
57, 81
57, 82
56, 82
55, 81
56, 80
56, 80
57, 82
58, 81
59, 82
58, 81
59, 80
59, 81
59, 81
59, 78
59, 77
59, 76
58, 77
58, 76
58, 77
58, 78
57, 79
57, 78
57, 78
58, 80
59, 80
60, 81
59, 82
58, 83
58, 83
57, 79
58, 79
58, 80
59, 80
58, 81
57, 81
57, 81
66, 79
67, 78
68, 79
67, 79
66, 79
67, 79
68, 80
67, 80
66, 80
65, 80
65, 80
38, 81
37, 80
37, 80
59, 80
60, 81
59, 80
59, 81
60, 82
60, 81
60, 82
60, 81
61, 80
60, 79
60, 79
56, 72
57, 73
57, 72
58, 73
58, 74
59, 73
60, 74
61, 75
61, 75
59, 79
59, 78
59, 77
59, 78
60, 78
60, 79
59, 80
58, 80
57, 80
56, 79
56, 79
67, 79
68, 80
67, 81
68, 81
67, 82
68, 83
68, 84
69, 83
69, 83
60, 79
60, 78
61, 78
61, 77
61, 78
60, 78
60, 78
52, 86
51, 87
50, 87
49, 88
49, 87
49, 88
49, 89
50, 89
51, 89
52, 88
52, 88
55, 77
54, 77
53, 78
52, 77
53, 76
53, 76
52, 77
52, 78
51, 78
50, 77
51, 78
50, 77
49, 76
49, 77
48, 78
48, 78
63, 74
64, 73
63, 74
64, 73
63, 72
64, 73
63, 72
62, 71
63, 71
63, 71
57, 75
58, 74
57, 74
58, 74
59, 73
58, 74
58, 73
58, 74
59, 75
59, 75
61, 77
60, 77
61, 76
61, 75
61, 74
62, 75
61, 74
60, 74
59, 73
59, 72
59, 72
59, 73
58, 74
57, 74
57, 75
58, 76
58, 76
59, 79
60, 80
59, 80
60, 79
60, 80
59, 79
60, 78
60, 79
59, 80
59, 80
60, 71
59, 71
58, 70
58, 69
58, 68
58, 67
58, 68
58, 68
64, 71
63, 72
62, 73
61, 72
61, 71
61, 71
56, 77
57, 77
58, 76
59, 75
60, 75
61, 76
60, 77
60, 77
38, 79
37, 79
37, 78
38, 77
38, 76
37, 75
38, 76
38, 77
38, 77
70, 84
70, 83
69, 84
69, 83
68, 83
67, 82
68, 82
68, 81
69, 81
68, 80
68, 80
54, 77
55, 78
56, 78
55, 79
54, 78
53, 79
52, 78
52, 77
52, 77
60, 75
61, 75
61, 74
62, 75
62, 74
61, 73
60, 73
61, 74
60, 75
60, 75
55, 78
56, 77
55, 76
54, 75
53, 76
53, 75
54, 76
54, 76
57, 74
56, 75
57, 74
57, 73
58, 72
58, 73
59, 74
59, 75
60, 75
60, 75
58, 82
59, 82
60, 83
59, 83
60, 84
59, 85
59, 85
58, 77
58, 76
57, 77
56, 77
57, 77
56, 76
55, 77
54, 77
55, 78
56, 78
56, 78
53, 87
52, 86
52, 85
53, 86
52, 86
51, 87
51, 86
52, 85
51, 85
51, 85
56, 81
55, 81
54, 81
54, 80
53, 80
52, 80
52, 79
53, 79
54, 79
54, 79
64, 81
64, 80
63, 79
64, 79
64, 80
63, 81
63, 82
64, 81
63, 80
63, 79
63, 79
56, 80
56, 81
55, 80
54, 79
55, 78
56, 79
57, 78
57, 78
58, 74
59, 75
58, 76
57, 77
56, 76
55, 76
56, 76
57, 76
57, 76
61, 80
60, 79
61, 79
60, 78
59, 79
59, 80
58, 80
58, 79
57, 78
58, 77
58, 77
49, 78
50, 79
49, 79
48, 78
49, 77
50, 78
51, 79
50, 78
50, 79
51, 78
51, 78
59, 84
59, 83
58, 84
57, 83
57, 84
57, 85
58, 85
59, 85
59, 85
58, 84
58, 84
57, 83
57, 83
56, 82
56, 82
57, 67
56, 66
55, 65
54, 64
54, 64
54, 64
54, 64
58, 77
59, 76
59, 76
60, 75
61, 74
62, 73
63, 72
63, 72
53, 78
52, 77
51, 76
50, 75
50, 75
49, 74
48, 73
47, 72
46, 71
45, 70
45, 70
60, 77
59, 76
58, 75
58, 75
57, 74
56, 73
55, 72
54, 71
53, 70
53, 70
55, 77
54, 76
54, 76
53, 75
52, 74
51, 73
50, 72
49, 71
48, 70
48, 70
53, 77
52, 78
52, 78
51, 79
51, 79
50, 80
50, 80
49, 80
49, 80
48, 80
48, 80
38, 77
37, 78
37, 78
37, 78
37, 78
37, 78
37, 78
37, 78
37, 78
68, 80
68, 80
68, 80
67, 79
66, 78
65, 77
65, 77
59, 74
58, 73
57, 72
56, 71
56, 71
55, 70
55, 70
50, 77
49, 76
48, 75
47, 74
46, 73
45, 72
44, 71
43, 70
43, 70
59, 74
58, 73
58, 73
58, 73
57, 72
56, 71
56, 71
55, 70
55, 70
55, 70
62, 78
62, 78
62, 78
61, 77
61, 77
60, 76
59, 75
58, 74
58, 74
58, 79
57, 78
56, 77
55, 76
55, 76
55, 76
54, 75
54, 75
56, 75
55, 74
54, 73
54, 73
53, 72
53, 72
58, 84
58, 84
58, 84
58, 84
57, 83
56, 82
56, 82
55, 81
54, 80
54, 80
50, 84
50, 84
49, 83
48, 82
47, 81
47, 81
51, 78
51, 78
50, 79
49, 80
48, 80
48, 80
48, 80
48, 80
48, 80
48, 80
48, 80
60, 70
59, 69
58, 68
58, 68
57, 67
57, 67
57, 67
56, 66
56, 66
57, 76
57, 75
57, 75
57, 74
57, 74
57, 74
57, 74
57, 74
57, 74
64, 77
63, 77
62, 77
61, 77
60, 77
60, 77
59, 77
58, 77
57, 77
57, 77
47, 79
46, 78
46, 78
45, 77
44, 76
43, 75
42, 74
41, 73
40, 72
40, 72
55, 67
55, 67
54, 68
54, 68
53, 69
53, 70
53, 71
53, 71
58, 73
59, 72
60, 71
61, 70
62, 69
62, 68
62, 67
62, 67
52, 69
51, 68
50, 67
49, 66
48, 65
47, 64
47, 64
46, 63
45, 62
45, 62
55, 81
54, 80
53, 79
52, 78
51, 77
50, 76
49, 75
48, 74
47, 73
47, 73
55, 79
56, 78
56, 77
56, 76
56, 76
56, 76
56, 76
56, 76
56, 76
56, 76
56, 76
43, 70
44, 69
45, 68
46, 67
47, 66
48, 65
49, 64
50, 62
50, 61
50, 60
50, 59
50, 58
50, 57
50, 56
50, 55
50, 55
54, 64
55, 65
56, 66
56, 66
57, 67
58, 68
58, 68
59, 69
59, 69
49, 69
49, 69
50, 68
51, 67
52, 66
52, 66
54, 71
53, 72
53, 72
52, 73
51, 73
50, 73
50, 73
49, 73
48, 73
47, 73
47, 73
47, 79
46, 78
45, 77
44, 76
43, 75
43, 75
42, 74
41, 73
40, 72
39, 71
39, 71
55, 74
56, 73
57, 72
57, 72
58, 71
59, 70
59, 70
44, 69
43, 68
42, 67
41, 66
40, 65
39, 64
38, 63
37, 62
36, 61
36, 61
36, 77
35, 76
35, 76
34, 75
34, 75
34, 74
34, 73
34, 72
34, 72
34, 72
46, 80
45, 79
45, 79
44, 78
43, 77
43, 77
43, 77
42, 76
42, 76
56, 71
57, 72
57, 73
57, 73
57, 74
57, 75
57, 76
57, 77
57, 78
57, 79
57, 79
57, 73
56, 72
55, 71
54, 70
54, 70
53, 69
52, 68
51, 67
51, 67
63, 72
62, 73
61, 74
61, 75
61, 76
61, 76
53, 72
54, 71
54, 71
55, 70
56, 69
57, 68
57, 67
57, 66
57, 65
57, 64
57, 64
34, 72
35, 73
36, 74
37, 75
37, 75
38, 76
38, 76
38, 76
56, 78
55, 77
54, 76
53, 75
52, 74
51, 73
50, 72
49, 71
48, 70
48, 70
48, 72
49, 71
50, 70
51, 69
51, 69
52, 68
52, 68
43, 77
43, 77
44, 77
45, 77
46, 77
47, 77
47, 77
47, 77
47, 77
47, 77
47, 77
56, 63
55, 62
55, 62
54, 61
53, 60
52, 59
52, 59
52, 59
49, 54
49, 54
48, 53
47, 52
46, 51
45, 50
45, 50
48, 74
49, 75
49, 75
50, 76
51, 77
51, 77
36, 61
35, 60
35, 60
34, 59
33, 58
33, 58
33, 58
32, 57
32, 57
31, 56
31, 56
54, 70
54, 70
55, 69
56, 68
57, 67
57, 67
57, 67
56, 76
55, 75
55, 75
54, 74
53, 73
52, 72
51, 71
51, 71
51, 71
40, 72
40, 72
41, 73
41, 73
42, 74
43, 75
44, 76
44, 76
58, 69
57, 68
56, 67
55, 66
55, 66
54, 65
53, 64
53, 64
52, 63
52, 63
45, 60
46, 59
47, 58
48, 57
49, 56
50, 55
50, 54
50, 53
50, 52
50, 51
49, 50
48, 49
47, 48
46, 47
45, 46
44, 45
44, 45
45, 46
46, 47
47, 48
48, 49
49, 50
50, 50
50, 50
50, 50
49, 49
49, 49
55, 75
54, 74
53, 73
52, 72
51, 71
50, 70
50, 70
62, 75
63, 74
63, 74
64, 73
64, 72
64, 72
62, 66
62, 65
62, 64
62, 63
62, 62
62, 61
62, 60
62, 60
51, 65
50, 64
50, 62
50, 61
50, 60
50, 59
50, 58
50, 57
50, 56
50, 55
50, 54
49, 53
48, 52
47, 51
47, 51
60, 70
61, 71
62, 72
62, 72
63, 73
63, 74
63, 74
39, 71
38, 70
37, 69
36, 68
36, 68
35, 67
35, 67
52, 68
53, 69
54, 70
55, 71
55, 72
55, 73
55, 73
55, 74
55, 74
48, 76
48, 76
49, 75
50, 74
51, 73
51, 73
51, 69
50, 70
49, 71
49, 71
49, 71
48, 72
48, 72
47, 73
47, 73
62, 73
62, 73
61, 72
60, 71
59, 70
58, 69
57, 68
56, 67
55, 66
55, 66
61, 59
61, 59
61, 59
61, 59
61, 59
60, 58
59, 57
59, 57
59, 57
58, 56
58, 56
47, 71
46, 72
45, 73
44, 74
43, 75
42, 75
42, 75
42, 75
42, 75
52, 76
53, 75
54, 74
55, 73
56, 72
56, 71
56, 71
56, 70
56, 70
56, 70
51, 71
52, 72
53, 73
54, 74
55, 75
55, 75
49, 49
48, 50
47, 51
47, 51
46, 52
46, 52
45, 53
45, 53
44, 54
44, 54
56, 66
55, 65
54, 64
54, 64
53, 63
52, 62
51, 61
50, 60
49, 59
48, 58
48, 58
36, 68
36, 69
36, 70
36, 71
36, 71
36, 71
36, 71
36, 71
36, 71
36, 71
36, 71
43, 75
42, 74
41, 73
40, 72
39, 71
38, 70
37, 69
37, 69
37, 69
50, 72
49, 73
49, 74
49, 75
49, 76
49, 76
49, 77
49, 77
64, 72
63, 71
63, 71
62, 70
62, 70
61, 69
60, 68
59, 67
59, 67
51, 64
51, 65
51, 65
51, 66
51, 67
51, 68
51, 68
56, 73
57, 72
58, 71
59, 70
60, 69
60, 69
44, 51
43, 52
42, 53
41, 54
41, 54
40, 55
39, 55
39, 55
47, 51
46, 52
45, 53
44, 53
43, 53
42, 53
41, 53
40, 53
40, 53
31, 55
31, 54
31, 53
31, 52
31, 51
31, 50
31, 49
31, 48
31, 47
31, 47
37, 75
36, 74
36, 74
35, 73
35, 73
34, 72
34, 72
34, 72
53, 58
54, 58
54, 58
55, 58
56, 58
57, 58
57, 58
57, 58
57, 58
57, 58
57, 58
40, 53
41, 54
42, 55
43, 56
45, 56
46, 55
47, 54
48, 53
49, 52
50, 51
50, 50
50, 50
47, 59
47, 59
48, 58
49, 57
50, 56
50, 55
50, 54
50, 53
50, 52
50, 51
50, 50
49, 51
48, 52
47, 53
46, 54
46, 54
47, 53
48, 52
49, 51
50, 50
50, 50
50, 50
49, 51
49, 51
48, 74
48, 74
49, 75
50, 76
51, 77
51, 77
43, 55
43, 55
43, 56
43, 57
44, 57
45, 56
46, 55
47, 54
48, 53
49, 52
50, 51
50, 50
50, 50
50, 50
49, 51
48, 52
48, 52
37, 70
37, 70
38, 69
38, 69
39, 68
39, 68
40, 67
40, 67
40, 67
41, 74
40, 73
39, 72
39, 71
39, 70
39, 69
39, 68
39, 68
39, 68
60, 66
61, 65
61, 65
62, 64
63, 63
64, 62
64, 62
65, 61
66, 60
66, 60
58, 56
57, 55
56, 54
55, 53
53, 51
52, 50
51, 50
50, 50
50, 50
50, 50
34, 72
35, 73
36, 74
36, 74
37, 75
38, 76
39, 77
40, 78
40, 78
56, 70
55, 69
54, 68
53, 67
52, 66
52, 66
50, 72
49, 71
48, 70
47, 69
47, 69
47, 69
47, 69
47, 69
57, 58
56, 59
55, 60
54, 61
54, 62
54, 63
54, 64
54, 65
54, 65
54, 65
38, 56
38, 56
37, 57
36, 58
35, 59
34, 60
33, 61
32, 62
32, 62
56, 74
57, 73
57, 73
58, 72
59, 71
60, 71
61, 71
61, 71
31, 47
32, 48
33, 49
34, 50
35, 51
36, 52
37, 53
38, 54
39, 55
40, 56
40, 56
51, 68
52, 69
52, 69
53, 70
53, 70
54, 71
55, 72
56, 73
57, 74
57, 74
50, 78
50, 78
50, 78
50, 78
51, 79
51, 79
52, 80
52, 80
59, 68
58, 67
57, 66
56, 65
55, 64
54, 63
54, 63
54, 62
54, 62
37, 69
36, 70
35, 71
34, 72
34, 72
33, 72
32, 72
31, 72
30, 72
30, 72
56, 65
56, 65
57, 64
58, 63
59, 62
59, 62
29, 71
28, 70
27, 69
27, 68
27, 67
27, 67
27, 67
27, 66
27, 65
27, 65
50, 76
50, 76
49, 75
48, 74
47, 73
46, 72
45, 71
44, 70
44, 70
44, 70
49, 53
50, 54
51, 55
52, 56
53, 57
53, 57
54, 58
54, 58
55, 59
56, 59
56, 59
48, 50
47, 49
46, 49
45, 49
44, 49
43, 49
42, 49
41, 49
40, 49
40, 49
32, 62
32, 62
33, 61
34, 60
35, 59
36, 58
37, 57
38, 56
38, 56
56, 73
55, 72
54, 71
53, 70
52, 69
51, 68
50, 67
50, 67
47, 69
46, 68
46, 68
45, 67
45, 67
44, 66
43, 65
42, 64
42, 64
39, 77
38, 76
37, 76
36, 76
35, 76
34, 76
34, 76
60, 70
59, 69
59, 69
58, 68
57, 67
57, 67
56, 66
55, 65
54, 64
54, 64
41, 68
41, 68
42, 69
43, 70
44, 71
45, 72
46, 73
47, 74
48, 75
49, 76
49, 76
41, 55
42, 54
42, 54
43, 53
44, 52
44, 52
45, 51
46, 50
46, 50
51, 51
52, 52
53, 53
53, 53
54, 54
55, 55
55, 55
66, 60
66, 60
65, 61
65, 61
64, 62
63, 63
63, 63
63, 63
58, 61
57, 60
56, 59
55, 58
54, 57
54, 57
54, 65
55, 66
55, 66
56, 67
56, 67
57, 68
58, 69
59, 70
60, 71
60, 71
60, 71
51, 49
52, 48
53, 47
54, 46
54, 46
55, 45
55, 45
53, 61
52, 60
51, 59
50, 58
49, 57
48, 57
47, 57
46, 57
46, 56
47, 55
48, 54
49, 53
50, 52
50, 51
50, 50
50, 50
50, 50
49, 51
49, 51
51, 65
50, 64
50, 62
50, 61
50, 60
50, 59
50, 58
49, 57
48, 56
48, 56
47, 55
47, 55
53, 79
53, 79
54, 78
55, 77
56, 76
57, 75
57, 75
58, 74
58, 74
40, 67
41, 66
42, 65
43, 64
44, 63
45, 62
45, 62
48, 75
47, 74
46, 73
45, 72
45, 72
44, 71
43, 70
43, 70
50, 52
51, 53
52, 54
53, 55
54, 56
55, 57
56, 58
57, 59
57, 59
61, 72
62, 73
63, 74
64, 75
65, 76
66, 77
67, 78
67, 78
47, 55
48, 54
49, 53
50, 52
51, 51
51, 51
52, 50
52, 50
53, 49
53, 49
45, 60
46, 59
47, 58
48, 57
49, 56
50, 55
49, 54
48, 53
47, 52
46, 51
45, 50
44, 49
44, 49
44, 49
39, 50
38, 51
37, 52
36, 53
36, 53
35, 54
35, 54
62, 62
61, 61
61, 61
60, 60
59, 59
58, 58
57, 57
57, 57
59, 75
59, 76
59, 77
59, 77
59, 77
59, 77
59, 78
59, 79
59, 79
27, 65
28, 66
28, 66
28, 66
29, 67
30, 68
31, 69
32, 70
32, 70
56, 46
57, 47
57, 47
58, 48
59, 49
59, 50
58, 50
57, 50
56, 50
55, 50
54, 50
53, 50
52, 50
51, 50
52, 51
53, 52
53, 52
54, 53
54, 53
45, 49
44, 48
43, 47
43, 46
44, 46
45, 47
46, 48
47, 49
48, 50
49, 50
50, 50
50, 50
50, 50
49, 49
48, 48
48, 48
48, 48
47, 47
47, 47
55, 58
55, 58
54, 57
53, 56
52, 55
52, 55
53, 63
52, 62
51, 61
50, 60
49, 59
48, 58
48, 58
47, 57
47, 57
47, 57
37, 55
37, 55
36, 54
36, 54
35, 53
34, 52
33, 51
32, 50
32, 50
43, 69
42, 68
41, 67
40, 66
39, 65
39, 65
38, 64
37, 63
36, 62
36, 62
36, 62
41, 63
40, 62
39, 61
38, 60
37, 59
37, 59
37, 59
53, 56
52, 55
51, 54
50, 53
49, 52
48, 51
47, 50
46, 49
46, 49
45, 48
45, 48
34, 76
35, 75
35, 75
36, 74
36, 74
37, 73
37, 73
51, 66
52, 65
53, 64
54, 63
55, 62
56, 61
57, 60
57, 60
54, 54
54, 54
53, 53
52, 52
51, 51
50, 50
49, 49
49, 49
49, 49
44, 71
45, 72
45, 71
45, 70
44, 70
44, 69
44, 69
36, 58
37, 57
36, 58
37, 58
38, 57
38, 57
36, 54
37, 54
36, 54
35, 55
36, 56
36, 56
47, 46
48, 47
48, 46
48, 47
48, 46
49, 46
48, 45
47, 46
47, 46
46, 57
46, 56
47, 56
47, 55
48, 54
48, 54
31, 70
32, 71
32, 70
31, 70
31, 71
30, 72
31, 71
30, 71
31, 72
30, 71
30, 71
44, 50
45, 50
44, 51
43, 50
44, 50
45, 50
46, 50
47, 50
48, 50
48, 50
51, 54
52, 54
53, 54
54, 55
53, 55
54, 55
54, 55
46, 47
47, 48
48, 48
48, 49
47, 50
46, 51
47, 50
48, 51
48, 50
48, 50
57, 56
58, 56
57, 56
56, 57
56, 56
57, 55
56, 54
56, 54
55, 53
54, 54
53, 55
54, 56
53, 57
52, 58
53, 57
54, 57
55, 58
54, 59
54, 59
38, 73
39, 72
39, 71
40, 72
39, 72
40, 72
41, 72
42, 73
42, 74
42, 74
49, 48
50, 48
49, 48
48, 47
48, 48
47, 48
48, 47
49, 47
50, 48
50, 48
53, 48
53, 49
54, 48
53, 49
53, 50
53, 51
54, 50
55, 50
55, 50
60, 80
59, 81
58, 80
58, 81
59, 82
58, 83
59, 84
59, 84
36, 63
35, 63
36, 63
37, 64
36, 65
37, 65
37, 65
57, 60
58, 60
57, 59
57, 60
56, 61
56, 62
56, 63
57, 64
58, 64
59, 63
59, 63
31, 49
31, 50
30, 49
31, 48
32, 48
33, 49
33, 48
33, 49
33, 50
34, 49
34, 49
66, 79
67, 78
67, 77
67, 76
66, 77
65, 76
66, 77
66, 77
58, 59
59, 59
58, 58
57, 58
58, 57
57, 58
56, 58
55, 59
55, 59
58, 63
59, 63
60, 64
59, 64
58, 63
57, 62
56, 63
56, 63
39, 57
40, 56
39, 56
40, 56
40, 57
40, 57
57, 54
57, 53
56, 54
57, 54
58, 55
58, 56
58, 55
57, 56
56, 55
57, 54
57, 54
29, 71
30, 72
30, 73
29, 72
30, 72
29, 72
30, 71
31, 72
32, 72
31, 73
31, 73
35, 57
36, 58
35, 57
34, 58
33, 58
34, 57
33, 57
34, 57
34, 56
34, 55
34, 55
47, 53
46, 54
45, 53
45, 54
45, 53
44, 52
44, 52
37, 64
37, 63
36, 63
36, 64
35, 65
35, 65
33, 49
32, 49
33, 49
33, 48
32, 47
32, 46
32, 47
32, 48
32, 49
32, 50
32, 50
46, 45
47, 46
48, 45
49, 46
48, 45
49, 45
48, 46
48, 46
49, 47
49, 46
49, 47
48, 46
47, 45
46, 45
46, 45
58, 84
59, 85
60, 85
59, 86
59, 87
59, 86
59, 85
59, 85
43, 70
43, 69
43, 68
44, 69
45, 68
45, 68
49, 49
48, 48
48, 49
48, 48
48, 49
47, 49
48, 48
48, 47
48, 46
48, 46
41, 74
41, 75
41, 74
40, 74
41, 73
42, 73
41, 73
40, 73
40, 73
67, 78
67, 79
67, 78
67, 77
68, 77
68, 77
56, 49
56, 48
57, 49
58, 49
59, 49
58, 49
59, 48
59, 48
54, 60
54, 59
53, 60
54, 61
55, 61
56, 61
55, 61
55, 61
49, 51
49, 52
49, 53
48, 54
47, 53
48, 53
48, 53
55, 59
55, 58
55, 57
55, 58
54, 58
54, 57
53, 56
54, 55
54, 54
54, 53
54, 53
55, 55
56, 55
57, 55
58, 55
57, 54
58, 55
58, 55
47, 45
48, 44
47, 44
46, 45
47, 44
48, 45
49, 46
49, 47
48, 46
48, 46
31, 51
32, 50
31, 50
30, 51
30, 50
31, 49
31, 48
31, 48
53, 54
52, 55
53, 55
53, 54
53, 53
53, 54
52, 54
51, 54
51, 54
47, 52
47, 53
46, 53
45, 53
46, 52
45, 51
46, 50
46, 49
46, 49
35, 66
36, 65
37, 64
36, 64
35, 64
34, 63
33, 64
34, 64
35, 64
35, 64
41, 56
40, 56
39, 57
40, 58
39, 58
39, 58
55, 63
54, 63
55, 63
56, 62
56, 61
55, 62
56, 61
56, 61
58, 48
59, 49
60, 48
60, 49
59, 50
58, 50
58, 50
55, 62
54, 61
53, 60
53, 61
52, 61
52, 61
30, 72
29, 71
28, 70
27, 70
28, 70
28, 70
60, 86
61, 85
62, 84
63, 83
64, 84
65, 84
66, 83
67, 82
67, 82
43, 51
42, 51
43, 52
44, 52
45, 52
45, 51
44, 51
44, 51
46, 67
45, 66
46, 66
45, 67
46, 68
46, 68
41, 74
40, 74
39, 74
38, 74
38, 75
39, 76
40, 76
39, 75
39, 75
47, 44
46, 43
46, 42
47, 41
47, 40
47, 41
47, 41
69, 78
70, 79
70, 80
69, 79
68, 79
68, 79
57, 55
57, 54
56, 53
55, 54
56, 54
56, 53
55, 54
56, 54
56, 54
33, 54
32, 55
31, 56
31, 57
32, 58
32, 58
49, 47
50, 46
51, 47
52, 47
52, 46
51, 46
52, 45
51, 44
52, 45
52, 45
56, 55
55, 56
55, 55
55, 56
56, 57
57, 57
57, 57
55, 53
56, 53
56, 54
56, 53
55, 53
55, 54
56, 53
56, 54
56, 55
56, 55
52, 55
53, 55
53, 56
52, 55
53, 55
54, 55
54, 55
45, 52
46, 51
45, 51
46, 50
46, 49
46, 49
47, 50
48, 49
48, 50
47, 49
47, 48
47, 48
39, 57
39, 56
40, 56
40, 55
39, 56
38, 57
37, 58
37, 58
47, 68
48, 68
47, 68
47, 69
48, 68
47, 67
46, 68
45, 68
45, 69
45, 69
51, 46
50, 47
49, 48
49, 49
50, 48
50, 49
50, 50
49, 49
49, 49
46, 42
47, 43
48, 42
49, 42
49, 43
49, 43
57, 49
56, 49
56, 50
57, 49
56, 49
55, 49
54, 49
54, 49
29, 70
28, 71
29, 71
28, 72
27, 73
27, 73
39, 76
38, 76
39, 76
40, 75
41, 74
41, 74
30, 48
30, 47
30, 48
31, 49
32, 49
31, 49
32, 50
31, 50
31, 49
31, 49
47, 45
46, 45
47, 45
48, 45
49, 45
48, 44
48, 45
49, 46
49, 46
68, 80
69, 80
68, 80
67, 81
67, 80
66, 79
66, 79
55, 62
54, 63
54, 62
53, 63
53, 62
52, 62
51, 62
51, 62
58, 58
59, 58
60, 59
61, 58
62, 57
61, 57
62, 57
61, 57
60, 57
60, 57
68, 81
67, 80
66, 80
65, 81
64, 81
64, 82
65, 82
66, 82
66, 82
33, 58
34, 57
35, 58
35, 59
34, 58
35, 59
35, 60
36, 60
35, 59
36, 59
36, 59
36, 65
37, 66
38, 66
39, 65
40, 65
40, 65
53, 61
54, 62
53, 61
54, 62
54, 61
54, 60
53, 60
53, 59
53, 60
52, 61
52, 61
36, 59
35, 60
35, 61
35, 62
34, 61
35, 60
35, 60
55, 54
56, 53
57, 54
58, 54
57, 53
56, 53
56, 53
50, 50
49, 51
49, 50
48, 49
47, 48
47, 48
67, 83
68, 82
67, 83
66, 84
67, 84
67, 84
67, 80
67, 79
68, 79
67, 79
66, 80
66, 80
36, 58
36, 59
36, 60
35, 59
34, 60
34, 60
26, 73
25, 74
25, 75
25, 76
26, 77
26, 77
30, 49
30, 50
29, 50
28, 49
28, 48
27, 49
26, 50
26, 50
48, 49
49, 49
48, 50
49, 51
49, 52
49, 53
48, 52
49, 51
48, 52
49, 52
49, 52
55, 50
55, 49
56, 50
56, 49
57, 48
58, 49
58, 49
61, 57
61, 58
62, 58
63, 57
63, 56
63, 56
46, 50
45, 50
45, 51
44, 52
44, 53
44, 53
53, 61
53, 62
53, 61
53, 62
52, 61
52, 60
53, 60
53, 60
50, 62
51, 62
52, 61
52, 62
53, 62
53, 62
41, 65
42, 65
41, 66
40, 67
39, 67
40, 68
39, 69
38, 70
37, 71
37, 71
50, 42
51, 43
52, 42
52, 43
51, 44
50, 45
50, 44
50, 45
50, 45
50, 45
49, 44
48, 44
49, 44
49, 45
49, 45
53, 54
52, 53
52, 54
51, 54
52, 54
51, 54
50, 55
51, 55
51, 55
45, 68
44, 67
45, 68
45, 69
44, 70
43, 71
44, 72
45, 71
46, 70
47, 69
47, 69
40, 75
39, 76
40, 76
41, 75
40, 75
40, 74
39, 75
40, 76
40, 76
53, 61
54, 62
55, 63
55, 64
56, 63
57, 64
56, 63
57, 64
57, 64
35, 60
34, 60
33, 60
33, 61
32, 62
33, 61
34, 60
34, 59
33, 58
33, 58
37, 70
36, 69
37, 68
36, 67
36, 66
35, 66
36, 66
36, 67
36, 66
35, 65
35, 65
52, 61
53, 60
54, 59
53, 58
52, 58
53, 59
52, 60
52, 60
39, 76
40, 75
41, 75
41, 74
42, 74
42, 75
43, 74
43, 75
42, 74
42, 74
49, 53
48, 52
48, 53
49, 52
50, 51
51, 51
51, 50
50, 50
51, 49
52, 48
52, 48
45, 54
46, 53
47, 53
47, 52
48, 52
47, 52
46, 52
46, 52
66, 84
65, 83
65, 82
64, 83
63, 83
63, 82
62, 81
61, 80
61, 81
61, 81
64, 57
63, 58
63, 57
63, 56
63, 57
62, 56
61, 56
61, 56
51, 46
51, 45
50, 44
49, 45
49, 46
48, 46
48, 46
48, 49
47, 50
47, 49
47, 50
46, 51
47, 52
46, 52
47, 51
47, 52
47, 51
47, 51
66, 81
67, 81
66, 80
67, 80
68, 79
67, 79
68, 80
68, 81
68, 81
35, 61
36, 60
37, 60
37, 59
38, 58
37, 59
37, 58
37, 58
58, 50
57, 49
56, 48
57, 47
57, 48
57, 47
57, 47
27, 49
26, 48
25, 49
26, 49
27, 48
27, 49
27, 49
55, 53
56, 53
55, 54
56, 54
55, 54
55, 53
54, 54
54, 54
27, 78
28, 78
29, 77
28, 76
27, 75
28, 76
29, 77
29, 78
30, 79
30, 79
47, 70
48, 70
49, 69
48, 69
49, 68
50, 68
51, 68
50, 68
50, 68
48, 44
49, 44
48, 43
49, 43
50, 44
50, 45
51, 44
52, 43
51, 42
51, 42
51, 54
52, 53
52, 52
51, 51
51, 50
51, 50
51, 48
51, 49
50, 50
49, 50
48, 50
49, 51
50, 50
51, 50
52, 49
52, 49
62, 55
63, 55
62, 55
62, 54
62, 53
62, 53
62, 81
62, 80
63, 80
62, 81
61, 80
61, 80
50, 67
49, 66
50, 65
51, 65
52, 65
52, 66
51, 66
51, 66
57, 63
57, 64
58, 64
59, 64
59, 63
59, 64
59, 64
32, 59
31, 58
30, 57
29, 57
28, 56
29, 57
29, 57
47, 50
46, 51
47, 51
48, 52
48, 51
47, 52
48, 51
49, 52
50, 51
50, 51
52, 51
51, 52
52, 53
52, 52
53, 53
53, 54
53, 54
43, 73
42, 73
41, 73
40, 74
39, 74
39, 74
38, 58
37, 58
38, 57
38, 58
39, 58
38, 58
38, 57
39, 56
40, 56
41, 57
41, 57
28, 50
27, 49
26, 50
27, 50
28, 49
28, 49
58, 47
58, 48
58, 47
57, 48
58, 48
59, 48
60, 48
59, 48
58, 49
58, 49
47, 47
46, 46
45, 47
45, 46
46, 45
45, 46
45, 46
50, 42
49, 41
50, 40
51, 40
50, 40
51, 41
50, 42
50, 42
67, 80
66, 80
66, 79
67, 78
67, 77
68, 76
68, 76
45, 53
45, 54
44, 54
45, 54
44, 53
43, 53
43, 53
34, 66
33, 65
32, 64
33, 63
32, 63
32, 63
53, 61
54, 62
53, 61
54, 61
55, 60
56, 60
56, 61
55, 62
55, 61
54, 61
54, 61
31, 79
30, 79
29, 78
30, 79
31, 78
31, 78
55, 55
54, 55
55, 54
56, 55
55, 54
54, 54
53, 53
52, 52
51, 52
51, 52
51, 67
50, 67
51, 68
50, 69
50, 70
49, 71
48, 72
47, 72
47, 72
55, 62
56, 62
55, 62
55, 61
54, 60
53, 60
52, 61
53, 62
52, 62
52, 63
52, 63
40, 56
39, 56
39, 55
38, 55
39, 54
39, 54
62, 79
63, 80
62, 81
63, 82
64, 81
63, 82
63, 81
64, 80
63, 81
63, 81
39, 73
40, 72
40, 71
41, 71
41, 70
41, 69
41, 68
41, 68
69, 75
70, 74
70, 75
69, 76
68, 76
67, 76
66, 75
66, 76
66, 76
28, 50
28, 51
29, 51
28, 51
29, 51
29, 51
30, 57
30, 58
31, 59
30, 59
30, 60
30, 60
49, 42
50, 43
49, 42
50, 43
49, 43
50, 43
51, 44
50, 44
51, 44
51, 44
52, 50
53, 51
52, 52
52, 53
53, 53
52, 54
53, 54
52, 54
53, 53
53, 53
42, 52
41, 51
42, 51
43, 50
42, 49
41, 50
42, 49
41, 48
42, 47
43, 48
43, 48
59, 65
60, 64
60, 65
59, 64
58, 64
58, 63
58, 63
63, 53
64, 54
63, 53
63, 54
63, 53
63, 53
44, 45
44, 46
45, 47
46, 46
46, 45
46, 45
33, 63
34, 64
33, 64
34, 64
33, 65
32, 65
32, 66
32, 65
32, 65
31, 77
32, 78
33, 77
32, 78
31, 79
32, 80
32, 80
52, 54
51, 54
52, 54
51, 55
52, 55
51, 55
51, 55
49, 50
49, 49
50, 50
51, 50
52, 51
52, 50
52, 50
59, 48
59, 47
60, 47
60, 46
61, 45
62, 45
63, 44
63, 45
64, 44
64, 45
64, 45
51, 53
51, 54
52, 55
53, 54
52, 55
52, 55
64, 80
64, 81
65, 80
64, 80
65, 80
64, 79
64, 78
65, 77
65, 76
65, 75
65, 75
51, 64
50, 65
50, 64
51, 63
52, 62
52, 63
53, 64
54, 63
53, 62
53, 62
33, 81
33, 82
33, 81
32, 80
33, 79
32, 80
33, 80
32, 80
31, 81
32, 80
32, 80
30, 51
29, 51
30, 51
29, 51
29, 52
30, 51
29, 52
29, 52
63, 46
64, 46
65, 45
66, 44
67, 43
67, 42
66, 43
65, 44
65, 45
65, 45
54, 54
53, 53
52, 52
53, 52
54, 53
53, 54
52, 53
52, 54
53, 54
54, 54
54, 54
50, 55
49, 54
48, 53
48, 54
48, 53
48, 54
49, 55
49, 56
50, 56
50, 56
51, 43
52, 43
53, 43
52, 42
53, 42
52, 41
51, 42
52, 43
51, 44
51, 44
51, 56
51, 55
50, 54
51, 53
52, 53
52, 53
39, 55
39, 56
39, 57
39, 56
38, 55
38, 56
39, 56
39, 56
57, 62
56, 61
56, 60
57, 60
57, 61
57, 61
47, 45
46, 44
45, 43
46, 42
47, 43
48, 44
49, 43
49, 43
53, 49
52, 49
52, 48
52, 47
51, 46
52, 46
53, 47
53, 47
30, 59
30, 60
31, 59
32, 60
32, 59
31, 59
31, 58
31, 58
43, 49
43, 50
43, 49
44, 49
44, 48
45, 49
45, 49
40, 69
39, 68
39, 67
38, 68
38, 69
37, 69
38, 68
38, 68
33, 65
34, 64
33, 64
34, 64
35, 65
35, 65
66, 77
65, 78
64, 77
63, 76
63, 75
63, 74
64, 74
63, 73
63, 73
63, 54
62, 54
62, 53
63, 53
64, 54
64, 54
48, 73
49, 74
48, 74
47, 73
46, 73
47, 73
46, 73
45, 73
45, 73
51, 52
51, 51
52, 51
53, 52
52, 53
52, 53
62, 72
61, 71
60, 71
59, 72
59, 71
60, 71
60, 70
61, 69
62, 70
62, 70
44, 50
44, 49
43, 48
44, 47
43, 48
43, 49
43, 49
50, 44
51, 45
50, 44
51, 43
50, 42
50, 41
50, 41
49, 56
49, 57
49, 56
49, 57
50, 58
49, 59
50, 60
50, 60
30, 51
29, 52
28, 51
28, 52
27, 51
28, 50
28, 50
31, 80
32, 81
32, 82
33, 83
33, 84
32, 83
31, 83
31, 83
35, 64
36, 64
35, 64
36, 63
35, 63
35, 63
58, 60
59, 61
58, 60
59, 60
59, 61
60, 62
59, 63
58, 62
58, 62
40, 57
41, 57
40, 56
41, 55
42, 54
42, 53
41, 54
41, 55
41, 56
41, 55
41, 55
52, 46
51, 45
51, 46
51, 45
52, 44
52, 43
52, 43
48, 43
48, 44
47, 43
46, 44
47, 45
47, 46
46, 46
45, 46
45, 46
31, 57
30, 57
31, 58
30, 58
29, 59
28, 60
29, 59
28, 59
29, 58
28, 59
28, 59
44, 74
45, 73
44, 73
43, 74
42, 74
43, 74
43, 73
43, 73
66, 76
67, 77
67, 76
68, 77
67, 76
67, 77
68, 77
68, 77
38, 69
37, 70
38, 71
39, 71
39, 70
39, 69
40, 69
41, 69
42, 69
42, 70
42, 70
63, 53
62, 53
63, 53
62, 54
62, 55
63, 54
62, 53
63, 54
63, 54
54, 55
55, 54
56, 55
57, 55
58, 56
57, 56
56, 56
57, 55
57, 56
57, 55
57, 55
64, 46
65, 46
65, 45
64, 44
63, 44
63, 45
63, 45
54, 63
54, 64
55, 64
56, 65
55, 64
54, 64
53, 63
53, 63
52, 63
52, 62
51, 61
52, 61
53, 60
53, 60
56, 56
55, 56
54, 56
53, 56
54, 55
54, 55
31, 84
31, 83
32, 83
33, 82
32, 81
32, 80
32, 80
64, 46
65, 45
66, 46
65, 45
66, 44
66, 43
67, 43
67, 42
67, 42
62, 69
61, 70
60, 71
61, 70
60, 71
59, 72
59, 71
59, 71
51, 42
51, 41
50, 40
51, 39
51, 40
51, 40
36, 64
36, 63
37, 62
38, 63
39, 63
40, 62
40, 62
43, 71
43, 70
44, 71
45, 71
45, 70
45, 70
58, 63
59, 62
60, 62
61, 62
60, 62
60, 62
44, 74
45, 73
45, 74
45, 73
44, 72
43, 73
44, 73
45, 72
45, 72
51, 61
51, 62
52, 61
52, 62
53, 63
54, 64
54, 63
55, 62
55, 62
49, 40
49, 39
48, 38
48, 37
48, 38
49, 39
49, 39
40, 56
39, 57
38, 57
39, 58
38, 58
39, 57
40, 57
41, 56
41, 56
67, 78
66, 79
65, 79
65, 80
66, 79
65, 79
66, 78
67, 78
67, 79
67, 79
28, 58
29, 57
30, 56
29, 56
30, 57
30, 56
29, 56
29, 56
64, 54
63, 55
63, 56
63, 57
63, 58
63, 59
62, 60
62, 59
63, 58
62, 57
62, 57
27, 51
26, 52
25, 52
26, 51
27, 52
27, 53
27, 52
28, 53
28, 53
44, 46
44, 47
43, 47
42, 48
42, 49
42, 48
41, 47
41, 47
52, 52
52, 51
53, 51
53, 52
54, 53
55, 53
55, 54
54, 53
53, 53
52, 54
52, 54
42, 50
41, 51
40, 50
39, 49
39, 50
38, 51
39, 51
39, 50
39, 50
40, 56
39, 57
38, 57
37, 57
38, 57
38, 57
48, 40
48, 39
47, 38
48, 37
47, 37
47, 37
40, 61
39, 62
40, 61
39, 61
40, 62
40, 62
42, 47
41, 47
40, 48
41, 47
40, 48
39, 49
39, 50
39, 50
51, 39
51, 40
51, 39
51, 40
50, 40
50, 41
50, 41
38, 50
37, 50
38, 51
39, 50
38, 50
39, 49
38, 49
37, 49
38, 48
38, 48
58, 70
59, 71
58, 70
58, 71
59, 71
59, 71
68, 80
68, 79
69, 78
70, 78
71, 77
71, 76
70, 76
69, 77
68, 78
69, 77
69, 77
45, 71
45, 72
46, 72
46, 73
47, 74
47, 75
47, 74
47, 74
46, 71
46, 70
46, 71
47, 70
47, 71
47, 71
55, 56
56, 56
56, 57
55, 58
56, 57
55, 57
56, 56
57, 55
57, 55
63, 57
62, 57
63, 56
62, 56
63, 55
62, 55
61, 56
61, 56
68, 42
67, 42
66, 42
65, 43
64, 44
65, 44
66, 44
67, 45
68, 44
68, 44
32, 79
32, 80
31, 81
32, 82
32, 81
31, 81
32, 80
32, 79
31, 79
31, 79
60, 61
59, 61
60, 60
61, 60
61, 59
61, 59
54, 63
53, 64
52, 63
52, 62
52, 63
53, 64
53, 64
54, 61
55, 62
54, 61
53, 61
54, 61
55, 60
54, 59
54, 60
54, 60
29, 57
30, 57
30, 58
30, 57
31, 57
31, 57
51, 53
51, 54
51, 53
52, 54
53, 54
52, 53
52, 52
52, 53
51, 53
51, 54
51, 54
28, 52
29, 53
30, 53
30, 54
30, 53
30, 54
31, 55
31, 54
31, 55
32, 54
32, 54
60, 70
61, 69
61, 70
61, 71
61, 70
60, 70
60, 70
61, 55
62, 55
62, 56
62, 57
63, 58
63, 58
57, 54
58, 53
58, 54
58, 55
57, 56
57, 57
58, 58
59, 57
59, 58
59, 58
40, 50
40, 51
41, 51
42, 50
42, 51
41, 50
41, 50
38, 58
37, 57
37, 56
36, 57
35, 58
36, 58
35, 59
35, 59
41, 62
40, 62
41, 62
40, 62
39, 63
38, 63
38, 63
69, 44
70, 43
71, 43
72, 44
71, 43
71, 44
71, 45
71, 45
31, 58
32, 59
31, 58
31, 59
32, 58
32, 58
47, 38
46, 38
47, 38
48, 37
47, 38
48, 37
49, 37
48, 37
48, 37
52, 53
53, 54
52, 53
53, 53
52, 54
53, 53
52, 52
53, 52
53, 52
55, 60
55, 61
56, 62
57, 63
58, 62
58, 61
59, 62
59, 62
49, 40
50, 40
50, 39
49, 38
49, 37
49, 36
49, 36
48, 75
47, 74
48, 73
49, 74
50, 75
49, 76
49, 77
50, 78
49, 78
49, 78
39, 47
40, 47
39, 48
38, 48
38, 47
39, 48
40, 47
41, 47
41, 48
41, 48
31, 54
32, 54
31, 53
30, 53
31, 53
31, 54
31, 53
31, 54
31, 54
60, 59
61, 60
61, 59
62, 60
62, 61
63, 60
63, 60
31, 80
30, 80
31, 79
31, 80
31, 81
32, 81
31, 80
30, 80
30, 79
29, 78
29, 78
53, 63
54, 64
53, 63
52, 63
53, 64
54, 64
54, 63
55, 63
56, 63
56, 63
69, 76
70, 77
69, 78
70, 77
70, 76
70, 75
69, 76
69, 75
70, 76
70, 76
47, 72
47, 73
46, 73
45, 73
46, 74
46, 73
45, 74
44, 73
44, 72
45, 72
45, 72
42, 51
43, 52
44, 53
45, 54
46, 55
46, 55
46, 55
53, 53
53, 53
54, 54
55, 55
56, 56
57, 57
57, 57
42, 49
42, 50
42, 50
43, 51
44, 52
45, 53
45, 53
64, 61
65, 62
66, 62
66, 62
68, 64
68, 65
68, 66
68, 67
68, 68
69, 67
69, 67
69, 67
39, 64
40, 65
41, 65
41, 65
42, 66
43, 67
43, 67
69, 75
68, 74
67, 73
66, 72
65, 72
64, 72
64, 72
60, 63
61, 64
62, 65
63, 66
63, 66
62, 65
62, 65
63, 66
63, 67
63, 67
64, 68
64, 68
64, 68
70, 46
69, 47
68, 48
67, 49
67, 49
68, 51
68, 52
68, 53
68, 54
68, 55
68, 56
68, 57
68, 58
69, 59
69, 59
69, 60
69, 60
68, 61
69, 61
69, 61
69, 61
64, 59
65, 60
66, 61
67, 62
68, 64
68, 65
68, 66
68, 67
68, 68
68, 69
68, 70
68, 71
68, 72
68, 73
68, 74
68, 74
33, 59
34, 60
35, 61
36, 62
37, 63
38, 64
39, 64
39, 64
38, 64
38, 64
38, 64
32, 55
31, 54
31, 54
31, 53
31, 53
32, 54
33, 55
34, 56
35, 57
36, 58
35, 57
35, 57
35, 57
36, 60
35, 60
35, 60
34, 59
34, 59
33, 59
33, 59
34, 60
33, 60
33, 60
34, 61
35, 62
36, 63
36, 63
61, 71
62, 72
63, 72
63, 72
63, 73
63, 73
64, 74
65, 75
66, 75
66, 75
57, 64
58, 65
59, 66
60, 66
60, 66
61, 67
62, 68
63, 69
64, 70
64, 70
50, 37
51, 38
52, 39
53, 40
54, 41
55, 42
56, 43
56, 43
56, 43
46, 72
46, 72
45, 71
45, 71
46, 70
45, 69
45, 69
46, 70
47, 70
48, 70
48, 70
50, 78
51, 78
51, 78
51, 78
51, 78
51, 77
51, 77
51, 78
51, 78
30, 77
31, 76
31, 75
31, 75
32, 74
33, 73
34, 72
35, 71
35, 71
49, 38
50, 39
51, 40
52, 41
53, 42
54, 43
54, 43
60, 59
59, 58
59, 58
60, 59
61, 60
62, 61
62, 61
44, 68
45, 69
44, 69
44, 69
45, 70
46, 71
47, 72
47, 72
47, 72
61, 62
60, 63
59, 64
58, 65
57, 66
57, 67
57, 68
57, 69
57, 70
57, 70
35, 64
35, 64
36, 65
37, 66
38, 67
39, 68
40, 69
41, 70
42, 71
42, 71
63, 73
62, 74
62, 74
62, 73
62, 73
63, 73
63, 73
62, 73
62, 73
61, 74
61, 74
36, 58
37, 59
38, 60
39, 61
39, 61
40, 62
41, 63
42, 64
43, 65
43, 65
47, 69
47, 69
48, 70
49, 71
50, 72
49, 73
49, 73
50, 74
51, 74
51, 73
51, 73
52, 74
52, 74
67, 75
67, 75
66, 74
65, 73
64, 72
63, 72
63, 72
47, 54
47, 54
48, 55
49, 56
50, 57
51, 58
52, 59
53, 60
53, 60
68, 62
66, 64
65, 65
64, 66
63, 67
62, 68
61, 69
61, 70
61, 71
61, 72
61, 73
61, 74
61, 74
61, 74
69, 68
69, 69
69, 70
69, 70
69, 71
69, 71
69, 72
69, 73
69, 73
58, 57
58, 57
59, 58
60, 59
60, 60
60, 61
60, 62
60, 63
59, 62
59, 62
59, 62
50, 79
50, 80
50, 81
50, 82
50, 83
50, 84
50, 84
67, 75
66, 76
67, 76
67, 76
66, 77
66, 77
65, 78
64, 79
63, 80
64, 81
64, 81
64, 81
63, 67
63, 67
62, 66
62, 66
63, 67
64, 68
65, 69
64, 70
64, 70
65, 71
65, 71
55, 42
55, 42
56, 43
57, 44
56, 43
56, 43
56, 42
56, 42
57, 42
57, 42
58, 43
59, 44
61, 46
62, 47
63, 48
63, 49
63, 50
63, 51
63, 51
39, 65
40, 66
41, 67
42, 68
43, 68
43, 68
44, 69
45, 68
45, 68
47, 70
48, 71
49, 72
50, 73
51, 74
52, 75
53, 76
54, 77
55, 77
55, 77
46, 54
47, 55
48, 56
49, 57
50, 58
50, 58
63, 71
62, 72
61, 73
60, 74
59, 75
58, 76
57, 77
57, 77
58, 78
58, 78
58, 78
55, 44
55, 44
55, 43
55, 43
54, 44
54, 45
54, 46
54, 47
54, 48
54, 48
36, 72
37, 73
38, 74
37, 74
37, 74
38, 75
38, 74
38, 74
39, 75
39, 75
63, 82
63, 82
62, 83
63, 83
63, 83
62, 84
61, 85
62, 86
62, 86
61, 87
61, 87
61, 87
61, 87
61, 87
51, 59
52, 60
52, 59
52, 59
53, 60
54, 61
53, 61
53, 61
53, 61
40, 74
41, 74
41, 74
40, 75
40, 75
41, 74
42, 74
43, 74
44, 74
44, 74
62, 72
62, 72
61, 73
61, 74
61, 75
61, 76
61, 77
61, 78
61, 79
61, 80
61, 81
61, 81
54, 76
54, 76
55, 75
54, 75
54, 75
55, 74
56, 73
57, 73
57, 73
68, 74
67, 75
66, 76
65, 77
65, 78
65, 79
65, 79
64, 80
64, 80
64, 80
61, 75
61, 76
61, 77
61, 78
61, 78
61, 78
61, 78
61, 78
62, 78
62, 78
62, 78
51, 85
52, 86
53, 87
52, 86
52, 86
53, 87
53, 88
53, 88
54, 87
55, 87
56, 87
56, 87
43, 72
44, 73
45, 74
46, 75
47, 76
47, 76
53, 61
53, 62
53, 63
53, 64
52, 64
52, 64
53, 65
54, 64
54, 64
53, 65
53, 66
53, 66
60, 73
60, 73
61, 74
62, 75
62, 76
62, 76
63, 77
64, 77
65, 77
65, 77
61, 53
61, 54
61, 55
61, 56
61, 57
61, 58
60, 59
60, 59
61, 60
61, 61
61, 62
61, 63
61, 64
61, 65
61, 66
61, 66
61, 66
42, 66
42, 66
43, 67
44, 68
45, 69
46, 70
47, 71
46, 71
46, 71
46, 71
53, 49
52, 50
51, 51
51, 52
52, 52
52, 52
51, 53
51, 54
51, 55
51, 55
58, 71
59, 71
60, 71
61, 71
61, 70
61, 70
61, 70
53, 75
54, 76
55, 77
56, 78
57, 79
58, 80
59, 81
59, 82
59, 82
60, 83
61, 83
61, 83
48, 73
47, 72
47, 72
48, 73
49, 74
50, 75
51, 76
52, 77
53, 78
54, 79
55, 80
55, 80
60, 63
61, 64
61, 63
61, 63
62, 64
63, 65
63, 65
65, 72
65, 73
65, 74
65, 75
65, 76
65, 76
65, 76
58, 79
58, 79
59, 80
60, 81
61, 82
62, 83
63, 84
64, 85
65, 86
66, 87
66, 87
65, 87
64, 87
63, 87
64, 86
64, 86
63, 87
62, 87
61, 87
60, 87
60, 87
60, 86
59, 85
58, 84
57, 83
56, 82
55, 81
55, 81
64, 79
64, 78
64, 77
64, 76
64, 76
63, 75
63, 75
62, 76
62, 76
63, 75
64, 74
64, 74
45, 75
46, 76
47, 77
48, 77
48, 77
49, 78
49, 78
54, 62
55, 63
56, 64
57, 65
58, 66
59, 67
60, 68
61, 69
61, 69
58, 74
59, 75
60, 74
60, 74
59, 75
59, 76
59, 77
60, 78
60, 78
60, 77
60, 77
59, 78
58, 79
58, 79
58, 79
47, 72
48, 73
49, 74
50, 75
51, 76
51, 76
46, 77
46, 77
47, 77
48, 77
48, 77
49, 77
50, 77
51, 77
52, 77
53, 77
54, 77
55, 77
55, 77
64, 77
63, 78
62, 79
61, 80
60, 81
60, 81
60, 80
59, 79
58, 78
57, 77
57, 77
58, 76
58, 75
58, 74
58, 73
59, 74
59, 74
58, 73
58, 73
60, 82
59, 81
58, 80
57, 79
57, 78
57, 77
57, 76
57, 76
63, 77
64, 77
64, 78
64, 78
65, 77
66, 77
67, 77
68, 77
69, 77
69, 77
69, 77
69, 76
69, 76
69, 76
64, 78
65, 78
65, 78
64, 79
63, 80
62, 80
61, 80
61, 80
64, 66
65, 67
66, 68
67, 69
66, 69
66, 69
67, 70
67, 71
67, 71
68, 72
68, 72
50, 56
50, 57
50, 58
50, 59
50, 60
50, 60
56, 79
57, 78
57, 77
57, 77
58, 78
59, 78
60, 78
61, 78
62, 78
62, 78
54, 67
54, 67
55, 68
56, 69
56, 68
56, 68
57, 69
58, 70
59, 71
60, 72
60, 72
60, 67
59, 68
58, 69
59, 69
59, 69
58, 70
57, 71
56, 72
56, 73
56, 73
55, 74
55, 75
55, 75
55, 88
55, 88
56, 87
57, 86
58, 85
59, 84
60, 84
61, 84
61, 84
60, 71
59, 72
58, 73
57, 74
57, 75
57, 76
57, 77
57, 77
61, 78
60, 78
59, 78
58, 78
57, 78
58, 78
58, 78
58, 78
51, 61
51, 62
51, 62
51, 63
51, 64
51, 65
52, 64
52, 64
53, 64
53, 64
52, 65
52, 65
67, 73
66, 74
65, 75
64, 75
64, 76
64, 76
63, 75
62, 75
61, 75
60, 74
60, 74
59, 75
59, 75
57, 78
56, 77
56, 76
56, 75
56, 74
56, 73
56, 73
56, 78
56, 78
57, 79
58, 80
59, 81
60, 82
60, 82
50, 79
51, 80
51, 79
51, 79
52, 80
53, 81
53, 81
58, 77
58, 76
58, 76
59, 77
60, 78
61, 79
60, 80
60, 80
61, 79
62, 79
63, 79
63, 79
63, 75
62, 74
62, 74
61, 75
60, 76
59, 77
58, 78
57, 79
56, 80
56, 81
56, 82
56, 82
68, 77
67, 78
66, 79
65, 80
64, 80
63, 80
63, 80
60, 86
60, 85
60, 84
60, 84
60, 84
60, 84
60, 84
60, 84
60, 84
60, 84
59, 71
59, 71
58, 72
57, 73
58, 73
58, 73
57, 74
56, 75
55, 76
54, 77
54, 77
62, 81
63, 82
64, 82
65, 82
66, 82
67, 82
67, 82
56, 75
56, 75
57, 74
57, 73
57, 73
58, 73
59, 73
60, 73
61, 73
62, 73
62, 73
60, 70
59, 71
58, 72
57, 73
56, 74
56, 73
56, 73
55, 74
54, 75
53, 76
53, 77
53, 77
59, 74
60, 75
61, 76
62, 76
62, 76
63, 77
64, 78
64, 79
64, 79
64, 79
62, 83
63, 83
63, 83
64, 83
65, 83
66, 83
66, 83
66, 84
66, 84
66, 83
66, 83
66, 83
54, 82
53, 83
53, 84
53, 85
53, 86
53, 87
53, 88
53, 89
53, 89
54, 76
53, 75
52, 74
51, 73
51, 73
51, 73
59, 82
59, 82
58, 81
58, 81
58, 82
58, 82
58, 81
58, 81
52, 75
53, 74
54, 74
54, 74
54, 74
54, 74
54, 74
54, 74
58, 80
58, 80
59, 79
59, 78
60, 78
60, 78
59, 77
59, 76
59, 75
59, 75
57, 79
56, 80
55, 81
54, 82
53, 83
53, 83
61, 81
62, 80
63, 80
63, 80
64, 79
65, 78
65, 78
66, 77
67, 76
68, 75
68, 75
55, 78
56, 79
57, 80
58, 81
59, 82
59, 83
59, 83
60, 84
61, 85
61, 85
63, 74
64, 75
65, 76
65, 77
65, 78
65, 79
65, 79
65, 79
65, 79
65, 79
54, 76
55, 75
55, 75
55, 75
54, 75
54, 75
55, 75
55, 75
55, 75
56, 76
56, 75
56, 75
57, 76
58, 77
59, 78
59, 79
60, 79
60, 79
60, 79
53, 66
54, 67
55, 68
56, 69
57, 70
57, 70
54, 89
55, 89
56, 89
57, 89
58, 89
59, 89
59, 88
59, 88
60, 89
60, 89
64, 80
65, 81
66, 82
66, 83
66, 83
66, 83
66, 83
66, 83
54, 80
54, 80
55, 79
56, 78
57, 77
58, 76
59, 75
59, 75
60, 76
61, 77
62, 78
63, 79
64, 80
65, 81
65, 82
65, 83
65, 83
57, 73
57, 72
57, 72
56, 73
56, 73
56, 74
56, 74
57, 73
57, 73
57, 73
52, 74
53, 75
54, 76
55, 76
56, 76
57, 76
56, 76
56, 76
57, 76
58, 76
59, 76
59, 76
62, 81
61, 82
60, 83
60, 84
60, 85
60, 86
60, 86
60, 86
64, 78
64, 78
63, 79
64, 79
64, 79
63, 80
62, 81
62, 81
66, 82
66, 82
65, 81
64, 81
63, 81
62, 81
61, 81
62, 81
62, 81
61, 81
60, 81
61, 80
61, 80
61, 80
66, 83
66, 83
65, 82
64, 83
64, 83
63, 82
62, 81
62, 81
61, 82
60, 82
59, 82
59, 82
56, 83
56, 83
55, 84
56, 83
56, 83
55, 84
54, 85
54, 84
54, 84
55, 84
55, 84
54, 85
54, 85
61, 83
62, 83
63, 83
64, 83
65, 83
65, 83
61, 80
61, 80
61, 79
61, 78
61, 77
61, 77
61, 77
61, 77
61, 77
61, 77
60, 76
61, 77
62, 76
62, 76
63, 77
64, 78
63, 78
63, 78
64, 79
64, 79
65, 82
64, 81
63, 80
62, 79
61, 80
61, 80
60, 81
60, 81
60, 80
60, 81
60, 81
60, 81
62, 84
63, 83
64, 82
65, 81
66, 80
66, 79
66, 78
66, 77
65, 77
65, 77
66, 77
66, 77
64, 83
63, 83
62, 84
62, 84
61, 83
60, 83
59, 83
59, 82
59, 82
59, 82
57, 69
57, 69
58, 70
59, 69
59, 69
60, 70
59, 70
59, 70
60, 71
60, 72
60, 73
60, 73
56, 75
57, 75
58, 75
59, 75
60, 75
60, 75
67, 74
67, 74
67, 75
67, 75
66, 76
65, 77
64, 78
63, 79
62, 80
61, 81
61, 81
59, 80
58, 81
57, 82
56, 83
55, 84
54, 85
53, 85
53, 85
60, 81
59, 81
59, 80
59, 80
60, 80
60, 80
59, 81
58, 81
58, 81
54, 84
54, 84
54, 84
54, 84
54, 84
54, 84
64, 78
63, 77
62, 77
61, 77
62, 78
62, 78
62, 78
60, 81
61, 80
60, 80
60, 80
61, 79
60, 80
60, 80
61, 80
61, 80
62, 79
62, 79
58, 77
57, 76
57, 76
56, 76
56, 76
56, 77
56, 78
55, 77
55, 77
56, 78
56, 78
61, 88
62, 87
62, 88
62, 88
63, 89
63, 89
64, 88
65, 89
65, 89
66, 88
67, 87
67, 88
67, 88
67, 88
53, 86
52, 87
52, 88
52, 89
52, 89
52, 89
52, 89
52, 89
53, 89
53, 89
52, 89
52, 89
52, 89
52, 89
52, 89
52, 89
52, 89
56, 73
56, 73
57, 73
57, 73
57, 74
57, 75
57, 76
57, 77
57, 77
57, 77
58, 77
58, 77
57, 77
57, 77
60, 74
61, 73
62, 73
63, 73
64, 73
65, 73
66, 73
67, 73
68, 73
68, 73
59, 85
58, 84
57, 83
56, 82
55, 83
55, 83
54, 82
53, 81
53, 80
53, 81
53, 81
53, 81
64, 82
63, 82
62, 82
61, 82
60, 82
59, 82
58, 82
57, 82
57, 82
63, 79
64, 80
64, 81
64, 82
65, 83
65, 83
64, 84
64, 83
64, 83
64, 84
64, 85
64, 86
64, 86
59, 74
60, 73
60, 73
59, 74
60, 74
60, 74
59, 75
58, 75
58, 75
59, 75
59, 75
59, 76
59, 77
59, 78
59, 78
63, 78
62, 78
61, 78
62, 79
62, 79
61, 78
60, 78
61, 78
61, 78
61, 78
61, 82
62, 81
62, 81
63, 82
64, 82
64, 82
64, 83
64, 83
65, 83
66, 82
66, 82
66, 82
56, 78
56, 79
56, 80
56, 80
56, 80
56, 80
56, 80
56, 80
56, 80
61, 74
61, 74
62, 75
63, 76
63, 77
63, 78
63, 79
63, 79
63, 79
63, 79
67, 74
66, 75
65, 76
64, 76
64, 77
64, 77
63, 76
64, 76
64, 76
64, 76
59, 80
59, 80
60, 81
61, 82
62, 81
62, 81
63, 82
64, 83
65, 82
65, 82
66, 83
67, 83
68, 83
68, 83
63, 78
62, 79
62, 79
63, 78
64, 77
65, 76
66, 75
67, 75
68, 75
68, 75
55, 83
56, 83
57, 83
58, 83
59, 83
60, 83
60, 83
60, 83
60, 83
60, 83
60, 82
59, 83
58, 84
59, 84
59, 84
58, 85
57, 86
57, 86
65, 76
65, 76
64, 75
65, 75
65, 75
64, 75
63, 75
62, 75
61, 75
61, 75
54, 80
54, 79
54, 78
54, 77
54, 76
54, 76
55, 75
55, 75
54, 76
54, 76
54, 76
54, 76
57, 79
57, 80
57, 80
58, 81
59, 82
58, 81
58, 81
59, 82
60, 83
61, 84
62, 85
62, 85
58, 81
59, 80
60, 79
61, 78
62, 77
62, 76
62, 76
62, 76
62, 76
63, 75
63, 75
63, 75
61, 76
61, 76
62, 77
61, 77
61, 77
62, 78
63, 79
63, 78
63, 78
64, 79
64, 79
66, 89
65, 88
65, 88
64, 89
63, 90
62, 90
62, 90
62, 90
58, 81
57, 81
57, 81
57, 81
57, 81
57, 81
54, 84
55, 83
56, 82
57, 81
58, 80
59, 79
60, 78
61, 78
61, 78
62, 79
62, 79
63, 78
63, 78
53, 88
53, 89
53, 89
54, 89
54, 89
53, 88
53, 87
53, 86
53, 87
53, 87
53, 86
53, 85
53, 84
53, 84
65, 76
65, 75
65, 76
66, 76
65, 76
65, 76
57, 82
56, 81
57, 82
58, 81
59, 82
58, 81
58, 82
57, 83
58, 82
58, 82
63, 86
62, 86
62, 85
62, 84
61, 84
61, 84
62, 77
61, 78
60, 77
59, 76
60, 76
59, 75
59, 76
60, 76
59, 75
59, 75
52, 85
53, 86
54, 87
53, 88
53, 87
53, 87
68, 84
69, 83
69, 84
69, 85
70, 85
69, 86
70, 86
70, 86
67, 74
67, 73
66, 74
67, 75
68, 75
68, 76
69, 77
70, 77
71, 78
71, 78
63, 80
62, 79
62, 80
61, 81
61, 80
61, 79
61, 79
57, 81
57, 80
57, 81
58, 81
59, 80
60, 81
59, 81
59, 81
65, 86
66, 86
65, 87
66, 88
65, 88
64, 87
63, 88
62, 87
62, 87
62, 76
63, 75
63, 76
62, 75
63, 74
62, 75
62, 74
62, 75
61, 76
60, 75
60, 75
59, 84
59, 85
60, 86
61, 86
61, 85
60, 84
61, 83
61, 83
64, 78
65, 79
66, 79
65, 78
66, 78
65, 78
64, 77
64, 76
64, 76
61, 91
60, 91
59, 90
60, 91
61, 92
61, 92
58, 78
58, 79
58, 78
59, 78
59, 79
58, 78
59, 79
60, 78
59, 77
58, 76
58, 76
62, 79
63, 80
62, 81
61, 80
60, 80
60, 80
56, 86
57, 85
56, 85
57, 86
58, 85
59, 86
58, 87
57, 86
57, 85
57, 84
57, 84
60, 75
59, 74
58, 73
59, 72
60, 73
60, 73
65, 81
65, 82
65, 83
65, 82
64, 81
65, 80
64, 80
64, 79
65, 80
65, 81
65, 81
53, 77
52, 77
53, 76
54, 76
55, 76
55, 77
54, 76
53, 76
52, 77
53, 77
53, 77
71, 79
70, 78
69, 79
69, 80
70, 81
69, 80
68, 80
69, 80
69, 80
61, 72
62, 71
61, 71
60, 72
60, 73
61, 73
60, 73
59, 74
59, 74
60, 79
61, 79
60, 78
60, 77
59, 76
59, 77
59, 78
59, 78
57, 75
57, 74
56, 74
57, 73
57, 72
58, 72
59, 71
58, 71
58, 70
58, 70
60, 91
59, 91
58, 91
57, 90
56, 89
55, 90
54, 91
54, 91
52, 87
53, 87
52, 87
51, 88
51, 89
51, 88
50, 88
50, 88
64, 80
65, 81
64, 81
63, 81
62, 81
62, 81
58, 76
58, 75
59, 74
58, 75
58, 76
59, 77
59, 77
59, 80
58, 81
59, 80
60, 80
61, 79
61, 78
60, 79
59, 78
58, 78
58, 78
63, 75
64, 75
63, 74
62, 74
61, 73
61, 74
62, 74
62, 75
63, 75
63, 75
70, 87
69, 86
68, 86
69, 85
70, 86
69, 86
68, 86
68, 87
68, 87
56, 85
55, 85
54, 84
54, 83
53, 83
52, 82
53, 83
53, 83
62, 84
61, 83
62, 83
62, 84
61, 83
61, 82
62, 82
62, 82
63, 86
64, 85
65, 84
64, 83
65, 83
65, 84
65, 84
60, 83
61, 83
61, 82
60, 83
61, 83
60, 84
59, 84
58, 84
57, 85
57, 85
66, 75
65, 74
66, 74
66, 73
67, 74
66, 75
66, 76
66, 76
58, 81
59, 80
60, 80
59, 80
60, 79
60, 78
60, 78
52, 76
52, 75
53, 74
52, 74
52, 75
52, 74
52, 74
59, 82
59, 81
58, 82
58, 81
57, 81
58, 82
59, 81
60, 80
60, 81
61, 81
61, 81
59, 75
60, 75
60, 76
61, 77
60, 78
60, 78
53, 83
54, 82
54, 82
55, 81
55, 81
55, 81
56, 80
56, 80
57, 69
56, 68
56, 68
56, 68
55, 67
54, 66
54, 66
64, 83
63, 82
62, 81
61, 80
61, 79
61, 78
61, 77
61, 77
58, 76
58, 76
57, 75
56, 74
55, 73
55, 73
61, 81
60, 80
59, 79
58, 78
57, 77
56, 76
56, 76
53, 73
54, 72
54, 72
55, 71
56, 70
57, 69
57, 68
57, 67
57, 66
57, 65
57, 65
49, 89
48, 89
48, 89
48, 89
48, 89
48, 89
60, 78
59, 77
59, 77
58, 76
57, 75
57, 75
57, 75
57, 75
68, 79
68, 79
67, 78
66, 77
65, 76
65, 75
65, 75
59, 77
58, 76
57, 75
56, 74
55, 73
54, 72
53, 71
52, 70
51, 70
51, 70
57, 85
58, 84
59, 83
60, 82
61, 81
61, 81
67, 86
66, 85
66, 85
66, 84
66, 83
66, 82
66, 82
66, 81
66, 81
66, 81
58, 73
57, 72
56, 71
56, 71
56, 71
55, 70
54, 69
54, 69
65, 75
65, 75
64, 74
63, 73
63, 73
62, 72
61, 71
60, 70
59, 69
59, 69
62, 81
61, 80
61, 80
60, 79
59, 78
59, 78
58, 77
57, 76
56, 75
55, 74
54, 73
54, 73
61, 81
60, 80
59, 79
58, 78
57, 77
56, 76
56, 76
62, 74
61, 73
60, 72
59, 72
59, 72
59, 72
59, 72
58, 72
58, 72
59, 77
60, 76
60, 75
60, 75
60, 74
60, 74
60, 73
60, 73
53, 90
51, 88
50, 87
50, 86
50, 85
50, 84
50, 83
50, 82
50, 81
49, 80
48, 79
47, 78
47, 78
56, 74
56, 74
57, 75
57, 76
57, 76
57, 76
58, 77
57, 76
56, 75
55, 74
54, 73
53, 72
52, 71
51, 70
50, 70
50, 70
53, 65
53, 65
53, 64
53, 63
53, 62
53, 61
53, 61
53, 60
53, 59
53, 58
53, 58
56, 76
55, 75
54, 74
53, 73
53, 73
52, 72
52, 72
50, 69
50, 69
49, 68
48, 67
47, 66
46, 65
45, 64
44, 63
44, 63
53, 68
52, 67
51, 66
50, 65
50, 65
50, 65
53, 72
52, 71
52, 71
51, 70
50, 69
49, 68
48, 67
47, 66
46, 65
45, 64
45, 64
55, 79
54, 78
53, 77
52, 76
51, 75
50, 74
50, 74
56, 64
55, 63
55, 63
54, 62
53, 61
52, 60
51, 59
50, 58
50, 58
64, 74
63, 73
62, 72
62, 72
62, 72
62, 72
61, 77
60, 76
60, 76
59, 75
59, 75
58, 74
58, 74
55, 75
54, 74
53, 73
52, 72
52, 72
51, 71
50, 70
50, 70
49, 69
48, 68
48, 68
60, 73
59, 72
58, 71
57, 70
56, 69
56, 69
56, 74
55, 73
54, 72
54, 72
53, 71
53, 71
52, 70
52, 70
46, 77
45, 76
44, 75
44, 75
44, 75
43, 74
42, 73
42, 73
41, 72
41, 72
59, 69
60, 68
60, 67
60, 67
60, 67
60, 67
60, 67
60, 67
60, 67
60, 67
49, 88
50, 87
51, 86
52, 85
53, 84
53, 84
58, 72
58, 72
57, 71
57, 71
56, 70
55, 69
55, 69
55, 69
55, 69
54, 68
54, 68
65, 80
64, 79
63, 78
63, 78
63, 78
62, 77
62, 77
61, 76
60, 75
60, 75
62, 80
63, 79
64, 78
65, 77
66, 76
66, 76
51, 59
52, 60
53, 61
54, 62
55, 63
56, 64
56, 64
59, 66
58, 65
57, 64
56, 63
56, 63
56, 63
56, 63
55, 62
54, 61
53, 60
53, 60
55, 69
56, 70
56, 70
57, 71
58, 72
58, 72
59, 73
59, 73
59, 73
51, 71
52, 72
53, 73
54, 74
55, 75
56, 76
57, 77
57, 77
57, 77
59, 74
58, 73
57, 72
56, 71
55, 70
54, 69
54, 69
51, 64
52, 63
53, 62
53, 62
53, 62
54, 61
55, 60
55, 60
65, 75
65, 74
65, 73
65, 72
65, 72
65, 71
65, 70
65, 70
44, 61
45, 60
46, 59
47, 58
48, 57
47, 56
47, 56
47, 56
46, 55
46, 55
46, 55
46, 55
46, 55
45, 54
45, 54
55, 68
54, 67
53, 66
52, 65
51, 64
50, 62
50, 61
50, 60
50, 59
50, 58
50, 57
50, 57
63, 71
64, 70
64, 70
65, 69
65, 69
65, 69
66, 68
67, 67
68, 66
68, 66
48, 68
47, 69
46, 70
45, 71
44, 72
44, 72
43, 73
42, 74
41, 75
41, 75
42, 73
42, 73
42, 73
43, 74
44, 75
45, 76
46, 77
47, 78
48, 79
49, 80
49, 80
52, 83
51, 82
51, 82
50, 81
49, 80
48, 79
48, 79
48, 79
46, 63
48, 61
49, 60
50, 59
50, 58
50, 57
51, 56
52, 55
53, 54
54, 53
54, 51
53, 50
52, 50
51, 50
50, 50
50, 50
50, 50
50, 50
50, 50
58, 75
58, 76
58, 76
58, 77
58, 77
58, 77
58, 78
58, 78
52, 70
53, 71
53, 71
54, 72
55, 73
56, 74
57, 75
58, 76
59, 77
60, 78
60, 78
52, 59
51, 60
50, 61
50, 61
50, 60
50, 59
50, 58
50, 57
50, 56
50, 55
49, 56
49, 56
48, 57
48, 57
51, 73
52, 72
52, 72
53, 72
54, 72
55, 72
55, 72
56, 75
55, 74
54, 73
53, 72
52, 71
52, 71
51, 71
50, 70
49, 69
49, 69
48, 68
47, 67
46, 66
45, 65
45, 65
58, 72
57, 71
56, 70
55, 69
54, 68
54, 68
53, 67
52, 67
51, 67
51, 67
41, 75
42, 74
43, 73
43, 73
43, 73
44, 72
44, 72
56, 76
55, 75
54, 74
53, 73
52, 72
51, 71
51, 71
54, 59
53, 58
52, 57
51, 56
50, 55
50, 55
52, 59
51, 58
50, 57
49, 56
48, 55
47, 54
46, 53
45, 52
44, 51
44, 51
49, 78
49, 78
50, 77
51, 76
51, 76
52, 75
52, 75
48, 79
47, 78
46, 77
45, 76
44, 75
44, 74
44, 73
44, 73
44, 72
44, 72
57, 65
58, 66
59, 67
60, 68
61, 68
62, 68
62, 68
67, 67
67, 67
66, 68
65, 69
64, 70
63, 70
63, 70
62, 70
61, 70
61, 70
44, 64
44, 64
43, 63
43, 63
43, 61
44, 60
45, 59
46, 58
47, 57
48, 56
47, 55
46, 54
45, 53
45, 53
49, 58
49, 58
50, 59
51, 60
52, 61
53, 62
53, 62
64, 69
63, 68
63, 68
62, 67
61, 66
61, 65
61, 64
61, 64
61, 64
61, 64
51, 70
50, 69
49, 68
48, 67
48, 67
48, 66
48, 66
48, 66
54, 71
53, 70
52, 69
51, 68
51, 68
50, 67
49, 66
48, 65
48, 65
59, 77
58, 76
57, 75
56, 74
55, 73
54, 72
53, 71
52, 70
51, 69
51, 69
57, 77
57, 77
56, 76
55, 75
54, 74
53, 73
52, 72
51, 71
51, 71
44, 55
43, 56
42, 57
41, 58
41, 58
40, 59
40, 59
50, 57
49, 56
48, 55
48, 54
48, 53
48, 53
48, 53
48, 53
48, 53
48, 53
48, 53
54, 69
55, 68
56, 67
57, 66
58, 65
59, 64
60, 63
60, 63
51, 49
52, 48
53, 47
53, 47
53, 47
53, 47
53, 47
53, 47
53, 47
53, 47
43, 71
43, 71
43, 71
42, 70
42, 70
41, 69
40, 68
39, 67
38, 66
37, 65
37, 65
54, 48
55, 49
56, 50
56, 50
55, 50
54, 50
53, 50
52, 50
53, 51
53, 51
52, 50
51, 50
50, 50
50, 50
50, 50
50, 50
50, 50
50, 50
51, 51
51, 51
43, 52
42, 53
41, 54
41, 54
40, 55
39, 56
39, 56
49, 65
49, 65
49, 65
50, 64
50, 64
50, 64
50, 62
50, 61
50, 60
50, 59
50, 58
50, 57
50, 56
50, 55
50, 54
50, 53
50, 53
40, 59
41, 58
41, 58
42, 57
43, 56
43, 56
51, 74
50, 73
50, 73
49, 72
49, 72
48, 71
48, 71
60, 69
59, 68
59, 68
58, 67
57, 66
57, 66
44, 72
45, 71
46, 70
46, 70
47, 69
48, 68
49, 67
50, 66
50, 66
50, 66
52, 61
51, 60
50, 59
50, 59
49, 58
48, 57
48, 57
50, 70
49, 71
48, 72
47, 73
46, 74
45, 74
44, 74
43, 74
42, 74
42, 74
49, 66
50, 67
51, 68
51, 68
52, 69
53, 70
53, 70
53, 70
47, 52
46, 51
46, 50
46, 49
46, 49
46, 48
46, 47
46, 47
51, 56
52, 57
53, 58
54, 59
54, 59
55, 59
55, 59
50, 66
49, 65
48, 64
48, 64
47, 63
47, 63
44, 54
44, 54
43, 54
42, 54
41, 54
41, 54
52, 70
52, 70
53, 69
54, 68
54, 68
55, 67
56, 66
56, 66
59, 62
58, 61
57, 60
56, 59
56, 59
56, 59
56, 59
55, 58
54, 57
54, 57
50, 70
49, 69
48, 68
48, 67
48, 66
48, 65
48, 64
48, 64
60, 63
60, 63
59, 62
59, 62
59, 62
58, 61
57, 60
57, 60
63, 69
64, 70
65, 71
65, 72
65, 73
65, 73
65, 73
52, 71
52, 71
51, 71
50, 71
49, 71
48, 71
48, 71
56, 59
55, 58
54, 57
54, 57
53, 56
53, 56
48, 64
49, 65
50, 66
51, 67
52, 68
53, 69
54, 70
55, 71
56, 72
56, 72
47, 46
48, 45
48, 44
48, 44
48, 43
48, 43
64, 74
63, 75
63, 75
63, 76
63, 77
63, 77
63, 78
63, 79
63, 80
63, 80
63, 80
50, 66
51, 65
52, 64
53, 63
54, 62
54, 62
54, 62
55, 61
55, 61
37, 65
37, 65
36, 64
35, 63
34, 62
34, 62
33, 61
33, 61
55, 65
54, 64
53, 63
53, 63
52, 62
51, 61
50, 60
50, 60
54, 57
55, 58
56, 59
57, 60
57, 60
57, 60
58, 61
58, 61
42, 55
42, 55
43, 56
45, 56
46, 55
47, 54
48, 53
49, 52
49, 52
49, 52
57, 66
56, 67
55, 68
54, 69
53, 70
52, 71
52, 71
52, 71
51, 72
50, 72
50, 72
50, 50
49, 49
48, 49
47, 49
47, 49
47, 49
48, 64
49, 65
50, 66
51, 67
52, 68
52, 68
52, 68
54, 58
53, 57
53, 57
52, 56
51, 55
50, 54
50, 54
50, 54
45, 56
46, 55
47, 54
48, 53
49, 52
50, 51
50, 50
50, 50
50, 50
51, 51
52, 52
53, 53
53, 53
54, 54
54, 54
47, 56
47, 56
46, 55
45, 54
44, 53
43, 52
42, 51
41, 50
40, 49
39, 48
39, 48
43, 73
44, 72
44, 72
45, 71
46, 70
46, 70
48, 71
47, 70
47, 68
48, 67
49, 66
50, 65
50, 64
50, 63
50, 62
50, 61
50, 60
50, 59
49, 58
49, 58
48, 57
48, 57
40, 55
41, 54
42, 53
43, 52
44, 51
45, 50
46, 49
46, 49
51, 54
52, 55
52, 55
52, 56
52, 57
52, 57
52, 58
52, 58
45, 71
44, 72
44, 72
43, 73
42, 74
41, 75
40, 75
39, 75
39, 75
40, 49
41, 50
42, 51
43, 52
44, 53
45, 54
45, 54
45, 48
44, 47
43, 46
43, 46
44, 47
45, 48
46, 49
47, 50
48, 50
49, 50
50, 50
50, 50
50, 50
49, 49
48, 48
48, 48
47, 47
47, 47
50, 72
51, 73
51, 73
52, 74
53, 75
54, 76
55, 77
56, 77
57, 77
58, 77
58, 77
53, 69
54, 70
55, 71
56, 72
57, 73
58, 74
59, 75
59, 75
48, 52
47, 52
46, 52
46, 52
45, 52
44, 52
44, 52
53, 57
53, 58
53, 59
53, 60
53, 61
53, 62
53, 62
53, 62
53, 63
53, 63
62, 79
61, 78
61, 78
61, 78
60, 77
60, 77
60, 77
54, 60
53, 59
52, 58
51, 57
50, 56
50, 56
50, 61
50, 61
50, 62
50, 62
50, 61
50, 60
50, 59
50, 58
50, 57
50, 56
50, 56
50, 57
50, 57
55, 71
54, 70
54, 70
53, 69
52, 68
52, 68
34, 62
35, 63
36, 64
37, 65
38, 66
39, 66
39, 66
47, 70
47, 69
47, 68
47, 67
47, 66
47, 65
47, 65
47, 64
47, 64
50, 54
49, 54
49, 54
48, 54
47, 54
46, 54
46, 54
45, 54
45, 54
44, 54
44, 54
47, 44
47, 44
47, 44
46, 45
45, 46
44, 47
44, 47
57, 60
56, 59
55, 58
54, 57
53, 56
53, 56
48, 48
49, 47
49, 46
49, 45
49, 44
49, 43
49, 42
49, 41
49, 40
49, 39
49, 39
51, 59
51, 59
51, 60
51, 61
51, 61
51, 61
54, 54
53, 55
53, 55
52, 56
51, 57
50, 58
50, 59
50, 60
50, 61
50, 61
47, 56
47, 56
46, 56
46, 55
47, 54
48, 53
49, 52
50, 51
50, 50
50, 50
50, 50
50, 50
49, 51
49, 51
48, 47
48, 46
49, 47
50, 46
51, 45
50, 46
50, 46
43, 48
42, 47
43, 46
42, 47
41, 47
40, 47
41, 48
40, 47
41, 47
41, 48
41, 48
59, 78
58, 79
57, 79
57, 78
58, 79
58, 78
59, 78
58, 79
59, 79
59, 79
59, 74
60, 75
61, 74
61, 75
62, 75
61, 75
62, 75
63, 75
63, 75
43, 53
44, 54
45, 53
45, 54
45, 53
44, 54
43, 54
43, 54
51, 58
50, 59
49, 60
49, 61
48, 60
48, 60
48, 50
49, 50
49, 49
50, 48
49, 47
49, 47
51, 62
51, 63
50, 62
51, 61
52, 62
51, 62
51, 62
53, 55
53, 56
53, 57
52, 57
53, 58
54, 57
54, 58
53, 57
52, 56
53, 55
53, 55
44, 53
44, 52
43, 51
42, 51
41, 51
41, 51
51, 62
52, 61
52, 60
53, 60
53, 61
53, 62
54, 62
53, 61
54, 61
54, 61
38, 66
38, 65
38, 66
37, 65
38, 66
39, 66
38, 66
39, 65
40, 65
40, 65
50, 40
51, 40
50, 39
51, 40
50, 41
51, 41
51, 41
40, 75
39, 74
39, 75
38, 76
39, 75
40, 76
40, 75
39, 76
39, 76
50, 57
49, 58
50, 57
51, 57
50, 58
49, 58
50, 59
50, 59
60, 76
61, 75
60, 76
61, 75
60, 74
60, 74
53, 62
54, 63
55, 62
56, 63
56, 62
55, 63
55, 63
53, 69
53, 70
54, 70
53, 71
52, 70
53, 69
54, 69
54, 70
55, 69
55, 69
43, 52
44, 52
43, 53
44, 52
45, 51
45, 52
46, 51
45, 50
45, 51
45, 51
46, 63
45, 62
46, 62
46, 63
45, 63
45, 64
44, 65
45, 65
45, 65
50, 41
49, 40
50, 40
50, 41
51, 41
51, 41
39, 66
39, 67
39, 66
39, 65
40, 66
41, 65
42, 66
42, 65
41, 64
40, 65
40, 65
51, 47
52, 48
51, 49
50, 50
49, 51
49, 50
48, 49
49, 50
49, 50
46, 50
45, 51
45, 50
45, 51
46, 50
47, 50
47, 51
46, 50
46, 50
55, 70
56, 70
55, 70
54, 69
55, 70
55, 71
56, 71
55, 72
55, 72
42, 52
41, 53
40, 54
40, 55
41, 56
42, 57
43, 56
42, 57
42, 57
53, 60
54, 59
54, 58
55, 58
55, 57
56, 58
55, 57
56, 57
56, 57
46, 64
45, 64
46, 63
45, 64
44, 63
44, 62
45, 63
46, 64
46, 64
41, 49
42, 49
41, 48
42, 47
42, 48
43, 48
44, 48
44, 48
58, 80
59, 80
60, 79
60, 80
59, 81
58, 80
58, 81
57, 81
56, 81
57, 82
57, 82
64, 74
65, 75
65, 76
64, 75
64, 76
65, 76
66, 77
67, 76
66, 77
66, 77
40, 75
40, 76
39, 77
40, 76
41, 75
41, 75
50, 60
51, 60
51, 61
52, 60
51, 60
51, 60
52, 55
51, 55
50, 56
51, 57
52, 56
52, 56
48, 46
49, 46
48, 46
47, 46
46, 47
47, 48
47, 47
47, 47
55, 62
55, 61
56, 60
57, 59
56, 58
55, 57
56, 58
57, 59
57, 59
52, 61
51, 60
51, 59
52, 58
53, 57
53, 58
54, 58
53, 57
53, 56
53, 56
48, 59
48, 58
49, 59
48, 59
47, 58
46, 57
47, 56
47, 55
47, 55
61, 74
60, 75
61, 75
61, 74
60, 73
59, 73
60, 72
59, 72
60, 72
60, 72
42, 55
41, 55
41, 56
42, 55
41, 55
41, 55
52, 60
51, 59
51, 60
50, 60
51, 60
52, 60
51, 61
50, 61
49, 61
48, 60
48, 60
50, 40
50, 41
50, 40
50, 41
51, 42
50, 43
50, 43
44, 47
43, 48
42, 47
42, 48
43, 49
42, 48
43, 48
44, 48
44, 49
44, 49
57, 81
56, 81
57, 82
58, 81
58, 80
57, 80
58, 79
58, 79
56, 58
56, 57
56, 58
55, 59
56, 58
55, 59
54, 60
54, 60
61, 72
60, 73
61, 72
62, 73
62, 74
63, 73
63, 73
49, 49
48, 50
48, 49
47, 49
47, 50
47, 51
46, 51
46, 52
46, 51
47, 52
47, 52
48, 56
49, 56
48, 56
49, 55
48, 55
49, 55
49, 55
40, 64
40, 65
39, 65
39, 66
40, 66
41, 65
42, 66
42, 67
41, 66
40, 66
40, 66
40, 75
40, 74
39, 75
39, 76
39, 75
40, 75
41, 74
41, 73
40, 73
40, 72
40, 72
41, 56
41, 57
40, 57
39, 56
38, 57
37, 57
36, 56
35, 56
35, 56
45, 51
45, 50
46, 49
45, 48
46, 47
46, 48
46, 48
57, 60
58, 60
57, 59
57, 58
58, 58
58, 57
59, 58
58, 57
58, 57
56, 73
55, 73
56, 73
56, 72
56, 73
56, 72
56, 72
52, 55
52, 56
51, 57
50, 57
49, 56
48, 56
48, 57
49, 58
49, 58
42, 54
41, 55
40, 56
41, 56
40, 56
41, 57
41, 57
65, 77
65, 78
64, 77
64, 76
64, 77
64, 78
65, 78
64, 78
65, 79
65, 79
51, 56
52, 57
52, 56
53, 57
54, 58
55, 59
56, 58
57, 57
56, 56
55, 56
55, 56
48, 47
49, 46
50, 45
51, 46
50, 45
50, 46
49, 47
49, 46
49, 46
45, 63
45, 62
45, 61
45, 62
44, 63
44, 63
45, 47
46, 47
45, 46
46, 46
47, 47
46, 48
47, 49
47, 49
47, 53
48, 53
49, 53
48, 52
47, 52
46, 51
45, 52
45, 53
45, 53
55, 59
56, 58
57, 58
56, 59
56, 60
56, 59
57, 59
56, 59
56, 59
57, 71
56, 71
56, 70
57, 71
57, 72
58, 71
58, 70
57, 69
57, 68
57, 68
57, 57
57, 56
56, 56
57, 56
57, 55
58, 54
58, 55
58, 55
49, 59
49, 58
50, 58
49, 59
50, 58
51, 59
50, 59
51, 59
52, 58
53, 59
53, 59
40, 65
40, 64
41, 64
42, 65
41, 65
42, 65
42, 64
43, 64
44, 65
44, 64
44, 64
40, 56
41, 57
41, 58
42, 59
41, 58
40, 57
40, 56
41, 55
42, 54
41, 53
41, 53
48, 55
49, 55
49, 56
50, 55
49, 56
48, 56
49, 57
50, 56
50, 55
51, 56
51, 56
49, 42
48, 41
47, 42
47, 41
47, 40
48, 39
49, 38
50, 39
50, 39
66, 78
66, 77
67, 78
66, 78
65, 77
65, 78
66, 78
67, 79
67, 80
67, 80
64, 74
63, 73
62, 74
61, 74
62, 74
62, 75
63, 75
64, 76
65, 76
66, 76
66, 76
54, 56
53, 57
54, 56
54, 57
55, 56
56, 57
56, 56
55, 56
54, 56
54, 56
49, 47
50, 47
49, 46
48, 45
47, 45
47, 45
45, 64
46, 64
47, 65
46, 66
47, 66
47, 65
48, 65
49, 66
48, 67
48, 67
48, 57
47, 56
48, 56
47, 56
46, 56
46, 56
41, 73
40, 73
41, 74
42, 75
43, 76
44, 75
44, 74
44, 73
44, 73
59, 79
58, 79
58, 78
59, 78
58, 79
58, 79
36, 56
37, 56
37, 57
37, 56
36, 57
36, 57
44, 50
43, 51
42, 50
43, 51
42, 50
41, 51
41, 52
41, 52
57, 80
57, 81
57, 82
56, 82
55, 83
54, 82
55, 83
55, 82
54, 83
53, 84
53, 84
46, 46
46, 45
47, 45
48, 45
49, 44
50, 44
49, 43
49, 42
49, 42
51, 57
52, 58
53, 59
53, 60
53, 61
52, 61
52, 60
51, 60
51, 60
68, 80
67, 81
68, 81
67, 82
66, 81
66, 81
54, 60
54, 61
53, 60
52, 61
52, 62
51, 63
52, 63
51, 64
52, 64
51, 64
51, 64
55, 56
54, 56
53, 56
54, 56
53, 55
52, 56
52, 56
56, 68
57, 67
57, 68
58, 69
59, 68
59, 68
47, 66
47, 67
47, 66
46, 66
47, 67
47, 67
41, 54
41, 53
42, 53
42, 54
42, 55
41, 56
42, 55
42, 56
43, 56
43, 57
43, 57
51, 38
50, 38
50, 37
51, 37
50, 37
49, 38
50, 38
49, 39
49, 39
35, 56
36, 55
35, 55
34, 55
33, 54
32, 55
33, 56
34, 56
34, 56
46, 54
46, 55
47, 54
46, 53
45, 54
44, 54
44, 54
67, 75
67, 74
68, 75
69, 74
70, 74
69, 73
69, 73
46, 50
46, 49
45, 50
45, 49
46, 49
46, 49
45, 63
45, 62
46, 62
45, 61
46, 62
45, 62
46, 63
47, 64
47, 63
47, 64
47, 64
47, 55
47, 56
47, 57
47, 58
48, 59
47, 59
48, 60
49, 61
50, 61
51, 61
51, 61
55, 58
56, 58
56, 57
55, 57
54, 57
54, 58
54, 58
57, 54
56, 53
57, 54
58, 54
57, 53
58, 54
58, 55
57, 55
58, 54
58, 54
40, 51
40, 50
39, 50
40, 49
41, 50
42, 50
43, 49
43, 50
42, 51
41, 51
41, 51
43, 72
44, 73
45, 72
44, 73
44, 72
44, 73
44, 72
45, 71
45, 71
54, 85
53, 84
54, 85
53, 85
53, 86
54, 86
54, 86
48, 43
49, 42
49, 43
49, 42
50, 43
49, 43
49, 44
49, 44
50, 61
51, 60
50, 61
50, 62
51, 61
52, 62
51, 62
50, 62
51, 61
51, 61
50, 65
51, 66
52, 66
53, 66
53, 65
54, 66
54, 67
55, 67
54, 66
54, 66
67, 80
66, 81
67, 80
68, 80
67, 81
66, 80
67, 79
68, 80
68, 80
70, 73
70, 72
71, 73
72, 74
73, 74
74, 75
73, 75
73, 74
72, 73
73, 74
73, 74
46, 50
46, 49
46, 48
47, 49
47, 50
48, 49
48, 50
48, 50
46, 68
45, 68
45, 67
44, 67
43, 66
43, 65
43, 66
42, 66
42, 66
50, 39
51, 38
51, 39
50, 39
50, 40
51, 40
51, 41
50, 42
50, 42
58, 53
57, 54
56, 53
57, 53
58, 53
57, 54
56, 53
57, 54
58, 55
58, 55
43, 56
44, 55
44, 56
43, 56
42, 55
43, 55
44, 55
43, 54
44, 55
44, 55
60, 67
59, 67
58, 68
59, 67
58, 68
59, 67
58, 67
57, 68
58, 69
58, 69
55, 59
55, 60
55, 61
55, 62
54, 61
53, 62
54, 63
55, 62
55, 61
55, 61
53, 55
54, 54
53, 54
54, 55
54, 54
54, 55
54, 55
42, 50
42, 49
42, 48
43, 47
44, 48
43, 49
42, 50
43, 50
43, 50
52, 61
53, 61
54, 62
55, 61
54, 62
53, 63
54, 62
54, 62
46, 71
47, 70
46, 71
47, 70
46, 71
45, 72
45, 72
34, 57
35, 58
36, 57
35, 58
36, 57
37, 57
36, 57
36, 57
45, 54
44, 53
45, 53
46, 53
45, 53
45, 52
44, 52
43, 51
43, 52
43, 52
47, 63
48, 64
48, 63
47, 63
48, 64
47, 65
47, 65
51, 62
52, 62
51, 62
51, 63
51, 64
50, 65
49, 65
48, 64
47, 63
48, 64
48, 64
57, 54
58, 55
58, 54
57, 54
56, 54
56, 54
54, 56
53, 55
54, 54
55, 54
54, 55
54, 56
53, 57
53, 57
50, 43
51, 42
52, 41
53, 40
54, 40
53, 40
54, 41
53, 42
52, 41
52, 40
52, 40
55, 62
54, 61
55, 61
56, 62
56, 61
57, 61
56, 62
55, 62
56, 61
56, 61
47, 49
48, 49
48, 48
48, 49
49, 49
48, 50
49, 49
49, 49
51, 42
50, 42
51, 41
51, 40
52, 40
51, 40
52, 41
52, 42
51, 43
51, 43
44, 51
44, 52
43, 53
42, 52
41, 52
41, 53
42, 53
42, 52
43, 51
43, 50
43, 50
44, 72
45, 72
46, 72
47, 71
46, 71
45, 70
45, 69
45, 68
45, 69
45, 69
43, 54
42, 53
41, 54
41, 55
41, 56
42, 57
41, 56
40, 57
40, 57
53, 67
53, 68
52, 68
53, 67
52, 67
52, 67
69, 80
68, 79
69, 79
68, 79
69, 79
69, 78
69, 77
70, 77
70, 76
71, 76
71, 76
35, 58
35, 57
35, 58
35, 57
34, 58
34, 59
35, 59
35, 58
35, 58
54, 62
54, 63
53, 63
53, 62
54, 63
54, 62
55, 62
55, 61
56, 61
57, 62
57, 62
53, 86
54, 86
54, 87
55, 88
56, 87
55, 86
56, 86
55, 85
54, 84
55, 84
55, 84
42, 51
42, 52
41, 53
42, 53
43, 53
42, 54
42, 55
41, 56
41, 56
72, 73
72, 74
73, 73
74, 72
73, 73
73, 74
72, 74
71, 73
71, 73
46, 66
45, 67
45, 68
46, 67
45, 66
45, 67
46, 66
45, 65
46, 65
46, 65
57, 70
56, 71
55, 71
55, 70
54, 69
54, 69
42, 67
41, 67
42, 67
43, 67
44, 68
43, 69
42, 68
43, 68
43, 68
53, 68
53, 69
52, 68
52, 67
51, 66
50, 67
50, 67
47, 63
46, 64
45, 65
46, 65
47, 65
47, 66
46, 65
45, 65
44, 66
44, 66
72, 77
71, 78
70, 79
69, 80
69, 79
68, 79
68, 80
68, 80
36, 58
35, 57
36, 57
36, 56
35, 57
34, 57
33, 57
33, 58
33, 58
52, 68
52, 67
51, 68
52, 67
52, 66
53, 67
53, 67
43, 67
42, 66
41, 65
41, 64
41, 65
42, 65
41, 65
41, 65
57, 61
56, 60
56, 59
57, 60
58, 59
58, 59
40, 56
39, 55
39, 56
39, 57
38, 56
39, 57
38, 57
38, 56
38, 55
38, 55
54, 85
55, 84
54, 83
53, 83
54, 83
55, 82
55, 81
55, 80
55, 80
47, 64
47, 63
48, 64
48, 63
48, 64
49, 65
49, 65
56, 63
56, 64
57, 63
57, 62
56, 61
56, 60
57, 59
58, 58
58, 59
58, 59
52, 43
51, 43
50, 43
50, 44
50, 45
50, 45
53, 39
52, 38
52, 39
52, 40
53, 40
53, 41
53, 41
55, 54
54, 55
55, 56
54, 55
53, 54
53, 53
54, 54
54, 54
72, 73
72, 74
73, 75
72, 74
73, 74
72, 73
73, 74
73, 73
73, 73
44, 68
43, 68
42, 67
42, 66
42, 65
43, 66
43, 67
43, 68
43, 68
39, 57
40, 57
40, 58
40, 59
41, 60
41, 59
42, 59
41, 59
40, 58
40, 58
44, 51
44, 50
43, 50
44, 51
43, 50
43, 50
48, 49
47, 49
47, 48
46, 49
47, 49
48, 48
48, 47
47, 46
46, 45
45, 44
45, 44
54, 58
54, 57
54, 58
55, 57
56, 56
56, 56
52, 42
51, 42
50, 41
51, 42
51, 43
52, 42
52, 42
67, 81
66, 82
67, 82
68, 81
69, 81
68, 82
67, 83
68, 82
68, 82
56, 80
55, 81
54, 80
54, 79
55, 78
54, 79
53, 80
54, 80
53, 81
53, 81
40, 59
41, 59
42, 59
41, 60
40, 61
40, 61
45, 65
46, 65
45, 66
44, 67
43, 66
43, 67
44, 68
43, 69
43, 69
42, 65
43, 65
44, 64
43, 64
44, 64
45, 63
45, 63
52, 68
52, 69
51, 69
51, 68
52, 68
51, 68
51, 68
44, 50
44, 49
44, 50
43, 50
43, 49
44, 50
45, 49
44, 49
43, 48
43, 48
57, 56
58, 57
57, 58
56, 59
55, 59
56, 58
56, 59
56, 60
56, 61
55, 60
55, 60
44, 69
45, 69
46, 70
45, 71
44, 72
43, 71
43, 70
44, 70
45, 69
45, 69
51, 45
51, 46
51, 47
51, 48
52, 47
52, 47
58, 60
58, 61
59, 61
60, 60
60, 59
61, 58
61, 57
60, 57
59, 58
58, 59
58, 59
50, 64
51, 65
52, 65
51, 64
51, 63
51, 62
50, 62
49, 61
50, 61
50, 60
50, 60
59, 60
60, 59
61, 58
61, 57
60, 58
61, 58
60, 57
59, 58
59, 58
51, 68
50, 69
51, 69
52, 70
53, 71
54, 72
53, 71
53, 71
34, 58
34, 57
33, 57
33, 56
32, 55
31, 54
30, 53
31, 53
31, 54
31, 54
55, 54
54, 53
55, 53
55, 54
54, 55
54, 56
53, 57
53, 58
53, 57
54, 58
54, 58
44, 44
45, 43
45, 42
46, 42
46, 43
46, 44
46, 45
47, 44
47, 44
37, 55
38, 55
37, 55
36, 54
35, 55
36, 56
37, 57
37, 56
37, 56
72, 72
73, 73
72, 73
73, 72
72, 72
71, 73
71, 73
47, 45
48, 46
48, 47
49, 48
48, 47
49, 46
49, 45
48, 46
48, 47
48, 47
44, 68
44, 69
44, 68
43, 67
44, 68
45, 69
45, 70
44, 71
44, 70
44, 70
70, 72
69, 72
70, 72
69, 72
68, 72
68, 72
57, 60
56, 59
55, 58
54, 59
55, 59
56, 60
56, 60
42, 68
41, 68
42, 68
42, 69
43, 68
44, 69
44, 69
67, 82
66, 81
66, 80
67, 80
68, 79
68, 80
67, 80
68, 79
67, 78
68, 79
68, 79
51, 42
50, 42
51, 42
50, 43
51, 42
51, 42
54, 71
54, 72
54, 73
54, 74
53, 74
54, 74
54, 74
46, 64
47, 64
46, 63
47, 64
46, 63
45, 63
46, 64
46, 64
54, 57
53, 56
54, 57
53, 56
54, 55
53, 55
53, 54
52, 55
52, 55
42, 47
42, 48
41, 49
40, 49
39, 48
38, 49
37, 48
36, 49
37, 48
37, 48
39, 60
40, 61
39, 60
40, 61
40, 62
41, 61
40, 62
41, 63
41, 62
41, 61
41, 61
58, 57
57, 56
56, 56
56, 55
56, 54
57, 55
56, 54
56, 54
53, 80
54, 80
54, 79
54, 78
54, 79
53, 78
54, 79
55, 79
55, 79
54, 61
53, 61
52, 62
51, 63
50, 62
49, 61
50, 62
49, 61
49, 61
50, 69
51, 69
50, 69
49, 69
48, 68
48, 68
51, 60
52, 59
52, 58
53, 59
54, 60
53, 59
54, 59
53, 60
53, 60
38, 56
39, 56
38, 57
39, 56
38, 56
38, 56
53, 47
54, 46
53, 46
52, 45
53, 46
53, 45
52, 44
53, 44
54, 43
55, 43
55, 43
30, 55
29, 56
30, 57
29, 58
30, 58
31, 59
30, 58
30, 58
55, 55
54, 56
53, 55
54, 56
55, 56
54, 56
55, 56
55, 56
53, 55
54, 54
55, 54
56, 54
57, 55
57, 54
58, 53
57, 54
57, 54
45, 71
46, 70
47, 71
46, 71
46, 72
45, 73
46, 72
46, 71
46, 71
67, 80
66, 81
67, 82
67, 83
67, 82
66, 83
67, 82
66, 82
67, 81
67, 81
46, 65
45, 65
46, 64
45, 63
46, 63
46, 64
46, 64
54, 60
54, 59
53, 58
54, 58
53, 57
53, 58
54, 58
55, 59
55, 58
55, 57
55, 57
47, 69
47, 68
46, 67
45, 67
46, 67
45, 67
45, 67
56, 42
55, 43
56, 43
57, 44
57, 45
56, 46
56, 45
55, 46
55, 46
50, 61
50, 60
49, 59
48, 58
49, 57
49, 56
49, 56
49, 48
49, 47
48, 48
49, 47
48, 46
49, 47
49, 47
69, 72
68, 71
67, 72
67, 73
68, 74
67, 73
67, 74
66, 74
65, 73
66, 74
66, 74
54, 78
55, 79
54, 80
53, 79
52, 79
53, 80
54, 81
53, 81
52, 80
52, 80
42, 61
41, 61
41, 60
40, 59
39, 58
40, 57
41, 57
41, 58
42, 59
42, 59
37, 47
36, 48
35, 48
35, 47
35, 46
35, 45
35, 45
52, 42
51, 41
52, 40
53, 40
53, 39
53, 39
56, 61
57, 61
58, 60
59, 61
58, 62
58, 61
59, 61
59, 61
30, 59
31, 59
30, 60
29, 60
28, 61
27, 61
28, 62
29, 62
29, 63
30, 62
30, 62
37, 55
36, 55
35, 55
35, 56
36, 56
37, 57
37, 58
36, 58
35, 57
35, 57
55, 75
56, 75
55, 74
55, 75
54, 74
53, 75
54, 75
53, 74
53, 74
44, 70
43, 69
43, 70
44, 71
45, 70
46, 71
45, 70
46, 70
46, 70
47, 65
48, 64
49, 64
48, 65
49, 64
48, 64
48, 65
47, 64
48, 65
48, 65
66, 81
66, 82
65, 82
64, 82
63, 82
62, 82
62, 81
61, 81
61, 81
55, 58
54, 57
53, 56
52, 55
53, 56
52, 56
51, 55
50, 55
49, 54
49, 54
31, 62
30, 63
29, 64
28, 65
29, 65
28, 64
28, 64
67, 74
68, 75
68, 76
67, 76
66, 75
66, 76
66, 76
46, 66
47, 65
47, 66
46, 66
47, 66
46, 65
47, 64
46, 65
47, 65
48, 65
48, 65
56, 55
56, 56
55, 57
56, 56
55, 56
55, 56
54, 40
53, 41
52, 41
51, 41
50, 41
49, 40
50, 41
51, 42
51, 42
49, 48
49, 49
48, 50
49, 50
48, 50
48, 50
54, 73
54, 72
53, 73
54, 72
54, 71
55, 70
54, 69
53, 68
53, 68
45, 70
45, 69
44, 70
44, 71
44, 72
44, 73
44, 73
41, 60
41, 61
41, 60
42, 59
41, 58
40, 58
39, 59
40, 58
40, 57
39, 57
39, 57
48, 55
48, 54
49, 55
49, 54
48, 53
49, 54
50, 53
51, 54
50, 55
50, 55
53, 79
54, 80
55, 79
54, 78
54, 77
54, 78
54, 78
36, 56
37, 56
36, 56
35, 57
34, 56
33, 57
32, 57
33, 56
33, 56
45, 70
46, 70
45, 70
44, 70
43, 71
42, 70
42, 71
42, 70
42, 70
60, 61
60, 60
59, 60
58, 61
59, 60
58, 61
59, 62
60, 63
60, 64
60, 64
34, 46
33, 46
34, 46
35, 46
36, 45
36, 44
37, 43
36, 44
37, 43
37, 43
54, 45
53, 46
52, 46
51, 45
50, 46
50, 45
49, 44
48, 45
48, 45
56, 55
55, 56
56, 56
55, 55
56, 56
57, 56
58, 56
58, 56
57, 56
56, 57
57, 58
57, 59
57, 58
56, 57
56, 56
57, 55
58, 56
58, 56
50, 41
49, 40
50, 41
49, 41
50, 41
49, 41
48, 41
48, 40
49, 41
49, 41
49, 64
48, 65
49, 66
49, 65
48, 64
48, 65
47, 65
48, 64
47, 64
47, 65
47, 65
29, 63
29, 64
28, 65
28, 64
29, 64
30, 65
31, 66
30, 66
29, 66
29, 66
48, 46
47, 47
48, 48
48, 49
48, 48
48, 49
48, 49
49, 50
50, 51
51, 51
50, 50
49, 50
49, 51
49, 51
51, 56
52, 57
51, 58
50, 58
49, 58
50, 58
51, 57
51, 58
50, 57
50, 57
41, 70
42, 71
41, 70
40, 70
39, 70
38, 70
39, 71
38, 72
39, 72
39, 72
62, 80
62, 81
62, 80
61, 80
60, 79
61, 79
62, 80
62, 80
34, 56
33, 57
32, 58
33, 58
33, 59
34, 58
33, 59
32, 60
32, 61
32, 61
50, 53
49, 52
48, 51
47, 51
48, 51
49, 51
49, 51
54, 68
53, 67
54, 68
54, 67
54, 66
53, 65
52, 66
53, 66
53, 66
55, 57
54, 57
53, 58
53, 59
53, 58
53, 58
36, 44
35, 45
36, 44
36, 45
35, 46
34, 47
33, 48
34, 49
34, 49
48, 64
48, 63
48, 64
47, 65
48, 65
48, 65
66, 77
65, 77
66, 78
66, 79
66, 78
66, 77
65, 77
65, 77
39, 58
39, 57
39, 56
38, 55
39, 56
40, 57
41, 57
42, 57
41, 57
40, 58
40, 58
53, 79
53, 78
54, 79
53, 80
53, 79
54, 78
55, 79
55, 80
54, 80
53, 79
53, 79
44, 74
44, 75
43, 74
42, 74
41, 73
40, 74
41, 74
41, 73
42, 72
43, 71
43, 71
61, 64
60, 64
61, 65
61, 64
62, 64
62, 64
48, 42
47, 43
47, 42
47, 41
46, 41
47, 41
48, 40
48, 40
59, 57
58, 57
59, 57
59, 58
59, 59
59, 58
59, 59
59, 59
35, 49
34, 50
35, 51
34, 50
33, 51
32, 51
31, 51
32, 51
32, 52
32, 52
29, 67
28, 66
27, 66
26, 65
25, 64
26, 65
27, 66
27, 66
61, 65
60, 64
61, 65
61, 66
60, 65
59, 65
58, 65
59, 66
59, 66
54, 59
53, 58
54, 58
55, 57
56, 58
56, 57
56, 57
64, 78
63, 77
62, 77
61, 78
62, 78
62, 79
62, 79
50, 58
51, 59
51, 58
50, 57
51, 56
51, 56
39, 57
38, 57
39, 57
38, 58
38, 57
39, 56
39, 55
40, 55
41, 56
42, 55
42, 55
47, 48
46, 47
47, 46
48, 47
47, 46
47, 46
33, 60
32, 60
32, 59
33, 58
34, 59
34, 58
35, 58
34, 57
34, 57
49, 65
50, 64
49, 64
50, 64
50, 65
50, 66
51, 67
52, 66
52, 66
42, 71
43, 72
43, 71
42, 72
41, 71
41, 70
41, 70
39, 71
38, 72
37, 73
36, 72
35, 71
36, 71
37, 71
37, 72
36, 73
36, 73
53, 78
54, 78
55, 78
55, 77
56, 78
57, 77
58, 78
58, 78
48, 50
49, 49
50, 50
51, 49
50, 48
49, 48
50, 48
51, 49
52, 49
52, 49
46, 64
47, 65
48, 66
48, 65
49, 64
50, 65
49, 66
48, 65
49, 66
49, 67
49, 67
50, 52
49, 53
49, 52
48, 53
49, 53
48, 54
49, 54
50, 55
50, 55
62, 79
63, 79
62, 79
63, 80
63, 79
64, 80
65, 81
65, 81
53, 67
54, 67
53, 67
54, 66
53, 65
53, 65
65, 82
65, 83
64, 83
64, 82
65, 81
64, 82
64, 82
57, 79
58, 80
58, 79
59, 79
59, 80
58, 80
59, 81
59, 80
59, 80
37, 74
37, 73
38, 73
37, 72
36, 73
37, 72
36, 71
36, 71
58, 59
59, 58
58, 57
58, 56
57, 57
56, 56
55, 55
55, 54
56, 55
57, 54
57, 54
43, 55
43, 54
44, 54
43, 55
42, 55
43, 56
44, 56
44, 55
43, 54
43, 54
50, 68
50, 67
51, 66
52, 67
53, 66
52, 65
52, 64
53, 65
53, 65
42, 70
42, 69
41, 68
40, 69
40, 68
39, 68
38, 67
39, 68
39, 68
26, 66
26, 65
25, 65
24, 64
25, 64
24, 63
23, 63
22, 62
22, 63
21, 62
21, 62
51, 55
50, 55
50, 56
50, 57
50, 56
50, 57
49, 58
50, 58
49, 57
50, 56
50, 56
51, 67
50, 66
49, 66
50, 65
51, 64
50, 65
50, 65
59, 67
60, 66
61, 66
62, 67
61, 67
60, 67
61, 68
62, 68
63, 68
62, 69
62, 69
33, 56
34, 55
35, 54
36, 55
37, 56
38, 56
37, 57
38, 58
38, 58
49, 40
50, 40
51, 41
51, 42
50, 43
50, 42
49, 42
49, 43
48, 44
48, 44
47, 47
46, 46
47, 47
46, 46
45, 45
44, 46
44, 47
43, 46
44, 46
44, 46
33, 52
34, 51
34, 52
35, 51
34, 52
33, 53
32, 53
33, 53
33, 53
63, 80
62, 80
61, 80
61, 79
62, 78
61, 79
61, 78
60, 79
59, 80
59, 80
52, 57
51, 56
52, 56
53, 57
52, 58
53, 59
53, 59
56, 56
56, 55
55, 56
55, 57
56, 56
56, 57
56, 57
52, 48
52, 49
51, 49
52, 50
51, 51
50, 51
51, 51
51, 50
51, 50
54, 66
53, 66
52, 67
52, 68
52, 67
52, 67
37, 72
36, 73
35, 74
35, 75
36, 74
36, 75
36, 74
36, 74
61, 68
60, 67
60, 66
61, 67
60, 68
59, 68
58, 69
59, 69
60, 68
59, 69
59, 69
22, 62
21, 61
22, 62
23, 63
22, 62
21, 61
20, 62
20, 61
19, 62
19, 63
19, 63
38, 67
38, 68
38, 67
39, 68
40, 67
41, 66
41, 65
42, 65
42, 65
58, 79
57, 80
57, 81
56, 80
56, 81
57, 82
56, 82
56, 82
44, 53
43, 52
43, 51
43, 52
43, 53
42, 52
42, 52
65, 81
64, 81
63, 80
62, 80
63, 81
63, 82
64, 82
63, 81
62, 80
62, 80
60, 81
59, 80
60, 79
60, 78
59, 77
58, 77
58, 77
57, 53
57, 54
57, 55
56, 56
55, 56
55, 56
52, 64
51, 65
52, 66
51, 67
52, 66
52, 66
44, 47
44, 48
45, 48
46, 49
45, 50
45, 49
45, 50
46, 51
46, 51
52, 66
53, 66
53, 67
54, 68
54, 67
54, 68
53, 68
52, 67
53, 66
53, 66
38, 57
37, 56
36, 55
35, 55
34, 54
33, 53
34, 54
35, 53
35, 53
50, 64
51, 65
51, 66
50, 65
49, 65
49, 65
32, 52
31, 52
30, 52
29, 53
28, 54
29, 54
30, 53
30, 53
55, 56
56, 56
57, 55
57, 56
58, 57
59, 57
58, 57
57, 58
57, 58
54, 59
53, 59
53, 58
53, 59
52, 60
51, 60
51, 61
50, 60
50, 59
50, 59
49, 44
48, 44
49, 45
49, 46
49, 47
49, 48
50, 48
49, 48
48, 47
48, 47
52, 49
52, 50
53, 50
53, 49
53, 48
53, 48
49, 56
48, 56
47, 56
46, 57
47, 58
48, 57
49, 56
48, 56
48, 56
62, 79
63, 80
62, 81
63, 82
63, 81
63, 82
64, 81
65, 82
65, 82
41, 65
40, 65
40, 66
39, 66
38, 65
38, 64
38, 63
39, 64
39, 64
51, 66
52, 67
51, 66
52, 65
51, 64
51, 63
51, 63
35, 73
36, 72
37, 73
36, 74
37, 75
36, 75
36, 74
36, 74
52, 47
51, 46
50, 46
50, 47
50, 48
50, 48
57, 76
56, 77
57, 77
58, 76
57, 76
58, 76
59, 76
60, 75
60, 75
30, 54
29, 54
28, 53
28, 52
28, 53
29, 53
29, 52
30, 53
30, 54
29, 53
29, 53
48, 57
47, 58
48, 57
49, 56
49, 55
50, 56
51, 55
52, 55
53, 55
53, 55
47, 51
48, 50
47, 51
46, 50
45, 51
46, 51
45, 50
44, 51
44, 52
44, 52
49, 47
49, 48
50, 47
51, 47
52, 47
52, 47
60, 69
61, 70
62, 71
61, 72
61, 71
62, 71
61, 72
62, 71
61, 70
61, 70
53, 67
53, 68
54, 67
53, 68
54, 68
54, 68
48, 65
47, 66
48, 67
47, 66
46, 65
46, 65
19, 64
18, 63
19, 64
20, 65
21, 65
20, 64
19, 64
20, 63
20, 63
51, 60
50, 61
50, 60
49, 61
50, 61
50, 62
51, 62
50, 62
49, 61
48, 60
48, 60
36, 52
35, 51
36, 51
35, 52
36, 52
37, 51
37, 51
54, 57
54, 56
54, 57
54, 56
53, 57
54, 57
54, 57
41, 52
42, 52
43, 51
43, 50
44, 50
45, 50
44, 49
44, 50
44, 49
44, 49
57, 59
58, 59
59, 59
60, 59
60, 60
60, 60
56, 81
57, 80
56, 81
56, 80
56, 81
57, 80
58, 79
58, 78
58, 78
45, 53
46, 54
45, 54
46, 54
47, 53
47, 53
36, 50
37, 50
38, 50
37, 50
38, 49
38, 48
39, 49
38, 49
39, 48
39, 48
38, 63
38, 64
38, 65
39, 66
40, 65
41, 64
41, 64
66, 83
66, 84
65, 83
64, 83
65, 82
66, 83
65, 82
65, 83
66, 82
66, 82
50, 62
49, 61
50, 62
51, 63
52, 64
52, 65
51, 64
51, 64
57, 77
58, 78
59, 79
59, 80
58, 80
58, 79
57, 78
58, 78
57, 79
57, 79
29, 54
28, 53
28, 52
27, 52
27, 53
26, 52
27, 51
27, 52
28, 52
29, 51
29, 51
45, 66
44, 66
44, 65
43, 64
44, 63
43, 64
43, 63
43, 63
44, 48
45, 48
45, 49
44, 49
43, 50
44, 49
43, 48
42, 48
43, 48
43, 49
43, 49
49, 60
50, 60
51, 61
52, 61
53, 62
53, 61
52, 60
53, 60
52, 59
52, 59
21, 62
20, 61
21, 61
21, 62
22, 61
23, 62
23, 61
23, 61
61, 76
62, 76
61, 76
60, 76
60, 77
61, 77
62, 77
61, 76
61, 76
55, 68
54, 69
53, 70
52, 70
52, 69
51, 69
51, 68
52, 67
52, 68
52, 68
35, 75
35, 74
36, 75
35, 75
36, 74
35, 73
36, 74
37, 75
37, 75
54, 56
55, 56
56, 56
57, 55
58, 55
58, 54
58, 53
58, 54
58, 53
57, 54
57, 54
61, 69
61, 70
62, 71
63, 72
62, 71
61, 71
62, 71
63, 71
64, 70
63, 70
63, 70
49, 49
50, 50
50, 51
51, 52
52, 51
52, 50
53, 50
53, 49
54, 50
54, 50
54, 55
53, 55
54, 54
54, 55
53, 56
52, 57
53, 57
54, 57
54, 57
52, 48
53, 48
52, 49
51, 48
51, 47
52, 46
52, 45
51, 46
51, 46
60, 59
61, 59
62, 58
61, 57
61, 58
61, 58
55, 50
55, 49
56, 50
55, 49
54, 48
53, 48
54, 49
54, 49
48, 53
47, 52
48, 51
48, 52
47, 52
46, 53
45, 53
46, 52
45, 52
45, 52
58, 54
57, 53
56, 53
57, 54
57, 55
57, 55
60, 75
61, 76
61, 75
60, 75
60, 76
61, 76
62, 76
63, 75
62, 76
62, 76
52, 67
51, 67
51, 68
52, 68
53, 68
53, 68
38, 74
39, 73
39, 74
39, 75
39, 76
40, 77
39, 77
39, 77
66, 81
65, 81
65, 82
65, 83
66, 83
66, 83
43, 64
42, 63
42, 64
41, 64
42, 64
42, 63
42, 64
42, 64
64, 71
65, 71
65, 70
64, 70
63, 70
63, 70
24, 60
24, 59
23, 60
24, 59
25, 60
25, 61
25, 62
24, 62
24, 62
57, 80
57, 79
56, 79
56, 80
55, 80
55, 81
54, 81
53, 81
54, 80
53, 79
53, 79
62, 59
62, 60
63, 60
62, 59
63, 59
64, 59
63, 60
64, 60
64, 60
40, 49
39, 50
39, 49
40, 50
39, 50
38, 51
37, 52
36, 53
37, 52
37, 52
50, 46
49, 46
49, 47
50, 48
51, 47
50, 47
50, 47
42, 65
41, 64
40, 64
41, 65
40, 65
41, 66
40, 67
39, 68
39, 68
53, 56
53, 57
54, 57
53, 57
54, 56
54, 56
42, 50
42, 51
43, 52
44, 51
45, 50
44, 50
45, 50
45, 50
53, 60
54, 59
54, 58
53, 59
54, 59
54, 59
51, 65
51, 64
50, 64
51, 63
51, 62
50, 61
51, 61
52, 62
52, 61
52, 61
29, 50
28, 49
28, 48
29, 48
29, 47
29, 46
28, 47
28, 48
28, 48
29, 49
29, 50
29, 49
29, 50
30, 50
30, 50
41, 64
42, 65
41, 66
42, 67
42, 68
42, 69
43, 70
43, 70
50, 48
51, 49
50, 50
51, 51
50, 51
49, 52
50, 53
49, 52
49, 52
55, 50
56, 49
57, 49
58, 49
59, 48
58, 49
58, 48
59, 48
60, 47
60, 47
55, 60
54, 59
55, 58
56, 59
55, 60
55, 59
54, 59
53, 60
53, 61
53, 60
53, 60
52, 68
51, 69
50, 70
51, 70
51, 71
52, 71
53, 72
52, 72
52, 72
45, 49
44, 49
43, 49
42, 50
43, 51
42, 51
42, 51
56, 55
57, 54
56, 53
57, 54
56, 53
57, 53
58, 54
58, 54
44, 53
43, 53
43, 54
43, 53
44, 52
43, 53
43, 53
52, 78
53, 77
54, 77
55, 76
54, 76
55, 77
55, 76
56, 77
55, 78
56, 78
56, 78
61, 75
60, 75
61, 76
62, 76
62, 77
61, 76
60, 75
61, 74
62, 75
61, 74
61, 74
63, 59
64, 58
65, 57
66, 58
67, 59
68, 59
69, 59
70, 59
69, 60
70, 59
70, 59
38, 67
37, 67
36, 67
37, 67
38, 67
37, 67
37, 67
62, 69
61, 68
60, 68
61, 67
60, 68
59, 67
59, 66
60, 67
59, 68
59, 68
25, 62
24, 62
23, 62
24, 61
24, 60
23, 61
23, 60
22, 61
22, 61
37, 53
37, 52
36, 52
36, 53
37, 53
36, 53
36, 52
36, 52
54, 55
53, 54
54, 54
53, 54
52, 54
53, 54
54, 54
55, 55
55, 56
56, 56
56, 56
39, 76
39, 77
40, 76
41, 77
42, 77
42, 78
41, 78
41, 79
41, 79
66, 82
67, 82
68, 81
69, 82
68, 81
68, 81
53, 62
52, 61
51, 61
52, 61
53, 60
53, 61
54, 61
54, 61
54, 60
54, 59
55, 60
56, 60
56, 59
55, 59
54, 60
53, 59
54, 58
54, 59
54, 59
23, 62
24, 63
25, 62
25, 61
26, 62
25, 62
25, 62
42, 53
43, 52
42, 51
41, 50
41, 51
41, 52
41, 52
61, 75
62, 74
61, 73
60, 73
59, 73
60, 74
60, 74
29, 51
29, 52
30, 52
30, 53
29, 54
29, 53
30, 52
31, 53
30, 52
29, 51
29, 51
36, 68
35, 68
34, 67
33, 68
34, 67
33, 67
33, 67
58, 68
59, 68
60, 69
61, 68
60, 69
60, 69
54, 61
54, 60
53, 60
52, 60
53, 59
54, 60
53, 60
53, 61
52, 61
52, 60
52, 60
55, 78
55, 77
54, 76
54, 77
53, 77
53, 78
54, 77
53, 76
53, 75
53, 75
59, 48
58, 48
59, 49
60, 49
59, 49
60, 49
59, 50
60, 49
59, 50
59, 50
42, 71
43, 70
42, 69
41, 70
42, 69
43, 68
44, 69
44, 69
70, 58
71, 58
72, 59
71, 58
72, 59
71, 59
72, 59
71, 58
71, 58
35, 51
35, 52
34, 51
33, 51
34, 50
33, 50
34, 49
34, 50
35, 49
36, 49
36, 49
56, 57
55, 56
56, 55
55, 55
54, 54
54, 55
53, 54
53, 54
57, 53
58, 54
57, 53
56, 53
56, 54
55, 55
55, 55
50, 51
49, 51
50, 51
51, 51
50, 51
49, 52
49, 52
51, 72
52, 71
52, 70
51, 70
51, 71
51, 71
42, 50
43, 49
44, 49
43, 49
42, 48
43, 48
43, 47
43, 46
43, 47
44, 47
44, 47
67, 80
66, 81
67, 81
66, 82
66, 81
66, 80
65, 80
65, 80
42, 79
43, 79
43, 78
43, 77
43, 78
44, 79
43, 79
42, 79
42, 79
24, 63
25, 64
24, 65
25, 66
25, 65
24, 66
24, 67
23, 68
24, 69
23, 68
23, 68
42, 51
43, 50
42, 49
43, 48
44, 49
45, 50
45, 50
42, 80
43, 79
44, 79
43, 80
42, 79
42, 80
42, 79
42, 79
55, 54
55, 53
56, 53
55, 53
55, 54
55, 54
34, 68
33, 68
34, 69
35, 69
35, 68
35, 68
50, 51
49, 50
50, 50
49, 50
50, 50
50, 49
50, 50
51, 51
52, 52
53, 53
53, 53
61, 75
62, 75
63, 76
64, 77
63, 76
62, 75
62, 75
43, 46
44, 45
44, 44
43, 43
43, 42
44, 42
45, 43
44, 42
44, 42
29, 52
30, 53
31, 53
32, 54
31, 53
32, 52
33, 53
32, 53
32, 52
31, 51
31, 51
70, 59
71, 58
72, 57
71, 56
72, 55
72, 55
45, 68
44, 68
45, 68
44, 68
43, 69
43, 68
44, 69
43, 68
42, 67
41, 66
41, 66
36, 50
35, 51
34, 50
33, 51
34, 52
35, 53
36, 53
36, 53
54, 54
54, 55
53, 55
52, 55
52, 54
51, 55
52, 55
53, 54
52, 55
52, 55
60, 49
59, 50
60, 49
61, 48
60, 48
59, 49
58, 48
58, 47
59, 47
59, 47
50, 71
51, 72
50, 72
49, 73
50, 74
50, 73
50, 72
49, 73
48, 74
48, 74
54, 74
54, 75
54, 74
53, 73
52, 74
53, 74
53, 74
61, 68
60, 67
61, 67
61, 66
60, 65
61, 64
61, 64
55, 58
54, 58
53, 57
54, 58
53, 57
53, 58
53, 58
51, 59
52, 59
53, 59
54, 60
53, 60
53, 61
52, 61
52, 61
65, 81
66, 82
67, 83
68, 83
69, 83
68, 83
68, 83
52, 62
53, 62
52, 61
53, 62
52, 63
53, 62
52, 61
53, 62
54, 61
53, 61
53, 61
36, 69
35, 69
36, 70
37, 70
36, 69
35, 69
36, 70
36, 70
46, 49
47, 48
48, 48
47, 48
48, 48
47, 47
48, 46
49, 47
49, 47
32, 52
33, 53
34, 54
34, 55
34, 56
34, 56
51, 56
52, 56
51, 57
52, 56
51, 56
51, 57
50, 58
49, 58
50, 58
50, 58
72, 54
71, 53
72, 53
73, 54
74, 54
74, 54
61, 76
61, 75
62, 75
63, 74
63, 75
63, 75
49, 75
49, 74
48, 74
47, 74
47, 75
46, 76
47, 77
46, 77
45, 77
45, 77
37, 52
36, 51
37, 51
36, 51
37, 51
36, 52
36, 53
37, 52
37, 52
59, 48
60, 49
59, 50
58, 49
57, 49
56, 50
57, 49
57, 49
24, 67
25, 66
24, 67
25, 66
26, 65
26, 64
27, 65
26, 64
25, 65
26, 66
26, 66
53, 75
54, 75
53, 74
53, 75
54, 75
53, 74
52, 75
52, 75
62, 65
62, 66
63, 65
64, 64
63, 64
63, 63
64, 62
63, 62
64, 63
64, 63
43, 80
44, 81
45, 82
44, 83
44, 84
44, 84
54, 58
53, 58
52, 57
51, 57
52, 58
51, 58
52, 59
51, 60
51, 60
45, 41
44, 42
43, 41
42, 42
42, 43
42, 42
42, 42
52, 54
53, 54
53, 55
54, 54
54, 55
53, 55
53, 55
56, 55
57, 56
56, 55
55, 56
54, 57
55, 57
54, 57
54, 57
41, 67
40, 68
40, 69
39, 69
38, 69
37, 68
38, 67
38, 68
38, 69
39, 68
39, 68
68, 82
68, 81
69, 80
70, 80
70, 79
69, 78
70, 78
70, 79
69, 80
70, 81
70, 81
64, 75
63, 74
62, 74
62, 73
61, 72
61, 73
61, 74
61, 75
62, 76
62, 76
41, 42
42, 41
42, 42
41, 41
42, 42
43, 41
42, 40
42, 40
46, 77
47, 78
46, 78
47, 79
46, 78
45, 78
45, 79
46, 78
46, 77
46, 77
40, 68
39, 68
40, 69
41, 69
42, 70
43, 69
44, 68
44, 69
44, 69
45, 85
44, 85
45, 85
46, 86
47, 85
48, 86
48, 85
48, 86
49, 85
49, 85
56, 48
57, 48
58, 48
57, 47
56, 46
57, 47
56, 48
55, 49
55, 49
73, 54
74, 54
74, 55
73, 54
74, 53
74, 54
75, 53
74, 52
75, 51
75, 51
51, 57
50, 56
49, 55
48, 54
47, 55
47, 55
52, 54
52, 53
51, 53
51, 54
52, 53
53, 53
53, 54
52, 55
52, 55
54, 60
55, 60
55, 59
54, 59
53, 58
53, 57
52, 57
52, 57
27, 66
26, 66
27, 65
27, 66
26, 65
26, 66
27, 66
27, 66
52, 76
51, 75
52, 75
52, 74
51, 73
52, 74
52, 74
70, 82
70, 81
70, 82
70, 81
70, 80
69, 79
69, 79
37, 69
36, 68
37, 68
38, 68
39, 68
38, 67
38, 67
38, 51
39, 52
39, 53
38, 54
37, 54
36, 55
37, 54
37, 54
65, 62
66, 61
67, 62
66, 61
67, 61
66, 61
67, 61
67, 62
67, 61
66, 62
66, 62
35, 56
34, 57
35, 56
35, 57
34, 58
33, 57
34, 58
35, 57
36, 57
36, 58
36, 58
53, 58
52, 57
53, 57
52, 57
53, 56
54, 56
54, 56
51, 61
50, 61
49, 61
48, 60
47, 59
48, 59
48, 59
48, 48
49, 47
49, 48
50, 49
51, 49
51, 50
52, 49
52, 49
51, 55
52, 54
53, 55
54, 54
53, 55
52, 56
52, 56
51, 73
52, 73
53, 73
52, 72
51, 73
51, 72
52, 72
53, 71
52, 71
52, 71
48, 86
48, 87
47, 86
47, 85
46, 86
46, 85
47, 84
48, 84
48, 83
49, 84
49, 84
45, 76
46, 77
47, 77
48, 77
48, 76
47, 75
47, 75
46, 56
46, 55
47, 54
48, 54
49, 54
50, 54
51, 54
52, 55
51, 56
51, 56
54, 57
54, 58
55, 57
56, 58
55, 58
56, 59
56, 60
55, 59
55, 58
55, 58
47, 59
48, 59
47, 59
48, 59
48, 58
49, 58
49, 58
53, 58
53, 57
54, 56
55, 55
55, 56
54, 56
55, 57
56, 56
56, 55
57, 55
57, 55
67, 61
68, 60
69, 61
68, 62
68, 61
67, 62
66, 63
65, 64
64, 63
63, 64
63, 64
51, 48
51, 47
50, 46
49, 45
48, 45
49, 45
50, 45
51, 45
50, 44
50, 44
38, 54
37, 55
36, 55
37, 55
36, 54
35, 53
35, 52
36, 52
35, 52
35, 52
35, 58
34, 57
33, 57
34, 57
35, 58
36, 58
36, 59
35, 60
36, 60
37, 60
37, 60
56, 50
56, 49
56, 50
55, 50
54, 51
54, 51
43, 68
43, 69
44, 68
45, 67
44, 68
44, 68
63, 75
64, 76
65, 75
66, 75
65, 76
65, 77
65, 77
38, 66
38, 65
39, 66
39, 67
40, 66
40, 66
42, 39
42, 38
41, 39
42, 40
41, 39
42, 40
43, 41
42, 41
42, 41
26, 65
25, 64
24, 63
23, 64
24, 63
23, 64
23, 65
24, 66
24, 65
23, 65
23, 65
75, 52
74, 53
73, 53
74, 54
75, 54
76, 53
77, 53
76, 54
76, 53
76, 53
68, 78
69, 77
68, 76
69, 77
70, 77
70, 78
70, 77
71, 77
71, 77
65, 76
64, 75
63, 76
64, 75
63, 75
64, 74
64, 74
54, 50
53, 50
53, 49
54, 49
55, 50
56, 49
57, 48
57, 48
58, 55
57, 56
57, 55
58, 54
58, 53
58, 53
77, 54
76, 53
75, 54
74, 55
74, 54
75, 54
75, 54
22, 64
22, 65
21, 65
20, 65
21, 65
21, 65
52, 55
51, 54
52, 54
51, 53
50, 52
50, 52
43, 41
42, 40
43, 40
43, 39
42, 40
42, 39
43, 39
44, 39
45, 39
46, 40
46, 40
36, 53
36, 54
36, 55
35, 55
36, 54
35, 54
35, 54
50, 84
51, 85
50, 86
51, 87
50, 87
49, 87
49, 87
70, 78
71, 79
70, 80
69, 81
70, 81
70, 81
37, 61
38, 60
37, 61
38, 60
39, 60
38, 59
39, 58
39, 57
39, 57
51, 44
50, 43
50, 42
51, 43
51, 44
51, 44
40, 67
41, 66
41, 67
40, 67
39, 66
38, 65
38, 64
39, 63
39, 63
47, 76
48, 75
47, 76
48, 77
49, 76
49, 76
43, 68
42, 69
41, 68
42, 69
41, 68
41, 68
50, 58
50, 59
51, 58
52, 57
53, 57
54, 56
53, 56
52, 56
53, 56
54, 55
54, 55
53, 72
52, 72
51, 73
50, 74
50, 73
51, 73
51, 74
51, 74
51, 55
50, 54
51, 53
51, 52
52, 51
52, 52
53, 52
52, 53
51, 54
51, 54
64, 63
64, 62
63, 63
62, 63
61, 64
62, 63
62, 62
62, 62
55, 59
54, 60
55, 60
54, 60
54, 61
55, 62
55, 62
23, 67
24, 68
25, 69
26, 70
27, 71
28, 72
29, 73
30, 74
31, 75
32, 76
33, 77
34, 78
34, 78
34, 78
34, 78
34, 78
54, 61
54, 61
54, 62
54, 63
54, 64
53, 63
53, 63
52, 62
52, 62
53, 63
54, 64
54, 65
54, 66
54, 66
74, 55
73, 56
72, 57
71, 58
70, 59
69, 60
68, 61
67, 62
66, 63
66, 63
50, 86
51, 85
52, 84
52, 83
52, 82
52, 82
62, 63
62, 64
62, 65
62, 66
62, 67
62, 68
62, 69
62, 70
62, 69
62, 69
63, 68
63, 68
63, 68
65, 75
66, 76
67, 77
68, 77
69, 77
70, 77
70, 77
70, 77
69, 77
69, 77
69, 77
36, 55
37, 56
38, 57
37, 58
37, 58
38, 59
39, 60
39, 60
69, 81
69, 81
68, 82
67, 83
66, 82
66, 82
65, 83
64, 84
65, 84
65, 84
65, 84
50, 73
50, 73
50, 74
50, 74
50, 75
50, 75
51, 76
52, 77
53, 77
53, 77
54, 77
55, 77
55, 77
52, 45
53, 46
53, 47
53, 48
52, 49
52, 49
52, 48
52, 48
53, 49
53, 50
53, 51
53, 52
53, 52
52, 55
53, 56
53, 55
53, 55
54, 56
55, 57
56, 58
56, 59
56, 60
56, 60
39, 64
39, 64
40, 65
41, 66
42, 67
43, 68
44, 69
45, 70
46, 71
46, 71
55, 56
56, 57
57, 58
58, 59
59, 59
59, 59
60, 58
60, 58
60, 58
49, 53
49, 53
50, 54
51, 55
52, 56
53, 57
53, 57
42, 69
41, 68
41, 68
42, 69
43, 70
44, 71
45, 72
46, 73
46, 73
58, 49
59, 50
61, 52
62, 53
63, 54
64, 55
64, 56
64, 57
64, 58
64, 57
64, 57
64, 58
64, 59
64, 60
64, 61
64, 61
57, 54
56, 55
55, 56
54, 57
53, 58
53, 58
40, 58
39, 59
39, 59
40, 60
41, 61
43, 63
44, 64
45, 65
46, 66
47, 67
48, 68
49, 69
50, 70
50, 70
47, 41
48, 42
49, 43
49, 44
49, 44
50, 43
50, 43
51, 44
51, 43
51, 43
51, 43
49, 75
49, 75
48, 75
48, 75
49, 74
50, 73
50, 73
51, 72
51, 72
52, 72
53, 72
53, 72
68, 78
67, 79
66, 80
65, 81
64, 82
63, 83
62, 84
61, 85
61, 85
40, 61
39, 61
39, 61
40, 61
40, 61
39, 62
39, 62
40, 62
40, 62
41, 63
41, 63
52, 44
53, 45
54, 46
56, 48
57, 49
58, 50
59, 51
60, 52
61, 53
62, 54
62, 55
62, 56
62, 57
62, 58
62, 59
62, 60
62, 60
52, 83
52, 83
53, 82
54, 81
55, 80
56, 80
57, 81
57, 81
58, 80
58, 80
62, 69
62, 69
62, 70
62, 70
61, 71
60, 72
59, 73
60, 74
60, 74
59, 75
58, 76
57, 77
58, 76
58, 76
58, 76
55, 67
56, 67
56, 67
57, 68
58, 69
59, 70
60, 71
61, 72
61, 73
61, 73
62, 73
61, 73
61, 73
61, 73
57, 61
58, 62
59, 63
60, 64
61, 65
61, 65
51, 70
52, 70
52, 71
52, 71
53, 70
53, 70
53, 71
53, 71
53, 71
45, 72
45, 72
44, 71
44, 71
44, 70
44, 70
44, 71
44, 71
45, 70
45, 70
47, 74
48, 75
49, 76
48, 76
48, 76
49, 77
50, 78
51, 79
52, 80
52, 80
54, 53
55, 54
56, 55
55, 55
55, 55
55, 54
55, 54
56, 55
57, 56
58, 55
58, 55
57, 56
57, 57
57, 57
66, 85
67, 86
68, 87
69, 87
69, 87
68, 88
68, 88
68, 88
68, 88
68, 88
54, 59
55, 60
54, 60
54, 60
55, 61
56, 62
57, 63
57, 63
63, 60
63, 60
62, 61
61, 62
61, 63
61, 63
60, 64
59, 65
59, 66
59, 67
58, 66
58, 66
59, 67
59, 67
35, 77
36, 77
37, 77
38, 77
38, 78
38, 78
39, 77
40, 77
40, 77
54, 73
55, 74
56, 75
57, 76
56, 75
56, 75
57, 76
58, 77
59, 78
59, 78
54, 58
54, 57
54, 57
55, 58
55, 58
56, 59
57, 60
58, 61
59, 62
60, 63
61, 64
61, 64
56, 76
56, 76
55, 77
54, 77
53, 77
52, 77
52, 77
65, 64
66, 63
66, 63
65, 64
64, 65
63, 66
62, 67
62, 68
62, 68
62, 68
60, 59
60, 60
60, 61
60, 62
60, 63
60, 63
59, 66
59, 66
60, 67
61, 68
60, 68
60, 68
61, 69
62, 70
63, 71
64, 70
64, 70
65, 71
65, 71
59, 77
60, 78
61, 79
60, 80
60, 80
61, 81
62, 82
62, 82
60, 84
59, 84
59, 84
58, 84
58, 84
57, 83
56, 82
55, 83
55, 83
55, 82
56, 82
56, 82
55, 81
55, 80
55, 80
41, 76
42, 75
43, 74
44, 75
44, 75
45, 75
45, 75
46, 74
47, 73
46, 74
46, 74
47, 73
47, 73
58, 80
58, 80
58, 80
58, 80
58, 80
58, 80
59, 79
59, 79
58, 80
58, 80
58, 80
58, 80
58, 58
59, 57
59, 57
60, 58
61, 59
62, 60
62, 60
61, 61
61, 62
61, 63
61, 64
61, 65
61, 65
58, 64
57, 64
57, 64
58, 65
59, 66
60, 67
61, 67
61, 67
61, 67
69, 89
70, 90
70, 90
70, 90
70, 90
71, 90
71, 90
70, 90
70, 90
70, 90
70, 90
61, 64
62, 65
61, 64
61, 64
62, 65
62, 66
62, 66
53, 80
53, 80
52, 81
52, 81
51, 82
51, 81
51, 81
51, 82
51, 83
51, 84
51, 85
51, 86
50, 87
50, 87
50, 87
60, 77
61, 76
62, 75
63, 75
64, 75
63, 75
63, 75
64, 75
65, 75
66, 75
67, 75
67, 75
60, 66
60, 67
60, 68
60, 69
60, 70
60, 70
60, 74
60, 75
60, 75
59, 76
58, 77
57, 78
56, 79
55, 80
55, 80
55, 80
52, 72
51, 73
51, 74
51, 75
51, 76
51, 77
52, 76
52, 76
52, 77
52, 77
51, 77
52, 77
52, 77
52, 77
42, 64
42, 64
43, 65
44, 66
45, 67
46, 68
47, 69
48, 70
49, 71
48, 72
48, 72
49, 73
49, 73
46, 70
47, 70
48, 70
49, 70
50, 70
50, 70
62, 65
63, 66
64, 67
65, 68
66, 69
66, 70
66, 71
66, 72
66, 73
66, 74
66, 74
62, 69
62, 69
61, 70
62, 70
62, 70
61, 71
61, 71
60, 71
59, 71
58, 71
57, 71
57, 71
61, 61
60, 62
59, 63
58, 64
57, 65
57, 65
53, 78
53, 78
53, 79
53, 79
52, 79
52, 79
51, 80
51, 81
51, 82
51, 82
52, 81
53, 80
54, 79
55, 78
56, 77
56, 76
56, 76
57, 75
58, 74
59, 73
59, 73
54, 79
53, 78
52, 77
51, 76
51, 75
51, 74
51, 75
51, 75
52, 74
52, 74
53, 73
53, 73
52, 72
52, 72
61, 83
61, 83
60, 84
60, 84
59, 85
58, 86
57, 87
57, 87
59, 79
60, 78
60, 77
60, 76
59, 75
59, 75
60, 74
60, 73
60, 72
60, 72
60, 72
60, 72
58, 72
59, 73
60, 74
61, 75
62, 76
62, 77
62, 77
50, 88
50, 88
49, 89
49, 89
49, 88
49, 88
50, 87
49, 86
49, 86
50, 85
51, 84
52, 83
53, 82
53, 82
65, 74
65, 74
66, 73
66, 73
65, 74
64, 75
63, 76
62, 77
62, 77
53, 78
54, 79
55, 80
56, 81
57, 82
57, 82
58, 83
57, 82
57, 82
56, 82
56, 82
57, 83
58, 84
58, 84
65, 70
65, 70
64, 71
63, 72
62, 71
62, 71
61, 72
61, 72
54, 81
54, 82
54, 82
53, 83
52, 84
51, 85
50, 86
50, 86
58, 64
58, 64
57, 63
57, 63
56, 64
55, 65
55, 66
55, 67
55, 67
69, 89
68, 88
67, 87
67, 87
66, 87
65, 87
64, 87
65, 86
65, 86
64, 87
63, 87
62, 87
62, 87
48, 74
49, 74
50, 74
51, 74
50, 73
50, 73
51, 74
51, 74
52, 74
53, 74
54, 74
55, 74
55, 74
66, 76
65, 77
66, 76
66, 76
65, 77
64, 78
64, 78
62, 68
62, 69
62, 69
63, 70
64, 71
65, 72
66, 73
67, 74
67, 75
67, 75
51, 71
51, 72
52, 71
52, 71
51, 72
51, 73
51, 74
51, 75
51, 76
51, 77
51, 78
51, 78
62, 66
63, 67
64, 68
65, 68
65, 68
66, 68
66, 68
66, 69
66, 70
66, 71
66, 71
61, 71
62, 72
63, 73
64, 74
64, 73
64, 73
64, 74
64, 75
64, 76
64, 77
64, 77
61, 67
60, 68
59, 69
58, 70
57, 71
56, 72
56, 72
55, 73
54, 73
54, 73
53, 74
52, 75
52, 75
50, 74
51, 75
50, 74
50, 74
50, 73
50, 73
51, 74
52, 75
53, 76
54, 77
55, 78
55, 78
67, 71
67, 71
67, 72
67, 73
67, 74
67, 75
67, 76
67, 77
67, 78
67, 79
67, 80
67, 80
50, 77
50, 77
50, 78
50, 79
50, 80
50, 79
50, 79
50, 80
50, 80
61, 76
60, 75
59, 74
58, 75
58, 75
57, 74
56, 74
55, 74
56, 73
56, 73
56, 73
58, 74
57, 74
57, 74
56, 74
56, 74
56, 74
56, 74
56, 74
56, 74
56, 74
57, 75
57, 75
57, 75
53, 73
53, 72
53, 72
54, 73
54, 74
54, 74
55, 73
56, 73
57, 73
58, 73
57, 72
57, 72
58, 73
58, 73
51, 75
51, 75
52, 76
53, 77
54, 78
55, 79
56, 80
56, 80
63, 79
62, 80
61, 81
60, 82
59, 83
59, 83
56, 74
56, 74
56, 73
56, 73
57, 74
58, 75
59, 76
60, 77
61, 78
61, 78
53, 83
53, 83
54, 84
54, 84
55, 83
54, 84
54, 84
55, 83
56, 84
56, 84
55, 83
54, 82
54, 82
54, 82
56, 77
56, 77
57, 77
56, 77
56, 77
57, 77
58, 77
59, 76
59, 76
60, 77
60, 77
63, 78
63, 77
63, 77
62, 78
61, 79
62, 79
62, 79
61, 80
61, 80
60, 71
60, 71
59, 71
59, 71
60, 72
59, 71
59, 71
60, 72
61, 72
62, 72
63, 72
63, 72
54, 67
54, 67
55, 68
54, 68
54, 68
55, 69
56, 69
56, 69
57, 70
58, 71
59, 72
60, 73
60, 72
60, 72
60, 72
51, 85
50, 84
50, 84
51, 83
52, 82
53, 81
54, 80
55, 79
54, 80
54, 80
55, 79
56, 78
56, 78
56, 86
56, 87
56, 87
55, 86
56, 86
56, 86
55, 85
54, 84
53, 83
52, 82
52, 81
52, 81
61, 86
61, 87
61, 87
60, 86
59, 85
58, 84
58, 84
63, 76
63, 76
63, 76
63, 76
63, 76
63, 76
62, 75
62, 75
63, 76
63, 76
63, 76
63, 76
59, 85
60, 86
61, 87
62, 88
62, 89
62, 89
61, 89
61, 89
61, 89
66, 74
67, 73
67, 73
66, 72
66, 72
65, 71
64, 71
63, 71
62, 71
62, 71
62, 71
59, 73
59, 73
59, 73
59, 73
58, 74
58, 74
59, 73
59, 73
59, 73
59, 73
57, 85
56, 86
55, 87
54, 87
54, 87
54, 87
54, 87
60, 79
60, 79
59, 78
60, 77
60, 77
59, 76
58, 75
57, 74
56, 73
55, 73
55, 73
55, 73
57, 79
58, 78
59, 77
60, 77
60, 77
60, 76
61, 77
61, 77
61, 78
61, 78
61, 78
58, 82
57, 82
56, 82
55, 82
54, 82
53, 82
52, 82
51, 82
50, 82
50, 82
50, 82
60, 79
59, 79
58, 79
58, 79
59, 79
59, 79
59, 79
59, 79
59, 79
59, 79
61, 73
62, 74
61, 74
61, 74
61, 73
61, 73
62, 74
63, 75
64, 76
65, 77
66, 78
66, 78
53, 82
54, 83
55, 84
55, 83
55, 83
56, 84
57, 84
56, 85
56, 85
55, 86
55, 86
55, 86
61, 77
62, 77
63, 77
64, 77
65, 78
65, 78
66, 77
67, 77
68, 77
68, 77
64, 72
65, 72
65, 71
65, 71
66, 72
67, 72
67, 72
67, 72
59, 74
60, 75
61, 76
62, 77
63, 78
63, 78
62, 75
61, 74
60, 74
59, 74
58, 74
57, 74
58, 73
58, 73
58, 74
58, 74
58, 74
58, 75
58, 75
59, 76
59, 76
60, 77
61, 78
62, 79
61, 80
61, 80
62, 81
63, 82
64, 83
64, 83
53, 82
53, 82
54, 82
55, 82
56, 82
57, 82
58, 82
58, 82
66, 79
65, 78
65, 77
65, 76
65, 75
65, 74
65, 73
65, 73
57, 73
57, 73
58, 74
59, 75
58, 75
58, 75
59, 76
60, 77
61, 78
62, 79
62, 79
58, 74
57, 75
57, 76
57, 77
57, 78
57, 79
57, 80
57, 81
57, 82
57, 83
57, 83
51, 81
52, 82
53, 83
54, 84
55, 85
56, 86
57, 86
57, 86
58, 87
58, 87
57, 79
58, 80
59, 81
60, 82
59, 81
59, 81
60, 82
61, 83
62, 84
63, 85
63, 85
60, 88
61, 89
61, 89
60, 88
59, 87
58, 86
57, 85
56, 84
56, 84
61, 72
60, 73
59, 74
60, 74
60, 74
61, 73
61, 73
60, 74
59, 75
59, 75
62, 79
63, 80
63, 80
63, 81
63, 81
62, 82
61, 82
60, 82
59, 82
59, 82
59, 82
59, 82
58, 79
57, 79
56, 79
55, 79
54, 79
53, 79
52, 79
51, 79
50, 79
50, 79
50, 79
59, 83
58, 83
58, 83
59, 84
60, 85
61, 85
62, 85
62, 85
62, 85
62, 85
62, 84
62, 84
63, 85
63, 85
63, 85
55, 86
55, 85
55, 84
56, 85
56, 85
55, 84
55, 83
55, 83
62, 80
63, 81
63, 81
62, 82
62, 81
62, 81
62, 82
62, 81
62, 81
62, 82
61, 83
61, 83
62, 84
62, 84
64, 84
64, 84
65, 83
65, 82
65, 82
66, 81
67, 80
66, 81
66, 81
66, 81
62, 79
63, 80
64, 81
63, 80
63, 80
64, 81
65, 82
66, 83
66, 82
66, 82
66, 82
59, 73
60, 74
60, 74
61, 73
62, 72
63, 72
62, 73
62, 73
63, 72
64, 72
65, 71
65, 71
65, 71
63, 84
64, 85
64, 85
63, 86
62, 86
63, 85
63, 85
64, 86
64, 86
64, 86
51, 83
52, 84
51, 85
51, 85
52, 86
53, 86
54, 86
55, 86
56, 86
57, 86
58, 86
58, 86
60, 76
61, 76
61, 76
61, 77
61, 77
61, 77
61, 77
61, 77
61, 77
56, 74
57, 75
58, 76
58, 76
58, 77
58, 78
58, 79
58, 80
58, 81
57, 80
57, 80
56, 81
56, 81
56, 81
58, 82
59, 81
60, 80
60, 79
60, 78
60, 78
67, 76
67, 76
66, 75
66, 75
67, 76
67, 77
67, 78
67, 79
67, 80
67, 80
65, 79
65, 80
65, 80
64, 81
63, 82
63, 81
63, 81
62, 82
63, 83
63, 83
62, 84
62, 84
68, 72
68, 72
67, 71
66, 71
65, 71
64, 71
63, 71
62, 71
61, 71
61, 71
61, 71
61, 71
64, 72
64, 72
63, 73
62, 74
61, 75
60, 76
59, 77
58, 78
57, 79
56, 80
55, 81
55, 81
59, 88
60, 88
60, 88
61, 88
61, 88
62, 89
63, 90
64, 90
65, 90
66, 90
67, 90
67, 90
57, 83
58, 82
59, 81
59, 80
59, 80
60, 81
61, 81
62, 81
63, 81
64, 81
64, 80
64, 80
64, 80
56, 85
55, 85
55, 85
56, 84
57, 83
58, 83
58, 83
59, 82
59, 82
60, 81
61, 80
62, 79
61, 79
61, 79
60, 79
60, 79
60, 80
60, 80
61, 79
62, 78
63, 77
64, 76
64, 76
66, 90
65, 90
65, 89
65, 89
65, 90
65, 90
65, 90
62, 84
61, 83
60, 83
60, 83
60, 83
60, 83
60, 83
59, 83
59, 83
59, 83
55, 84
55, 84
56, 83
57, 82
58, 81
59, 80
59, 80
66, 80
66, 80
67, 79
68, 78
69, 77
70, 76
70, 76
66, 83
66, 83
66, 84
66, 85
66, 86
65, 85
65, 85
65, 85
66, 81
65, 82
64, 83
64, 84
64, 84
63, 85
63, 85
62, 85
62, 85
63, 85
63, 85
63, 85
63, 85
63, 85
62, 84
61, 83
60, 83
59, 83
58, 83
57, 83
57, 83
54, 80
53, 79
52, 79
51, 79
50, 79
49, 78
49, 78
50, 79
50, 79
50, 79
50, 79
50, 78
51, 78
51, 78
50, 77
50, 76
50, 75
50, 74
49, 75
49, 75
50, 74
50, 73
50, 73
62, 72
63, 73
64, 74
65, 75
66, 75
66, 75
67, 76
68, 77
69, 78
69, 79
69, 79
63, 85
62, 84
61, 83
60, 82
59, 82
58, 82
58, 82
58, 82
58, 87
58, 86
58, 86
58, 87
58, 87
59, 88
59, 88
58, 87
58, 87
57, 81
56, 80
56, 80
57, 81
57, 81
56, 80
56, 80
57, 81
58, 81
57, 82
57, 82
58, 81
59, 81
59, 81
63, 81
62, 82
61, 83
60, 84
59, 85
58, 85
57, 85
56, 85
56, 84
56, 84
55, 83
55, 83
55, 83
64, 72
63, 73
64, 73
64, 73
63, 74
62, 75
62, 76
62, 75
62, 75
62, 76
62, 77
62, 77
58, 81
59, 82
59, 82
58, 81
57, 80
56, 79
55, 78
54, 77
53, 76
52, 75
52, 75
60, 77
60, 77
61, 78
62, 79
63, 79
63, 79
62, 78
62, 78
63, 79
64, 80
65, 81
65, 81
60, 78
59, 79
60, 78
60, 78
59, 79
58, 80
57, 81
57, 81
56, 80
56, 80
56, 80
61, 85
61, 85
60, 86
59, 87
58, 88
57, 89
56, 90
56, 90
56, 90
56, 90
56, 90
56, 90
56, 90
56, 90
56, 90
56, 90
56, 90
56, 90
56, 90
56, 90
56, 90
56, 90
56, 90
55, 89
55, 89
55, 90
55, 90
55, 90
49, 78
48, 78
48, 77
47, 78
47, 77
46, 78
47, 79
48, 80
48, 80
64, 85
64, 86
65, 85
65, 86
66, 85
65, 84
65, 84
58, 81
59, 80
58, 81
59, 80
58, 81
58, 82
58, 81
58, 80
58, 80
63, 76
62, 77
62, 76
62, 77
63, 78
64, 77
64, 77
56, 79
57, 78
58, 78
59, 79
58, 79
58, 79
56, 89
57, 90
58, 90
59, 90
60, 90
61, 91
61, 91
68, 79
69, 79
68, 80
68, 79
69, 79
68, 80
67, 81
68, 80
68, 80
58, 79
59, 79
60, 79
59, 78
58, 77
57, 77
57, 76
57, 77
56, 76
56, 76
59, 88
60, 89
59, 90
60, 89
61, 90
61, 91
61, 92
60, 92
61, 92
61, 92
62, 78
61, 78
62, 77
61, 77
60, 78
61, 77
62, 76
62, 76
64, 91
64, 92
64, 91
63, 90
62, 90
61, 91
61, 91
57, 84
58, 85
57, 84
58, 83
57, 84
58, 84
57, 85
57, 85
65, 86
64, 87
64, 88
64, 87
63, 88
63, 89
63, 90
62, 91
62, 91
65, 82
66, 83
67, 83
66, 82
65, 82
66, 83
66, 83
69, 77
70, 78
70, 77
70, 76
69, 77
70, 76
69, 76
69, 75
69, 75
55, 82
54, 82
53, 81
52, 82
52, 81
52, 81
50, 74
51, 74
52, 75
51, 76
50, 77
50, 76
50, 77
50, 76
50, 76
51, 76
50, 75
51, 74
51, 73
51, 72
52, 72
51, 71
52, 72
51, 72
51, 72
60, 84
60, 83
61, 83
61, 82
62, 82
61, 81
61, 80
60, 79
59, 78
59, 78
59, 80
60, 79
61, 79
61, 80
61, 81
61, 82
61, 82
61, 90
61, 91
61, 90
61, 89
61, 88
61, 87
60, 86
61, 85
62, 85
62, 85
69, 79
68, 80
67, 80
68, 80
67, 81
67, 81
60, 91
59, 90
60, 90
59, 89
58, 90
58, 90
48, 79
47, 78
47, 79
46, 80
46, 79
46, 80
46, 80
62, 75
61, 76
60, 75
61, 75
60, 74
60, 73
60, 74
60, 74
64, 76
64, 77
65, 76
66, 77
67, 77
68, 77
67, 76
68, 77
67, 78
67, 78
56, 84
57, 83
58, 84
57, 83
58, 84
59, 84
59, 84
60, 93
61, 93
60, 94
60, 95
61, 95
61, 96
62, 95
62, 95
61, 83
61, 82
61, 81
61, 82
62, 82
61, 83
62, 84
62, 85
62, 84
62, 84
59, 77
60, 77
60, 76
59, 75
59, 74
59, 74
49, 76
48, 76
49, 75
50, 75
51, 74
51, 75
51, 76
52, 76
52, 76
62, 92
61, 91
60, 92
61, 92
62, 93
62, 93
57, 79
58, 80
59, 81
58, 82
59, 81
59, 82
58, 83
59, 82
59, 82
55, 75
55, 76
55, 77
54, 76
54, 77
54, 77
52, 73
53, 73
53, 74
53, 73
54, 73
54, 74
55, 75
55, 76
55, 76
65, 83
66, 82
67, 81
68, 81
67, 81
67, 80
68, 79
69, 80
69, 80
53, 82
52, 82
52, 81
51, 81
52, 80
51, 80
51, 81
51, 81
67, 83
66, 84
66, 83
65, 82
64, 82
64, 83
63, 83
63, 83
59, 78
58, 79
59, 79
58, 78
59, 77
58, 77
59, 78
59, 79
60, 79
60, 79
68, 76
69, 77
68, 78
67, 77
66, 78
66, 79
67, 78
67, 78
61, 83
60, 82
59, 81
58, 80
58, 80
57, 79
57, 79
56, 78
56, 78
45, 79
44, 78
43, 77
42, 76
42, 76
41, 75
41, 75
56, 75
56, 75
57, 74
58, 73
59, 72
60, 71
61, 70
62, 69
63, 68
64, 67
64, 67
60, 74
59, 73
59, 73
59, 73
59, 73
58, 72
57, 71
57, 71
58, 81
57, 80
56, 79
55, 78
54, 77
53, 76
53, 76
53, 76
52, 75
51, 74
50, 73
50, 73
50, 73
68, 79
67, 78
66, 77
65, 76
64, 75
64, 75
64, 75
53, 77
53, 77
54, 78
55, 79
56, 80
57, 81
58, 82
58, 82
66, 77
65, 76
64, 75
63, 74
62, 73
61, 72
60, 71
60, 71
58, 83
57, 82
56, 81
56, 81
55, 80
55, 80
58, 75
57, 76
56, 77
56, 77
55, 78
54, 79
53, 80
52, 81
52, 81
62, 82
61, 81
60, 80
59, 79
58, 78
57, 77
57, 77
66, 77
65, 76
64, 76
63, 76
62, 76
61, 76
60, 76
60, 76
59, 76
59, 76
60, 79
59, 80
58, 81
57, 82
56, 83
55, 84
54, 85
54, 85
57, 89
56, 88
56, 88
55, 87
54, 86
53, 85
52, 84
51, 83
50, 82
49, 81
49, 81
61, 94
60, 93
59, 92
59, 91
59, 90
59, 89
59, 89
59, 88
59, 88
50, 80
49, 79
49, 79
48, 78
47, 77
46, 76
45, 75
44, 74
44, 74
61, 92
60, 91
59, 90
58, 89
57, 88
57, 88
56, 87
55, 86
54, 85
54, 85
68, 80
69, 79
70, 78
70, 78
71, 77
72, 76
71, 74
70, 73
69, 72
68, 71
67, 70
66, 69
67, 68
67, 68
61, 84
60, 83
59, 82
59, 82
58, 81
57, 80
57, 80
56, 79
56, 79
63, 67
62, 67
62, 67
61, 67
60, 67
59, 67
59, 67
50, 73
49, 72
48, 71
47, 70
47, 68
48, 67
49, 66
50, 65
50, 64
50, 63
50, 62
50, 62
49, 61
48, 60
48, 60
48, 59
49, 58
50, 57
50, 56
50, 55
50, 55
51, 80
51, 80
50, 79
49, 78
48, 77
48, 77
63, 74
62, 73
61, 72
60, 71
60, 71
60, 71
60, 71
48, 80
47, 80
46, 80
45, 80
44, 80
43, 80
43, 80
42, 80
42, 80
60, 75
61, 74
62, 73
63, 72
63, 72
63, 72
55, 77
54, 76
53, 75
52, 74
51, 73
51, 73
50, 72
49, 71
48, 70
47, 69
47, 69
66, 67
65, 66
64, 65
64, 65
63, 64
62, 63
61, 62
61, 62
59, 81
60, 80
61, 79
61, 79
62, 78
63, 77
64, 76
64, 75
64, 74
64, 74
53, 84
52, 83
51, 82
50, 81
49, 80
48, 79
47, 78
46, 77
46, 77
45, 76
45, 76
57, 77
56, 76
55, 75
55, 75
54, 74
53, 73
52, 72
51, 71
50, 70
50, 70
45, 75
46, 76
47, 77
48, 78
48, 78
48, 78
48, 78
48, 78
49, 79
50, 80
50, 80
56, 72
55, 73
54, 74
53, 75
52, 76
51, 77
51, 77
58, 87
57, 86
56, 85
56, 85
55, 84
54, 83
53, 82
52, 81
52, 81
42, 76
43, 77
43, 77
44, 78
45, 79
45, 79
46, 80
46, 80
57, 80
58, 81
59, 82
59, 82
60, 83
61, 84
61, 84
62, 85
62, 85
53, 84
52, 83
52, 83
51, 82
51, 82
50, 81
50, 81
50, 81
61, 72
62, 73
63, 74
63, 74
64, 75
64, 75
56, 79
57, 78
58, 77
58, 77
59, 76
60, 75
61, 74
62, 73
62, 73
52, 75
51, 74
50, 73
49, 72
48, 71
48, 71
61, 72
60, 71
60, 71
60, 71
59, 70
59, 70
58, 69
57, 68
56, 67
56, 67
60, 63
59, 64
58, 65
57, 66
56, 67
55, 68
55, 68
47, 70
47, 68
48, 67
49, 66
50, 65
50, 64
50, 63
50, 62
49, 61
48, 60
47, 59
47, 59
52, 81
51, 80
50, 79
49, 78
48, 77
48, 77
42, 80
42, 80
41, 79
40, 78
40, 78
39, 77
38, 76
37, 75
37, 75
44, 75
43, 74
42, 73
41, 72
40, 71
40, 71
39, 70
39, 70
64, 73
65, 74
66, 75
66, 75
66, 76
66, 76
63, 73
63, 73
62, 72
62, 72
61, 71
60, 70
59, 69
58, 68
58, 68
47, 78
46, 78
45, 78
44, 78
43, 78
43, 78
43, 78
49, 54
48, 53
47, 52
46, 51
45, 50
44, 49
43, 48
42, 47
42, 47
43, 48
44, 49
45, 50
46, 50
47, 50
47, 50
49, 79
49, 78
49, 77
49, 76
49, 75
49, 74
49, 74
47, 79
48, 78
49, 77
50, 76
50, 75
50, 75
63, 75
62, 75
62, 75
61, 75
61, 75
60, 75
59, 75
58, 75
57, 75
57, 75
51, 77
52, 76
53, 75
54, 74
55, 73
56, 72
57, 71
58, 70
58, 70
48, 70
49, 71
50, 72
51, 73
52, 74
53, 75
53, 76
53, 77
53, 77
58, 68
57, 69
57, 69
56, 69
55, 69
55, 69
55, 69
61, 84
60, 83
59, 82
58, 81
57, 80
56, 79
55, 78
54, 77
54, 77
49, 80
48, 79
47, 78
46, 77
45, 76
45, 76
50, 70
50, 70
49, 69
49, 69
48, 68
47, 67
47, 67
59, 70
58, 69
57, 68
57, 68
57, 68
56, 67
55, 66
55, 66
59, 69
60, 68
61, 67
62, 66
63, 65
64, 64
64, 64
56, 69
57, 70
58, 71
58, 71
59, 72
59, 72
46, 49
45, 48
44, 47
43, 46
43, 46
44, 47
45, 48
46, 49
47, 50
48, 50
49, 50
49, 50
48, 49
47, 48
46, 47
45, 46
45, 46
48, 58
49, 57
50, 56
51, 55
52, 54
52, 54
53, 53
53, 53
53, 51
52, 50
51, 50
50, 50
50, 50
50, 50
50, 50
50, 50
50, 50
44, 75
43, 74
42, 74
41, 74
40, 74
39, 74
38, 74
38, 74
38, 74
65, 77
65, 77
65, 77
65, 77
64, 78
64, 78
54, 68
53, 67
53, 67
53, 67
53, 67
52, 66
51, 65
51, 65
51, 65
49, 76
49, 76
49, 76
50, 75
50, 75
51, 74
52, 73
53, 72
53, 72
57, 75
56, 74
55, 73
54, 72
53, 71
53, 71
38, 69
38, 69
37, 68
37, 68
37, 68
37, 68
37, 68
36, 67
35, 66
35, 66
59, 69
59, 70
59, 71
59, 72
59, 72
59, 72
59, 73
59, 74
59, 75
59, 75
43, 78
44, 79
45, 80
46, 81
47, 82
48, 83
49, 84
50, 85
50, 85
55, 66
54, 67
54, 67
53, 68
52, 69
51, 70
50, 71
50, 71
49, 72
49, 72
49, 72
52, 78
51, 79
51, 79
50, 80
49, 81
49, 81
48, 82
48, 82
48, 73
47, 72
46, 71
45, 70
44, 69
43, 68
42, 67
42, 67
51, 74
52, 73
53, 72
53, 72
54, 71
54, 71
56, 67
56, 67
55, 68
55, 68
54, 69
53, 70
52, 71
52, 72
52, 73
52, 74
52, 74
53, 76
52, 75
51, 74
50, 73
49, 72
48, 71
47, 70
47, 68
48, 67
49, 66
50, 65
50, 64
50, 63
50, 62
50, 62
50, 62
37, 74
37, 73
37, 73
37, 73
37, 73
37, 73
37, 73
37, 73
37, 73
37, 73
48, 68
49, 69
50, 70
51, 71
52, 72
53, 73
53, 73
55, 70
56, 69
57, 68
58, 67
59, 66
59, 66
47, 81
46, 80
45, 79
44, 78
44, 78
44, 78
44, 78
43, 77
42, 76
42, 76
42, 76
51, 63
52, 63
53, 63
53, 63
54, 63
54, 63
53, 71
54, 72
55, 73
56, 74
57, 75
57, 75
57, 75
57, 75
50, 71
51, 70
51, 70
51, 70
52, 69
52, 69
53, 68
54, 67
55, 66
56, 66
56, 66
39, 73
40, 72
41, 71
42, 70
43, 69
44, 68
45, 67
46, 66
46, 66
51, 73
50, 72
50, 71
50, 70
50, 69
50, 68
50, 67
50, 67
43, 68
44, 69
45, 70
46, 71
47, 72
48, 73
49, 74
50, 75
51, 76
52, 76
52, 76
51, 84
52, 83
53, 82
54, 81
55, 80
56, 79
56, 79
57, 78
57, 78
46, 47
47, 48
48, 49
48, 49
49, 50
50, 51
51, 52
51, 53
51, 54
51, 54
50, 64
50, 62
50, 61
50, 60
50, 59
50, 58
49, 57
48, 57
47, 57
46, 57
46, 56
47, 55
48, 54
49, 53
50, 52
50, 51
50, 50
50, 50
49, 51
48, 52
48, 52
51, 51
52, 52
53, 53
53, 54
53, 54
53, 55
53, 56
53, 56
64, 78
63, 77
62, 76
61, 75
61, 75
61, 75
61, 75
52, 71
51, 70
50, 69
50, 69
49, 68
48, 67
48, 67
63, 65
63, 65
63, 65
62, 66
61, 67
60, 68
59, 69
59, 69
58, 74
57, 73
56, 72
55, 71
54, 70
54, 70
53, 69
52, 68
52, 68
52, 68
52, 68
58, 71
58, 71
57, 70
56, 69
55, 68
54, 67
53, 66
52, 65
51, 64
51, 64
36, 65
37, 64
38, 63
39, 62
40, 61
40, 61
40, 61
40, 61
41, 60
41, 60
36, 72
36, 72
35, 71
34, 70
33, 69
32, 68
31, 67
30, 66
30, 66
54, 74
55, 75
56, 76
57, 77
58, 78
59, 79
60, 80
60, 80
61, 81
61, 81
53, 77
54, 78
55, 79
56, 80
57, 81
57, 82
57, 83
57, 84
57, 85
57, 85
58, 65
57, 64
56, 63
55, 62
55, 62
54, 61
53, 60
52, 59
51, 58
51, 58
57, 67
58, 68
59, 69
60, 70
61, 71
61, 71
61, 71
53, 69
54, 69
54, 69
54, 69
54, 69
54, 69
54, 69
54, 69
54, 69
52, 57
52, 58
52, 59
52, 60
52, 60
52, 61
52, 62
52, 62
51, 54
50, 53
49, 52
48, 51
47, 50
46, 50
45, 50
44, 50
44, 50
48, 67
47, 68
47, 68
47, 68
48, 67
49, 66
50, 65
50, 64
50, 63
50, 62
50, 61
50, 61
50, 61
50, 60
50, 59
50, 58
50, 57
49, 58
48, 59
48, 59
48, 59
53, 62
52, 61
51, 60
50, 59
49, 58
49, 58
61, 75
60, 74
59, 73
58, 72
57, 71
57, 71
60, 80
60, 80
60, 80
60, 80
60, 79
60, 79
60, 78
60, 78
60, 78
60, 77
60, 77
58, 68
57, 67
56, 66
55, 65
54, 64
53, 63
53, 63
52, 62
51, 61
51, 61
45, 65
45, 65
44, 64
43, 63
43, 61
44, 60
45, 59
46, 58
47, 57
47, 57
46, 56
46, 54
47, 53
48, 52
49, 51
50, 50
50, 50
50, 50
49, 49
49, 49
56, 74
56, 74
55, 73
54, 72
53, 71
52, 70
52, 70
49, 53
50, 54
51, 55
52, 56
53, 57
54, 58
55, 59
56, 60
56, 60
56, 77
55, 76
54, 75
53, 74
52, 73
51, 72
50, 72
49, 72
48, 72
48, 72
41, 60
40, 59
39, 58
38, 57
37, 56
36, 55
36, 55
36, 55
50, 62
50, 61
50, 60
50, 59
50, 58
50, 57
50, 56
50, 55
50, 54
50, 53
49, 52
48, 51
47, 50
46, 49
46, 49
49, 66
48, 65
48, 65
48, 65
48, 65
47, 64
47, 64
46, 63
45, 62
45, 62
31, 65
32, 64
33, 63
34, 62
35, 61
36, 60
37, 59
37, 59
37, 59
41, 75
40, 74
39, 73
39, 73
38, 72
38, 71
38, 70
38, 69
38, 69
38, 68
38, 68
48, 59
49, 58
50, 57
50, 56
50, 55
49, 56
49, 56
48, 57
47, 58
47, 58
48, 57
49, 56
50, 55
50, 54
50, 53
50, 52
50, 51
49, 52
49, 52
48, 53
48, 53
48, 53
36, 58
36, 58
35, 57
35, 57
34, 56
33, 55
32, 54
32, 54
32, 54
32, 54
47, 71
46, 70
45, 69
45, 69
44, 68
43, 67
42, 66
42, 66
38, 68
37, 67
37, 67
36, 66
35, 65
35, 65
34, 64
33, 64
33, 64
33, 64
35, 54
34, 53
33, 52
32, 51
31, 50
31, 50
48, 50
47, 51
46, 52
45, 53
44, 54
43, 55
42, 56
41, 57
41, 57
58, 70
58, 69
58, 68
58, 67
58, 66
58, 66
56, 60
55, 61
54, 62
53, 63
52, 64
52, 64
53, 69
54, 68
55, 67
55, 67
56, 66
56, 66
47, 60
48, 59
49, 58
50, 57
50, 56
50, 55
50, 54
50, 53
50, 52
50, 51
51, 50
52, 49
52, 48
52, 47
52, 46
52, 45
52, 44
52, 44
52, 44
45, 50
44, 51
43, 52
42, 53
41, 54
41, 54
57, 85
58, 84
59, 83
60, 82
61, 82
61, 82
59, 76
58, 75
57, 74
57, 74
57, 74
57, 74
44, 50
44, 50
44, 50
43, 51
42, 52
41, 53
41, 53
52, 62
51, 61
51, 61
50, 60
49, 59
48, 58
47, 57
46, 56
46, 54
47, 53
48, 52
49, 51
50, 50
50, 50
50, 50
54, 69
53, 68
52, 67
51, 66
50, 65
50, 65
51, 61
50, 62
50, 62
50, 61
50, 60
50, 59
50, 58
50, 57
50, 56
50, 55
50, 54
50, 54
49, 55
48, 56
47, 57
47, 57
48, 56
49, 55
50, 54
50, 53
50, 52
49, 53
49, 53
50, 57
49, 56
48, 55
47, 54
46, 53
46, 53
48, 59
48, 59
49, 58
50, 57
50, 56
50, 55
49, 56
48, 57
48, 57
47, 58
47, 58
48, 57
49, 56
50, 55
50, 54
50, 53
49, 54
49, 54
61, 71
60, 70
59, 69
58, 68
57, 67
56, 66
56, 66
55, 65
54, 64
53, 63
53, 63
57, 65
56, 66
57, 67
58, 68
59, 69
59, 69
41, 65
41, 66
41, 65
40, 64
41, 65
40, 65
39, 65
40, 65
40, 64
41, 63
41, 63
47, 54
46, 55
47, 56
46, 55
45, 54
44, 54
45, 53
44, 53
43, 53
43, 53
51, 64
51, 63
52, 64
52, 63
51, 63
50, 62
51, 61
50, 60
50, 60
53, 62
52, 63
52, 64
51, 63
52, 63
52, 63
60, 83
61, 84
60, 85
61, 84
60, 83
60, 83
40, 52
40, 51
41, 50
42, 49
41, 49
41, 50
41, 51
42, 51
42, 51
58, 65
59, 64
58, 64
59, 63
60, 64
59, 64
60, 63
59, 62
60, 62
61, 63
61, 63
51, 51
50, 50
49, 50
49, 51
50, 51
49, 50
48, 51
48, 51
33, 63
33, 64
34, 63
35, 63
34, 63
34, 62
35, 62
36, 62
36, 62
56, 73
56, 72
57, 73
58, 73
59, 72
60, 72
60, 72
51, 65
52, 66
53, 65
53, 64
53, 63
53, 62
53, 62
51, 45
50, 44
49, 45
50, 44
50, 43
49, 42
48, 41
49, 40
49, 40
41, 56
42, 57
41, 58
42, 57
41, 56
40, 56
39, 57
39, 56
39, 56
31, 51
32, 50
32, 49
31, 48
31, 49
30, 50
29, 51
28, 52
28, 53
27, 53
27, 53
47, 54
46, 55
47, 56
48, 57
47, 56
47, 56
40, 54
39, 53
40, 52
40, 53
41, 54
42, 54
43, 53
43, 54
44, 53
43, 53
43, 53
31, 53
31, 54
31, 53
30, 54
30, 53
30, 53
49, 54
48, 53
49, 54
50, 55
49, 54
48, 53
47, 53
46, 52
47, 51
48, 51
48, 51
49, 53
48, 53
48, 52
49, 52
48, 53
48, 53
47, 57
46, 57
47, 58
48, 57
49, 56
49, 55
49, 56
48, 57
48, 57
47, 54
48, 55
47, 55
48, 56
49, 57
49, 57
48, 52
47, 52
48, 53
48, 54
47, 54
48, 53
48, 53
44, 53
44, 52
44, 51
44, 50
44, 49
43, 48
42, 48
41, 47
42, 47
42, 47
28, 52
27, 53
26, 53
25, 53
26, 53
25, 52
24, 52
24, 52
44, 52
43, 53
42, 52
42, 51
42, 50
43, 50
44, 49
44, 49
61, 64
61, 63
62, 62
63, 62
62, 62
63, 62
64, 62
65, 63
64, 64
64, 64
60, 68
59, 68
58, 69
59, 68
58, 67
59, 66
60, 66
60, 66
43, 52
42, 52
43, 51
44, 52
44, 51
43, 50
43, 49
42, 48
43, 49
43, 49
51, 63
50, 64
49, 65
48, 65
49, 64
50, 64
51, 64
51, 65
51, 65
48, 39
47, 39
48, 39
49, 39
49, 38
50, 38
49, 39
49, 38
49, 39
48, 40
48, 40
60, 73
61, 73
60, 74
61, 75
61, 74
60, 75
61, 75
61, 76
61, 76
40, 55
40, 56
40, 55
40, 56
41, 56
41, 55
41, 55
36, 61
37, 60
36, 61
35, 62
36, 62
36, 62
50, 59
50, 60
50, 59
51, 59
52, 58
53, 58
54, 58
54, 58
60, 84
59, 83
60, 83
61, 82
62, 81
62, 81
31, 54
31, 53
31, 54
30, 53
30, 54
30, 54
52, 61
51, 61
52, 62
51, 61
51, 62
50, 61
51, 60
50, 61
50, 60
50, 60
42, 63
43, 63
42, 64
41, 65
40, 66
40, 66
47, 50
47, 51
48, 51
49, 52
49, 53
49, 54
49, 54
47, 57
46, 56
47, 55
46, 54
46, 55
46, 54
46, 54
61, 66
62, 66
63, 66
63, 67
62, 66
61, 65
62, 65
61, 64
60, 65
60, 65
49, 61
50, 62
51, 61
51, 62
51, 63
51, 63
64, 63
65, 64
64, 63
65, 62
64, 62
64, 61
64, 62
64, 62
41, 56
40, 56
39, 55
38, 56
38, 55
37, 56
38, 57
38, 57
49, 53
48, 52
49, 53
50, 54
49, 55
49, 55
41, 47
42, 48
41, 48
42, 48
41, 48
42, 48
42, 47
41, 48
42, 49
42, 49
62, 82
63, 81
62, 81
61, 82
60, 83
60, 83
42, 48
41, 48
40, 49
39, 49
40, 49
40, 50
40, 50
23, 52
24, 52
25, 52
26, 52
27, 51
27, 52
28, 53
28, 52
28, 52
41, 67
41, 66
40, 65
39, 65
38, 64
38, 64
43, 48
42, 47
43, 48
42, 48
41, 48
40, 47
40, 48
41, 48
41, 48
53, 58
52, 57
51, 57
52, 56
52, 55
52, 54
53, 53
52, 52
52, 52
48, 57
47, 56
47, 55
48, 55
48, 54
48, 53
47, 54
48, 54
49, 55
49, 55
61, 77
62, 78
61, 79
61, 78
60, 79
61, 80
60, 80
60, 79
61, 79
61, 78
61, 78
48, 52
49, 53
50, 53
51, 52
51, 51
52, 52
52, 52
51, 66
50, 67
51, 66
50, 67
49, 68
49, 68
35, 63
34, 62
35, 62
34, 62
33, 61
32, 62
31, 63
32, 64
31, 63
31, 63
30, 55
29, 56
30, 57
30, 56
31, 57
30, 57
29, 57
28, 56
28, 57
29, 57
29, 57
48, 39
49, 38
48, 38
49, 37
49, 36
50, 37
49, 38
50, 38
50, 38
29, 56
30, 56
29, 56
29, 55
30, 56
31, 57
30, 57
29, 57
30, 58
30, 58
61, 84
60, 85
61, 86
60, 87
61, 88
61, 89
61, 88
62, 87
62, 87
50, 68
51, 69
52, 68
53, 68
53, 67
54, 67
53, 67
54, 67
54, 66
54, 66
37, 57
36, 57
35, 57
36, 57
37, 58
36, 57
35, 58
35, 58
53, 51
52, 51
52, 52
53, 53
52, 54
53, 55
52, 55
53, 55
53, 56
53, 56
39, 64
39, 65
39, 66
39, 67
38, 66
39, 67
39, 67
27, 52
26, 53
27, 54
27, 55
28, 56
29, 55
28, 55
27, 54
27, 53
27, 53
39, 51
40, 51
40, 52
39, 53
39, 54
40, 54
41, 55
40, 56
39, 56
39, 56
48, 55
48, 56
47, 56
47, 57
46, 57
47, 57
47, 56
47, 56
59, 64
58, 63
57, 63
57, 64
57, 65
56, 66
55, 66
55, 66
52, 62
51, 61
50, 62
51, 61
50, 61
50, 62
51, 61
52, 61
52, 61
51, 39
51, 40
52, 41
53, 40
53, 41
54, 42
55, 41
54, 40
54, 40
65, 63
64, 64
64, 65
63, 65
64, 64
64, 63
64, 64
64, 64
48, 56
47, 57
46, 56
47, 55
48, 54
49, 53
49, 53
42, 48
41, 49
42, 49
43, 49
44, 49
43, 49
43, 49
43, 49
42, 49
41, 50
40, 51
39, 51
39, 51
46, 55
47, 56
48, 57
48, 56
49, 55
50, 56
51, 56
51, 57
51, 57
60, 77
61, 77
62, 78
63, 78
63, 79
64, 78
64, 78
53, 52
52, 51
52, 52
51, 53
52, 54
52, 54
30, 63
29, 62
28, 62
29, 63
28, 62
29, 63
30, 63
29, 64
30, 63
30, 63
50, 54
51, 55
52, 55
51, 54
51, 53
51, 52
51, 51
50, 52
49, 51
48, 50
48, 50
46, 55
46, 54
45, 54
46, 54
45, 54
45, 53
45, 53
50, 56
51, 56
52, 57
53, 56
52, 57
52, 56
53, 56
52, 56
52, 56
51, 54
50, 54
51, 54
52, 53
52, 52
52, 53
51, 52
51, 52
65, 63
66, 63
65, 63
64, 64
63, 65
64, 64
64, 64
42, 49
43, 49
44, 48
43, 48
44, 48
45, 48
44, 49
43, 49
42, 48
43, 48
43, 48
64, 79
64, 80
65, 80
66, 79
66, 80
65, 81
65, 81
52, 60
51, 61
50, 60
51, 60
52, 59
52, 59
31, 58
30, 59
31, 60
30, 59
30, 58
31, 59
32, 59
31, 58
30, 58
29, 59
29, 59
29, 64
29, 65
30, 64
31, 63
32, 63
33, 63
33, 63
38, 52
39, 53
38, 54
39, 54
39, 55
40, 54
40, 55
41, 55
41, 55
53, 65
53, 64
53, 63
52, 62
52, 63
52, 64
53, 65
54, 66
53, 66
53, 66
53, 40
54, 39
54, 38
55, 38
54, 38
53, 39
54, 38
55, 38
55, 38
54, 56
55, 56
56, 57
56, 56
57, 55
57, 55
54, 67
53, 66
54, 66
53, 67
54, 68
55, 69
56, 70
55, 70
54, 70
54, 70
35, 59
34, 58
35, 59
34, 58
35, 58
36, 57
35, 56
35, 57
35, 57
27, 54
26, 55
25, 54
24, 55
24, 54
24, 54
63, 88
64, 87
63, 86
62, 86
63, 85
63, 85
40, 68
39, 67
39, 66
38, 67
37, 66
37, 67
36, 67
36, 67
40, 55
39, 55
40, 55
41, 55
41, 56
41, 57
41, 56
40, 57
41, 56
41, 56
42, 47
42, 48
41, 49
41, 48
41, 49
42, 50
41, 51
42, 50
43, 50
43, 50
64, 81
65, 82
66, 83
67, 82
66, 82
67, 82
67, 81
68, 80
68, 79
67, 80
67, 80
55, 39
56, 40
55, 41
55, 42
54, 42
54, 43
54, 43
34, 64
33, 63
32, 63
33, 64
33, 63
34, 62
33, 62
32, 62
32, 62
54, 67
55, 67
56, 68
55, 68
54, 69
54, 70
53, 71
52, 71
51, 71
51, 71
51, 58
51, 59
52, 58
51, 58
52, 59
51, 59
51, 59
40, 55
41, 54
40, 55
41, 54
41, 53
42, 54
43, 54
43, 53
44, 54
44, 54
65, 63
64, 62
65, 61
66, 62
65, 61
65, 60
65, 61
65, 61
49, 49
48, 49
49, 49
49, 48
48, 47
49, 47
48, 46
49, 47
49, 48
48, 49
48, 49
28, 59
29, 60
29, 61
28, 60
28, 59
29, 59
30, 58
30, 58
35, 58
35, 57
34, 58
35, 58
36, 57
37, 58
36, 59
35, 60
35, 60
63, 86
62, 85
62, 84
62, 85
61, 86
62, 85
62, 86
63, 85
62, 85
62, 86
62, 86
53, 70
53, 69
54, 70
55, 70
55, 71
55, 72
56, 73
55, 74
55, 74
46, 53
46, 52
45, 51
45, 52
46, 52
45, 52
45, 52
56, 55
56, 56
56, 57
56, 56
57, 56
56, 55
57, 56
57, 55
58, 56
58, 55
58, 55
42, 56
42, 57
42, 56
42, 55
43, 55
42, 54
43, 54
42, 53
42, 53
25, 54
26, 54
25, 55
24, 56
25, 55
24, 56
24, 56
53, 57
54, 57
55, 58
56, 57
57, 57
58, 58
58, 59
57, 58
58, 59
59, 58
59, 58
35, 67
36, 67
35, 68
36, 69
37, 69
38, 70
37, 71
38, 72
38, 72
52, 51
51, 51
52, 50
51, 51
50, 50
50, 51
51, 50
51, 50
48, 48
49, 49
50, 50
51, 49
51, 50
51, 50
29, 59
29, 60
30, 59
29, 58
30, 57
30, 57
43, 55
42, 56
41, 55
40, 56
39, 56
40, 57
41, 57
41, 56
42, 55
42, 55
67, 81
67, 80
68, 80
67, 81
67, 82
66, 82
65, 83
65, 83
31, 61
30, 60
30, 61
31, 62
30, 61
30, 61
37, 71
37, 72
38, 72
39, 73
40, 74
40, 75
40, 76
39, 76
39, 77
39, 77
58, 54
58, 53
57, 54
58, 54
57, 55
57, 55
50, 60
50, 59
49, 59
48, 58
49, 58
48, 58
47, 57
48, 56
47, 55
47, 55
63, 87
62, 88
61, 87
62, 86
63, 87
62, 86
61, 85
61, 84
60, 85
60, 85
53, 42
52, 42
52, 41
53, 40
54, 41
54, 41
64, 62
65, 61
66, 62
65, 63
66, 63
65, 64
64, 64
64, 64
52, 72
51, 72
52, 72
51, 71
50, 72
50, 73
50, 73
52, 50
51, 50
52, 49
51, 49
52, 49
51, 50
51, 50
43, 54
43, 53
42, 54
41, 54
42, 55
42, 54
42, 54
54, 74
55, 74
56, 73
56, 74
57, 75
58, 76
58, 77
59, 77
58, 78
58, 78
44, 51
45, 50
46, 51
47, 51
46, 52
45, 53
45, 52
44, 51
45, 50
45, 50
59, 59
59, 60
59, 61
59, 62
58, 62
58, 62
34, 61
34, 62
33, 61
34, 61
35, 62
36, 62
35, 63
35, 63
44, 49
43, 49
42, 50
42, 51
42, 52
41, 53
42, 53
43, 54
43, 55
43, 55
24, 57
25, 57
24, 57
24, 56
24, 57
24, 57
41, 55
41, 54
41, 53
40, 54
41, 55
40, 56
41, 56
42, 56
41, 56
42, 56
42, 56
23, 56
22, 55
21, 56
22, 57
23, 58
22, 58
21, 57
20, 58
19, 58
18, 57
18, 57
36, 64
36, 65
37, 64
36, 64
37, 65
38, 65
38, 65
46, 49
47, 48
46, 49
47, 49
46, 48
45, 49
44, 50
43, 49
42, 50
42, 50
52, 49
53, 48
54, 49
54, 50
54, 49
53, 49
53, 48
53, 48
51, 74
51, 73
50, 72
50, 73
51, 72
50, 72
49, 73
50, 74
49, 75
50, 75
50, 75
59, 79
60, 79
61, 80
60, 81
61, 82
62, 81
63, 81
62, 82
61, 83
61, 83
31, 61
31, 60
30, 59
31, 60
30, 60
31, 61
31, 62
31, 62
46, 56
46, 57
47, 56
46, 57
46, 56
47, 55
46, 56
46, 57
47, 56
47, 56
53, 40
52, 40
51, 40
50, 39
51, 40
52, 40
51, 41
50, 42
49, 42
48, 43
48, 43
51, 51
50, 52
49, 53
50, 54
49, 55
48, 55
47, 55
48, 55
49, 55
49, 55
41, 54
40, 53
40, 52
40, 53
39, 54
40, 55
40, 55
58, 61
57, 62
56, 61
55, 61
56, 62
56, 63
55, 62
55, 63
55, 63
42, 55
43, 56
42, 57
43, 57
42, 56
41, 57
41, 58
41, 58
58, 56
57, 57
57, 58
56, 57
57, 58
56, 59
57, 59
57, 60
57, 60
59, 85
58, 85
58, 86
57, 87
57, 86
57, 86
64, 83
65, 82
65, 81
66, 81
65, 80
65, 79
66, 79
66, 80
65, 81
66, 81
66, 81
40, 76
41, 76
42, 75
42, 74
41, 73
42, 73
42, 72
43, 72
44, 71
44, 71
29, 58
29, 57
29, 56
29, 57
30, 58
30, 58
64, 65
64, 64
64, 63
63, 63
64, 62
65, 62
64, 63
64, 63
54, 47
53, 46
52, 47
51, 47
52, 46
53, 45
54, 44
55, 44
56, 45
56, 45
58, 60
59, 59
58, 58
59, 59
60, 58
60, 57
59, 57
58, 58
57, 58
57, 58
41, 56
41, 55
40, 56
39, 57
40, 58
39, 58
38, 58
39, 58
40, 58
40, 58
42, 49
43, 50
43, 49
43, 50
44, 49
44, 48
44, 48
47, 42
48, 41
48, 40
47, 40
47, 41
47, 41
67, 81
68, 82
67, 82
66, 83
67, 83
66, 83
65, 82
64, 81
65, 80
65, 80
29, 59
28, 60
29, 61
29, 60
28, 59
27, 58
28, 58
27, 58
26, 57
27, 56
27, 56
55, 64
56, 63
55, 62
56, 61
55, 60
54, 60
53, 60
54, 60
54, 60
61, 84
62, 84
63, 83
64, 83
64, 82
64, 82
42, 59
41, 60
40, 60
39, 59
38, 60
39, 61
39, 61
32, 63
32, 64
31, 64
30, 64
29, 64
28, 63
27, 63
27, 64
26, 63
25, 63
25, 63
47, 57
46, 57
47, 58
46, 57
47, 57
47, 56
46, 55
46, 55
17, 57
16, 57
17, 57
18, 58
19, 57
19, 56
19, 56
49, 75
50, 76
50, 77
50, 76
49, 75
48, 75
49, 75
50, 76
50, 76
64, 62
65, 62
66, 63
66, 62
67, 62
68, 62
69, 61
70, 60
69, 61
69, 61
39, 55
40, 54
40, 53
41, 52
40, 52
40, 51
39, 52
38, 51
38, 51
43, 72
42, 73
41, 73
42, 72
43, 71
42, 71
43, 72
44, 72
44, 73
45, 74
45, 74
39, 66
40, 66
39, 66
38, 66
39, 67
38, 68
38, 69
37, 69
37, 69
56, 85
57, 84
57, 83
58, 83
57, 83
56, 83
55, 82
56, 83
56, 83
50, 56
51, 55
52, 56
53, 55
52, 55
53, 55
54, 56
54, 56
54, 59
53, 59
53, 60
54, 61
53, 61
54, 61
53, 62
54, 62
53, 62
53, 62
66, 80
67, 81
66, 80
67, 79
68, 80
69, 81
68, 81
68, 81
19, 57
18, 56
17, 56
18, 56
18, 55
17, 55
17, 56
17, 56
39, 51
38, 52
37, 53
38, 53
39, 53
39, 52
40, 51
39, 50
39, 50
47, 55
46, 55
47, 54
47, 55
47, 54
47, 54
26, 63
27, 62
28, 62
28, 63
27, 63
26, 64
27, 65
27, 66
27, 66
46, 74
47, 75
47, 76
48, 77
49, 78
50, 78
50, 77
50, 76
49, 77
50, 78
50, 78
40, 59
39, 59
38, 58
39, 57
39, 56
39, 57
39, 57
65, 81
64, 80
63, 79
64, 78
65, 79
65, 80
64, 81
64, 82
65, 83
65, 84
65, 84
57, 82
57, 83
58, 83
58, 82
57, 83
56, 83
55, 83
56, 84
55, 83
54, 83
54, 83
45, 47
45, 46
46, 47
46, 46
45, 45
44, 46
43, 46
43, 46
69, 60
70, 60
71, 60
70, 60
69, 61
69, 60
69, 60
55, 55
54, 54
54, 55
54, 56
55, 55
55, 55
55, 44
54, 45
53, 45
52, 46
51, 47
51, 46
51, 46
36, 69
35, 68
34, 67
34, 66
35, 67
34, 67
34, 67
56, 59
55, 58
56, 57
55, 58
56, 59
57, 59
57, 59
28, 56
27, 55
28, 56
29, 56
28, 56
29, 55
29, 54
29, 54
50, 75
50, 76
49, 76
50, 75
50, 74
50, 74
48, 42
49, 41
48, 41
47, 40
47, 39
46, 40
47, 39
47, 39
38, 62
39, 62
38, 63
39, 64
38, 63
37, 63
37, 62
37, 62
66, 84
67, 83
68, 83
67, 82
66, 82
67, 82
67, 81
67, 82
66, 81
66, 81
55, 84
55, 83
55, 82
54, 81
55, 80
56, 79
56, 79
39, 56
38, 56
37, 55
36, 55
35, 54
35, 55
35, 55
28, 67
27, 66
27, 67
28, 66
29, 67
28, 66
27, 65
27, 66
27, 66
52, 45
51, 44
51, 43
50, 43
51, 44
50, 45
50, 44
50, 44
52, 63
53, 63
53, 64
53, 63
54, 63
55, 62
55, 62
40, 49
39, 49
38, 48
37, 49
38, 48
37, 49
37, 48
38, 49
39, 48
40, 49
40, 49
38, 63
37, 63
36, 64
37, 64
38, 63
39, 64
39, 64
54, 54
53, 55
52, 54
53, 55
53, 54
54, 54
54, 53
53, 54
52, 54
51, 54
51, 54
46, 38
47, 37
48, 36
49, 36
50, 35
51, 36
50, 37
51, 38
51, 38
69, 59
68, 59
69, 59
69, 60
68, 60
68, 61
68, 61
67, 81
68, 80
67, 79
67, 80
67, 81
67, 81
33, 67
34, 67
35, 66
36, 67
36, 68
36, 69
36, 68
35, 69
34, 70
34, 70
29, 55
30, 54
31, 55
30, 56
30, 55
30, 54
29, 55
29, 55
56, 59
55, 60
54, 61
54, 62
54, 63
55, 63
54, 63
54, 62
54, 63
54, 63
47, 53
47, 52
46, 53
47, 52
46, 53
46, 53
44, 47
44, 46
44, 45
44, 46
44, 45
43, 46
44, 45
44, 44
44, 44
18, 56
18, 57
17, 57
17, 58
18, 57
17, 57
18, 56
17, 57
17, 58
16, 58
16, 58
51, 79
51, 78
52, 77
51, 78
50, 79
49, 78
48, 77
47, 78
48, 78
47, 78
47, 78
49, 74
50, 75
49, 74
48, 75
49, 75
49, 76
48, 77
49, 76
49, 76
35, 56
35, 55
35, 54
34, 55
35, 54
35, 53
34, 52
33, 52
33, 52
43, 43
44, 43
44, 44
45, 45
46, 46
47, 46
46, 45
46, 46
46, 46
55, 64
56, 64
57, 64
57, 65
56, 65
56, 64
56, 64
56, 62
55, 63
54, 62
54, 61
55, 60
54, 60
54, 60
16, 57
17, 58
16, 57
15, 58
14, 59
15, 58
15, 58
51, 39
50, 40
51, 41
51, 42
52, 41
53, 41
54, 40
54, 41
53, 40
52, 39
52, 39
40, 50
41, 50
41, 51
42, 52
43, 53
42, 53
43, 52
43, 52
68, 80
69, 80
68, 80
67, 80
67, 79
66, 79
67, 80
67, 79
68, 79
69, 80
69, 80
40, 65
40, 64
39, 64
38, 65
37, 66
36, 67
36, 68
36, 68
34, 71
33, 71
34, 71
34, 70
35, 69
36, 68
36, 69
36, 68
36, 69
36, 69
46, 52
45, 52
46, 52
45, 51
45, 50
46, 51
45, 51
46, 51
46, 51
56, 78
55, 77
54, 77
53, 77
52, 76
53, 77
52, 77
53, 78
54, 78
54, 78
48, 77
48, 78
49, 77
48, 78
49, 78
48, 77
48, 78
49, 79
49, 79
67, 60
68, 60
68, 59
67, 58
66, 58
67, 59
67, 59
51, 55
52, 56
53, 57
52, 57
53, 58
52, 59
51, 58
50, 59
49, 58
49, 58
51, 44
50, 43
49, 43
50, 42
50, 41
51, 42
52, 41
53, 42
52, 43
52, 43
48, 77
49, 78
50, 78
51, 79
50, 80
51, 81
51, 82
50, 83
50, 83
65, 80
65, 81
64, 82
65, 83
66, 83
66, 82
66, 82
28, 54
29, 53
30, 53
29, 54
30, 55
30, 55
27, 65
27, 66
26, 66
27, 67
26, 68
27, 69
27, 70
27, 71
27, 71
47, 46
47, 45
48, 46
49, 45
48, 44
48, 44
70, 80
71, 81
70, 80
71, 80
72, 81
73, 81
72, 80
72, 80
48, 78
47, 78
48, 77
47, 77
46, 77
45, 76
44, 77
44, 77
67, 81
68, 81
67, 82
67, 81
67, 82
68, 83
68, 84
68, 83
68, 83
36, 69
35, 68
35, 69
34, 69
35, 68
35, 67
35, 67
27, 70
28, 70
29, 71
28, 72
29, 71
30, 71
31, 70
31, 70
36, 70
36, 69
36, 70
36, 71
35, 70
35, 69
34, 70
35, 71
34, 71
34, 71
30, 56
30, 57
29, 56
30, 56
29, 55
30, 56
29, 57
30, 57
31, 56
32, 55
32, 55
55, 60
54, 59
55, 60
56, 61
57, 60
58, 60
58, 60
49, 59
48, 59
49, 59
50, 60
49, 60
49, 59
49, 58
48, 59
48, 59
44, 52
44, 51
45, 51
46, 50
45, 49
44, 50
44, 49
45, 48
46, 49
47, 48
47, 48
51, 84
52, 84
52, 83
51, 82
52, 81
53, 80
52, 80
51, 81
51, 82
50, 82
50, 82
55, 64
54, 64
53, 64
54, 64
53, 65
52, 66
53, 65
52, 64
52, 64
47, 51
47, 50
47, 51
46, 50
46, 51
47, 52
47, 51
48, 52
47, 53
46, 54
46, 54
16, 57
16, 56
17, 57
16, 58
16, 57
15, 58
16, 58
16, 58
68, 60
68, 61
69, 61
68, 62
67, 62
68, 62
68, 62
32, 51
32, 52
31, 52
31, 51
30, 52
30, 53
30, 52
29, 53
29, 53
51, 40
50, 40
51, 41
52, 42
53, 43
54, 44
55, 45
55, 44
56, 43
55, 44
55, 44
55, 78
54, 77
53, 77
52, 76
51, 77
50, 76
49, 76
49, 77
49, 77
53, 43
54, 43
54, 44
53, 45
54, 46
53, 46
53, 46
35, 72
36, 73
37, 74
38, 75
37, 74
37, 74
38, 75
38, 75
30, 54
31, 55
32, 56
33, 57
34, 58
34, 57
34, 57
35, 58
36, 59
36, 59
56, 45
58, 47
59, 48
60, 49
61, 50
62, 51
62, 52
62, 53
62, 54
62, 55
62, 56
62, 57
62, 58
62, 57
62, 57
62, 58
62, 59
62, 60
62, 60
54, 47
56, 49
57, 50
58, 51
59, 52
60, 53
62, 55
63, 56
64, 57
65, 58
66, 59
67, 60
68, 61
68, 62
68, 64
68, 65
68, 66
68, 67
68, 68
68, 69
68, 70
68, 71
68, 72
68, 73
68, 74
68, 75
68, 76
69, 75
69, 75
69, 75
49, 60
50, 61
50, 62
50, 64
50, 65
50, 66
50, 67
50, 68
51, 68
51, 68
50, 69
50, 70
50, 71
50, 70
50, 70
50, 71
50, 71
57, 59
57, 59
58, 60
58, 60
59, 61
60, 62
61, 63
61, 64
61, 65
61, 65
31, 71
31, 71
32, 72
33, 73
34, 74
35, 75
35, 75
17, 59
18, 60
20, 62
21, 63
22, 64
23, 65
24, 66
25, 67
26, 68
27, 69
28, 70
29, 71
30, 71
31, 71
32, 71
33, 71
33, 71
46, 55
46, 55
46, 54
46, 54
47, 55
48, 56
49, 57
49, 56
49, 56
49, 56
34, 66
34, 66
35, 66
35, 66
36, 67
37, 68
36, 67
36, 67
37, 67
37, 67
36, 68
36, 68
36, 68
48, 49
49, 50
50, 51
51, 52
52, 53
53, 54
54, 55
55, 56
55, 56
67, 82
66, 81
66, 80
66, 79
66, 78
66, 77
65, 77
65, 77
66, 76
66, 75
66, 75
45, 78
46, 79
47, 80
48, 81
49, 82
49, 82
50, 82
51, 83
51, 83
51, 83
51, 82
50, 82
50, 82
51, 82
52, 82
53, 82
54, 82
55, 82
54, 81
54, 81
55, 82
55, 82
48, 78
48, 78
49, 79
50, 80
51, 81
52, 82
51, 82
51, 82
52, 83
52, 83
66, 64
65, 65
64, 66
63, 67
62, 68
61, 69
60, 70
60, 71
60, 72
60, 73
60, 74
60, 75
60, 76
60, 76
60, 76
60, 76
60, 76
60, 76
53, 65
54, 66
55, 67
56, 68
57, 69
58, 70
59, 71
58, 72
58, 72
58, 72
31, 55
31, 55
32, 54
32, 54
33, 55
34, 54
34, 54
35, 55
36, 56
37, 57
38, 58
39, 59
39, 59
71, 81
70, 82
69, 83
68, 84
68, 85
68, 85
67, 86
66, 87
66, 87
49, 44
49, 44
50, 45
51, 46
50, 47
50, 47
49, 47
49, 47
50, 48
50, 48
36, 76
37, 77
38, 78
38, 77
38, 77
39, 78
40, 79
41, 80
42, 81
43, 82
44, 83
44, 83
59, 73
60, 74
61, 74
61, 74
61, 74
60, 75
60, 75
61, 74
61, 74
61, 74
61, 74
51, 49
52, 50
53, 51
52, 51
52, 51
53, 52
54, 53
55, 54
54, 54
54, 54
54, 54
38, 59
38, 59
39, 60
40, 61
40, 62
40, 62
41, 63
42, 64
41, 65
41, 65
42, 66
42, 66
52, 82
53, 81
54, 80
55, 79
56, 79
57, 79
58, 79
58, 79
65, 76
64, 77
64, 78
64, 78
65, 79
65, 79
64, 78
64, 78
64, 78
64, 78
64, 78
53, 82
54, 81
55, 80
56, 79
56, 79
56, 79
56, 79
56, 79
56, 79
56, 79
56, 79
65, 86
65, 87
65, 87
65, 86
65, 86
64, 85
63, 84
62, 83
62, 82
62, 82
61, 81
61, 81
56, 81
57, 80
58, 79
59, 78
60, 77
60, 77
59, 77
59, 77
60, 76
60, 76
37, 69
38, 70
39, 71
40, 72
41, 73
42, 73
42, 73
62, 66
63, 67
64, 68
65, 69
64, 69
64, 69
64, 69
54, 57
53, 58
54, 59
54, 59
53, 60
53, 60
52, 61
52, 62
52, 63
52, 64
52, 64
34, 72
35, 73
36, 74
37, 75
38, 76
39, 77
39, 77
39, 76
40, 77
41, 78
42, 79
41, 80
41, 80
42, 81
43, 82
44, 83
45, 84
46, 85
46, 85
37, 58
37, 58
38, 59
39, 60
40, 61
41, 62
42, 63
43, 64
44, 65
45, 66
46, 67
46, 67
61, 61
60, 62
59, 63
59, 64
59, 65
58, 66
58, 66
58, 66
51, 70
52, 70
53, 70
54, 70
54, 71
54, 71
53, 70
53, 70
53, 70
59, 77
58, 78
59, 77
59, 77
58, 78
58, 78
57, 79
56, 80
55, 80
55, 80
55, 80
55, 80
68, 76
67, 77
66, 77
65, 77
64, 77
63, 77
62, 77
62, 78
62, 78
61, 77
60, 77
60, 77
50, 57
51, 58
52, 59
53, 60
54, 61
55, 62
56, 63
57, 64
58, 65
58, 65
59, 77
58, 76
58, 76
57, 77
56, 77
57, 78
57, 78
56, 77
56, 77
56, 77
65, 79
66, 80
67, 81
68, 82
69, 83
70, 84
70, 85
69, 85
69, 85
70, 85
70, 85
59, 65
59, 65
60, 66
61, 65
61, 65
60, 65
60, 65
61, 66
62, 67
62, 68
62, 68
57, 78
58, 77
59, 76
60, 75
61, 75
62, 75
62, 75
40, 77
41, 77
40, 78
40, 78
41, 77
42, 77
42, 77
65, 68
65, 68
64, 69
63, 70
62, 71
61, 72
60, 73
59, 74
59, 74
47, 84
48, 83
49, 82
50, 81
51, 80
52, 79
51, 78
51, 78
51, 78
53, 55
52, 56
51, 57
51, 58
51, 59
51, 59
45, 82
46, 81
46, 81
47, 82
48, 82
47, 81
47, 81
48, 82
47, 81
47, 81
48, 82
49, 82
50, 82
50, 82
57, 67
57, 68
57, 69
57, 70
57, 71
57, 71
57, 71
57, 71
57, 71
57, 71
57, 71
59, 78
60, 77
60, 76
60, 76
61, 76
62, 76
63, 76
64, 76
64, 76
59, 78
58, 79
57, 80
57, 81
57, 81
58, 80
58, 80
57, 81
58, 82
58, 82
57, 83
56, 84
55, 85
55, 85
56, 79
56, 80
56, 80
57, 79
57, 78
57, 77
57, 77
60, 75
59, 76
58, 77
59, 77
59, 77
58, 78
57, 79
56, 80
56, 81
56, 82
55, 82
55, 82
55, 82
47, 68
48, 69
48, 68
48, 68
49, 69
48, 70
48, 70
49, 70
49, 70
50, 71
51, 72
52, 73
52, 73
54, 71
55, 72
56, 73
56, 74
56, 75
56, 76
56, 77
56, 77
53, 65
54, 66
54, 67
54, 68
54, 69
54, 70
54, 70
43, 74
44, 75
45, 76
46, 77
46, 77
45, 76
45, 76
46, 77
47, 78
47, 78
47, 78
62, 81
62, 81
61, 81
61, 81
60, 81
60, 81
59, 82
58, 83
57, 84
57, 84
43, 67
44, 68
45, 69
46, 70
47, 70
47, 70
48, 71
49, 72
49, 71
49, 71
50, 72
51, 73
51, 73
61, 69
60, 70
59, 71
58, 72
57, 73
57, 73
58, 83
59, 83
59, 83
60, 82
61, 81
61, 80
61, 80
54, 84
53, 83
52, 83
53, 84
53, 84
53, 83
53, 83
53, 83
56, 83
57, 84
58, 85
58, 85
59, 85
60, 85
61, 85
62, 85
63, 85
63, 85
51, 83
52, 84
53, 85
54, 86
55, 87
55, 87
51, 58
51, 58
52, 59
52, 60
52, 61
52, 62
52, 63
51, 63
51, 63
50, 62
50, 62
51, 63
52, 64
52, 64
55, 78
55, 78
56, 79
57, 79
57, 79
58, 80
59, 80
60, 80
61, 80
61, 80
43, 78
44, 79
43, 79
43, 79
42, 80
42, 80
43, 79
44, 79
43, 80
43, 80
44, 79
44, 79
58, 78
57, 78
57, 78
58, 79
59, 80
60, 81
61, 82
62, 83
62, 82
62, 82
63, 83
64, 84
64, 84
63, 76
62, 75
62, 75
63, 76
64, 77
65, 78
64, 79
64, 79
64, 79
56, 78
56, 78
55, 78
55, 78
56, 77
57, 76
58, 76
57, 76
57, 76
58, 76
58, 76
63, 77
63, 77
62, 78
61, 79
60, 80
60, 81
60, 82
60, 83
60, 83
71, 84
71, 84
70, 84
71, 85
71, 85
70, 84
69, 84
68, 84
67, 84
66, 84
65, 84
64, 84
64, 84
56, 72
55, 73
54, 73
53, 73
52, 73
52, 73
52, 73
52, 73
52, 73
53, 74
53, 74
53, 74
58, 75
57, 76
57, 77
57, 77
57, 77
58, 76
58, 76
58, 76
52, 79
53, 80
53, 81
53, 81
54, 82
55, 83
56, 83
56, 83
48, 79
49, 80
50, 81
51, 82
51, 83
50, 83
50, 83
51, 84
51, 85
51, 85
52, 72
52, 72
53, 73
54, 73
55, 73
56, 73
57, 73
57, 73
57, 73
53, 74
54, 75
55, 76
56, 77
56, 76
56, 76
56, 76
53, 70
53, 70
54, 71
54, 71
55, 72
56, 73
57, 74
58, 75
58, 75
58, 75
64, 85
64, 85
63, 84
63, 84
64, 85
65, 85
66, 85
66, 85
66, 85
66, 85
66, 85
66, 85
57, 76
57, 76
58, 77
59, 78
60, 79
61, 80
62, 81
62, 81
54, 82
54, 82
55, 83
55, 84
55, 85
55, 86
55, 87
55, 87
55, 87
55, 87
60, 79
59, 78
58, 77
57, 76
56, 75
55, 74
54, 73
53, 72
53, 73
53, 73
52, 72
52, 72
59, 77
60, 76
60, 76
61, 77
62, 78
63, 77
63, 77
64, 76
64, 76
65, 77
64, 76
64, 76
64, 77
64, 77
64, 77
54, 75
55, 76
56, 77
57, 78
58, 78
58, 78
59, 79
60, 80
61, 81
62, 80
62, 80
62, 80
54, 86
53, 85
52, 84
52, 83
52, 82
52, 81
52, 82
52, 82
52, 81
52, 80
52, 80
52, 80
51, 65
50, 66
50, 67
50, 68
50, 69
50, 70
50, 70
62, 84
61, 83
60, 82
59, 81
58, 80
59, 80
59, 80
58, 80
57, 80
56, 80
55, 80
55, 80
59, 76
59, 76
60, 77
61, 78
62, 79
63, 80
64, 81
65, 81
65, 81
66, 82
66, 82
65, 80
66, 81
67, 82
68, 83
69, 83
70, 83
70, 83
70, 83
69, 83
69, 83
69, 83
55, 82
54, 81
54, 80
54, 79
54, 79
54, 80
54, 80
54, 79
54, 79
56, 74
55, 75
56, 75
56, 75
55, 76
54, 77
54, 76
54, 76
55, 75
55, 75
54, 76
53, 77
53, 77
51, 86
51, 86
52, 85
53, 84
54, 83
55, 82
56, 81
57, 81
58, 81
59, 81
60, 81
60, 81
62, 84
61, 83
60, 82
59, 81
58, 81
58, 81
58, 81
58, 80
58, 80
57, 81
57, 81
58, 81
58, 81
61, 82
61, 82
61, 81
61, 80
61, 79
61, 80
61, 80
61, 80
45, 80
45, 79
45, 79
46, 80
47, 81
48, 82
49, 83
50, 82
50, 82
51, 83
50, 83
50, 83
51, 83
51, 83
63, 85
62, 86
62, 86
61, 85
60, 85
60, 85
59, 85
58, 85
57, 85
57, 85
56, 85
56, 85
60, 79
59, 78
58, 77
58, 76
58, 76
57, 75
56, 75
55, 76
55, 76
55, 76
57, 77
58, 77
59, 77
60, 77
61, 77
61, 77
61, 77
61, 77
61, 77
57, 74
57, 73
57, 73
57, 74
57, 74
57, 75
57, 76
57, 77
57, 78
57, 78
53, 73
54, 74
53, 74
53, 74
53, 73
53, 73
54, 74
55, 75
56, 76
56, 76
65, 84
64, 83
63, 82
64, 82
64, 82
63, 81
62, 80
61, 79
60, 79
60, 79
60, 79
60, 79
54, 78
53, 77
53, 77
54, 78
55, 79
56, 80
57, 81
58, 82
59, 83
59, 83
55, 85
55, 85
56, 85
56, 85
57, 86
57, 86
58, 87
59, 88
58, 88
58, 88
59, 89
60, 89
60, 89
65, 81
64, 80
63, 79
64, 78
64, 78
63, 77
62, 76
61, 75
60, 74
59, 73
58, 73
58, 73
68, 84
67, 85
66, 86
65, 87
64, 88
63, 89
62, 89
62, 88
62, 88
61, 89
61, 90
61, 90
61, 90
56, 86
55, 87
55, 87
56, 86
56, 87
56, 87
57, 86
58, 86
58, 86
59, 85
60, 84
61, 83
62, 82
62, 82
51, 71
52, 71
52, 71
53, 72
54, 73
55, 74
56, 75
57, 75
57, 75
56, 75
56, 75
56, 75
53, 81
53, 81
54, 81
54, 81
54, 82
54, 82
55, 81
54, 82
54, 82
54, 82
50, 84
50, 84
51, 83
52, 82
51, 83
51, 83
52, 82
53, 81
53, 81
54, 81
54, 81
59, 81
59, 81
60, 80
61, 79
62, 79
63, 79
63, 79
63, 78
62, 79
61, 80
60, 81
59, 82
58, 83
57, 84
56, 85
55, 86
55, 86
58, 78
59, 78
59, 77
59, 77
60, 78
61, 78
62, 78
62, 78
60, 79
61, 79
61, 79
60, 78
59, 79
59, 79
58, 78
57, 77
57, 77
55, 80
56, 81
57, 82
58, 83
59, 84
60, 85
60, 85
59, 82
60, 83
60, 83
59, 84
58, 84
57, 84
56, 84
56, 83
56, 83
55, 84
55, 84
56, 77
57, 77
57, 77
58, 78
59, 78
60, 78
61, 78
62, 78
63, 78
63, 78
56, 79
57, 78
58, 78
59, 79
59, 79
60, 78
59, 77
59, 77
58, 76
58, 76
59, 77
60, 78
60, 78
60, 78
59, 79
58, 80
57, 81
56, 82
56, 82
56, 83
56, 83
63, 82
63, 83
63, 83
64, 83
65, 83
64, 82
64, 82
65, 81
65, 81
64, 82
64, 82
65, 83
66, 83
66, 83
63, 79
64, 78
65, 77
66, 76
66, 75
66, 76
66, 76
66, 75
66, 74
66, 74
66, 74
66, 74
60, 82
61, 82
62, 82
63, 82
63, 83
63, 83
64, 82
64, 82
64, 82
64, 82
64, 82
61, 79
62, 80
63, 81
64, 82
64, 83
65, 84
65, 84
64, 85
64, 86
64, 86
55, 74
54, 73
53, 72
52, 72
53, 71
53, 71
53, 71
59, 86
60, 87
60, 87
59, 88
58, 88
57, 88
56, 88
56, 88
56, 88
56, 88
65, 75
64, 76
63, 77
62, 78
63, 79
63, 79
62, 80
63, 79
63, 79
62, 80
61, 81
61, 81
58, 76
59, 75
60, 74
61, 73
62, 73
61, 72
61, 72
62, 73
63, 74
63, 74
62, 74
62, 74
63, 73
63, 73
57, 84
58, 85
59, 86
60, 87
61, 87
62, 88
62, 88
63, 87
64, 87
64, 87
59, 88
58, 87
58, 87
57, 86
56, 86
55, 86
54, 86
54, 86
54, 86
53, 85
53, 85
53, 85
62, 78
61, 77
60, 76
59, 75
59, 74
60, 74
60, 74
61, 75
61, 75
60, 74
60, 74
62, 83
62, 84
62, 84
61, 83
61, 83
62, 84
62, 84
62, 84
62, 84
61, 79
61, 80
61, 81
60, 80
60, 80
61, 81
61, 82
60, 83
60, 83
60, 83
54, 85
54, 85
55, 84
56, 83
56, 83
57, 82
58, 83
58, 83
59, 82
60, 81
61, 80
62, 79
62, 79
55, 81
56, 81
56, 81
57, 80
58, 79
59, 78
60, 77
60, 77
59, 80
58, 81
57, 81
56, 81
55, 81
54, 81
54, 81
54, 85
53, 84
52, 85
52, 85
53, 84
53, 84
52, 83
52, 83
60, 89
59, 88
59, 89
59, 89
58, 88
57, 87
56, 86
55, 86
54, 86
53, 86
53, 87
53, 87
53, 87
66, 82
66, 82
65, 83
64, 84
64, 85
64, 85
63, 86
62, 86
61, 86
60, 86
59, 86
59, 86
55, 82
56, 83
57, 84
58, 85
58, 86
58, 86
59, 87
60, 88
61, 88
61, 88
62, 89
61, 88
61, 88
61, 88
55, 77
54, 78
53, 79
53, 80
53, 81
53, 82
53, 83
54, 83
54, 83
53, 83
53, 83
53, 84
53, 84
64, 79
65, 79
64, 79
64, 79
65, 79
66, 79
67, 79
68, 79
68, 79
59, 72
58, 73
58, 73
59, 72
60, 73
60, 73
61, 72
61, 72
62, 72
63, 72
64, 71
64, 71
64, 70
64, 70
65, 71
65, 71
55, 82
56, 83
57, 84
58, 85
59, 86
60, 87
60, 88
60, 88
63, 85
62, 84
61, 83
61, 83
61, 84
61, 84
60, 83
59, 82
58, 81
57, 80
57, 80
53, 82
54, 81
54, 82
54, 82
54, 81
54, 80
54, 79
54, 78
54, 77
54, 76
54, 75
54, 75
62, 87
63, 86
64, 85
65, 84
66, 83
67, 82
68, 81
68, 81
62, 83
63, 84
63, 84
62, 83
62, 82
62, 81
62, 81
62, 81
62, 81
62, 81
62, 81
52, 83
51, 82
51, 81
51, 80
52, 80
52, 80
52, 80
64, 72
63, 71
63, 71
63, 72
63, 73
63, 74
63, 75
62, 74
62, 74
61, 75
61, 75
62, 76
62, 76
67, 80
66, 81
65, 82
65, 82
64, 82
63, 82
62, 82
62, 82
54, 84
55, 83
56, 82
57, 81
58, 80
58, 80
55, 87
55, 86
55, 85
55, 84
55, 83
55, 82
55, 81
55, 80
55, 79
55, 79
54, 86
53, 86
53, 86
54, 85
55, 84
56, 83
57, 82
58, 81
58, 81
63, 86
64, 87
64, 87
63, 86
62, 85
62, 84
62, 83
62, 82
63, 82
63, 82
63, 82
63, 81
62, 80
61, 79
60, 79
60, 79
61, 78
61, 77
61, 76
61, 75
61, 76
61, 76
61, 76
59, 82
58, 81
57, 82
57, 82
56, 81
55, 80
55, 79
55, 78
55, 78
54, 79
54, 79
55, 78
55, 78
61, 75
62, 76
63, 77
64, 78
64, 79
65, 78
65, 78
65, 78
63, 78
62, 77
62, 77
63, 76
64, 75
65, 74
66, 73
66, 72
66, 71
66, 71
66, 71
66, 71
54, 72
55, 73
56, 74
57, 75
58, 76
58, 76
59, 76
59, 76
60, 75
60, 76
60, 76
61, 75
62, 75
62, 75
63, 74
63, 74
59, 87
59, 87
59, 86
58, 85
58, 85
59, 84
59, 83
59, 82
59, 81
59, 81
63, 85
64, 86
64, 86
64, 86
64, 87
64, 87
64, 86
64, 86
64, 86
64, 86
64, 85
64, 85
64, 85
62, 80
63, 79
63, 78
63, 77
63, 77
62, 76
62, 76
63, 75
63, 75
64, 74
63, 75
63, 75
64, 76
64, 77
63, 77
63, 77
64, 78
64, 79
64, 80
64, 80
57, 82
57, 81
58, 82
57, 83
58, 84
57, 85
57, 85
62, 76
62, 77
61, 78
60, 78
61, 79
60, 80
60, 80
63, 81
64, 81
65, 80
65, 81
64, 81
65, 80
66, 81
67, 82
67, 82
58, 79
58, 80
59, 79
59, 78
60, 78
60, 77
59, 76
58, 75
59, 75
59, 74
59, 74
54, 74
53, 73
54, 73
54, 72
53, 72
53, 71
53, 71
62, 77
62, 78
63, 78
62, 79
63, 79
64, 79
63, 78
63, 78
63, 76
64, 75
65, 75
65, 76
64, 76
63, 76
64, 77
65, 77
64, 76
64, 77
64, 77
57, 79
58, 78
57, 79
57, 80
58, 79
58, 80
58, 80
65, 79
64, 78
64, 79
65, 79
64, 79
63, 79
62, 79
62, 80
63, 80
62, 80
62, 80
65, 84
66, 83
65, 84
64, 85
63, 86
62, 87
63, 86
64, 86
64, 86
67, 70
68, 71
67, 72
67, 73
66, 73
67, 73
68, 72
67, 71
67, 71
63, 75
62, 75
61, 76
60, 76
61, 75
62, 75
63, 74
63, 75
62, 76
62, 76
69, 82
69, 81
69, 80
68, 80
69, 80
70, 79
70, 79
63, 83
64, 84
65, 85
65, 84
64, 85
65, 85
66, 86
65, 86
65, 87
65, 87
58, 75
59, 74
58, 74
57, 74
57, 73
56, 73
56, 74
57, 75
56, 75
56, 75
53, 80
52, 79
51, 79
51, 80
52, 81
51, 82
51, 82
54, 78
53, 77
52, 76
52, 75
51, 75
51, 74
52, 73
52, 74
51, 74
51, 74
60, 87
59, 87
58, 86
57, 85
57, 86
57, 86
64, 81
65, 80
65, 79
66, 79
65, 80
66, 79
66, 79
59, 82
58, 81
57, 81
57, 82
57, 81
58, 82
59, 82
60, 81
61, 82
60, 82
60, 82
56, 78
56, 79
57, 79
58, 80
57, 81
57, 81
63, 83
62, 84
61, 83
62, 84
62, 85
61, 84
61, 83
60, 84
60, 84
57, 86
56, 87
57, 88
57, 89
56, 88
55, 87
54, 87
54, 86
53, 86
53, 86
50, 74
50, 75
51, 76
50, 76
49, 77
49, 76
50, 76
49, 76
49, 76
63, 76
62, 75
62, 74
62, 75
62, 74
63, 75
62, 75
61, 76
60, 77
60, 77
66, 83
66, 84
65, 84
66, 85
66, 86
67, 87
66, 88
65, 88
65, 88
69, 80
70, 80
69, 80
70, 81
71, 81
72, 81
71, 81
71, 81
63, 77
62, 77
61, 76
61, 75
62, 74
62, 73
62, 74
62, 73
61, 74
62, 74
62, 74
57, 79
56, 78
56, 79
57, 78
58, 78
58, 79
58, 79
65, 78
64, 79
63, 78
63, 79
62, 79
62, 78
62, 78
61, 81
62, 81
61, 81
62, 82
61, 83
61, 82
60, 83
60, 84
59, 85
59, 85
58, 81
58, 82
59, 81
59, 82
60, 81
61, 81
61, 82
60, 81
60, 81
65, 86
66, 87
65, 88
66, 89
67, 88
67, 88
60, 85
60, 84
59, 84
60, 84
60, 83
59, 84
58, 83
59, 82
59, 82
50, 83
51, 84
51, 85
50, 84
51, 83
52, 84
53, 85
52, 84
51, 83
51, 83
52, 70
53, 71
52, 70
53, 70
52, 71
53, 70
53, 69
54, 70
54, 70
61, 83
62, 82
61, 83
60, 84
61, 84
61, 83
60, 82
60, 81
61, 80
61, 80
66, 87
67, 87
68, 87
69, 88
68, 89
68, 88
69, 89
68, 90
67, 90
66, 91
66, 91
68, 72
69, 71
68, 70
68, 69
67, 68
67, 69
67, 68
66, 68
66, 67
66, 67
57, 76
56, 76
57, 75
57, 76
58, 76
59, 76
60, 75
60, 76
60, 76
64, 78
63, 77
62, 76
61, 77
62, 78
62, 78
60, 79
60, 78
61, 77
61, 78
62, 78
61, 78
62, 77
63, 77
62, 76
62, 76
57, 87
58, 88
57, 88
57, 87
58, 87
59, 86
58, 85
59, 85
59, 86
59, 86
60, 75
59, 74
59, 75
59, 76
60, 75
60, 75
58, 85
58, 85
58, 85
57, 84
57, 84
57, 83
57, 82
57, 81
57, 81
59, 74
58, 73
57, 72
56, 71
55, 70
55, 70
60, 77
59, 76
58, 75
57, 74
57, 73
57, 72
57, 71
57, 71
57, 71
70, 80
69, 80
68, 80
68, 80
67, 80
66, 80
66, 80
61, 75
60, 74
59, 73
58, 72
57, 71
57, 71
57, 71
56, 70
56, 70
62, 74
61, 73
60, 72
59, 71
58, 70
57, 69
57, 69
56, 68
56, 68
56, 68
61, 77
60, 76
59, 75
59, 75
58, 74
57, 73
56, 72
55, 71
55, 71
57, 78
56, 77
55, 76
55, 76
54, 75
53, 74
52, 73
51, 72
50, 71
50, 71
50, 71
64, 89
63, 90
62, 91
62, 91
61, 92
61, 92
61, 92
58, 84
58, 84
58, 84
57, 83
56, 82
55, 81
54, 80
53, 79
53, 79
65, 68
64, 69
64, 69
63, 70
62, 71
61, 72
61, 72
58, 81
57, 80
57, 80
56, 79
55, 78
54, 77
54, 77
54, 77
65, 90
64, 89
63, 88
62, 87
62, 86
62, 85
62, 85
50, 77
51, 78
52, 79
52, 79
53, 80
53, 80
54, 81
54, 81
53, 86
52, 85
51, 84
50, 83
49, 82
48, 81
48, 81
59, 80
58, 79
57, 78
56, 77
55, 76
54, 75
53, 74
52, 73
52, 73
53, 69
52, 68
51, 67
51, 67
50, 66
50, 66
60, 79
59, 78
58, 77
57, 76
56, 75
56, 75
66, 87
65, 86
64, 85
63, 84
62, 84
62, 84
61, 84
60, 84
60, 84
62, 78
61, 77
60, 76
59, 75
58, 74
57, 73
56, 72
55, 71
54, 71
54, 71
59, 77
59, 77
58, 78
57, 79
56, 80
55, 80
54, 80
53, 80
53, 80
50, 82
50, 82
49, 81
48, 80
47, 79
46, 78
45, 77
45, 77
58, 80
59, 79
60, 78
61, 77
61, 77
62, 77
63, 77
63, 77
63, 77
63, 77
55, 72
56, 73
57, 74
58, 75
58, 75
59, 76
59, 76
60, 77
60, 77
53, 79
52, 78
51, 77
50, 76
49, 75
49, 75
54, 71
53, 72
52, 73
52, 73
51, 73
50, 73
49, 73
48, 73
48, 73
54, 81
55, 82
56, 83
57, 84
58, 85
58, 85
59, 86
59, 86
60, 87
60, 87
60, 87
49, 65
48, 64
47, 63
47, 63
46, 62
45, 61
45, 61
45, 61
56, 70
55, 69
54, 68
53, 67
53, 67
52, 66
51, 65
50, 64
50, 64
49, 70
48, 69
47, 68
47, 68
46, 67
46, 67
54, 70
54, 70
53, 69
52, 68
51, 67
50, 66
49, 65
48, 64
47, 63
46, 62
46, 62
63, 84
64, 83
65, 82
66, 81
67, 80
67, 80
54, 77
53, 76
52, 75
52, 75
51, 75
51, 75
60, 73
60, 74
60, 75
60, 76
60, 77
60, 78
60, 79
60, 80
60, 81
60, 82
60, 82
60, 91
59, 90
58, 89
57, 88
56, 87
56, 86
56, 86
56, 86
59, 83
59, 83
58, 82
57, 81
56, 80
56, 80
55, 79
55, 79
46, 78
47, 79
47, 79
48, 80
48, 80
48, 80
53, 80
52, 79
52, 79
51, 78
50, 77
50, 77
49, 76
48, 75
48, 75
47, 74
47, 74
55, 71
54, 71
53, 71
52, 71
52, 71
51, 71
50, 71
49, 71
48, 71
48, 71
48, 71
52, 74
52, 75
52, 76
52, 76
52, 77
52, 78
52, 79
52, 79
55, 74
54, 73
53, 72
52, 71
51, 70
51, 69
51, 68
51, 68
65, 79
64, 78
63, 77
62, 76
61, 75
60, 74
59, 73
59, 73
47, 82
46, 83
45, 83
45, 83
44, 83
43, 83
42, 83
42, 83
55, 67
55, 67
54, 66
53, 65
52, 64
51, 63
50, 62
50, 62
45, 59
46, 58
47, 57
48, 56
49, 55
50, 54
50, 53
49, 52
48, 51
47, 50
46, 49
45, 48
45, 48
51, 75
50, 74
50, 74
50, 74
49, 73
49, 73
49, 73
49, 73
55, 85
54, 84
53, 83
53, 83
52, 82
52, 82
51, 81
51, 81
50, 62
49, 61
48, 60
47, 59
47, 57
48, 56
49, 55
50, 54
50, 53
50, 52
50, 51
50, 50
50, 50
50, 50
49, 50
49, 50
50, 74
51, 73
52, 72
53, 71
54, 70
54, 70
50, 67
49, 66
48, 65
47, 64
47, 64
46, 63
45, 63
44, 63
43, 63
42, 63
42, 63
47, 60
48, 59
49, 58
50, 57
50, 56
50, 55
50, 54
50, 53
50, 52
49, 51
48, 50
47, 49
47, 49
46, 48
46, 47
46, 46
46, 46
47, 72
46, 73
45, 74
44, 75
44, 75
43, 76
42, 76
41, 76
40, 76
40, 76
49, 79
50, 78
51, 78
52, 78
53, 78
54, 78
54, 78
66, 79
65, 78
64, 77
63, 76
63, 76
63, 76
62, 75
61, 74
60, 73
60, 73
58, 72
57, 71
56, 70
56, 70
55, 69
54, 68
54, 68
54, 67
54, 67
47, 74
46, 75
45, 76
45, 76
44, 77
43, 78
42, 79
42, 79
41, 80
41, 80
53, 78
54, 77
54, 77
55, 76
56, 75
57, 74
57, 74
57, 74
57, 74
57, 74
57, 74
56, 78
57, 77
57, 77
58, 76
59, 75
60, 74
61, 73
62, 72
63, 71
63, 71
64, 78
65, 79
65, 80
65, 80
65, 81
65, 82
65, 83
65, 83
65, 84
65, 84
47, 66
47, 66
48, 65
49, 64
50, 62
50, 61
50, 60
50, 59
50, 58
50, 57
51, 56
52, 55
52, 55
46, 73
45, 72
44, 71
43, 70
42, 69
42, 69
41, 68
40, 67
39, 66
38, 65
38, 65
42, 83
43, 82
43, 81
43, 80
43, 79
43, 78
43, 78
43, 77
43, 77
59, 76
58, 75
58, 75
57, 74
56, 73
55, 72
55, 72
55, 72
54, 71
54, 71
61, 86
62, 85
62, 84
62, 83
62, 82
62, 81
62, 81
60, 82
59, 81
59, 81
58, 80
58, 80
57, 79
56, 78
56, 78
50, 64
50, 64
51, 65
51, 65
51, 65
52, 66
52, 66
53, 67
54, 68
55, 69
55, 69
62, 70
61, 69
61, 69
61, 69
60, 68
59, 67
58, 66
57, 65
57, 65
57, 65
64, 83
63, 82
62, 81
62, 81
62, 81
62, 81
37, 64
36, 63
35, 62
34, 61
33, 60
32, 59
32, 59
31, 58
30, 57
29, 56
29, 56
41, 64
40, 64
39, 64
38, 64
38, 64
38, 64
38, 64
50, 51
50, 51
50, 52
50, 52
50, 52
50, 53
50, 53
53, 79
52, 80
52, 80
51, 81
50, 82
50, 82
45, 47
44, 48
43, 49
42, 50
41, 51
40, 52
40, 53
40, 53
53, 69
52, 68
51, 67
50, 66
49, 65
48, 64
48, 64
48, 64
48, 64
46, 47
47, 46
47, 45
47, 44
47, 44
47, 43
47, 42
47, 42
47, 41
47, 41
47, 41
50, 72
50, 71
50, 70
50, 69
50, 69
50, 68
50, 67
50, 67
50, 66
50, 65
50, 65
63, 80
63, 80
64, 79
64, 79
65, 78
66, 77
67, 77
67, 77
67, 77
67, 77
67, 77
59, 73
58, 73
58, 73
57, 73
56, 73
56, 73
55, 73
54, 73
53, 73
53, 73
55, 77
55, 77
54, 76
53, 75
52, 74
51, 73
50, 72
49, 71
48, 70
47, 69
47, 69
53, 66
53, 66
53, 66
52, 65
52, 65
51, 64
50, 62
50, 61
50, 60
50, 59
50, 58
50, 57
50, 56
50, 55
50, 55
50, 55
50, 80
49, 79
48, 78
47, 77
46, 76
45, 75
45, 75
44, 74
44, 74
53, 56
54, 57
55, 58
56, 58
57, 58
58, 58
59, 58
59, 58
60, 58
61, 58
61, 58
41, 77
42, 78
43, 79
44, 79
45, 79
45, 79
45, 79
56, 73
55, 72
54, 71
53, 70
53, 70
52, 69
51, 68
51, 68
51, 68
53, 70
52, 69
52, 69
51, 68
51, 68
51, 68
44, 78
44, 78
45, 79
45, 79
46, 80
47, 81
48, 82
48, 82
40, 79
39, 78
38, 77
37, 76
36, 75
35, 74
34, 73
34, 73
56, 70
56, 70
56, 70
56, 71
56, 72
56, 73
56, 74
56, 74
50, 69
49, 70
48, 71
47, 72
46, 73
46, 74
46, 75
46, 76
46, 76
63, 82
64, 83
65, 84
66, 85
67, 86
68, 87
69, 88
70, 88
70, 88
70, 88
70, 88
49, 54
48, 53
47, 52
46, 51
45, 50
44, 49
44, 49
44, 49
39, 54
38, 55
37, 56
36, 57
36, 57
35, 58
34, 59
34, 59
33, 60
32, 61
32, 61
57, 65
56, 64
56, 64
55, 63
54, 62
54, 62
39, 63
40, 62
40, 62
40, 62
40, 62
41, 61
41, 61
42, 60
42, 59
43, 57
44, 56
45, 55
46, 54
47, 53
48, 52
48, 52
33, 72
32, 71
31, 70
30, 69
29, 68
28, 67
27, 66
26, 65
26, 65
51, 68
52, 67
53, 66
53, 65
53, 64
53, 63
53, 63
49, 81
49, 81
50, 80
51, 79
51, 79
51, 79
52, 78
52, 78
49, 52
48, 51
47, 50
46, 50
46, 50
45, 50
44, 50
44, 50
44, 50
44, 50
46, 80
47, 81
47, 81
48, 82
49, 83
50, 84
51, 85
52, 86
53, 87
53, 87
50, 82
49, 81
48, 80
47, 79
47, 79
46, 78
46, 77
46, 76
46, 76
46, 75
46, 75
53, 73
52, 72
51, 71
50, 70
49, 69
48, 68
48, 68
66, 76
65, 75
64, 74
64, 74
63, 73
62, 72
61, 71
61, 71
47, 41
46, 42
45, 43
44, 44
44, 46
45, 47
46, 48
47, 49
48, 50
49, 50
50, 50
49, 51
48, 51
48, 51
60, 57
58, 55
57, 54
56, 53
55, 52
54, 51
53, 50
52, 50
51, 50
50, 50
49, 49
48, 48
47, 47
46, 46
45, 45
44, 44
44, 44
46, 68
45, 67
44, 66
44, 66
43, 65
42, 64
42, 64
30, 57
31, 58
32, 59
33, 60
34, 61
35, 62
36, 62
37, 62
38, 62
39, 62
39, 62
45, 75
46, 76
47, 77
48, 78
49, 79
50, 80
51, 81
52, 82
53, 83
53, 83
50, 65
50, 65
49, 64
48, 63
48, 61
49, 60
50, 59
50, 58
50, 57
50, 57
49, 58
48, 59
48, 59
48, 59
49, 58
50, 57
50, 56
50, 55
50, 54
50, 54
55, 73
54, 72
53, 71
52, 70
51, 69
51, 69
50, 62
50, 61
50, 60
50, 59
50, 58
51, 57
51, 57
51, 57
52, 56
52, 56
52, 56
52, 56
53, 55
53, 55
53, 61
52, 60
51, 59
50, 58
49, 57
48, 56
48, 56
46, 76
45, 77
45, 78
45, 78
45, 78
45, 79
45, 80
45, 80
45, 81
45, 81
45, 81
60, 70
59, 69
58, 68
57, 67
56, 66
55, 65
54, 64
53, 63
53, 63
52, 56
51, 57
50, 58
49, 59
48, 60
48, 60
49, 59
50, 58
50, 57
50, 56
50, 56
48, 68
47, 67
46, 66
46, 66
46, 66
46, 66
46, 66
53, 87
54, 88
55, 89
55, 89
54, 88
53, 87
52, 86
51, 85
50, 84
50, 83
51, 84
51, 84
49, 55
48, 56
47, 57
47, 57
48, 56
49, 55
50, 54
50, 53
50, 52
50, 51
50, 50
50, 50
50, 50
49, 51
48, 52
48, 52
48, 52
47, 51
46, 50
46, 50
46, 50
45, 49
45, 49
44, 48
44, 48
47, 52
46, 53
45, 54
44, 55
43, 56
43, 56
42, 57
42, 57
32, 61
33, 62
34, 63
35, 64
36, 65
37, 66
38, 67
38, 67
39, 68
40, 69
40, 69
54, 82
55, 81
56, 80
57, 79
58, 78
59, 77
60, 76
61, 75
62, 74
62, 74
45, 76
44, 77
44, 78
44, 79
44, 80
44, 81
44, 81
41, 65
40, 66
39, 67
39, 67
38, 68
37, 69
36, 70
36, 70
36, 70
44, 46
45, 47
46, 48
47, 49
48, 50
49, 50
48, 51
47, 52
47, 52
46, 53
46, 53
50, 68
50, 68
49, 67
48, 66
48, 66
47, 65
46, 64
46, 64
51, 77
50, 76
50, 76
49, 75
48, 74
47, 73
46, 72
46, 72
46, 72
26, 65
27, 66
27, 66
28, 67
29, 68
30, 69
30, 69
45, 51
46, 52
47, 53
48, 54
49, 55
50, 56
51, 57
52, 58
52, 58
70, 88
69, 87
68, 86
67, 85
66, 84
65, 83
65, 83
64, 82
63, 81
63, 81
41, 62
42, 61
43, 60
44, 59
45, 58
46, 57
47, 56
48, 55
49, 54
50, 55
50, 55
50, 55
50, 55
50, 55
50, 55
50, 56
50, 57
50, 58
50, 58
45, 50
46, 51
47, 52
47, 52
47, 52
48, 53
49, 54
50, 55
50, 55
50, 55
52, 62
51, 61
50, 60
49, 59
48, 58
48, 58
44, 48
43, 49
42, 50
41, 51
41, 52
41, 52
41, 53
41, 53
46, 53
47, 54
48, 55
49, 56
50, 57
51, 58
52, 59
52, 59
45, 80
46, 79
46, 79
46, 79
47, 78
47, 78
51, 54
52, 54
53, 54
53, 54
54, 54
55, 54
56, 54
56, 54
50, 56
51, 55
52, 54
52, 54
52, 54
52, 54
53, 53
53, 51
52, 50
51, 50
50, 50
50, 50
50, 50
50, 50
51, 49
51, 49
49, 57
48, 56
48, 56
48, 56
47, 55
47, 55
37, 69
37, 69
38, 68
39, 67
39, 67
40, 66
41, 65
41, 65
41, 65
41, 70
42, 71
43, 72
44, 73
45, 74
46, 75
46, 75
46, 75
29, 70
29, 70
29, 70
29, 70
28, 71
27, 72
27, 72
26, 73
25, 74
24, 75
24, 75
50, 83
49, 82
48, 81
48, 81
47, 80
46, 79
45, 78
44, 77
44, 77
44, 77
52, 62
51, 61
50, 60
49, 59
48, 58
47, 57
46, 56
46, 56
47, 51
46, 50
45, 49
44, 48
43, 48
43, 48
46, 72
45, 71
44, 70
43, 69
43, 69
42, 68
42, 68
42, 67
42, 67
62, 74
61, 75
61, 75
60, 76
59, 77
58, 78
57, 79
56, 80
55, 80
54, 80
54, 80
64, 82
65, 83
65, 84
65, 85
65, 86
65, 86
65, 86
65, 86
51, 59
51, 60
51, 61
51, 62
51, 62
51, 63
51, 64
51, 64
51, 65
51, 65
47, 65
48, 64
48, 64
50, 62
50, 61
50, 60
50, 59
50, 58
51, 57
51, 57
51, 57
51, 57
45, 80
45, 80
45, 79
45, 78
45, 77
45, 76
45, 75
45, 75
45, 74
45, 74
49, 59
50, 60
50, 60
51, 60
51, 60
52, 60
53, 60
53, 60
47, 55
46, 54
45, 53
44, 52
43, 52
42, 52
41, 52
41, 52
41, 52
45, 63
45, 63
44, 62
44, 60
45, 59
46, 58
47, 57
48, 56
49, 55
50, 54
49, 53
48, 52
48, 52
48, 52
47, 51
47, 51
47, 51
43, 56
44, 55
45, 54
46, 53
47, 52
47, 52
46, 57
47, 57
48, 58
47, 57
46, 57
47, 56
47, 55
47, 55
24, 74
25, 74
26, 74
26, 73
27, 73
27, 72
28, 73
28, 74
27, 74
28, 74
28, 74
54, 59
54, 60
55, 59
54, 60
55, 61
55, 62
55, 61
56, 60
55, 60
55, 60
52, 60
53, 60
54, 60
53, 59
54, 58
54, 59
53, 59
53, 59
50, 56
49, 56
48, 55
47, 56
47, 55
46, 56
46, 56
46, 74
45, 74
46, 74
46, 73
46, 72
46, 71
47, 70
48, 69
49, 69
49, 69
46, 55
46, 54
46, 53
47, 52
46, 51
47, 52
46, 51
47, 50
48, 49
48, 49
46, 78
47, 79
47, 78
48, 79
47, 80
48, 79
49, 79
48, 80
48, 80
64, 86
65, 87
64, 88
64, 87
63, 86
63, 87
62, 86
61, 87
61, 87
42, 54
42, 53
41, 52
40, 51
39, 51
40, 51
39, 50
40, 51
39, 52
40, 51
40, 51
45, 78
44, 77
45, 78
46, 78
47, 77
47, 78
46, 79
46, 79
45, 75
46, 75
46, 76
47, 76
47, 75
48, 75
49, 74
48, 74
48, 74
52, 65
51, 66
52, 65
52, 64
51, 65
50, 66
50, 67
49, 67
49, 68
48, 69
48, 69
51, 48
52, 47
51, 46
50, 47
49, 48
48, 47
49, 46
48, 45
47, 45
48, 45
48, 45
44, 47
44, 48
44, 49
43, 49
43, 48
42, 47
41, 47
41, 47
55, 81
56, 81
56, 82
56, 81
57, 80
56, 79
56, 79
42, 68
43, 68
42, 69
41, 70
41, 69
42, 70
42, 71
41, 70
42, 69
42, 68
42, 68
42, 64
43, 65
44, 64
43, 65
42, 66
42, 67
43, 68
42, 69
42, 69
40, 52
41, 51
40, 50
39, 50
38, 49
37, 50
37, 51
38, 52
37, 52
37, 52
46, 51
45, 51
44, 50
45, 49
44, 50
43, 49
43, 49
48, 52
49, 52
50, 53
49, 54
49, 55
49, 54
48, 55
48, 54
49, 55
49, 55
57, 55
57, 54
57, 55
58, 56
58, 57
57, 58
58, 57
58, 56
58, 56
54, 58
53, 58
54, 58
53, 58
52, 59
53, 58
53, 59
53, 59
47, 56
46, 56
47, 57
47, 58
47, 57
47, 57
47, 49
46, 48
45, 48
44, 49
44, 48
45, 47
46, 47
46, 46
47, 46
47, 46
47, 80
47, 81
46, 81
46, 82
47, 81
47, 81
27, 75
26, 74
25, 75
24, 76
25, 76
25, 76
50, 68
51, 68
52, 67
51, 67
52, 68
52, 68
55, 79
54, 80
53, 80
52, 81
51, 80
51, 80
41, 70
42, 69
43, 69
43, 68
44, 69
44, 69
41, 68
40, 67
41, 66
40, 65
39, 66
39, 66
47, 45
46, 45
46, 44
46, 45
46, 46
45, 47
46, 48
47, 48
46, 47
45, 47
45, 47
47, 79
47, 78
46, 79
47, 80
48, 80
47, 80
48, 80
49, 79
50, 79
50, 79
41, 50
41, 51
42, 50
41, 49
41, 48
42, 49
42, 48
43, 48
43, 48
42, 47
43, 48
44, 49
43, 48
44, 47
44, 48
44, 48
57, 57
57, 58
58, 57
57, 57
56, 58
55, 57
55, 58
55, 57
55, 56
54, 55
54, 55
38, 51
39, 52
40, 51
41, 52
40, 51
40, 52
40, 51
41, 51
42, 52
42, 52
55, 61
56, 61
57, 61
57, 60
56, 59
57, 58
57, 58
42, 48
42, 49
42, 48
43, 47
44, 48
44, 48
47, 75
46, 75
47, 76
48, 76
49, 76
50, 76
51, 77
52, 76
51, 77
51, 76
51, 76
48, 70
49, 71
50, 72
49, 71
48, 71
48, 71
47, 57
46, 57
47, 58
48, 58
48, 59
47, 58
48, 58
47, 57
47, 58
47, 59
47, 59
48, 54
47, 53
46, 52
47, 53
46, 53
45, 54
46, 55
46, 55
62, 86
61, 85
62, 84
62, 83
61, 82
60, 83
60, 84
60, 84
46, 54
47, 53
46, 52
46, 53
46, 52
46, 52
46, 81
46, 82
47, 82
46, 82
47, 82
48, 82
47, 83
48, 83
49, 83
49, 83
53, 69
54, 70
54, 71
54, 70
53, 69
52, 69
51, 69
51, 68
50, 67
50, 67
49, 70
48, 69
49, 68
48, 69
49, 69
50, 69
50, 69
48, 60
49, 59
49, 58
49, 59
50, 60
50, 60
26, 76
26, 77
25, 78
24, 77
23, 76
24, 77
23, 78
23, 79
23, 78
23, 78
60, 85
59, 86
60, 87
61, 87
62, 87
62, 87
43, 49
44, 50
43, 51
42, 52
41, 53
40, 53
40, 53
42, 49
42, 48
41, 47
42, 48
42, 47
41, 48
41, 47
40, 47
40, 47
53, 58
54, 57
55, 56
56, 56
55, 57
54, 58
53, 59
53, 58
53, 58
40, 66
39, 66
38, 67
37, 68
38, 68
37, 68
37, 68
49, 78
49, 77
49, 78
49, 77
50, 78
49, 77
50, 78
51, 79
51, 79
48, 58
48, 59
47, 58
47, 57
47, 58
47, 58
43, 49
43, 48
42, 48
43, 47
44, 48
43, 49
42, 49
42, 49
48, 47
48, 48
48, 49
47, 48
46, 49
45, 50
44, 49
45, 48
44, 48
45, 49
45, 49
53, 55
52, 55
53, 54
54, 54
53, 54
53, 54
58, 59
57, 59
56, 58
56, 59
56, 60
56, 59
55, 60
55, 60
44, 47
45, 48
44, 49
43, 48
43, 49
42, 50
42, 49
41, 50
41, 50
41, 52
40, 52
41, 51
42, 52
41, 51
40, 50
41, 49
42, 48
42, 47
41, 47
41, 47
45, 69
45, 68
45, 69
44, 68
43, 69
44, 70
44, 71
43, 71
43, 71
52, 76
51, 75
52, 76
51, 75
51, 74
52, 74
51, 75
52, 76
52, 76
52, 79
53, 79
53, 80
53, 81
53, 80
53, 80
45, 53
46, 52
45, 51
44, 52
45, 52
45, 52
41, 53
42, 52
43, 51
44, 51
44, 50
45, 50
44, 51
44, 52
43, 52
43, 53
43, 53
53, 79
54, 78
55, 79
56, 79
55, 78
55, 79
54, 79
55, 80
55, 80
42, 71
43, 72
44, 73
43, 73
43, 72
44, 72
43, 73
43, 73
53, 77
54, 78
53, 78
53, 79
53, 80
52, 79
52, 80
52, 80
41, 49
42, 49
43, 50
44, 50
43, 50
43, 50
51, 67
50, 67
50, 66
50, 65
51, 64
51, 63
51, 63
50, 61
49, 61
48, 60
47, 59
48, 59
48, 60
49, 60
50, 60
49, 60
49, 60
41, 48
42, 47
43, 48
44, 48
45, 48
45, 47
46, 48
45, 49
46, 48
47, 49
47, 49
41, 48
42, 49
43, 50
44, 49
45, 49
45, 49
23, 79
23, 78
22, 77
21, 76
22, 77
23, 76
24, 76
24, 75
25, 75
25, 75
46, 49
45, 49
46, 48
46, 47
47, 48
48, 49
48, 49
51, 78
52, 79
53, 79
54, 78
53, 78
53, 78
47, 59
48, 58
47, 58
47, 59
48, 60
47, 59
48, 58
47, 58
47, 58
51, 68
52, 69
51, 70
52, 69
51, 68
51, 68
61, 87
61, 86
62, 85
62, 84
62, 85
63, 86
64, 85
63, 84
62, 83
61, 84
61, 84
56, 60
55, 60
56, 61
55, 62
54, 63
55, 62
55, 62
54, 58
55, 59
54, 58
55, 58
56, 58
57, 59
58, 58
58, 58
48, 83
49, 83
50, 83
49, 82
48, 82
48, 82
53, 55
54, 56
53, 56
53, 57
52, 57
52, 57
42, 47
43, 48
42, 48
42, 49
41, 50
42, 51
41, 50
41, 49
41, 49
38, 69
39, 68
39, 67
38, 67
37, 67
38, 67
39, 68
39, 69
39, 69
49, 82
48, 82
49, 83
50, 82
50, 83
49, 84
48, 85
49, 84
49, 85
49, 85
52, 69
51, 69
50, 69
51, 69
50, 68
49, 67
49, 68
49, 68
44, 53
43, 54
43, 55
44, 54
45, 54
44, 53
43, 53
43, 53
52, 81
53, 80
53, 79
52, 78
51, 79
51, 78
50, 79
49, 79
50, 78
49, 78
49, 78
25, 76
24, 76
24, 77
23, 78
24, 77
24, 78
25, 79
24, 80
23, 79
23, 78
23, 78
43, 49
44, 48
45, 47
44, 48
43, 47
42, 48
41, 48
42, 48
42, 48
57, 57
57, 56
56, 56
57, 55
58, 56
58, 55
58, 56
57, 57
58, 58
59, 59
59, 59
40, 68
41, 67
40, 66
41, 67
40, 68
41, 67
40, 67
41, 68
41, 68
40, 49
41, 48
41, 49
40, 48
40, 47
39, 47
38, 48
38, 49
38, 49
50, 60
49, 61
50, 62
49, 61
50, 61
49, 61
50, 60
49, 61
50, 61
50, 61
46, 48
46, 49
47, 48
46, 48
47, 49
46, 49
47, 48
48, 47
47, 48
47, 48
54, 63
53, 62
52, 62
53, 63
54, 63
53, 63
54, 62
54, 61
55, 60
54, 61
54, 61
61, 85
62, 84
61, 84
62, 85
63, 85
62, 84
63, 83
64, 82
64, 82
44, 50
43, 50
43, 49
44, 50
44, 51
43, 51
44, 52
45, 51
45, 52
45, 52
54, 79
55, 78
54, 79
54, 80
55, 80
54, 80
53, 81
52, 81
52, 81
47, 57
48, 57
49, 58
48, 59
49, 60
49, 61
49, 61
51, 57
52, 58
53, 58
54, 59
54, 58
54, 58
42, 72
41, 71
42, 70
41, 70
42, 71
41, 71
41, 71
48, 48
47, 47
46, 46
47, 45
48, 44
48, 44
44, 52
43, 51
42, 51
41, 52
42, 51
43, 51
42, 51
41, 51
41, 52
41, 52
56, 79
57, 78
58, 79
57, 79
56, 78
55, 78
55, 78
51, 64
52, 65
53, 64
52, 65
53, 64
52, 65
52, 65
40, 72
40, 73
40, 74
41, 74
40, 74
39, 73
40, 74
40, 74
50, 61
50, 60
51, 60
52, 59
51, 60
51, 61
51, 61
43, 49
42, 49
43, 50
44, 51
44, 52
44, 53
45, 53
45, 54
44, 54
44, 54
47, 49
48, 50
47, 51
46, 52
47, 53
46, 52
46, 52
42, 52
43, 53
43, 54
44, 53
44, 54
45, 53
45, 53
44, 53
43, 53
43, 52
43, 51
42, 51
42, 50
43, 51
42, 50
42, 50
58, 58
57, 57
56, 56
55, 56
55, 55
55, 55
63, 82
64, 81
63, 80
63, 79
64, 80
65, 79
65, 80
65, 80
55, 60
55, 59
55, 60
55, 61
55, 62
56, 63
56, 63
42, 68
43, 69
42, 69
41, 68
40, 68
40, 68
56, 79
55, 80
54, 79
53, 79
53, 78
53, 77
52, 78
53, 79
54, 79
54, 78
54, 78
51, 65
52, 66
51, 66
51, 65
50, 65
51, 64
51, 65
51, 65
51, 60
52, 61
52, 60
53, 60
52, 59
53, 59
54, 60
54, 60
50, 84
49, 84
50, 84
51, 84
52, 85
52, 86
52, 86
54, 59
55, 58
56, 57
55, 57
54, 58
55, 58
56, 57
57, 56
58, 56
58, 56
39, 50
38, 49
38, 48
39, 48
38, 47
39, 48
38, 47
37, 46
37, 47
36, 47
36, 47
42, 54
41, 53
40, 53
39, 53
40, 52
41, 51
40, 52
40, 52
49, 79
48, 78
49, 78
48, 79
48, 78
48, 78
52, 80
51, 79
51, 80
52, 81
51, 80
50, 79
49, 79
49, 78
49, 79
49, 79
24, 79
23, 78
22, 79
22, 78
22, 77
23, 78
24, 78
24, 79
24, 79
49, 67
50, 67
49, 66
49, 65
48, 64
47, 64
47, 64
47, 45
48, 44
47, 44
48, 45
47, 46
48, 45
49, 46
49, 45
49, 45
48, 80
47, 79
46, 80
45, 79
45, 78
45, 79
45, 79
46, 65
45, 65
45, 64
45, 63
44, 62
43, 63
42, 63
42, 63
57, 63
57, 62
58, 62
57, 61
56, 62
57, 63
57, 64
58, 65
58, 64
57, 63
57, 63
56, 54
55, 54
55, 53
56, 53
56, 54
57, 55
58, 55
58, 55
49, 77
48, 76
48, 75
49, 74
48, 75
47, 74
46, 73
47, 72
47, 73
48, 73
48, 73
41, 75
40, 74
40, 73
40, 72
41, 71
40, 72
40, 71
41, 70
40, 69
40, 69
23, 78
22, 78
22, 77
23, 76
23, 75
22, 75
23, 74
23, 74
46, 52
45, 53
44, 54
43, 54
43, 53
44, 54
45, 54
44, 54
43, 53
44, 53
44, 53
43, 55
42, 56
42, 57
43, 56
44, 55
43, 55
43, 56
42, 56
42, 55
42, 55
45, 53
46, 54
47, 53
48, 53
48, 54
49, 53
49, 54
50, 54
50, 54
52, 62
53, 61
52, 62
53, 61
52, 62
53, 62
53, 62
55, 79
56, 80
57, 80
58, 80
59, 79
58, 78
58, 78
54, 59
55, 60
54, 61
53, 62
53, 63
52, 62
52, 62
64, 80
65, 81
66, 81
65, 82
64, 83
64, 83
51, 86
50, 87
51, 86
50, 85
49, 86
48, 85
47, 85
46, 86
45, 85
46, 86
46, 86
43, 49
44, 49
43, 50
44, 50
43, 51
43, 51
40, 53
40, 54
39, 53
40, 52
39, 53
38, 54
38, 53
38, 53
48, 45
49, 46
48, 47
49, 47
48, 48
48, 47
49, 47
49, 47
36, 46
35, 45
36, 46
35, 47
36, 47
37, 48
37, 49
38, 50
39, 51
38, 50
38, 50
40, 67
39, 68
39, 69
40, 70
40, 71
40, 71
50, 64
51, 65
51, 66
52, 66
52, 65
52, 66
51, 66
52, 66
51, 66
51, 66
58, 55
58, 56
58, 55
57, 54
58, 55
58, 54
58, 54
46, 85
46, 86
47, 86
48, 87
47, 88
46, 88
47, 88
46, 88
45, 87
46, 86
46, 86
43, 53
43, 54
42, 54
43, 53
43, 54
44, 55
43, 54
42, 55
42, 55
48, 74
47, 75
47, 74
48, 74
47, 74
47, 74
42, 51
41, 51
42, 51
41, 50
41, 49
41, 48
40, 49
41, 49
41, 49
51, 65
50, 66
51, 67
50, 68
51, 69
52, 69
53, 69
53, 69
50, 46
51, 46
52, 46
51, 47
51, 48
51, 49
50, 50
50, 50
51, 53
52, 54
51, 55
51, 54
51, 53
52, 52
52, 53
51, 54
51, 54
53, 61
53, 62
53, 63
54, 62
53, 63
54, 62
54, 62
51, 61
51, 60
52, 59
52, 60
53, 60
53, 60
37, 54
38, 55
37, 55
38, 55
37, 55
37, 56
38, 57
37, 58
37, 58
58, 56
58, 55
57, 56
58, 56
58, 57
57, 58
58, 58
58, 58
40, 70
39, 71
39, 72
39, 71
39, 70
39, 70
57, 54
56, 55
57, 54
58, 54
57, 53
56, 54
56, 54
64, 84
64, 85
63, 85
64, 86
63, 85
63, 84
64, 83
64, 82
65, 83
65, 83
43, 63
44, 62
45, 63
44, 63
43, 63
44, 64
45, 64
44, 64
44, 64
59, 79
58, 78
59, 77
60, 76
60, 75
61, 76
61, 76
41, 55
42, 56
41, 55
41, 56
41, 55
42, 55
43, 55
43, 55
23, 75
23, 76
24, 76
23, 77
23, 78
24, 78
24, 78
39, 72
38, 73
39, 72
40, 73
39, 72
39, 72
58, 62
58, 61
57, 60
58, 61
57, 60
57, 60
39, 50
39, 51
40, 50
41, 49
42, 48
42, 48
46, 79
45, 78
46, 77
45, 78
45, 77
46, 77
46, 78
46, 77
46, 76
46, 76
40, 49
39, 50
38, 51
37, 52
36, 52
37, 53
37, 53
36, 58
37, 57
36, 58
37, 58
38, 58
38, 57
38, 58
37, 57
38, 58
38, 58
53, 59
53, 58
52, 57
53, 57
52, 57
51, 56
51, 56
41, 56
42, 57
42, 56
42, 55
41, 55
41, 56
42, 56
43, 55
44, 54
45, 53
45, 53
23, 79
22, 80
21, 79
21, 80
20, 79
20, 79
47, 86
48, 85
49, 84
49, 85
50, 86
49, 87
50, 86
51, 87
51, 87
40, 69
39, 68
40, 67
41, 66
40, 66
40, 67
40, 66
41, 65
42, 66
41, 67
41, 67
56, 59
55, 59
55, 60
54, 59
55, 59
55, 59
65, 84
65, 85
66, 84
65, 84
65, 83
64, 84
63, 84
64, 83
65, 82
66, 81
66, 81
55, 55
56, 56
56, 55
55, 54
55, 53
56, 53
56, 54
55, 53
55, 53
53, 68
54, 68
53, 68
54, 69
54, 70
55, 69
54, 68
54, 68
46, 75
47, 76
48, 77
48, 78
49, 79
48, 78
49, 77
50, 76
49, 75
49, 75
44, 63
44, 62
45, 62
44, 63
44, 62
45, 63
46, 64
47, 64
46, 65
45, 66
45, 66
50, 54
49, 55
49, 56
50, 57
51, 56
50, 56
51, 56
52, 56
51, 56
51, 56
40, 72
40, 73
41, 72
40, 72
40, 71
41, 71
41, 71
54, 61
55, 62
55, 63
55, 64
54, 64
53, 63
54, 64
54, 65
54, 65
50, 51
50, 52
49, 53
50, 54
50, 53
49, 52
49, 53
49, 54
50, 55
50, 55
60, 75
60, 76
59, 76
60, 75
59, 76
58, 75
58, 76
57, 75
56, 75
56, 75
45, 76
44, 76
43, 76
43, 77
43, 76
43, 76
44, 54
44, 55
44, 54
43, 55
42, 56
41, 57
40, 56
40, 56
43, 49
42, 48
41, 49
42, 49
41, 50
41, 49
41, 49
57, 58
58, 58
59, 58
60, 59
61, 60
62, 59
62, 58
61, 58
60, 59
60, 58
60, 58
56, 58
55, 57
56, 56
55, 55
54, 55
55, 54
55, 54
51, 86
50, 86
51, 87
52, 88
51, 87
51, 86
52, 86
53, 87
53, 86
53, 86
41, 57
40, 56
40, 55
40, 54
39, 53
38, 52
37, 51
37, 50
37, 51
36, 50
36, 50
56, 53
57, 54
57, 53
56, 53
55, 53
55, 54
56, 54
57, 55
58, 54
57, 54
57, 54
44, 52
43, 53
42, 53
43, 53
42, 53
41, 52
41, 52
42, 48
43, 48
44, 47
45, 47
46, 46
47, 46
47, 46
66, 82
67, 83
67, 84
66, 84
67, 83
68, 82
68, 83
68, 82
67, 81
66, 81
66, 81
21, 80
21, 79
21, 80
21, 79
22, 80
22, 79
22, 79
48, 75
49, 75
48, 76
49, 77
49, 78
50, 78
49, 79
49, 79
51, 57
52, 57
51, 57
51, 56
51, 55
50, 54
50, 55
50, 55
51, 55
50, 54
51, 53
50, 53
51, 52
51, 52
53, 64
52, 65
51, 65
52, 66
51, 67
51, 67
41, 70
42, 69
42, 68
41, 68
42, 67
42, 68
42, 67
43, 67
44, 68
43, 68
43, 68
53, 67
53, 66
53, 67
54, 67
53, 67
53, 67
60, 57
61, 56
61, 57
61, 58
62, 57
62, 58
62, 58
44, 65
43, 66
42, 66
43, 66
43, 65
44, 65
44, 65
39, 57
40, 56
40, 55
41, 55
42, 56
41, 57
42, 56
42, 56
57, 76
57, 75
56, 75
55, 74
54, 75
54, 76
54, 76
37, 52
38, 51
37, 51
38, 50
39, 49
40, 48
40, 48
49, 56
49, 55
50, 56
51, 55
52, 56
53, 55
53, 56
53, 56
40, 68
40, 69
40, 70
41, 71
42, 70
41, 69
40, 70
39, 70
39, 71
39, 71
43, 75
42, 75
41, 76
40, 76
41, 77
40, 77
40, 76
41, 77
41, 78
40, 77
40, 77
41, 77
40, 77
39, 76
40, 77
39, 78
38, 78
38, 78
39, 72
40, 72
41, 73
40, 74
41, 74
42, 73
43, 74
42, 73
42, 73
35, 49
34, 49
33, 49
33, 48
32, 48
31, 49
31, 50
30, 49
29, 50
30, 49
30, 49
56, 54
55, 53
54, 53
53, 54
52, 54
53, 54
52, 54
52, 53
52, 53
51, 51
51, 52
50, 51
49, 52
48, 51
49, 52
49, 51
49, 51
49, 78
48, 78
49, 79
50, 79
51, 78
51, 79
51, 79
67, 81
68, 80
69, 79
68, 80
69, 80
68, 80
69, 81
68, 82
69, 81
69, 82
69, 82
50, 66
49, 65
50, 65
50, 64
51, 63
50, 64
51, 64
50, 65
49, 66
50, 66
50, 66
54, 55
53, 55
53, 54
53, 55
52, 55
52, 56
53, 55
54, 54
54, 54
42, 67
43, 68
43, 69
44, 69
44, 68
45, 67
45, 68
45, 68
43, 64
42, 64
41, 65
42, 66
41, 65
40, 65
40, 66
41, 66
41, 65
40, 65
40, 65
39, 49
40, 48
40, 49
40, 50
39, 49
40, 50
40, 49
40, 49
54, 86
53, 87
53, 88
54, 89
55, 90
54, 91
54, 91
48, 45
47, 44
46, 43
45, 44
44, 44
45, 43
44, 43
45, 43
45, 44
44, 45
44, 45
40, 53
39, 54
38, 55
37, 54
37, 53
38, 53
39, 52
39, 52
61, 59
61, 60
62, 61
61, 60
62, 60
61, 59
61, 59
21, 79
22, 78
22, 77
22, 78
23, 77
23, 77
49, 55
48, 56
49, 57
49, 58
48, 57
47, 56
47, 56
52, 68
53, 69
52, 69
52, 68
51, 68
50, 69
51, 69
51, 69
42, 55
42, 54
42, 55
41, 56
42, 57
41, 57
41, 56
40, 55
41, 54
41, 55
41, 55
55, 77
54, 77
54, 78
55, 79
54, 79
55, 78
55, 77
55, 77
55, 55
56, 54
55, 53
54, 53
53, 54
53, 54
55, 91
54, 91
55, 90
54, 89
55, 89
54, 88
53, 88
52, 88
51, 87
51, 86
51, 86
53, 54
52, 53
53, 54
53, 55
52, 54
53, 55
53, 55
50, 69
50, 70
49, 69
50, 68
51, 69
50, 70
51, 71
52, 70
53, 69
53, 69
24, 78
24, 77
23, 76
22, 77
23, 76
24, 76
25, 76
26, 77
26, 77
50, 52
49, 52
48, 51
47, 50
46, 49
47, 50
47, 50
40, 53
41, 53
41, 54
40, 53
40, 54
39, 53
40, 52
41, 53
41, 53
60, 58
60, 57
61, 58
62, 59
63, 60
63, 61
63, 62
64, 62
65, 62
65, 62
30, 48
31, 49
30, 48
31, 48
30, 48
30, 47
29, 47
28, 47
28, 48
28, 48
45, 45
46, 45
47, 45
46, 44
45, 45
46, 45
45, 45
45, 45
43, 72
43, 71
43, 70
43, 69
44, 69
43, 68
44, 67
44, 67
39, 77
40, 77
40, 78
39, 77
38, 76
37, 75
38, 75
39, 75
39, 76
39, 77
39, 77
55, 76
56, 75
57, 76
56, 76
57, 75
56, 74
56, 75
56, 76
55, 76
54, 75
54, 75
39, 50
38, 50
38, 49
39, 48
40, 48
39, 48
39, 48
68, 82
69, 83
69, 82
70, 82
71, 82
70, 82
69, 82
68, 82
69, 83
69, 83
40, 64
41, 64
42, 65
42, 64
41, 64
41, 64
51, 54
52, 54
52, 53
53, 52
54, 51
54, 50
53, 50
53, 50
48, 55
48, 56
48, 55
49, 56
49, 55
48, 55
47, 55
48, 55
48, 56
47, 57
47, 57
50, 67
51, 66
50, 66
51, 65
52, 66
51, 67
50, 66
51, 67
50, 68
50, 68
40, 56
40, 57
39, 57
40, 57
41, 56
41, 56
52, 53
51, 53
50, 52
50, 53
51, 53
52, 52
51, 51
52, 51
52, 52
52, 52
50, 78
51, 78
50, 77
49, 78
48, 79
47, 78
46, 79
45, 80
44, 79
45, 80
45, 80
45, 67
44, 68
45, 68
46, 68
45, 67
45, 68
45, 68
42, 64
41, 64
42, 64
43, 63
42, 64
42, 63
41, 62
40, 62
40, 62
45, 68
46, 67
46, 68
47, 69
46, 70
45, 69
44, 69
44, 69
26, 78
26, 77
26, 78
26, 77
25, 78
24, 79
24, 78
24, 77
23, 78
23, 78
54, 50
53, 51
52, 50
53, 51
52, 50
51, 51
51, 51
38, 48
38, 47
39, 48
38, 49
38, 50
37, 51
38, 52
39, 52
39, 52
70, 82
70, 83
71, 82
71, 81
72, 81
72, 81
39, 78
38, 77
39, 76
40, 75
41, 74
40, 74
40, 75
39, 76
38, 77
38, 77
46, 67
46, 66
45, 66
45, 65
45, 66
44, 67
43, 68
42, 68
42, 68
40, 52
40, 53
40, 54
41, 54
41, 55
42, 54
41, 55
42, 54
42, 55
42, 55
51, 67
50, 68
50, 69
51, 70
51, 71
51, 71
53, 76
52, 75
52, 76
53, 76
54, 75
54, 76
54, 76
40, 57
39, 56
39, 55
39, 54
39, 53
40, 53
40, 52
39, 51
39, 50
40, 49
40, 49
53, 53
53, 52
53, 51
52, 51
52, 52
51, 52
51, 51
50, 50
49, 50
49, 50
48, 58
47, 59
47, 58
48, 59
49, 58
50, 59
50, 59
66, 63
65, 63
66, 63
65, 63
64, 62
65, 61
65, 61
52, 70
53, 71
52, 72
53, 72
53, 73
53, 74
53, 75
53, 76
52, 77
51, 77
51, 77
29, 47
28, 48
28, 49
29, 48
29, 49
28, 50
29, 50
28, 51
28, 51
48, 50
47, 51
46, 52
45, 53
46, 52
46, 52
50, 85
49, 86
48, 85
49, 85
50, 85
51, 85
50, 84
50, 84
46, 46
47, 45
47, 46
46, 46
46, 45
46, 45
44, 79
44, 78
43, 77
44, 76
45, 77
44, 78
44, 78
52, 54
51, 54
50, 55
49, 55
48, 56
48, 57
49, 57
50, 58
50, 59
50, 59
54, 77
55, 76
55, 77
55, 76
54, 75
54, 76
53, 75
53, 74
54, 73
54, 73
41, 62
40, 62
39, 61
38, 62
37, 62
36, 62
37, 61
36, 60
36, 60
50, 71
50, 72
49, 71
50, 72
49, 72
50, 73
51, 72
50, 72
50, 73
51, 74
51, 74
40, 53
41, 52
41, 53
42, 53
42, 54
43, 53
43, 53
43, 78
44, 79
45, 78
44, 78
45, 78
46, 79
45, 78
45, 78
39, 76
39, 75
38, 74
37, 74
37, 73
37, 73
41, 50
42, 51
41, 50
42, 49
41, 48
40, 49
39, 49
38, 49
37, 49
36, 48
36, 48
42, 67
41, 66
42, 67
41, 67
40, 66
39, 65
39, 65
50, 49
51, 48
51, 47
50, 46
50, 45
50, 45
43, 70
43, 71
42, 71
41, 70
40, 71
41, 71
40, 70
39, 70
40, 69
40, 69
51, 50
51, 51
51, 50
52, 49
53, 48
52, 49
52, 50
52, 50
50, 60
49, 59
50, 59
51, 60
50, 59
49, 60
48, 60
48, 60
27, 51
26, 51
27, 51
27, 50
26, 49
26, 49
43, 56
42, 57
41, 57
40, 57
41, 56
41, 57
42, 57
43, 57
42, 57
42, 57
49, 84
50, 85
49, 84
50, 85
50, 84
51, 83
51, 83
64, 62
63, 62
63, 63
62, 62
62, 61
62, 62
62, 62
45, 44
46, 44
47, 45
48, 46
49, 45
50, 44
50, 43
51, 43
51, 44
52, 45
52, 45
71, 82
70, 82
71, 81
71, 80
70, 79
70, 78
71, 77
70, 78
71, 77
72, 76
72, 76
52, 77
53, 76
52, 75
52, 76
52, 77
52, 76
52, 76
49, 60
49, 59
49, 60
49, 61
50, 62
51, 61
52, 60
52, 60
22, 77
23, 78
24, 77
25, 78
24, 79
23, 78
24, 79
24, 79
47, 52
47, 53
46, 52
47, 52
48, 52
49, 52
50, 51
49, 51
48, 50
48, 50
51, 60
51, 59
52, 59
52, 60
53, 60
54, 59
53, 60
53, 61
54, 61
54, 61
51, 82
50, 83
51, 84
50, 85
49, 85
49, 85
49, 49
50, 48
51, 47
52, 47
51, 46
50, 45
51, 44
52, 43
51, 42
51, 42
43, 57
43, 56
44, 56
44, 55
45, 54
46, 53
46, 53
49, 59
48, 60
49, 61
50, 60
51, 61
52, 60
52, 61
53, 60
53, 60
61, 61
62, 62
61, 63
60, 64
59, 64
59, 63
59, 63
51, 46
52, 46
52, 47
53, 46
53, 45
53, 46
52, 47
52, 47
41, 70
40, 70
39, 70
39, 69
38, 70
39, 71
38, 71
39, 70
38, 71
38, 71
44, 53
43, 54
44, 53
45, 54
45, 53
45, 53
38, 74
37, 73
38, 73
38, 72
37, 72
38, 71
37, 71
38, 72
39, 72
40, 71
40, 71
26, 48
25, 49
25, 50
26, 50
26, 49
25, 50
25, 49
24, 49
24, 48
24, 48
54, 74
55, 74
56, 75
55, 76
56, 75
55, 74
55, 73
55, 73
51, 50
50, 51
51, 51
52, 50
53, 49
54, 48
53, 47
52, 48
53, 47
53, 47
50, 44
51, 44
50, 45
49, 46
49, 45
48, 46
49, 46
49, 46
53, 76
52, 77
53, 78
53, 77
52, 78
51, 79
52, 80
52, 79
52, 79
40, 65
40, 66
41, 67
42, 68
41, 68
40, 68
41, 68
41, 68
35, 59
34, 59
35, 59
34, 58
35, 57
35, 56
35, 57
35, 57
37, 47
37, 46
38, 47
37, 48
36, 49
35, 48
36, 47
37, 46
38, 47
38, 47
50, 74
51, 74
51, 75
51, 76
52, 75
52, 76
52, 75
51, 74
50, 75
51, 74
51, 74
71, 77
72, 78
73, 79
73, 78
72, 77
71, 77
71, 78
70, 78
71, 78
70, 79
70, 79
25, 79
26, 78
25, 79
26, 80
25, 80
26, 80
27, 79
27, 80
26, 81
27, 80
27, 80
44, 79
43, 80
44, 79
44, 80
43, 81
43, 81
52, 75
51, 76
52, 77
52, 78
53, 78
52, 78
51, 77
50, 76
50, 76
44, 80
43, 79
43, 80
43, 81
44, 80
43, 79
44, 80
44, 79
44, 79
71, 79
72, 80
73, 81
72, 81
72, 80
72, 81
71, 81
72, 82
72, 82
40, 68
41, 69
40, 70
40, 71
39, 70
39, 70
26, 81
27, 80
26, 80
25, 79
25, 80
25, 79
25, 78
24, 78
23, 79
24, 78
24, 78
53, 62
53, 61
53, 60
54, 61
53, 62
54, 63
55, 64
56, 64
56, 65
55, 65
55, 65
58, 64
58, 65
58, 64
59, 63
58, 62
59, 62
59, 62
53, 79
52, 78
51, 78
50, 77
49, 76
48, 76
47, 76
48, 75
47, 75
47, 75
37, 48
37, 49
38, 48
37, 49
36, 50
35, 50
34, 50
35, 49
34, 49
34, 49
50, 42
51, 41
52, 41
51, 40
51, 41
51, 40
50, 40
49, 41
48, 40
47, 41
47, 41
34, 58
33, 58
34, 59
33, 60
34, 59
33, 60
34, 61
33, 62
34, 62
34, 62
52, 60
52, 61
52, 62
53, 61
52, 62
52, 62
38, 72
37, 72
36, 71
37, 70
36, 71
36, 70
37, 69
37, 68
37, 68
47, 53
47, 52
46, 52
47, 51
46, 52
46, 52
45, 52
44, 51
45, 52
44, 52
44, 51
44, 52
44, 53
43, 53
42, 52
41, 53
41, 53
50, 84
50, 83
49, 84
50, 83
51, 83
50, 83
50, 83
54, 74
54, 73
53, 73
52, 74
53, 73
54, 74
54, 74
48, 47
49, 46
50, 46
51, 46
50, 47
51, 48
51, 48
53, 46
54, 47
54, 46
53, 46
54, 46
53, 45
53, 44
53, 45
54, 44
54, 44
24, 49
23, 50
24, 49
23, 48
24, 47
23, 48
22, 49
22, 49
40, 70
41, 71
41, 70
40, 69
41, 70
41, 71
42, 70
42, 69
42, 69
52, 46
53, 46
53, 47
52, 47
51, 46
52, 47
52, 46
51, 45
52, 44
53, 45
53, 45
23, 79
22, 80
21, 80
20, 79
21, 80
22, 80
21, 79
22, 79
23, 79
23, 79
52, 61
51, 60
51, 61
52, 60
53, 61
52, 61
52, 61
51, 47
51, 46
52, 46
53, 47
54, 48
54, 47
54, 47
51, 76
50, 77
50, 78
50, 79
49, 78
50, 79
49, 79
50, 79
49, 78
49, 77
49, 77
54, 65
54, 66
55, 66
55, 67
54, 66
53, 65
53, 66
53, 65
54, 65
54, 65
34, 63
33, 63
33, 64
33, 65
34, 65
33, 65
33, 65
58, 63
59, 62
60, 61
61, 60
60, 59
61, 59
62, 59
61, 58
61, 59
60, 59
60, 59
53, 45
52, 45
52, 46
52, 45
53, 45
52, 44
51, 43
52, 44
52, 45
52, 45
38, 69
38, 68
37, 68
38, 67
39, 67
39, 66
39, 67
38, 68
38, 69
39, 68
39, 68
55, 73
56, 72
55, 73
56, 73
56, 74
57, 73
57, 72
57, 73
58, 72
58, 71
58, 71
54, 45
53, 46
53, 47
54, 46
55, 46
56, 46
56, 45
57, 44
56, 45
56, 45
22, 48
21, 49
22, 48
23, 49
24, 50
24, 49
24, 49
73, 81
72, 80
71, 80
71, 81
70, 80
70, 80
43, 80
44, 79
43, 80
44, 79
44, 78
44, 79
44, 79
38, 68
37, 69
37, 70
36, 69
36, 70
35, 69
35, 68
35, 67
35, 67
42, 54
43, 55
42, 55
41, 56
42, 56
41, 56
42, 56
42, 56
42, 68
42, 67
41, 67
42, 68
41, 69
40, 68
41, 67
40, 66
40, 66
45, 52
44, 53
45, 52
45, 53
44, 54
43, 53
44, 53
44, 53
47, 42
47, 43
47, 42
46, 42
47, 42
46, 41
46, 41
35, 50
34, 49
35, 50
36, 51
37, 51
37, 50
38, 50
38, 49
37, 48
37, 48
48, 75
47, 75
46, 74
46, 73
47, 74
46, 75
46, 75
51, 83
52, 83
51, 83
51, 84
51, 83
52, 84
53, 84
53, 85
54, 86
54, 87
54, 87
69, 79
69, 80
69, 81
70, 81
69, 81
69, 80
69, 80
52, 44
51, 43
52, 42
51, 42
50, 41
49, 41
50, 40
49, 39
48, 38
48, 38
43, 57
42, 56
41, 56
42, 57
43, 56
44, 55
44, 54
44, 54
48, 77
49, 76
49, 77
48, 78
49, 78
48, 78
47, 78
47, 78
51, 61
50, 62
51, 62
51, 61
52, 62
51, 61
50, 61
51, 62
52, 62
52, 61
52, 61
55, 87
55, 88
55, 89
56, 89
55, 89
55, 90
54, 89
54, 89
58, 70
57, 71
58, 71
59, 70
60, 69
59, 68
59, 67
58, 66
58, 66
54, 48
53, 48
52, 47
53, 47
52, 47
52, 47
24, 48
25, 48
26, 48
27, 49
27, 48
28, 47
29, 48
28, 48
27, 47
27, 46
27, 46
55, 64
56, 65
56, 66
57, 66
57, 65
58, 64
59, 65
59, 64
58, 64
58, 64
24, 78
24, 77
23, 77
22, 77
23, 78
22, 77
22, 78
21, 79
21, 80
22, 79
22, 79
36, 68
37, 69
38, 70
39, 70
39, 69
38, 70
39, 71
39, 71
45, 54
46, 54
47, 55
48, 56
49, 57
49, 58
49, 58
38, 68
39, 67
39, 68
38, 67
37, 67
38, 68
39, 68
40, 68
40, 68
34, 65
34, 66
35, 66
35, 67
36, 68
37, 68
36, 69
36, 69
47, 75
46, 75
45, 74
46, 73
47, 73
47, 73
46, 42
45, 42
44, 43
44, 44
45, 44
45, 44
59, 59
58, 58
59, 57
58, 58
58, 57
58, 57
43, 80
42, 80
43, 80
42, 79
42, 78
43, 78
44, 78
44, 78
38, 49
38, 50
37, 50
37, 49
38, 50
38, 50
56, 44
57, 43
58, 42
58, 43
59, 42
60, 41
60, 41
41, 67
41, 68
42, 68
42, 67
43, 67
44, 68
45, 67
46, 68
47, 68
47, 68
48, 79
47, 80
46, 79
46, 78
45, 77
46, 78
47, 78
48, 78
49, 77
50, 78
50, 78
48, 58
47, 59
47, 58
48, 58
47, 57
48, 58
48, 58
48, 67
49, 68
50, 68
50, 67
50, 68
51, 69
51, 69
52, 48
53, 48
52, 48
52, 47
51, 46
51, 46
37, 68
36, 69
36, 68
37, 68
36, 69
35, 69
35, 68
35, 68
46, 72
46, 73
47, 73
47, 72
46, 72
45, 73
45, 73
21, 79
22, 78
23, 79
23, 78
23, 79
22, 79
23, 78
23, 78
59, 42
60, 41
59, 41
60, 40
59, 39
60, 38
61, 37
62, 37
62, 37
45, 77
46, 77
47, 78
48, 78
49, 77
49, 77
57, 67
56, 67
57, 66
56, 65
55, 66
55, 67
56, 66
55, 67
54, 66
55, 65
55, 65
53, 88
54, 89
55, 90
54, 90
55, 90
55, 90
52, 62
51, 63
50, 62
50, 61
51, 62
51, 62
48, 37
49, 37
48, 38
47, 39
46, 38
47, 39
47, 39
68, 81
67, 80
67, 81
68, 82
68, 81
69, 81
70, 82
69, 83
70, 84
70, 84
44, 44
43, 43
42, 42
43, 42
44, 42
43, 41
43, 41
39, 69
40, 68
39, 69
38, 70
37, 71
38, 72
38, 71
38, 71
57, 63
57, 62
56, 61
56, 62
56, 61
56, 61
40, 72
39, 72
40, 72
41, 71
42, 70
43, 70
43, 70
59, 57
59, 58
58, 59
59, 59
58, 59
58, 59
39, 51
40, 50
39, 50
38, 51
37, 52
37, 53
36, 52
36, 52
26, 47
27, 46
26, 46
27, 47
28, 48
27, 49
28, 49
27, 50
26, 49
26, 49
45, 53
46, 53
45, 54
44, 53
45, 54
44, 55
44, 54
43, 53
43, 54
44, 54
44, 54
50, 62
51, 62
52, 62
53, 62
53, 61
53, 62
52, 63
52, 64
52, 63
52, 63
44, 41
43, 41
43, 40
44, 39
43, 40
42, 40
41, 41
42, 41
41, 41
41, 41
46, 39
47, 40
46, 40
47, 39
47, 38
48, 38
47, 38
46, 37
46, 38
46, 37
46, 37
57, 59
58, 58
57, 59
56, 58
57, 59
56, 59
56, 60
55, 59
55, 60
55, 60
55, 66
56, 66
57, 65
58, 66
57, 67
58, 66
59, 67
59, 68
59, 69
59, 69
47, 58
48, 57
47, 57
48, 58
49, 58
48, 58
47, 59
48, 59
49, 60
48, 59
48, 59
51, 45
51, 46
51, 47
51, 48
51, 49
52, 50
53, 49
53, 48
52, 48
53, 48
53, 48
44, 55
44, 56
44, 55
44, 54
45, 54
45, 53
45, 52
46, 51
47, 50
47, 50
45, 74
46, 75
47, 75
46, 76
45, 76
45, 77
45, 77
43, 69
43, 70
44, 69
43, 68
42, 67
42, 67
36, 67
36, 68
36, 67
35, 68
36, 69
35, 70
34, 71
35, 70
35, 70
24, 77
25, 76
26, 75
25, 74
26, 74
26, 73
25, 74
26, 75
26, 75
52, 69
53, 70
54, 71
53, 70
52, 69
53, 68
53, 68
62, 38
62, 37
61, 38
61, 39
61, 40
62, 39
62, 38
63, 39
63, 39
70, 85
69, 84
70, 84
70, 85
69, 86
70, 87
70, 87
55, 89
55, 90
54, 91
54, 90
53, 89
53, 90
54, 91
55, 91
54, 91
54, 90
54, 90
55, 60
54, 60
53, 61
52, 60
51, 59
52, 59
52, 59
50, 79
51, 80
51, 81
51, 82
51, 81
50, 82
51, 83
51, 83
26, 50
27, 51
27, 50
26, 50
26, 49
25, 49
25, 48
25, 47
26, 48
25, 49
25, 49
37, 71
36, 70
37, 71
37, 72
37, 71
36, 71
35, 71
36, 70
36, 70
48, 77
48, 76
47, 77
48, 77
49, 77
50, 78
50, 78
37, 53
37, 52
36, 51
36, 52
37, 51
38, 51
38, 51
71, 86
70, 85
69, 85
70, 85
69, 84
69, 84
27, 75
26, 74
26, 73
27, 73
27, 74
26, 74
25, 73
24, 74
24, 74
35, 71
34, 71
35, 70
36, 71
36, 70
37, 69
38, 68
37, 67
36, 67
36, 67
25, 48
26, 49
25, 49
26, 50
25, 51
24, 51
24, 51
36, 69
35, 68
36, 68
37, 67
38, 67
39, 66
40, 65
41, 66
42, 66
42, 66
53, 59
54, 60
53, 59
54, 59
54, 60
55, 59
56, 59
57, 59
57, 59
41, 68
40, 67
39, 68
38, 68
37, 67
38, 67
39, 67
39, 68
39, 68
52, 48
53, 48
54, 47
53, 47
53, 48
54, 47
54, 48
53, 49
52, 48
51, 47
51, 47
44, 78
44, 77
43, 77
44, 77
43, 77
43, 77
62, 40
61, 39
62, 38
63, 37
63, 36
64, 35
63, 36
63, 36
46, 51
46, 52
47, 53
47, 52
47, 53
47, 53
45, 36
46, 35
45, 34
44, 33
45, 33
45, 33
54, 69
54, 68
53, 69
54, 68
54, 69
55, 68
56, 69
57, 70
56, 71
56, 71
54, 89
55, 89
54, 90
55, 91
55, 90
54, 90
54, 89
54, 88
54, 89
53, 90
53, 90
50, 79
49, 79
49, 80
48, 79
47, 79
47, 80
47, 80
48, 60
49, 60
49, 59
50, 58
51, 57
51, 56
50, 56
50, 57
50, 57
51, 64
52, 63
53, 63
54, 62
53, 61
52, 62
52, 63
52, 62
53, 63
53, 63
51, 84
50, 83
49, 84
48, 84
48, 83
48, 83
56, 61
57, 61
58, 61
59, 62
60, 62
60, 62
38, 52
37, 52
37, 53
36, 52
35, 51
36, 50
35, 50
35, 49
35, 49
42, 42
43, 41
44, 41
44, 40
43, 40
43, 41
43, 41
60, 69
59, 68
60, 68
59, 68
60, 68
61, 67
60, 68
61, 67
60, 67
60, 67
60, 68
61, 67
62, 68
63, 68
64, 68
64, 69
63, 69
63, 69
62, 37
61, 36
62, 37
63, 37
62, 36
61, 37
62, 37
63, 38
63, 38
38, 67
37, 67
36, 66
37, 67
36, 67
37, 67
38, 67
38, 67
44, 76
45, 77
44, 77
45, 76
46, 76
47, 77
48, 76
48, 76
25, 50
26, 51
26, 52
25, 53
26, 52
27, 52
26, 53
27, 52
27, 52
44, 33
45, 32
45, 33
45, 34
45, 33
45, 33
35, 66
36, 65
36, 66
36, 65
35, 66
34, 66
34, 66
36, 49
35, 50
36, 51
37, 50
38, 50
39, 50
38, 50
37, 51
37, 51
57, 70
56, 70
57, 70
58, 70
58, 69
59, 68
60, 67
61, 68
61, 68
61, 63
60, 62
60, 63
61, 63
60, 62
59, 61
60, 61
61, 60
61, 60
49, 57
48, 56
47, 56
48, 56
49, 57
48, 56
48, 56
57, 58
57, 59
56, 58
56, 57
55, 57
54, 57
54, 57
41, 67
42, 66
43, 67
44, 68
43, 68
44, 68
45, 67
46, 67
46, 68
46, 68
49, 83
50, 82
51, 82
52, 81
51, 80
51, 81
51, 82
51, 81
52, 81
52, 81
25, 73
26, 74
26, 73
26, 72
25, 72
26, 72
27, 72
26, 71
26, 72
26, 71
26, 71
44, 41
43, 40
42, 39
43, 40
42, 41
43, 42
43, 42
53, 91
54, 90
54, 91
53, 90
54, 90
53, 91
53, 91
50, 48
51, 47
50, 48
49, 47
49, 48
49, 47
49, 46
50, 47
50, 46
50, 46
48, 79
47, 79
46, 79
46, 78
47, 77
47, 77
69, 85
68, 86
67, 87
66, 88
66, 87
65, 87
65, 87
47, 52
47, 51
47, 50
46, 49
45, 49
45, 49
52, 64
52, 63
53, 62
53, 63
53, 64
54, 65
54, 64
53, 63
53, 62
53, 63
53, 63
42, 42
43, 42
42, 43
41, 42
41, 41
42, 42
41, 42
41, 41
41, 41
66, 88
66, 89
65, 90
66, 91
67, 92
67, 92
53, 62
52, 62
53, 61
53, 60
52, 61
53, 61
53, 61
53, 92
54, 91
53, 90
54, 89
53, 89
53, 88
53, 89
54, 89
53, 90
54, 89
54, 89
62, 68
61, 67
60, 67
61, 66
60, 67
60, 68
61, 67
61, 68
60, 68
59, 67
59, 67
60, 67
59, 66
58, 67
58, 68
57, 69
58, 70
57, 71
58, 71
58, 70
58, 70
62, 60
61, 60
61, 61
62, 61
61, 60
62, 61
63, 61
64, 60
64, 60
38, 52
38, 53
37, 54
38, 53
39, 54
38, 55
38, 55
27, 70
27, 69
28, 70
27, 71
28, 71
27, 70
28, 71
29, 70
29, 70
45, 34
45, 33
45, 34
45, 35
46, 34
46, 33
45, 33
45, 34
46, 35
46, 36
46, 36
45, 69
44, 70
45, 69
45, 70
45, 71
44, 70
45, 71
45, 72
46, 73
46, 72
46, 72
51, 45
52, 46
53, 47
53, 48
53, 49
53, 48
53, 49
53, 49
62, 39
62, 40
61, 40
62, 39
61, 38
62, 37
63, 37
64, 36
64, 36
44, 50
43, 51
42, 50
43, 51
44, 51
43, 50
43, 50
34, 65
33, 65
34, 65
33, 66
32, 67
32, 67
48, 78
48, 77
49, 78
50, 78
50, 77
51, 76
51, 76
38, 68
38, 69
39, 69
39, 68
40, 67
40, 68
40, 68
53, 57
53, 58
52, 58
53, 59
52, 58
53, 59
53, 60
54, 60
53, 61
53, 61
52, 80
52, 79
53, 80
54, 79
54, 80
55, 81
54, 80
55, 80
54, 81
55, 81
55, 81
47, 56
48, 57
47, 58
46, 57
46, 56
46, 55
46, 56
47, 56
47, 56
48, 77
49, 78
50, 79
49, 79
48, 80
47, 79
46, 78
46, 77
47, 77
47, 77
28, 53
28, 54
27, 54
26, 53
25, 54
26, 53
25, 53
24, 53
25, 53
26, 52
26, 52
48, 57
47, 58
48, 59
49, 60
48, 60
48, 60
29, 71
29, 72
30, 71
31, 71
32, 71
31, 72
30, 72
31, 71
32, 71
33, 71
33, 71
39, 54
38, 55
37, 54
37, 55
38, 54
37, 54
38, 54
37, 53
37, 53
48, 77
48, 76
49, 76
48, 77
47, 77
47, 77
53, 88
53, 89
54, 88
55, 87
56, 88
56, 89
57, 90
58, 91
59, 91
59, 91
42, 50
42, 51
41, 51
42, 52
43, 52
42, 51
43, 50
43, 50
46, 35
45, 36
46, 35
47, 35
48, 36
49, 36
49, 36
58, 69
59, 69
60, 69
59, 69
58, 70
58, 69
58, 70
59, 70
60, 71
60, 72
60, 72
66, 91
67, 92
66, 92
66, 93
65, 94
65, 93
65, 92
65, 92
63, 35
64, 36
65, 36
64, 35
63, 36
64, 36
64, 36
53, 60
52, 61
51, 61
50, 62
51, 63
51, 63
39, 69
38, 70
39, 69
38, 70
37, 71
37, 70
37, 69
38, 69
37, 68
38, 68
38, 68
63, 59
62, 60
63, 60
62, 61
61, 60
61, 60
54, 82
55, 82
56, 83
55, 82
56, 83
56, 84
57, 85
57, 85
58, 68
58, 67
57, 67
56, 68
57, 67
57, 67
53, 50
54, 51
53, 51
52, 51
53, 51
54, 51
54, 51
53, 60
52, 61
51, 61
50, 60
49, 59
48, 59
48, 58
47, 57
47, 56
47, 56
32, 66
32, 67
31, 68
30, 69
30, 70
31, 71
31, 72
31, 71
30, 72
31, 72
31, 72
51, 75
52, 76
53, 77
54, 77
54, 78
53, 78
53, 78
41, 40
42, 39
43, 38
43, 37
44, 38
44, 39
44, 38
44, 38
25, 51
26, 52
25, 53
26, 53
25, 53
26, 53
25, 54
25, 54
45, 71
45, 70
46, 70
45, 69
44, 70
45, 70
45, 70
37, 69
37, 68
38, 68
39, 69
40, 68
40, 68
34, 72
33, 73
33, 72
34, 72
33, 72
32, 71
32, 71
50, 35
49, 34
48, 33
48, 32
48, 31
48, 32
48, 32
47, 76
47, 77
46, 78
47, 77
47, 76
46, 76
46, 77
45, 78
46, 77
47, 76
47, 76
58, 85
57, 85
56, 85
55, 84
55, 83
55, 83
30, 71
30, 72
31, 73
32, 73
33, 74
33, 75
33, 74
32, 75
32, 75
65, 91
65, 92
64, 91
65, 91
64, 92
65, 92
65, 93
64, 92
63, 91
62, 90
62, 90
43, 38
42, 37
41, 38
41, 37
40, 36
41, 37
41, 37
57, 66
58, 66
58, 65
57, 65
57, 64
58, 63
58, 63
61, 61
62, 62
62, 63
61, 64
62, 63
62, 63
48, 56
47, 55
46, 56
47, 56
47, 57
48, 56
47, 56
48, 57
47, 56
46, 55
46, 55
36, 52
36, 53
35, 53
34, 52
34, 53
34, 52
33, 53
34, 52
35, 51
35, 50
35, 50
60, 90
60, 91
60, 92
61, 91
62, 90
63, 90
63, 90
42, 51
41, 50
40, 50
40, 49
41, 49
40, 50
39, 50
39, 50
54, 78
53, 77
54, 76
54, 77
54, 78
53, 77
52, 78
52, 78
61, 72
61, 73
60, 74
61, 75
61, 76
61, 77
61, 77
49, 61
50, 60
49, 60
50, 61
49, 61
50, 60
51, 61
51, 62
51, 62
53, 51
53, 52
54, 53
53, 54
54, 55
54, 55
52, 63
53, 63
52, 63
53, 63
54, 63
55, 63
54, 64
55, 64
55, 63
55, 63
44, 69
44, 70
44, 69
45, 68
44, 68
45, 68
45, 68
63, 36
63, 35
63, 36
63, 35
62, 34
63, 33
64, 33
64, 33
24, 54
25, 54
26, 54
27, 54
28, 55
29, 54
28, 54
28, 54
59, 64
58, 64
58, 65
59, 64
58, 65
59, 64
60, 65
60, 65
56, 64
56, 65
56, 64
55, 65
55, 66
56, 67
56, 66
56, 65
56, 65
34, 49
34, 50
33, 51
33, 52
32, 51
32, 50
33, 51
34, 52
35, 52
34, 53
34, 53
40, 49
41, 49
42, 49
42, 48
43, 47
43, 48
42, 48
42, 48
32, 72
32, 73
33, 73
33, 72
34, 71
35, 71
36, 70
36, 71
36, 71
54, 54
54, 55
54, 54
55, 55
54, 56
55, 56
54, 55
53, 54
54, 55
53, 56
53, 56
33, 75
34, 74
35, 73
35, 72
36, 72
37, 72
37, 72
40, 67
40, 68
39, 67
39, 68
39, 69
39, 69
62, 91
62, 90
63, 90
62, 89
62, 90
61, 90
62, 89
63, 88
63, 88
60, 77
59, 76
59, 75
60, 74
61, 74
60, 73
60, 73
47, 31
48, 31
47, 32
47, 31
48, 30
47, 30
48, 30
49, 31
49, 31
41, 38
42, 39
43, 38
42, 39
43, 38
43, 37
44, 37
43, 38
44, 37
44, 37
47, 75
47, 74
48, 74
47, 75
46, 76
46, 75
45, 75
45, 75
63, 32
64, 33
63, 32
64, 33
64, 34
63, 35
64, 36
64, 36
63, 89
64, 90
65, 90
64, 91
63, 90
62, 91
62, 92
61, 92
61, 93
61, 94
61, 94
52, 62
52, 63
53, 63
54, 63
55, 64
56, 64
56, 64
54, 82
54, 83
54, 84
54, 85
53, 84
53, 83
54, 84
55, 84
54, 85
54, 85
46, 56
47, 55
46, 55
47, 54
47, 53
47, 52
47, 52
46, 68
45, 69
45, 70
44, 70
44, 69
45, 70
46, 71
46, 70
46, 70
27, 55
28, 55
27, 55
27, 54
28, 53
27, 54
26, 55
26, 55
52, 79
53, 80
53, 79
52, 79
51, 80
51, 79
50, 78
51, 79
52, 78
52, 78
61, 62
60, 63
60, 62
60, 63
59, 64
58, 63
57, 63
56, 63
55, 63
55, 63
45, 38
44, 39
44, 39
45, 40
44, 39
44, 39
45, 40
46, 41
47, 42
48, 43
48, 43
45, 69
45, 69
46, 70
47, 70
47, 70
48, 71
49, 72
50, 73
51, 74
52, 75
53, 74
53, 74
52, 75
52, 75
56, 64
56, 65
56, 66
56, 67
56, 68
56, 69
56, 70
56, 71
55, 70
55, 70
56, 71
56, 71
37, 72
38, 73
39, 74
40, 75
41, 76
41, 76
57, 64
57, 64
58, 65
59, 66
60, 67
61, 68
61, 69
61, 70
61, 71
61, 72
60, 72
60, 72
60, 72
55, 65
55, 65
56, 66
56, 65
56, 65
57, 66
58, 67
58, 67
48, 53
49, 54
50, 55
51, 56
51, 56
52, 57
52, 57
55, 84
56, 83
57, 82
58, 82
58, 82
59, 81
59, 82
59, 82
60, 81
60, 80
60, 80
61, 80
61, 80
62, 81
62, 81
54, 57
55, 58
56, 59
56, 60
56, 60
57, 61
58, 62
59, 63
60, 64
61, 65
61, 65
39, 68
39, 68
40, 69
41, 70
42, 71
43, 71
44, 71
45, 71
46, 71
46, 71
46, 76
47, 77
48, 76
48, 76
49, 76
49, 76
50, 77
50, 77
63, 87
63, 87
62, 86
61, 85
60, 84
59, 83
58, 82
57, 81
56, 80
55, 79
55, 78
55, 78
38, 73
39, 74
40, 74
41, 74
42, 74
43, 74
43, 74
43, 74
61, 74
62, 75
62, 76
62, 77
62, 76
62, 76
62, 77
62, 77
61, 93
61, 93
61, 94
61, 94
62, 93
63, 92
64, 91
65, 90
66, 89
67, 90
67, 90
68, 89
69, 88
69, 88
50, 32
51, 33
52, 34
53, 35
54, 36
55, 37
56, 38
57, 39
57, 39
61, 66
61, 66
60, 67
59, 68
59, 69
59, 69
58, 70
57, 71
56, 72
56, 72
35, 54
36, 55
37, 56
37, 57
37, 57
38, 58
38, 58
53, 79
54, 80
55, 81
56, 82
57, 83
57, 83
27, 54
27, 54
28, 55
29, 54
29, 54
30, 55
31, 56
32, 57
33, 58
33, 59
33, 59
34, 60
34, 60
43, 49
44, 50
45, 51
46, 52
47, 53
48, 54
49, 55
50, 56
50, 57
50, 57
51, 58
51, 58
63, 37
62, 38
61, 39
60, 40
60, 40
59, 41
60, 41
60, 41
60, 41
51, 78
52, 79
53, 79
53, 79
53, 79
53, 79
53, 79
53, 79
53, 79
53, 79
61, 82
61, 82
60, 81
59, 80
58, 79
57, 78
58, 79
58, 79
58, 79
39, 59
40, 60
41, 61
40, 60
40, 60
41, 61
43, 63
44, 64
45, 65
46, 66
47, 67
48, 68
49, 69
50, 70
51, 71
52, 72
53, 71
53, 71
53, 71
53, 56
53, 56
54, 57
55, 57
55, 57
56, 58
57, 59
58, 60
59, 61
59, 61
61, 73
61, 74
61, 73
61, 73
61, 74
61, 75
60, 74
60, 74
60, 74
35, 61
36, 62
37, 61
37, 61
38, 62
37, 63
37, 63
38, 64
39, 65
40, 66
39, 67
39, 67
39, 67
56, 79
57, 80
56, 81
56, 81
57, 80
58, 80
58, 80
62, 66
63, 67
64, 68
64, 69
64, 70
64, 71
64, 71
57, 68
56, 69
55, 70
56, 71
56, 71
55, 71
54, 71
53, 71
53, 71
53, 71
68, 87
67, 86
66, 85
66, 84
66, 84
67, 83
67, 83
66, 82
66, 82
52, 59
51, 59
51, 59
52, 60
53, 61
54, 62
55, 63
56, 64
56, 65
56, 65
44, 75
45, 76
46, 77
47, 78
48, 79
49, 80
50, 81
50, 81
59, 42
58, 43
57, 44
56, 45
57, 44
57, 44
57, 44
49, 44
50, 45
51, 46
52, 47
53, 48
54, 49
55, 50
57, 52
58, 53
59, 54
60, 55
61, 56
62, 57
63, 58
64, 59
65, 60
66, 61
66, 61
57, 82
57, 82
58, 81
58, 81
59, 82
59, 82
60, 82
61, 82
62, 82
63, 82
62, 83
62, 83
63, 82
64, 82
64, 82
57, 72
57, 73
57, 74
57, 75
57, 76
57, 76
45, 72
45, 72
46, 73
46, 72
46, 72
47, 73
48, 74
48, 73
48, 73
48, 73
63, 76
64, 75
65, 74
66, 73
67, 72
68, 72
69, 72
69, 72
69, 72
69, 72
42, 75
43, 74
44, 73
45, 72
46, 71
46, 72
46, 72
47, 71
47, 71
53, 76
52, 75
52, 75
53, 76
53, 77
53, 78
53, 79
53, 80
53, 81
53, 82
54, 81
54, 81
54, 81
55, 73
54, 74
53, 75
52, 76
51, 77
51, 78
51, 79
51, 80
51, 81
51, 81
51, 81
56, 40
55, 41
55, 42
55, 42
54, 43
53, 44
54, 45
54, 45
53, 46
52, 47
51, 46
51, 46
51, 46
65, 70
65, 70
64, 71
63, 72
64, 72
64, 72
63, 73
62, 74
61, 75
60, 76
61, 77
61, 77
60, 78
60, 78
53, 70
53, 70
53, 70
53, 70
54, 71
54, 71
53, 70
54, 70
54, 70
53, 70
53, 70
53, 70
57, 66
58, 67
59, 68
60, 69
61, 70
62, 71
63, 72
64, 73
65, 74
64, 74
64, 74
64, 74
52, 47
53, 48
54, 49
55, 50
56, 49
56, 49
57, 51
57, 52
57, 53
57, 54
57, 55
57, 56
57, 57
57, 58
57, 59
57, 60
57, 61
57, 61
51, 80
52, 80
53, 80
54, 80
55, 80
56, 80
57, 79
57, 79
58, 80
57, 80
57, 80
58, 80
58, 80
61, 75
62, 76
61, 75
61, 75
62, 76
63, 77
64, 78
64, 79
64, 80
64, 81
64, 81
70, 73
70, 73
70, 74
70, 74
69, 75
68, 76
67, 77
67, 78
67, 79
67, 80
67, 81
66, 81
66, 81
66, 81
54, 82
54, 82
55, 81
56, 80
57, 79
58, 78
59, 77
60, 76
60, 76
65, 83
65, 84
65, 85
65, 86
65, 87
65, 88
65, 88
65, 89
65, 89
65, 89
65, 62
64, 63
63, 63
63, 63
64, 62
64, 62
64, 63
64, 64
64, 64
52, 80
53, 79
54, 78
55, 77
56, 76
55, 77
55, 77
56, 76
56, 76
59, 81
60, 82
61, 83
60, 83
60, 83
59, 84
59, 84
60, 85
61, 86
62, 87
63, 88
63, 88
63, 83
62, 84
61, 85
60, 86
61, 85
61, 85
60, 86
59, 87
58, 88
57, 89
57, 89
49, 74
50, 75
51, 76
52, 77
52, 78
52, 79
52, 79
58, 78
58, 78
57, 77
56, 76
56, 76
57, 77
57, 77
57, 77
57, 77
57, 77
40, 68
41, 69
42, 70
43, 71
44, 72
44, 72
56, 45
55, 46
54, 47
53, 48
53, 49
53, 50
53, 50
54, 72
53, 73
53, 73
54, 74
55, 75
56, 75
57, 75
58, 75
57, 75
57, 75
57, 75
58, 75
58, 74
58, 74
59, 73
60, 74
60, 74
61, 73
62, 73
63, 72
63, 72
63, 72
48, 72
49, 73
50, 74
50, 75
50, 76
50, 77
50, 77
54, 80
53, 79
53, 79
54, 80
55, 81
54, 82
54, 82
55, 82
55, 82
55, 82
55, 82
55, 82
55, 82
55, 82
58, 62
58, 63
58, 64
58, 65
58, 66
58, 67
58, 68
58, 69
58, 70
57, 71
57, 71
57, 71
56, 71
56, 71
57, 72
58, 71
58, 71
59, 72
60, 73
61, 74
62, 75
62, 76
62, 77
62, 77
45, 73
45, 72
45, 72
46, 73
47, 74
48, 75
49, 76
50, 77
51, 78
51, 78
55, 77
54, 78
53, 79
52, 80
51, 81
52, 80
52, 80
52, 80
62, 87
61, 86
60, 85
59, 84
58, 83
57, 82
56, 81
56, 81
57, 79
57, 79
56, 80
55, 81
55, 82
55, 83
55, 84
55, 85
55, 85
64, 90
64, 90
63, 89
62, 88
61, 87
60, 86
59, 85
58, 84
57, 83
57, 82
57, 82
57, 82
56, 78
55, 79
54, 80
53, 81
52, 82
51, 82
51, 82
63, 65
64, 65
64, 65
63, 66
62, 67
62, 68
62, 68
64, 73
64, 73
63, 74
62, 75
61, 76
61, 77
61, 78
61, 79
61, 79
61, 79
58, 62
59, 63
60, 64
61, 65
62, 66
63, 67
63, 67
63, 71
63, 71
62, 72
61, 73
60, 72
60, 72
59, 73
60, 74
60, 74
59, 75
58, 75
58, 75
58, 75
65, 80
64, 79
63, 78
62, 77
61, 76
60, 76
59, 76
59, 76
54, 51
56, 53
57, 54
58, 55
59, 56
60, 57
61, 58
62, 59
63, 60
64, 61
65, 62
66, 63
67, 65
67, 66
67, 67
67, 68
67, 69
67, 70
67, 71
67, 71
50, 78
50, 78
50, 79
50, 79
50, 78
50, 78
50, 78
50, 78
51, 79
51, 79
50, 78
49, 78
49, 78
49, 78
58, 88
59, 87
60, 86
59, 86
59, 86
60, 85
60, 84
60, 83
60, 83
61, 77
62, 78
63, 79
62, 80
62, 80
62, 81
62, 81
63, 82
64, 82
65, 82
65, 82
53, 80
52, 80
52, 80
53, 81
54, 82
54, 83
54, 84
55, 85
55, 85
55, 85
65, 82
64, 82
64, 82
65, 83
66, 84
67, 85
67, 85
66, 85
66, 85
67, 85
66, 85
66, 85
67, 85
67, 85
54, 71
54, 72
54, 72
55, 73
56, 74
56, 75
57, 75
57, 75
56, 76
56, 76
56, 76
61, 77
62, 76
63, 75
63, 74
63, 73
63, 72
63, 72
63, 72
63, 72
63, 72
56, 81
55, 82
55, 82
56, 81
57, 80
58, 79
58, 79
58, 74
59, 73
60, 72
59, 71
59, 71
60, 72
61, 72
61, 72
62, 73
61, 74
61, 74
62, 75
63, 76
63, 77
63, 78
63, 79
63, 80
63, 81
63, 81
59, 75
59, 75
58, 75
57, 75
56, 75
55, 75
56, 75
56, 75
55, 76
55, 76
54, 75
54, 75
61, 78
61, 79
61, 79
60, 80
61, 81
61, 81
60, 82
60, 82
56, 86
57, 87
58, 87
59, 86
59, 86
60, 86
60, 86
61, 85
61, 85
62, 86
63, 87
64, 87
64, 87
66, 72
65, 73
64, 74
64, 75
64, 76
64, 77
64, 78
65, 78
65, 78
64, 79
64, 79
61, 82
62, 81
63, 80
64, 79
65, 78
66, 77
67, 76
68, 75
68, 75
50, 79
51, 80
52, 81
53, 82
53, 82
54, 83
54, 82
54, 82
54, 82
57, 77
57, 78
57, 78
58, 79
59, 80
60, 81
61, 82
61, 82
62, 67
62, 67
61, 66
61, 66
60, 67
59, 68
58, 69
58, 69
62, 73
62, 73
63, 74
64, 73
64, 73
64, 74
64, 74
65, 75
65, 74
65, 74
65, 75
64, 74
64, 74
65, 75
65, 75
56, 84
55, 85
55, 85
56, 84
57, 83
58, 82
57, 83
57, 83
56, 83
56, 83
56, 83
60, 78
59, 78
58, 78
59, 78
59, 78
59, 77
59, 77
58, 78
57, 78
56, 78
55, 78
55, 78
52, 81
51, 82
51, 82
52, 81
53, 80
54, 79
54, 79
53, 79
53, 79
53, 79
53, 81
53, 82
54, 83
54, 83
53, 84
53, 84
53, 84
53, 84
53, 84
53, 84
53, 84
64, 81
63, 80
64, 80
64, 80
64, 79
64, 79
63, 79
62, 79
62, 79
62, 79
62, 79
61, 79
61, 79
61, 79
62, 69
62, 69
63, 70
62, 69
62, 69
63, 69
63, 69
64, 70
65, 69
65, 69
65, 69
55, 82
54, 83
53, 84
52, 85
52, 85
52, 86
52, 87
52, 87
52, 77
52, 76
52, 75
53, 74
53, 74
52, 73
51, 74
51, 74
51, 75
51, 75
51, 75
60, 77
59, 78
59, 78
60, 79
61, 80
61, 81
61, 82
61, 83
61, 84
61, 84
59, 78
60, 77
61, 76
60, 76
60, 76
61, 76
61, 76
61, 76
66, 84
65, 83
64, 82
63, 81
62, 80
61, 79
61, 79
58, 83
59, 84
60, 85
59, 86
59, 86
60, 86
60, 86
62, 81
63, 80
64, 79
64, 78
64, 77
64, 76
64, 75
64, 75
65, 74
65, 74
65, 74
59, 87
58, 88
58, 89
58, 89
58, 90
58, 90
57, 89
57, 89
57, 89
54, 80
55, 81
56, 82
57, 83
58, 83
57, 82
57, 82
58, 83
59, 83
59, 83
59, 83
59, 83
55, 76
56, 77
57, 78
58, 79
59, 80
60, 81
61, 82
62, 81
62, 81
62, 81
60, 80
60, 80
59, 80
59, 80
58, 79
57, 78
57, 78
57, 79
57, 79
57, 78
57, 78
60, 85
59, 86
58, 87
57, 87
56, 87
55, 87
54, 87
53, 87
52, 87
53, 86
53, 86
53, 86
54, 79
54, 79
55, 80
56, 81
57, 82
58, 82
59, 83
59, 83
59, 83
52, 83
52, 83
53, 82
54, 81
54, 80
54, 79
54, 78
53, 79
53, 79
53, 79
64, 75
64, 75
64, 75
65, 74
65, 74
64, 75
64, 76
64, 76
64, 75
64, 75
64, 75
64, 75
64, 70
64, 71
64, 71
63, 72
62, 73
61, 74
60, 75
59, 76
58, 77
57, 78
57, 79
57, 79
57, 79
63, 86
62, 85
61, 84
60, 85
60, 85
59, 84
58, 83
58, 82
58, 81
58, 80
58, 80
53, 86
52, 87
52, 87
53, 86
53, 85
53, 84
53, 84
61, 75
61, 75
62, 76
63, 76
64, 75
64, 75
65, 76
66, 76
67, 76
68, 76
69, 76
69, 76
70, 76
70, 76
55, 81
56, 81
57, 81
58, 81
59, 81
60, 81
61, 81
62, 81
63, 81
64, 81
64, 81
57, 68
57, 68
56, 69
56, 70
56, 71
56, 72
56, 73
56, 73
61, 81
62, 80
61, 81
61, 81
62, 80
62, 79
62, 78
63, 77
63, 77
62, 76
62, 76
52, 76
53, 75
53, 75
54, 76
55, 77
56, 77
56, 77
57, 78
57, 78
58, 78
58, 78
58, 79
58, 80
58, 81
58, 81
62, 78
62, 78
63, 77
64, 76
65, 75
66, 74
67, 73
68, 72
68, 72
67, 76
66, 77
65, 78
64, 79
63, 80
62, 81
61, 82
60, 83
60, 83
63, 80
62, 81
61, 82
60, 83
59, 84
58, 84
57, 84
57, 84
56, 84
55, 84
55, 84
56, 84
56, 85
56, 86
57, 85
57, 85
56, 86
57, 86
57, 86
56, 87
56, 88
56, 89
56, 89
62, 82
62, 82
61, 83
60, 84
59, 85
58, 86
58, 86
61, 80
61, 79
61, 78
61, 77
60, 77
60, 77
61, 76
60, 75
60, 75
60, 75
54, 80
55, 81
56, 82
57, 83
57, 84
57, 85
57, 86
56, 87
56, 87
57, 88
57, 88
57, 88
67, 71
66, 71
65, 71
65, 71
65, 71
65, 71
65, 71
65, 71
65, 71
66, 73
67, 72
68, 71
69, 70
69, 70
69, 70
69, 70
69, 70
57, 80
56, 79
56, 78
56, 77
56, 76
56, 77
56, 77
56, 77
56, 78
55, 79
55, 79
54, 78
54, 77
54, 76
54, 76
54, 76
54, 76
54, 76
58, 82
57, 81
56, 80
56, 80
56, 80
56, 80
56, 80
56, 80
54, 83
55, 82
55, 83
55, 83
56, 82
57, 81
57, 80
57, 80
58, 88
59, 87
58, 87
58, 87
59, 86
60, 85
61, 84
61, 83
61, 82
61, 82
59, 81
60, 82
61, 83
62, 84
63, 83
63, 83
64, 84
64, 84
56, 79
56, 78
56, 78
55, 79
54, 80
54, 81
54, 80
54, 80
54, 81
54, 82
54, 83
54, 83
59, 87
59, 87
58, 86
57, 85
56, 84
55, 84
55, 84
57, 88
58, 87
59, 86
60, 85
61, 84
62, 83
63, 82
64, 81
65, 80
65, 80
63, 77
64, 78
65, 79
65, 80
65, 79
65, 79
65, 80
65, 81
64, 80
64, 80
65, 81
64, 81
64, 81
64, 81
65, 82
64, 82
64, 82
63, 81
63, 81
63, 80
63, 80
64, 81
65, 82
66, 81
66, 81
66, 82
66, 83
66, 84
66, 84
57, 74
58, 75
59, 76
60, 77
60, 76
60, 76
61, 77
62, 77
62, 77
63, 78
64, 79
64, 79
65, 76
66, 77
67, 78
67, 79
67, 80
67, 80
67, 80
67, 80
59, 82
58, 81
57, 80
57, 80
56, 79
55, 78
56, 79
56, 79
55, 78
55, 78
54, 86
53, 85
53, 85
54, 86
55, 86
55, 86
56, 86
56, 86
60, 82
61, 81
62, 80
63, 79
63, 78
63, 77
63, 77
56, 83
57, 82
58, 81
57, 80
57, 80
58, 79
59, 79
60, 79
60, 79
69, 77
68, 78
68, 78
67, 78
68, 78
68, 78
68, 77
68, 77
68, 76
68, 76
68, 76
57, 80
57, 80
57, 79
57, 79
56, 78
55, 77
54, 77
54, 77
55, 78
55, 79
55, 79
56, 79
56, 79
55, 80
56, 79
56, 79
55, 80
55, 80
59, 80
59, 81
59, 82
59, 83
59, 84
58, 84
58, 84
57, 85
57, 85
57, 85
55, 85
54, 84
53, 83
52, 82
52, 82
53, 83
53, 83
53, 82
53, 81
54, 80
54, 80
53, 79
53, 78
53, 78
55, 77
55, 76
55, 76
56, 77
56, 77
57, 78
58, 79
59, 80
59, 80
59, 75
58, 75
57, 75
56, 75
55, 75
56, 75
56, 75
55, 76
55, 76
55, 75
55, 75
55, 75
55, 75
55, 82
56, 81
57, 82
57, 82
58, 81
59, 80
60, 79
61, 78
60, 78
60, 78
60, 78
68, 71
67, 72
66, 73
67, 72
67, 72
67, 71
67, 71
66, 71
66, 71
65, 72
65, 73
65, 73
64, 74
63, 75
63, 75
66, 79
65, 78
64, 77
63, 77
64, 76
64, 76
64, 76
56, 83
55, 84
55, 84
54, 85
54, 85
53, 86
53, 86
54, 85
53, 85
53, 85
54, 84
54, 83
54, 83
55, 83
56, 83
56, 83
56, 87
55, 86
55, 85
55, 86
55, 86
55, 85
55, 84
55, 83
55, 83
65, 83
64, 82
65, 81
65, 81
64, 80
63, 79
64, 78
64, 78
63, 78
62, 78
62, 78
62, 78
63, 80
62, 79
61, 78
60, 77
59, 76
59, 76
56, 80
56, 80
55, 81
54, 82
54, 83
54, 84
54, 84
54, 84
54, 84
54, 84
54, 84
67, 75
66, 74
65, 73
64, 73
63, 73
62, 74
62, 74
63, 75
63, 75
63, 75
63, 83
63, 83
63, 82
63, 81
62, 82
62, 82
63, 81
63, 80
63, 79
63, 78
63, 77
63, 77
65, 72
65, 72
64, 73
63, 74
62, 75
61, 76
60, 76
59, 76
58, 76
58, 76
62, 81
63, 80
64, 79
65, 78
65, 77
65, 76
66, 75
66, 75
66, 75
64, 78
65, 79
66, 80
66, 81
66, 81
66, 82
66, 82
64, 81
63, 82
62, 83
61, 84
60, 85
60, 86
60, 86
59, 87
59, 87
59, 87
54, 79
53, 80
52, 81
51, 82
51, 82
51, 81
51, 81
51, 81
63, 80
62, 81
61, 81
60, 81
59, 81
58, 81
57, 81
57, 81
56, 79
57, 80
56, 79
56, 80
57, 81
56, 81
56, 81
57, 76
57, 77
56, 76
56, 77
55, 76
56, 76
56, 76
64, 75
64, 74
64, 73
64, 72
64, 71
65, 70
64, 71
65, 72
64, 73
65, 73
65, 73
63, 78
64, 79
63, 78
63, 79
62, 78
61, 77
60, 78
59, 77
60, 78
61, 77
61, 77
58, 88
57, 88
56, 87
57, 88
56, 89
57, 88
58, 88
57, 89
57, 89
55, 84
56, 84
57, 84
56, 83
55, 84
54, 83
55, 84
55, 85
56, 85
56, 85
60, 77
61, 77
60, 76
59, 75
58, 75
57, 75
58, 74
58, 74
64, 75
64, 76
65, 77
65, 78
66, 77
67, 76
68, 76
69, 77
70, 78
70, 77
70, 77
63, 77
63, 78
64, 78
65, 78
64, 78
64, 78
59, 79
58, 80
57, 80
57, 79
56, 80
57, 80
57, 80
56, 74
57, 75
56, 75
55, 76
56, 75
56, 75
58, 80
57, 80
58, 80
58, 81
58, 80
59, 81
60, 80
61, 79
60, 78
60, 78
52, 78
53, 79
52, 80
51, 79
51, 80
52, 80
53, 79
54, 79
54, 79
52, 80
52, 79
53, 80
52, 79
52, 78
52, 79
52, 79
53, 77
54, 77
53, 76
53, 77
53, 76
54, 77
55, 78
56, 78
56, 78
64, 75
64, 74
63, 75
64, 74
65, 73
64, 73
65, 72
65, 71
65, 71
56, 85
57, 84
58, 84
57, 85
56, 84
56, 85
57, 84
57, 84
67, 74
66, 74
67, 74
67, 73
67, 72
66, 72
66, 72
54, 82
54, 83
53, 83
52, 82
51, 82
52, 83
51, 84
50, 85
49, 85
49, 86
49, 86
57, 80
57, 79
57, 80
58, 80
59, 80
58, 79
58, 80
58, 80
65, 83
65, 82
66, 81
65, 80
65, 81
64, 82
65, 81
65, 80
65, 79
64, 79
64, 79
56, 84
56, 83
57, 82
57, 81
58, 82
58, 83
58, 82
59, 81
59, 80
60, 79
60, 79
55, 77
54, 77
55, 76
56, 76
56, 75
57, 76
57, 77
57, 77
66, 71
65, 72
65, 71
66, 71
65, 72
64, 71
63, 71
62, 71
62, 71
55, 80
56, 80
55, 81
56, 80
56, 79
55, 78
55, 78
57, 76
58, 76
58, 75
58, 74
59, 75
59, 76
59, 76
56, 86
55, 87
55, 88
54, 88
53, 87
52, 87
52, 88
52, 87
52, 87
65, 78
65, 77
64, 77
63, 76
63, 75
64, 76
65, 77
66, 78
67, 77
66, 77
66, 77
50, 86
51, 85
51, 84
50, 85
51, 85
52, 84
52, 83
53, 82
53, 83
53, 83
56, 76
55, 76
54, 77
53, 78
52, 79
53, 79
52, 79
53, 78
54, 78
54, 78
56, 81
55, 82
55, 83
56, 82
57, 82
56, 83
56, 83
58, 75
57, 76
56, 75
56, 76
57, 75
56, 76
56, 76
67, 71
67, 70
68, 71
69, 72
70, 71
69, 72
70, 72
70, 72
61, 76
61, 77
61, 78
62, 78
63, 78
63, 79
63, 79
71, 78
70, 77
69, 78
70, 78
71, 79
72, 79
71, 79
71, 80
70, 80
69, 81
69, 81
58, 84
58, 85
57, 86
57, 85
58, 85
58, 85
53, 80
52, 80
51, 81
50, 82
51, 83
50, 83
50, 82
49, 83
50, 82
50, 82
66, 74
66, 75
67, 76
67, 77
68, 78
67, 77
67, 78
66, 79
65, 78
66, 78
66, 78
60, 79
59, 80
59, 79
58, 78
59, 79
59, 79
52, 80
53, 80
52, 81
52, 80
51, 79
52, 80
52, 81
53, 81
53, 82
53, 82
57, 81
56, 80
57, 81
58, 81
57, 82
57, 82
61, 78
62, 77
61, 77
60, 77
59, 78
59, 77
58, 77
58, 77
65, 78
64, 78
65, 78
64, 77
63, 77
64, 78
64, 78
58, 90
59, 90
58, 91
59, 92
58, 91
59, 90
60, 90
61, 90
60, 90
60, 90
57, 75
58, 74
59, 73
60, 72
61, 71
62, 70
63, 69
64, 68
64, 68
64, 68
64, 68
63, 77
62, 76
61, 75
60, 74
60, 74
60, 74
54, 82
55, 81
56, 80
57, 79
58, 78
59, 77
60, 76
60, 76
53, 77
53, 77
52, 76
52, 76
51, 75
50, 74
49, 73
49, 73
66, 78
66, 78
65, 77
64, 76
64, 76
63, 75
62, 74
61, 73
61, 73
66, 77
65, 76
64, 75
63, 75
62, 75
61, 75
61, 75
60, 75
59, 75
59, 75
55, 82
54, 81
53, 80
53, 80
52, 79
51, 78
50, 77
50, 77
49, 76
48, 75
48, 75
52, 87
51, 86
51, 86
50, 85
49, 84
48, 83
48, 83
68, 80
67, 79
66, 78
65, 77
64, 76
63, 75
62, 74
61, 73
60, 72
60, 72
60, 72
58, 78
57, 77
57, 77
56, 76
55, 75
54, 74
53, 73
52, 72
52, 72
52, 72
56, 77
57, 76
58, 75
58, 75
59, 74
59, 74
52, 81
52, 80
52, 79
52, 79
52, 78
52, 78
58, 85
58, 85
58, 85
57, 84
57, 83
57, 82
57, 82
57, 81
57, 81
56, 78
56, 78
55, 78
55, 78
55, 78
55, 78
59, 75
59, 74
59, 73
59, 72
59, 72
59, 71
59, 70
59, 70
69, 71
68, 70
67, 69
67, 69
66, 68
66, 68
59, 78
60, 78
61, 78
62, 78
63, 78
64, 78
64, 78
64, 78
59, 89
58, 88
57, 87
57, 87
56, 86
56, 86
63, 79
62, 78
61, 77
60, 76
59, 75
58, 74
57, 73
57, 73
56, 72
56, 72
58, 81
58, 80
58, 79
58, 79
58, 79
58, 78
58, 77
58, 77
58, 77
58, 77
49, 81
48, 80
48, 80
48, 80
47, 79
46, 78
45, 77
44, 76
43, 75
42, 74
42, 74
61, 70
60, 69
59, 68
58, 67
57, 66
56, 65
55, 64
55, 64
57, 73
57, 73
58, 74
59, 75
60, 76
61, 77
62, 78
63, 79
64, 80
65, 80
65, 80
58, 76
57, 77
56, 78
55, 79
55, 80
55, 81
55, 82
55, 82
51, 77
50, 77
50, 77
49, 77
48, 77
47, 77
47, 77
43, 75
44, 76
45, 77
46, 78
47, 79
48, 80
49, 81
49, 81
50, 82
50, 82
50, 74
51, 75
52, 75
52, 75
53, 75
53, 75
53, 75
54, 75
55, 75
56, 75
56, 75
63, 77
63, 77
63, 77
62, 76
62, 76
62, 76
62, 76
58, 69
57, 68
57, 67
57, 67
57, 66
57, 65
57, 64
57, 64
60, 72
59, 73
58, 74
57, 75
56, 76
56, 76
49, 76
50, 77
51, 78
52, 79
52, 79
53, 80
54, 81
54, 81
61, 73
62, 72
63, 71
64, 70
65, 69
66, 68
67, 67
68, 66
68, 66
55, 64
55, 64
54, 63
53, 62
52, 61
52, 61
52, 61
51, 60
51, 60
58, 73
57, 72
56, 71
55, 70
54, 69
53, 68
52, 67
51, 66
51, 66
59, 75
58, 74
57, 73
56, 72
55, 71
55, 71
54, 70
53, 69
52, 68
52, 68
64, 67
64, 67
64, 66
64, 66
64, 65
64, 64
64, 64
64, 63
64, 62
64, 62
56, 80
55, 79
54, 78
53, 77
52, 76
52, 76
52, 76
54, 77
53, 76
52, 75
51, 74
50, 73
49, 72
49, 72
49, 72
65, 69
64, 69
63, 69
62, 69
61, 69
60, 69
60, 69
55, 85
54, 84
54, 84
53, 83
53, 83
53, 83
53, 73
53, 73
54, 74
55, 75
56, 76
57, 77
57, 77
57, 77
57, 77
57, 77
57, 77
57, 76
57, 76
56, 75
55, 74
54, 74
53, 74
52, 74
51, 74
51, 74
61, 73
61, 73
61, 73
60, 72
59, 71
59, 71
49, 82
50, 81
51, 80
51, 80
52, 79
53, 78
54, 77
55, 76
56, 75
56, 75
61, 70
61, 70
61, 70
61, 71
61, 71
61, 71
61, 72
61, 72
56, 76
56, 77
56, 78
56, 78
56, 78
56, 78
56, 75
56, 75
55, 74
54, 73
53, 72
53, 71
53, 71
49, 81
48, 80
47, 79
46, 78
45, 77
44, 76
43, 75
42, 74
41, 73
40, 72
40, 72
52, 65
53, 65
54, 65
54, 65
55, 65
56, 65
57, 65
57, 65
56, 63
56, 63
55, 62
55, 62
54, 61
54, 60
54, 60
53, 69
54, 70
55, 71
56, 72
57, 73
58, 74
59, 75
60, 76
61, 77
62, 78
62, 78
51, 60
50, 61
50, 61
50, 60
50, 59
50, 58
50, 57
50, 56
50, 55
50, 54
50, 53
50, 52
49, 53
48, 54
47, 55
46, 56
46, 56
46, 56
46, 56
47, 55
48, 54
49, 53
50, 52
50, 51
50, 50
50, 50
67, 65
65, 63
64, 62
63, 61
62, 60
61, 59
60, 58
59, 57
58, 56
57, 55
57, 55
56, 54
56, 54
50, 75
49, 76
49, 76
48, 76
48, 76
48, 76
55, 75
55, 75
54, 74
53, 73
52, 72
52, 72
61, 75
61, 75
60, 74
60, 74
59, 73
59, 73
49, 72
50, 73
51, 74
52, 75
52, 75
53, 76
54, 77
55, 78
55, 78
55, 78
55, 82
54, 81
53, 80
52, 79
51, 78
50, 77
49, 76
48, 75
48, 75
48, 75
53, 80
52, 79
52, 79
51, 78
50, 77
49, 76
48, 75
48, 75
63, 63
62, 64
61, 65
60, 66
59, 67
58, 68
58, 68
48, 76
49, 75
50, 74
51, 73
52, 72
53, 71
54, 70
54, 70
52, 82
52, 82
51, 81
50, 80
49, 79
48, 78
47, 77
46, 76
45, 75
44, 74
44, 74
65, 80
65, 80
66, 79
67, 78
68, 77
68, 77
53, 77
53, 77
53, 77
54, 78
54, 78
55, 78
56, 78
57, 78
58, 78
58, 78
58, 70
57, 69
57, 69
56, 68
55, 67
55, 67
54, 66
53, 65
52, 64
52, 64
56, 76
56, 76
55, 75
55, 75
54, 74
53, 73
52, 72
51, 72
50, 72
50, 72
50, 72
47, 74
46, 73
45, 72
44, 71
43, 70
43, 70
49, 71
49, 71
48, 70
48, 70
47, 69
46, 68
45, 67
44, 66
44, 66
57, 79
58, 80
59, 81
60, 82
61, 83
62, 84
62, 84
62, 85
62, 86
62, 86
56, 79
56, 79
57, 80
57, 81
57, 82
57, 83
57, 83
58, 68
57, 67
56, 66
55, 65
54, 64
54, 64
49, 49
48, 48
47, 47
46, 46
45, 45
44, 44
43, 43
42, 42
41, 41
40, 40
40, 40
51, 65
50, 66
50, 66
49, 66
48, 66
47, 66
46, 66
45, 66
44, 66
43, 66
43, 66
45, 73
45, 73
45, 72
45, 71
45, 70
45, 69
45, 68
45, 67
45, 67
45, 67
58, 66
59, 67
60, 68
60, 68
60, 68
61, 69
61, 69
41, 71
42, 70
42, 70
43, 69
44, 68
45, 67
45, 67
54, 70
54, 70
53, 69
52, 68
51, 67
50, 66
50, 66
61, 79
60, 80
59, 81
58, 82
58, 82
58, 82
58, 82
58, 82
58, 82
49, 75
50, 74
51, 73
51, 73
52, 72
53, 71
53, 71
53, 71
57, 77
56, 76
55, 75
54, 74
53, 73
53, 73
49, 74
49, 74
49, 74
49, 74
50, 73
50, 73
51, 72
51, 72
56, 54
57, 55
57, 56
57, 56
57, 56
57, 57
57, 58
57, 58
68, 77
68, 77
67, 76
66, 75
65, 74
64, 73
64, 73
60, 72
61, 71
62, 70
62, 70
63, 69
64, 68
64, 68
64, 68
55, 59
56, 58
57, 57
58, 56
58, 54
57, 53
56, 52
55, 51
54, 50
53, 50
52, 50
51, 50
52, 49
53, 48
54, 47
54, 47
54, 70
55, 69
56, 68
57, 67
57, 67
58, 66
59, 65
60, 64
61, 63
61, 63
60, 71
59, 70
58, 69
57, 68
56, 67
56, 67
51, 71
50, 70
49, 69
48, 68
47, 67
46, 66
45, 65
44, 64
43, 63
43, 61
44, 60
45, 59
46, 58
47, 57
48, 56
49, 55
50, 54
50, 53
50, 53
40, 40
41, 41
41, 42
41, 42
42, 44
43, 45
44, 46
45, 47
46, 48
47, 49
48, 50
47, 51
47, 51
49, 65
48, 64
47, 63
46, 62
45, 61
45, 59
46, 58
47, 57
48, 56
49, 55
50, 54
50, 53
49, 52
48, 51
48, 51
48, 51
58, 82
57, 83
56, 84
55, 85
54, 86
53, 87
53, 87
44, 66
43, 66
42, 66
42, 66
41, 66
40, 66
40, 66
40, 66
40, 66
64, 68
63, 67
63, 67
63, 67
62, 66
61, 65
61, 65
61, 65
53, 73
54, 72
55, 71
56, 70
57, 69
58, 68
59, 67
60, 66
60, 66
60, 64
59, 65
59, 65
58, 66
57, 67
56, 68
56, 68
55, 69
54, 70
53, 71
53, 71
44, 68
43, 68
42, 68
42, 68
42, 68
41, 68
41, 68
42, 69
41, 68
40, 67
39, 66
38, 65
37, 64
36, 63
36, 63
36, 63
36, 63
54, 47
55, 46
56, 45
56, 45
57, 44
58, 43
59, 42
59, 42
56, 67
56, 67
56, 67
55, 66
54, 65
53, 64
52, 64
51, 64
51, 64
62, 86
61, 85
60, 84
60, 84
60, 84
60, 84
60, 84
54, 72
54, 73
54, 74
54, 75
54, 76
54, 77
54, 77
54, 77
54, 77
54, 77
50, 71
49, 70
49, 70
48, 69
47, 68
46, 67
45, 66
44, 65
43, 64
42, 63
42, 63
57, 82
57, 81
57, 80
57, 79
57, 78
57, 77
57, 76
57, 75
57, 74
57, 74
43, 65
43, 65
42, 64
41, 63
40, 62
39, 61
38, 60
38, 60
37, 59
36, 58
36, 58
49, 52
48, 52
47, 52
47, 52
46, 52
45, 52
45, 52
44, 52
43, 52
43, 52
57, 58
57, 58
57, 58
58, 57
58, 55
57, 54
56, 53
55, 52
54, 51
53, 50
52, 50
51, 50
51, 50
63, 72
62, 71
61, 70
61, 70
60, 69
59, 68
58, 67
57, 66
57, 66
42, 65
42, 65
41, 64
41, 64
41, 62
42, 61
43, 60
44, 59
45, 58
46, 57
46, 55
47, 54
48, 53
49, 52
50, 51
50, 51
49, 50
48, 49
47, 48
47, 48
60, 68
59, 67
58, 66
58, 66
58, 66
57, 65
56, 64
55, 63
55, 63
55, 63
54, 64
53, 63
53, 63
52, 62
51, 61
50, 60
49, 59
49, 59
42, 51
41, 50
40, 49
39, 48
38, 47
37, 46
36, 45
36, 45
36, 45
52, 86
52, 85
52, 84
52, 83
52, 83
52, 83
52, 83
51, 64
50, 62
50, 61
50, 60
50, 59
50, 58
50, 58
49, 59
48, 60
48, 60
49, 59
50, 58
50, 57
50, 56
50, 55
50, 54
50, 53
50, 52
49, 53
48, 54
47, 55
46, 56
46, 56
42, 69
43, 70
44, 71
45, 72
46, 73
46, 73
46, 73
47, 52
46, 53
45, 54
44, 55
43, 56
42, 57
41, 58
40, 59
39, 60
39, 60
39, 60
57, 66
56, 65
55, 64
54, 63
53, 62
52, 61
51, 60
51, 60
59, 83
58, 82
58, 82
57, 81
56, 80
55, 79
54, 78
53, 77
53, 77
61, 65
60, 66
59, 67
58, 68
57, 69
56, 70
56, 70
42, 63
43, 64
43, 64
43, 64
43, 65
43, 66
43, 67
43, 67
43, 67
53, 71
54, 70
55, 69
56, 68
56, 68
57, 67
57, 67
58, 66
58, 66
58, 43
58, 43
57, 44
56, 45
55, 46
54, 47
53, 48
52, 49
52, 50
52, 50
50, 58
51, 57
51, 57
52, 56
53, 56
54, 56
54, 56
54, 56
54, 56
54, 56
47, 51
46, 52
45, 53
44, 54
44, 54
43, 55
42, 56
41, 57
41, 57
41, 57
56, 73
55, 72
54, 71
53, 70
52, 69
52, 69
51, 68
50, 67
50, 67
50, 67
54, 64
53, 65
53, 66
53, 67
53, 68
53, 69
53, 69
53, 70
53, 71
53, 71
48, 47
49, 46
50, 45
51, 44
52, 43
53, 42
54, 41
55, 40
55, 39
55, 38
55, 38
50, 49
49, 48
48, 47
47, 46
46, 45
45, 44
44, 43
44, 43
41, 67
41, 67
41, 68
41, 68
41, 69
41, 70
41, 70
41, 70
41, 70
41, 70
36, 58
35, 57
34, 56
33, 55
32, 54
32, 54
31, 53
31, 53
37, 62
38, 61
39, 60
40, 59
40, 59
41, 58
42, 57
43, 56
43, 56
61, 67
62, 68
63, 69
64, 70
65, 70
65, 70
66, 70
67, 70
67, 70
53, 76
52, 75
52, 75
51, 74
50, 73
49, 72
48, 71
48, 71
54, 56
54, 56
53, 55
53, 55
52, 54
52, 54
52, 54
51, 53
50, 52
50, 52
53, 71
52, 70
51, 69
50, 68
49, 67
48, 66
47, 65
47, 65
37, 46
37, 46
37, 46
37, 46
38, 47
39, 48
40, 49
40, 49
41, 50
41, 50
51, 82
50, 81
49, 80
48, 79
47, 78
46, 77
45, 76
44, 75
44, 75
41, 57
43, 57
44, 56
45, 55
46, 54
47, 53
48, 52
49, 51
50, 50
50, 50
50, 50
49, 51
49, 52
49, 52
49, 53
49, 54
49, 55
49, 56
49, 56
44, 45
45, 46
46, 47
47, 48
48, 49
49, 50
50, 50
50, 50
50, 50
49, 51
48, 52
48, 52
47, 53
46, 54
46, 54
45, 56
46, 55
47, 54
48, 53
49, 52
50, 53
51, 54
52, 55
53, 56
53, 56
52, 50
51, 49
50, 48
49, 47
49, 47
48, 46
48, 46
47, 45
46, 44
46, 44
49, 67
49, 67
49, 67
48, 67
47, 67
46, 67
45, 67
44, 67
44, 67
44, 67
39, 60
40, 61
40, 61
40, 61
40, 61
41, 62
42, 63
43, 64
43, 64
59, 67
59, 67
59, 67
59, 67
59, 67
59, 67
60, 68
60, 68
53, 77
53, 77
53, 77
52, 76
51, 75
51, 75
44, 66
45, 65
46, 64
47, 63
49, 61
50, 60
50, 59
50, 58
50, 57
50, 56
50, 55
50, 54
51, 53
52, 52
52, 52
56, 39
57, 40
58, 41
59, 42
60, 43
60, 43
47, 70
47, 68
48, 67
49, 66
50, 65
50, 64
50, 63
50, 62
50, 61
50, 60
49, 59
48, 58
47, 57
46, 56
46, 56
57, 69
58, 68
59, 67
59, 66
59, 66
59, 65
59, 64
59, 64
59, 64
66, 71
65, 72
64, 73
63, 74
62, 75
61, 76
60, 77
59, 77
58, 77
58, 77
40, 69
39, 68
38, 67
37, 66
37, 66
37, 66
36, 65
35, 64
34, 63
33, 62
33, 62
46, 54
47, 53
48, 52
49, 51
50, 50
50, 50
50, 50
50, 50
50, 50
50, 50
49, 49
48, 48
47, 47
47, 47
47, 47
52, 61
52, 61
52, 61
53, 62
54, 63
55, 64
55, 65
55, 66
55, 66
47, 72
48, 71
49, 70
50, 69
50, 69
51, 68
52, 67
53, 66
54, 65
55, 64
55, 64
32, 54
32, 54
33, 55
34, 56
35, 57
36, 58
36, 58
36, 58
46, 57
47, 58
47, 57
48, 56
48, 57
49, 58
48, 57
49, 57
48, 58
47, 57
47, 57
59, 44
58, 43
58, 42
57, 43
58, 42
57, 41
56, 42
55, 43
55, 44
54, 45
54, 45
57, 76
56, 75
55, 75
56, 76
55, 75
55, 74
56, 75
57, 76
56, 76
56, 76
60, 65
60, 64
61, 64
61, 63
60, 64
61, 65
62, 65
61, 66
62, 65
62, 65
50, 57
51, 56
52, 57
51, 57
50, 56
50, 56
43, 68
43, 69
43, 70
42, 69
42, 68
42, 68
44, 76
43, 76
43, 77
44, 78
45, 78
45, 77
46, 77
46, 78
47, 77
48, 77
48, 77
54, 67
55, 68
56, 68
57, 68
56, 69
56, 69
32, 62
33, 62
33, 61
34, 61
35, 61
36, 62
37, 61
36, 60
35, 61
34, 60
34, 60
52, 57
51, 56
50, 55
49, 56
49, 57
49, 57
48, 64
47, 65
48, 66
49, 66
49, 67
48, 68
48, 68
37, 58
36, 58
35, 59
36, 58
37, 58
37, 58
46, 53
46, 52
45, 51
46, 52
46, 53
47, 54
46, 55
47, 55
46, 56
46, 56
49, 53
50, 53
49, 52
48, 51
48, 50
47, 51
46, 51
46, 52
46, 53
47, 52
47, 52
46, 43
46, 42
46, 41
47, 41
48, 42
47, 41
46, 41
46, 40
46, 40
55, 65
56, 66
55, 65
56, 66
57, 65
58, 66
57, 67
56, 66
56, 65
56, 66
56, 66
44, 65
44, 64
44, 65
43, 64
44, 63
43, 63
43, 63
48, 46
47, 45
48, 45
49, 45
49, 46
50, 46
49, 47
49, 48
49, 48
52, 75
53, 74
54, 74
53, 75
54, 74
55, 74
55, 73
56, 74
56, 75
57, 76
57, 76
42, 49
42, 50
42, 49
41, 50
40, 50
39, 49
39, 49
51, 53
50, 54
50, 53
49, 53
49, 54
48, 53
47, 53
47, 52
47, 52
60, 69
61, 70
61, 69
60, 68
61, 68
62, 67
61, 68
60, 67
61, 66
62, 67
62, 67
38, 49
37, 49
37, 48
36, 48
37, 49
37, 49
56, 70
55, 70
54, 71
53, 70
54, 69
55, 69
55, 69
41, 69
41, 68
40, 67
39, 67
38, 68
38, 68
46, 53
47, 53
47, 52
47, 51
48, 50
49, 50
48, 50
48, 51
48, 51
49, 67
50, 66
49, 66
50, 65
49, 66
50, 65
51, 64
52, 63
53, 64
53, 64
48, 52
48, 51
47, 52
46, 53
46, 52
45, 52
44, 52
44, 52
48, 56
47, 55
47, 56
46, 57
46, 56
47, 56
48, 57
48, 58
48, 57
48, 57
57, 75
57, 74
56, 73
57, 74
56, 73
57, 73
57, 73
43, 64
44, 63
45, 64
44, 63
43, 63
43, 63
33, 61
34, 60
35, 59
34, 58
33, 57
33, 58
33, 59
32, 58
32, 58
48, 57
48, 56
47, 57
47, 56
47, 57
46, 56
46, 55
46, 55
46, 57
46, 56
47, 56
48, 55
47, 54
47, 55
46, 54
45, 54
44, 54
44, 54
48, 49
48, 50
49, 49
48, 49
49, 49
50, 50
50, 49
51, 48
51, 48
57, 67
58, 68
59, 68
59, 69
58, 69
59, 69
59, 70
58, 69
58, 69
53, 45
53, 46
52, 46
52, 47
52, 46
51, 46
52, 47
53, 47
52, 46
52, 46
56, 75
56, 74
57, 75
58, 75
59, 75
60, 74
61, 75
61, 76
60, 76
60, 76
38, 58
39, 58
39, 57
38, 56
37, 56
36, 57
35, 56
34, 55
34, 55
63, 68
62, 67
63, 68
62, 69
63, 69
62, 70
61, 70
60, 70
61, 69
62, 68
62, 68
50, 55
49, 55
48, 54
47, 55
48, 55
49, 54
50, 53
49, 54
48, 54
49, 53
49, 53
63, 64
62, 64
63, 64
63, 63
64, 64
65, 63
66, 62
66, 61
66, 61
45, 39
45, 40
46, 40
46, 39
47, 40
48, 39
49, 40
49, 41
49, 41
47, 78
48, 79
48, 80
47, 79
48, 79
47, 79
46, 79
47, 78
47, 78
65, 62
66, 61
65, 62
64, 63
64, 64
65, 64
64, 65
63, 65
63, 64
63, 64
49, 50
48, 50
47, 51
48, 50
48, 51
47, 52
48, 53
48, 53
43, 53
42, 52
43, 52
42, 51
42, 50
41, 51
41, 51
34, 56
35, 57
34, 56
34, 57
34, 56
35, 55
34, 55
35, 54
35, 54
43, 53
42, 53
41, 53
40, 53
39, 54
39, 54
36, 49
35, 49
34, 48
35, 47
35, 46
35, 45
35, 46
35, 46
53, 65
53, 66
53, 67
52, 66
52, 67
52, 66
52, 67
51, 68
51, 69
51, 68
51, 68
39, 68
38, 67
37, 68
36, 69
37, 68
38, 68
37, 69
37, 69
49, 40
49, 41
50, 42
49, 41
50, 41
50, 40
50, 40
47, 77
46, 78
47, 77
48, 78
49, 77
50, 78
50, 78
42, 63
41, 63
42, 63
41, 64
41, 65
41, 65
48, 52
47, 51
48, 52
48, 51
47, 52
48, 51
48, 52
47, 51
46, 51
46, 51
56, 69
57, 69
58, 68
58, 69
57, 68
57, 69
58, 70
58, 69
57, 68
56, 67
56, 67
57, 74
56, 74
56, 73
57, 72
58, 72
59, 71
59, 72
59, 73
58, 74
58, 74
52, 47
51, 48
52, 48
52, 47
52, 48
51, 48
50, 49
51, 50
52, 51
53, 52
53, 52
46, 56
47, 56
48, 57
47, 58
48, 59
49, 59
49, 60
48, 59
48, 59
48, 56
47, 56
48, 56
49, 55
50, 56
51, 57
50, 57
51, 56
50, 56
50, 56
59, 75
58, 75
58, 74
58, 73
57, 73
56, 73
55, 73
54, 72
55, 72
56, 72
56, 72
57, 70
58, 70
59, 69
59, 70
60, 69
59, 69
59, 69
50, 49
51, 49
51, 50
52, 49
51, 50
51, 50
33, 57
32, 58
31, 57
30, 58
31, 58
32, 59
33, 58
33, 58
62, 67
63, 66
64, 67
65, 67
64, 67
63, 67
62, 67
62, 66
61, 67
61, 67
49, 53
48, 53
47, 52
47, 51
46, 51
47, 50
46, 49
47, 50
46, 49
46, 49
36, 70
36, 69
35, 68
34, 69
35, 69
36, 68
37, 68
36, 69
37, 68
37, 68
51, 67
50, 68
49, 68
50, 68
51, 69
51, 70
52, 71
52, 70
52, 71
52, 71
45, 52
46, 51
45, 50
44, 49
44, 48
45, 48
44, 49
43, 48
44, 49
44, 49
56, 71
55, 71
56, 71
57, 70
58, 70
59, 71
60, 70
61, 71
62, 70
62, 70
40, 65
40, 64
41, 65
40, 65
40, 64
40, 64
33, 57
32, 57
33, 58
32, 59
31, 60
30, 60
31, 59
30, 60
30, 61
30, 61
48, 60
49, 60
49, 61
48, 60
49, 61
49, 61
40, 52
39, 52
38, 52
38, 51
38, 50
39, 50
38, 50
38, 50
49, 41
49, 42
50, 41
49, 40
48, 41
48, 41
49, 79
48, 80
47, 81
46, 81
46, 80
46, 80
34, 45
33, 44
32, 45
31, 46
32, 45
33, 45
33, 46
34, 46
34, 46
60, 69
59, 68
60, 69
61, 70
61, 71
60, 70
61, 71
61, 71
39, 55
40, 56
41, 55
41, 56
40, 56
39, 55
38, 55
38, 54
38, 54
64, 64
65, 65
66, 65
65, 66
65, 65
65, 64
65, 65
66, 66
67, 65
66, 66
66, 66
36, 54
36, 53
37, 52
37, 53
36, 53
35, 52
35, 52
57, 75
57, 76
57, 77
58, 77
58, 78
59, 77
58, 77
59, 77
59, 77
49, 55
48, 56
47, 55
46, 54
47, 54
48, 53
49, 52
48, 53
48, 53
60, 67
61, 67
60, 68
59, 68
59, 69
60, 68
61, 68
61, 68
53, 51
53, 50
53, 49
54, 50
53, 49
54, 50
53, 49
52, 50
52, 50
50, 50
51, 51
50, 52
49, 52
48, 51
47, 52
46, 53
46, 54
46, 54
57, 68
58, 67
57, 67
58, 68
59, 67
60, 68
60, 68
35, 51
34, 52
33, 53
34, 53
35, 53
35, 54
36, 55
36, 56
36, 56
35, 47
35, 46
35, 45
34, 46
35, 46
36, 45
36, 44
37, 43
37, 43
59, 67
60, 67
61, 67
62, 66
62, 65
61, 66
62, 65
61, 66
61, 66
48, 54
47, 55
46, 54
47, 54
48, 54
48, 54
62, 71
61, 72
60, 71
59, 70
59, 69
58, 69
59, 68
58, 67
59, 66
59, 67
59, 67
61, 69
61, 68
61, 67
60, 67
60, 68
59, 67
59, 67
47, 50
48, 49
48, 48
47, 49
47, 48
46, 47
47, 48
47, 47
46, 47
46, 48
46, 48
45, 80
44, 80
43, 80
43, 79
43, 78
44, 77
45, 76
46, 76
45, 75
45, 74
45, 74
41, 64
42, 64
42, 65
43, 66
44, 65
43, 66
44, 66
44, 66
38, 49
37, 49
36, 50
35, 50
36, 50
36, 50
53, 70
54, 71
54, 70
55, 70
54, 71
53, 70
54, 70
55, 70
55, 70
50, 61
49, 60
49, 59
50, 60
49, 59
49, 59
60, 72
59, 71
59, 72
60, 71
61, 72
61, 71
62, 70
62, 70
45, 50
44, 49
45, 48
44, 49
43, 50
44, 49
43, 50
43, 50
51, 51
51, 52
52, 53
53, 52
52, 52
51, 51
51, 52
51, 52
29, 61
28, 60
27, 60
26, 60
25, 59
24, 60
23, 60
22, 61
23, 61
23, 60
23, 60
37, 55
37, 56
36, 57
37, 57
38, 58
38, 57
37, 56
36, 56
36, 56
47, 54
47, 53
47, 52
46, 51
47, 51
47, 52
46, 52
46, 52
59, 76
58, 76
59, 77
59, 76
59, 75
58, 76
58, 77
58, 77
37, 69
36, 68
36, 67
37, 68
38, 68
39, 68
38, 67
38, 68
38, 68
49, 41
48, 41
49, 41
49, 42
48, 42
48, 42
67, 67
66, 68
65, 67
65, 66
66, 67
67, 66
66, 65
66, 66
66, 66
37, 68
38, 69
37, 68
36, 67
35, 66
35, 66
60, 68
59, 68
59, 69
59, 68
58, 67
59, 66
58, 67
58, 67
44, 50
44, 51
45, 50
45, 51
46, 50
46, 51
45, 52
45, 51
46, 50
46, 50
36, 55
37, 54
38, 53
38, 54
39, 55
40, 56
39, 55
40, 56
40, 56
49, 55
50, 56
49, 56
49, 57
49, 58
48, 59
48, 59
46, 51
47, 50
46, 51
46, 50
45, 51
46, 51
45, 51
44, 50
44, 51
45, 51
45, 51
54, 70
53, 71
54, 70
53, 69
53, 70
54, 70
55, 70
54, 70
54, 70
50, 60
49, 60
49, 61
49, 60
49, 59
48, 58
48, 58
35, 56
36, 57
35, 56
35, 55
35, 54
36, 55
35, 55
36, 55
37, 55
37, 54
37, 54
51, 51
51, 50
51, 51
51, 52
51, 51
51, 50
50, 49
49, 49
49, 49
60, 67
59, 66
60, 67
61, 66
60, 66
59, 65
59, 66
58, 66
58, 67
57, 66
57, 66
36, 42
37, 43
36, 42
35, 42
34, 43
34, 43
23, 61
23, 62
24, 62
25, 62
26, 62
27, 61
28, 60
28, 59
29, 59
29, 59
44, 67
45, 68
44, 67
44, 68
45, 67
45, 68
44, 68
45, 68
46, 68
45, 69
45, 69
46, 47
45, 46
46, 45
46, 44
45, 45
46, 45
46, 45
47, 41
46, 42
46, 43
46, 44
45, 44
44, 43
44, 44
43, 43
42, 43
42, 43
62, 71
61, 72
61, 73
60, 72
59, 71
59, 70
58, 69
58, 70
58, 69
58, 69
67, 65
66, 66
67, 65
66, 65
65, 64
65, 64
35, 51
34, 50
35, 49
36, 50
37, 49
37, 50
36, 50
36, 50
60, 66
60, 67
59, 67
58, 68
59, 67
60, 67
59, 67
58, 67
57, 67
57, 66
57, 66
44, 75
43, 75
44, 76
43, 76
44, 77
45, 78
46, 78
47, 79
46, 78
46, 78
59, 78
58, 79
59, 80
59, 79
60, 79
61, 79
60, 80
60, 81
59, 81
59, 81
46, 44
47, 43
47, 42
46, 41
46, 40
45, 40
44, 40
45, 40
45, 41
46, 40
46, 40
30, 60
29, 59
29, 58
29, 57
30, 56
31, 55
30, 56
31, 57
31, 58
32, 57
32, 57
48, 50
49, 49
48, 49
49, 50
49, 49
50, 48
50, 48
47, 59
48, 58
47, 57
47, 58
47, 57
48, 56
48, 56
35, 44
35, 45
34, 46
35, 47
35, 48
35, 47
34, 47
34, 47
56, 65
55, 66
56, 65
55, 64
55, 63
54, 63
54, 62
54, 62
59, 69
60, 68
60, 69
60, 68
60, 67
59, 67
60, 67
59, 68
59, 69
59, 69
46, 51
47, 51
46, 51
47, 51
48, 50
47, 50
48, 50
48, 50
37, 55
36, 55
35, 54
35, 55
34, 54
33, 54
33, 53
32, 53
32, 54
32, 54
37, 49
38, 49
38, 48
39, 48
38, 48
38, 48
34, 67
33, 67
34, 67
35, 68
34, 67
35, 67
35, 67
44, 50
43, 49
44, 50
43, 49
42, 49
43, 50
44, 51
45, 50
45, 50
47, 79
48, 80
47, 80
46, 79
47, 79
48, 78
48, 78
49, 60
50, 60
51, 61
51, 62
50, 62
51, 63
50, 64
51, 65
51, 66
50, 66
50, 66
59, 80
59, 79
60, 79
60, 78
59, 77
60, 77
59, 78
60, 77
61, 78
61, 78
53, 70
54, 69
53, 68
54, 68
54, 67
53, 68
53, 68
56, 65
56, 66
57, 65
56, 66
57, 65
57, 64
58, 65
58, 64
57, 65
56, 64
56, 64
57, 67
56, 66
55, 65
56, 64
57, 65
56, 65
56, 64
57, 63
58, 62
57, 63
57, 63
64, 63
65, 62
66, 62
65, 61
66, 62
65, 62
66, 61
65, 60
64, 60
64, 60
40, 55
40, 54
40, 55
39, 56
38, 55
39, 55
38, 56
39, 57
38, 58
38, 58
42, 42
43, 43
43, 42
42, 43
42, 42
43, 43
42, 43
42, 43
45, 70
44, 70
45, 70
45, 69
46, 70
45, 70
44, 71
44, 71
45, 72
46, 71
46, 70
47, 69
47, 70
47, 71
47, 70
47, 70
34, 68
33, 68
33, 69
34, 68
35, 68
34, 69
34, 69
64, 61
65, 60
66, 59
65, 60
64, 59
65, 58
65, 58
50, 67
49, 68
50, 69
51, 69
50, 70
51, 69
52, 69
52, 69
33, 46
32, 46
31, 47
32, 48
31, 48
32, 48
32, 49
33, 49
34, 48
34, 48
48, 55
49, 54
50, 53
51, 54
52, 55
53, 55
53, 56
52, 55
51, 54
50, 53
50, 53
51, 48
52, 48
51, 49
50, 50
49, 49
49, 49
33, 53
32, 54
33, 54
34, 54
33, 54
33, 54
39, 49
40, 50
39, 49
38, 50
38, 51
39, 52
40, 53
41, 52
41, 51
41, 51
49, 51
48, 51
49, 51
48, 52
48, 53
49, 53
49, 53
52, 69
53, 70
53, 69
52, 70
53, 69
54, 68
54, 68
31, 56
32, 55
32, 54
32, 55
31, 55
31, 56
31, 56
47, 40
47, 39
48, 40
49, 40
49, 41
48, 42
47, 42
47, 42
37, 59
36, 59
35, 60
36, 59
36, 58
37, 57
36, 57
35, 56
36, 57
36, 57
57, 63
58, 64
59, 63
60, 62
59, 61
60, 61
60, 61
60, 78
59, 78
58, 78
59, 79
60, 80
59, 80
59, 80
44, 49
45, 49
45, 50
44, 50
44, 51
45, 50
44, 49
43, 49
42, 48
41, 49
41, 49
58, 69
57, 69
56, 68
57, 68
57, 69
57, 69
58, 63
57, 63
57, 64
58, 65
57, 66
57, 66
47, 79
48, 79
47, 78
47, 77
46, 78
46, 77
46, 77
53, 63
54, 63
53, 62
53, 61
52, 60
52, 60
42, 42
43, 43
43, 42
42, 42
42, 41
43, 41
44, 42
44, 43
45, 44
45, 44
58, 66
59, 66
60, 67
61, 67
61, 68
60, 68
61, 69
61, 69
35, 69
34, 69
33, 69
34, 69
33, 69
32, 68
31, 67
30, 68
30, 67
29, 67
29, 67
61, 60
60, 59
60, 58
59, 59
60, 60
61, 61
61, 61
34, 55
33, 56
34, 56
33, 55
32, 54
32, 53
31, 52
32, 53
33, 54
33, 54
55, 67
56, 68
57, 69
56, 68
55, 67
56, 66
56, 66
34, 49
33, 50
33, 49
34, 48
35, 49
35, 48
35, 48
48, 43
47, 44
46, 43
45, 43
44, 44
44, 45
43, 46
44, 46
44, 46
51, 54
52, 55
52, 56
53, 56
52, 57
51, 56
52, 55
52, 56
53, 55
53, 55
53, 61
54, 60
54, 59
53, 58
52, 59
51, 58
51, 59
51, 59
58, 80
57, 81
56, 80
57, 81
56, 81
57, 82
56, 82
55, 83
54, 83
54, 83
31, 57
30, 57
30, 58
31, 57
32, 56
31, 57
31, 57
49, 50
50, 50
49, 49
48, 50
48, 49
47, 49
48, 49
47, 49
48, 50
48, 50
35, 58
36, 57
37, 58
38, 57
39, 57
40, 56
40, 57
41, 57
41, 57
45, 45
44, 44
45, 45
46, 45
45, 45
44, 46
45, 47
45, 47
40, 50
40, 51
41, 52
40, 53
39, 54
39, 55
40, 56
40, 56
64, 58
63, 57
62, 57
62, 56
62, 55
63, 55
64, 54
63, 54
62, 55
62, 55
46, 70
45, 71
44, 72
44, 73
45, 74
44, 73
45, 72
44, 72
43, 73
44, 73
44, 73
42, 48
41, 48
42, 48
43, 47
43, 48
43, 48
52, 70
52, 69
52, 70
51, 70
51, 71
50, 71
51, 71
50, 71
49, 72
48, 73
48, 73
57, 70
57, 71
58, 72
59, 71
60, 72
61, 72
61, 71
60, 71
61, 70
61, 70
45, 76
46, 75
47, 74
48, 75
49, 74
49, 74
48, 52
48, 51
49, 52
50, 51
49, 50
49, 51
49, 51
47, 51
47, 50
46, 51
47, 50
47, 51
47, 51
52, 58
52, 57
51, 57
52, 56
51, 56
52, 55
53, 56
53, 55
53, 55
62, 69
63, 70
62, 69
61, 69
60, 70
61, 69
60, 70
61, 71
60, 71
60, 71
30, 66
30, 65
31, 64
30, 63
30, 62
31, 63
30, 63
31, 62
31, 61
31, 61
32, 53
32, 52
31, 52
31, 53
31, 52
31, 51
31, 50
32, 49
32, 49
62, 69
63, 70
62, 70
63, 71
62, 72
62, 73
61, 72
61, 71
60, 70
60, 70
49, 73
48, 72
48, 73
48, 74
47, 73
48, 72
48, 72
49, 50
50, 50
51, 51
52, 50
53, 49
53, 50
52, 50
53, 50
53, 50
53, 84
54, 83
54, 84
54, 85
53, 84
52, 84
51, 85
51, 85
61, 56
62, 55
63, 55
63, 54
62, 54
63, 53
62, 53
63, 53
62, 53
63, 53
63, 53
44, 47
44, 48
45, 49
46, 49
46, 50
45, 49
46, 49
45, 50
44, 49
43, 49
43, 49
61, 60
60, 59
59, 60
58, 59
57, 60
56, 61
57, 60
58, 61
58, 61
57, 65
58, 65
57, 64
56, 65
56, 64
55, 64
54, 63
55, 64
54, 64
54, 64
48, 75
49, 74
49, 73
48, 72
48, 71
49, 70
50, 70
50, 70
43, 46
44, 45
45, 45
46, 45
45, 44
45, 45
45, 45
45, 73
44, 73
43, 74
44, 75
44, 74
43, 75
43, 75
52, 54
51, 55
50, 55
49, 56
49, 57
48, 56
47, 57
48, 58
47, 57
47, 57
40, 55
41, 56
41, 57
42, 57
41, 57
42, 56
42, 55
41, 55
40, 56
40, 57
40, 57
31, 58
31, 59
32, 59
31, 59
30, 60
31, 59
30, 58
29, 57
29, 57
43, 47
43, 48
43, 49
43, 48
42, 49
43, 50
43, 51
44, 50
43, 50
43, 50
34, 49
33, 50
34, 49
34, 48
35, 47
35, 47
42, 56
42, 55
42, 56
41, 56
40, 57
41, 58
41, 57
42, 57
43, 56
43, 56
47, 50
48, 49
47, 49
47, 50
47, 49
48, 49
48, 49
52, 51
53, 51
54, 50
53, 50
53, 49
53, 48
53, 47
53, 47
59, 60
58, 59
59, 58
59, 57
60, 58
61, 57
61, 57
44, 46
43, 46
42, 47
43, 46
44, 45
45, 44
46, 45
45, 45
46, 45
46, 45
36, 46
36, 45
35, 45
35, 44
36, 44
35, 45
36, 44
37, 43
37, 43
51, 86
50, 87
51, 86
52, 86
51, 86
50, 87
50, 87
53, 64
52, 64
51, 64
51, 65
51, 64
51, 64
51, 71
51, 70
51, 71
52, 71
52, 72
52, 72
33, 50
34, 49
35, 50
35, 49
36, 50
35, 50
35, 50
60, 70
59, 70
60, 70
60, 69
59, 68
59, 69
59, 70
59, 70
28, 57
27, 56
28, 57
29, 58
30, 57
30, 56
29, 57
30, 58
31, 57
32, 58
32, 58
48, 58
48, 57
49, 57
50, 56
50, 55
49, 54
49, 54
48, 71
49, 72
48, 72
48, 73
48, 72
49, 71
49, 71
54, 55
54, 56
54, 55
53, 54
54, 55
55, 56
54, 55
54, 54
55, 54
56, 55
56, 55
44, 51
44, 52
45, 53
44, 52
43, 51
44, 50
44, 50
39, 58
40, 57
39, 58
39, 57
38, 58
38, 59
39, 58
39, 58
42, 50
41, 51
41, 50
41, 49
42, 50
42, 51
42, 50
42, 49
42, 49
43, 55
42, 54
42, 53
43, 54
43, 53
42, 52
42, 51
41, 51
41, 51
44, 76
45, 77
45, 78
46, 79
47, 79
47, 79
63, 54
64, 54
63, 55
62, 56
61, 57
60, 58
60, 58
31, 60
30, 59
31, 59
30, 60
31, 61
31, 61
61, 71
62, 70
63, 69
64, 70
64, 69
64, 68
64, 68
60, 69
61, 69
60, 68
59, 69
60, 69
59, 69
60, 70
61, 71
60, 70
60, 70
55, 55
56, 56
57, 56
57, 55
57, 54
57, 54
62, 57
62, 56
61, 57
61, 58
61, 57
62, 57
62, 57
47, 78
48, 78
47, 77
48, 78
49, 78
50, 77
50, 78
50, 78
33, 58
33, 57
34, 56
35, 55
34, 54
33, 55
32, 54
31, 53
30, 54
30, 54
42, 50
43, 51
43, 50
44, 51
45, 50
44, 49
43, 48
43, 48
48, 48
48, 47
48, 48
48, 49
49, 50
50, 51
51, 52
51, 52
41, 49
40, 48
39, 49
40, 49
40, 50
39, 51
39, 50
39, 49
40, 49
40, 48
40, 48
51, 86
50, 85
50, 86
51, 86
51, 87
52, 87
52, 87
43, 50
44, 49
43, 48
44, 48
45, 47
45, 48
46, 47
46, 46
45, 46
46, 47
46, 47
51, 72
51, 73
50, 72
50, 73
49, 73
50, 73
49, 73
48, 72
48, 72
48, 72
48, 73
47, 73
46, 73
46, 74
47, 75
46, 74
46, 74
54, 47
54, 46
54, 47
54, 46
55, 45
55, 46
54, 47
54, 46
54, 45
54, 45
50, 64
51, 65
51, 66
51, 67
51, 68
50, 67
49, 68
49, 68
36, 51
37, 50
37, 49
36, 48
36, 47
36, 47
65, 69
65, 68
64, 67
65, 66
66, 67
67, 66
68, 66
68, 66
47, 45
47, 44
46, 44
45, 44
44, 45
44, 45
36, 43
35, 43
35, 42
35, 43
36, 43
35, 42
35, 43
35, 43
30, 62
30, 61
29, 61
29, 60
29, 61
29, 60
29, 60
59, 59
60, 60
61, 59
61, 60
62, 61
61, 61
60, 60
59, 61
58, 61
58, 61
39, 57
38, 58
37, 57
36, 58
37, 59
37, 59
49, 53
49, 54
50, 55
49, 54
50, 54
51, 55
50, 54
50, 54
43, 49
44, 48
45, 48
44, 48
44, 49
44, 49
35, 48
34, 49
33, 49
34, 49
35, 49
36, 50
37, 49
36, 49
36, 49
51, 53
50, 52
49, 53
50, 54
49, 54
50, 55
51, 54
51, 54
58, 54
57, 53
56, 53
56, 54
56, 55
55, 56
56, 57
56, 58
55, 57
56, 56
56, 56
61, 70
60, 70
60, 71
59, 71
58, 71
59, 72
60, 73
59, 74
58, 75
57, 75
57, 75
47, 73
48, 72
49, 72
48, 72
48, 73
49, 74
49, 74
43, 46
44, 45
45, 46
44, 46
45, 46
46, 45
45, 46
46, 47
46, 47
46, 46
45, 45
44, 45
45, 45
46, 44
47, 45
48, 46
48, 46
47, 72
46, 71
47, 70
46, 70
47, 70
48, 70
47, 71
47, 72
47, 72
36, 59
36, 60
36, 61
35, 62
34, 61
34, 61
40, 47
41, 47
40, 48
41, 49
41, 48
41, 49
40, 50
40, 50
59, 60
58, 60
59, 60
60, 61
60, 62
59, 62
58, 63
58, 62
58, 62
61, 58
60, 58
59, 58
59, 57
59, 58
60, 57
59, 58
60, 57
60, 57
50, 67
49, 66
48, 66
49, 65
50, 65
50, 65
52, 88
53, 89
54, 89
55, 88
56, 87
57, 87
56, 88
57, 87
57, 87
68, 67
68, 68
69, 68
70, 68
69, 69
69, 69
49, 78
50, 77
51, 77
50, 77
49, 78
49, 78
28, 60
29, 59
29, 58
30, 58
31, 57
32, 57
31, 56
31, 56
31, 54
32, 54
31, 55
31, 56
31, 57
31, 57
53, 44
52, 43
52, 42
51, 43
52, 42
51, 41
50, 40
50, 41
50, 41
52, 52
53, 52
53, 51
54, 50
54, 51
53, 52
54, 53
53, 53
52, 52
53, 52
53, 52
34, 44
33, 44
33, 45
33, 44
33, 45
34, 44
34, 44
56, 86
56, 85
55, 85
55, 85
54, 85
54, 85
53, 86
53, 86
54, 85
53, 86
53, 86
54, 85
54, 85
35, 45
36, 46
37, 47
38, 48
39, 49
40, 50
41, 51
42, 52
43, 53
43, 53
58, 76
59, 77
60, 76
60, 76
61, 77
61, 78
61, 79
61, 79
60, 80
60, 80
61, 79
61, 79
61, 80
61, 80
32, 58
33, 59
34, 60
34, 59
34, 59
34, 58
34, 58
35, 59
36, 60
37, 61
38, 62
39, 63
39, 63
47, 48
48, 49
49, 50
48, 49
48, 49
49, 50
50, 49
50, 49
51, 50
52, 51
52, 51
49, 47
50, 48
51, 49
52, 50
53, 51
55, 53
56, 54
57, 55
58, 56
59, 57
59, 58
59, 58
59, 58
51, 42
52, 43
53, 44
54, 45
55, 44
55, 44
56, 45
58, 47
59, 48
59, 49
59, 50
59, 51
59, 52
59, 53
59, 54
59, 55
58, 55
58, 55
59, 57
59, 58
59, 59
59, 60
59, 61
59, 62
59, 63
59, 64
59, 65
59, 66
59, 67
59, 67
50, 66
50, 66
51, 67
51, 67
50, 67
50, 67
51, 68
52, 69
53, 70
54, 71
55, 72
56, 73
56, 73
41, 51
42, 51
42, 51
43, 52
44, 53
43, 52
43, 52
44, 53
44, 53
54, 53
54, 54
54, 55
54, 56
54, 57
54, 58
54, 59
54, 59
54, 60
54, 60
68, 70
69, 69
69, 69
68, 70
67, 71
67, 71
66, 72
65, 73
64, 74
63, 75
63, 75
45, 50
46, 51
47, 52
48, 52
48, 52
49, 53
50, 54
51, 54
51, 54
51, 55
51, 56
51, 56
32, 57
32, 56
32, 56
33, 57
34, 58
35, 59
36, 59
36, 59
35, 58
35, 58
36, 59
37, 60
38, 61
38, 61
37, 50
38, 51
39, 52
40, 53
41, 54
42, 55
43, 56
43, 56
52, 55
53, 56
54, 57
55, 58
56, 59
56, 58
56, 58
56, 59
56, 60
56, 61
56, 61
50, 75
51, 76
52, 77
53, 78
54, 79
55, 80
55, 80
56, 81
56, 81
57, 57
58, 58
59, 59
60, 59
60, 59
61, 60
62, 61
63, 62
64, 63
64, 63
50, 78
51, 78
52, 78
53, 78
53, 79
53, 79
54, 78
55, 79
55, 79
54, 78
54, 78
54, 78
54, 78
57, 63
56, 64
55, 65
55, 66
56, 67
56, 67
56, 67
48, 73
49, 74
50, 75
51, 76
52, 77
52, 78
52, 78
52, 78
61, 58
62, 58
62, 58
62, 59
62, 60
62, 61
62, 62
62, 62
62, 63
62, 63
35, 62
36, 62
36, 62
37, 63
38, 64
37, 64
37, 64
38, 65
39, 66
39, 66
44, 54
44, 54
46, 56
47, 57
48, 58
49, 59
50, 60
51, 61
52, 62
53, 63
53, 63
51, 52
51, 52
50, 53
50, 53
51, 54
52, 55
52, 54
52, 54
53, 55
54, 56
54, 56
58, 68
57, 69
57, 70
57, 71
57, 72
57, 73
57, 74
57, 75
57, 76
56, 77
56, 77
56, 77
56, 74
56, 75
57, 76
57, 76
56, 75
56, 75
56, 76
56, 77
56, 78
55, 78
55, 78
56, 79
56, 80
56, 80
56, 80
55, 68
54, 69
53, 70
52, 71
51, 72
50, 73
50, 73
50, 74
49, 74
49, 74
48, 73
48, 73
48, 73
64, 76
65, 77
65, 78
65, 79
64, 80
64, 80
65, 81
65, 82
65, 83
65, 83
57, 62
58, 63
59, 64
60, 65
61, 66
61, 67
61, 67
57, 80
56, 79
56, 79
57, 78
58, 77
58, 76
58, 75
59, 74
59, 74
60, 73
60, 73
59, 72
58, 72
58, 72
55, 61
56, 62
57, 63
58, 64
57, 63
57, 63
57, 63
45, 58
46, 59
47, 60
48, 61
49, 62
51, 64
52, 65
53, 66
53, 67
53, 68
53, 69
53, 70
53, 71
53, 72
53, 73
53, 74
53, 75
53, 76
53, 77
53, 78
53, 78
63, 64
64, 65
65, 64
65, 64
66, 65
67, 66
68, 67
68, 68
68, 69
68, 70
68, 70
60, 79
60, 79
59, 78
58, 77
57, 76
56, 75
55, 74
55, 73
55, 72
55, 72
52, 57
53, 58
53, 57
53, 57
54, 56
54, 56
55, 57
56, 58
57, 59
58, 58
58, 58
59, 59
60, 60
60, 60
39, 62
40, 61
40, 61
41, 62
42, 63
43, 64
43, 64
38, 62
38, 62
39, 63
39, 64
39, 64
38, 63
38, 63
39, 64
40, 64
40, 64
40, 64
55, 77
56, 76
56, 76
56, 76
56, 77
56, 77
56, 77
45, 54
46, 55
47, 56
47, 55
47, 55
48, 56
49, 57
50, 58
51, 59
52, 60
53, 61
53, 61
40, 67
41, 68
42, 69
43, 70
44, 71
44, 71
58, 59
57, 60
56, 60
56, 60
56, 61
56, 62
56, 63
56, 62
56, 62
56, 62
53, 84
52, 83
51, 82
51, 81
51, 80
51, 79
51, 78
51, 77
51, 77
53, 79
54, 80
55, 81
56, 82
57, 83
58, 84
58, 84
59, 85
60, 86
60, 86
63, 63
63, 63
64, 64
65, 65
66, 66
67, 67
68, 68
69, 69
70, 68
70, 68
70, 69
70, 70
70, 70
62, 68
62, 69
62, 69
63, 70
63, 71
63, 71
63, 71
63, 71
56, 78
56, 78
55, 77
54, 76
53, 75
54, 76
54, 76
53, 75
52, 74
52, 74
56, 72
56, 73
56, 73
57, 72
58, 72
59, 72
60, 72
61, 72
62, 72
63, 73
63, 73
63, 73
52, 76
53, 76
53, 76
53, 77
53, 77
54, 76
55, 76
56, 75
56, 75
56, 75
54, 79
55, 79
56, 80
56, 80
57, 80
57, 80
58, 79
59, 79
59, 79
49, 74
50, 75
51, 76
50, 77
50, 77
51, 78
52, 79
53, 80
53, 80
65, 84
65, 84
64, 83
63, 82
62, 81
61, 80
60, 79
59, 79
59, 79
41, 65
42, 66
43, 65
43, 65
44, 66
45, 67
46, 68
47, 69
47, 69
57, 73
57, 73
56, 74
55, 75
54, 76
53, 77
52, 78
51, 79
52, 79
52, 79
52, 79
42, 64
42, 64
43, 65
44, 66
45, 67
44, 66
44, 66
44, 66
56, 79
56, 79
57, 80
58, 81
59, 81
59, 81
59, 81
59, 81
45, 72
46, 73
46, 72
46, 72
47, 73
47, 74
47, 74
48, 75
48, 75
48, 75
57, 63
58, 64
59, 65
60, 66
61, 67
62, 68
62, 68
67, 71
66, 72
66, 73
66, 73
65, 72
64, 73
64, 73
64, 72
64, 72
63, 72
62, 72
61, 72
60, 73
60, 73
60, 73
57, 78
58, 79
58, 80
58, 80
59, 81
60, 82
60, 83
60, 84
60, 85
60, 86
60, 86
54, 62
55, 63
56, 63
56, 63
57, 64
58, 65
58, 66
58, 67
58, 68
58, 69
58, 70
58, 70
52, 62
52, 62
53, 62
53, 62
52, 63
51, 64
50, 65
50, 66
50, 67
50, 67
60, 85
60, 84
60, 83
60, 82
60, 81
60, 80
60, 79
60, 79
55, 57
56, 58
57, 59
57, 60
58, 61
58, 61
57, 62
57, 63
57, 63
58, 64
59, 65
60, 66
61, 67
62, 68
63, 69
64, 70
65, 71
65, 71
61, 61
62, 62
62, 63
62, 64
62, 65
62, 66
61, 67
61, 67
62, 68
62, 69
62, 70
62, 70
69, 71
69, 71
69, 71
69, 71
69, 71
69, 71
69, 71
69, 71
69, 71
69, 71
69, 71
60, 79
61, 80
61, 80
62, 79
63, 79
64, 79
65, 79
66, 79
66, 79
66, 72
65, 71
65, 71
64, 70
64, 70
65, 71
66, 72
66, 73
65, 74
65, 74
65, 74
60, 80
60, 80
59, 79
58, 79
57, 79
56, 79
56, 79
49, 76
50, 77
51, 78
51, 79
51, 80
51, 81
51, 82
51, 83
51, 84
51, 84
51, 68
52, 69
53, 70
54, 71
55, 72
55, 73
55, 74
55, 74
60, 82
61, 81
61, 81
62, 82
62, 82
63, 83
63, 84
64, 84
64, 84
63, 85
63, 85
48, 70
47, 71
47, 71
48, 72
49, 73
50, 74
50, 73
50, 73
51, 74
51, 74
56, 64
55, 64
55, 64
54, 65
54, 66
54, 67
54, 67
54, 68
55, 68
55, 68
55, 68
61, 71
60, 72
59, 73
58, 74
57, 75
56, 76
56, 76
53, 75
52, 75
52, 75
53, 76
53, 76
54, 77
55, 78
56, 79
57, 80
58, 81
59, 80
59, 80
60, 81
60, 81
60, 72
60, 72
59, 73
60, 73
60, 73
59, 74
58, 75
57, 76
56, 77
56, 77
68, 72
67, 73
66, 74
66, 73
66, 73
65, 74
65, 74
45, 67
46, 68
47, 69
46, 70
46, 70
47, 71
46, 70
46, 70
46, 70
53, 78
54, 77
55, 76
56, 75
57, 74
58, 73
58, 73
59, 74
60, 74
59, 74
59, 74
60, 74
60, 74
54, 79
54, 80
54, 80
55, 79
56, 78
57, 79
57, 79
58, 78
58, 78
64, 74
65, 75
66, 75
67, 75
68, 76
68, 76
68, 76
59, 79
59, 79
58, 80
57, 81
57, 81
57, 82
57, 83
57, 84
57, 85
57, 85
61, 85
62, 84
63, 83
64, 82
65, 81
65, 81
65, 80
65, 80
55, 74
55, 74
55, 74
55, 74
55, 74
55, 74
55, 74
62, 71
62, 71
63, 72
62, 72
62, 72
63, 73
64, 74
65, 73
65, 73
66, 74
66, 73
66, 73
66, 74
66, 74
61, 69
60, 70
59, 71
58, 72
57, 73
57, 73
57, 71
56, 72
55, 73
54, 73
53, 73
52, 73
51, 72
51, 72
51, 73
51, 73
51, 73
64, 75
63, 76
62, 77
63, 78
63, 78
64, 77
64, 77
63, 78
63, 78
58, 74
59, 75
60, 74
60, 74
61, 75
62, 76
63, 77
63, 77
56, 75
56, 75
55, 75
54, 75
54, 75
55, 76
55, 76
54, 75
54, 75
54, 75
54, 75
54, 75
52, 75
53, 76
54, 77
54, 77
55, 78
56, 79
57, 80
58, 81
58, 82
58, 82
58, 82
57, 78
58, 77
59, 76
60, 75
60, 76
60, 76
61, 75
62, 74
62, 73
62, 72
62, 72
64, 73
64, 73
65, 72
65, 72
65, 71
65, 70
65, 70
65, 70
65, 70
66, 70
66, 70
65, 70
65, 70
65, 70
52, 72
52, 72
53, 71
54, 70
55, 70
56, 71
56, 71
56, 70
56, 70
47, 71
48, 72
49, 73
50, 74
49, 74
49, 74
50, 75
51, 75
52, 75
52, 75
65, 73
65, 73
64, 74
63, 75
62, 76
61, 76
61, 76
59, 80
59, 79
59, 78
59, 77
59, 77
59, 77
59, 77
59, 77
58, 77
58, 77
58, 77
56, 75
57, 76
58, 75
58, 75
59, 76
60, 77
61, 78
62, 79
63, 80
64, 81
64, 81
64, 79
63, 78
62, 77
61, 76
60, 75
59, 74
58, 73
57, 73
57, 73
56, 69
57, 70
57, 69
57, 69
58, 70
58, 71
58, 72
58, 73
58, 74
58, 74
65, 80
64, 81
63, 81
63, 81
62, 82
61, 83
61, 83
61, 75
62, 76
63, 77
63, 78
63, 78
64, 79
64, 79
58, 79
58, 79
59, 80
60, 81
61, 81
62, 81
63, 81
64, 81
65, 80
65, 80
65, 80
64, 84
64, 84
63, 83
62, 82
61, 81
60, 80
59, 80
58, 80
58, 79
58, 79
58, 79
55, 78
54, 79
53, 80
52, 81
53, 80
53, 80
52, 81
51, 82
51, 83
51, 84
51, 84
54, 75
55, 76
55, 76
54, 77
53, 78
52, 79
51, 80
51, 81
51, 82
51, 83
51, 83
51, 83
52, 83
53, 83
54, 83
55, 83
56, 83
57, 84
57, 84
58, 83
58, 83
58, 83
57, 84
57, 85
57, 85
58, 85
58, 85
57, 84
57, 83
56, 83
56, 83
57, 82
57, 81
57, 81
67, 75
66, 74
65, 74
64, 74
63, 74
62, 74
61, 74
60, 74
60, 74
62, 78
61, 79
61, 80
61, 81
61, 82
61, 83
61, 84
61, 85
61, 85
61, 86
61, 86
61, 86
57, 78
56, 79
55, 80
54, 81
53, 82
53, 82
54, 83
54, 83
54, 82
55, 83
55, 83
54, 82
54, 82
54, 82
58, 82
58, 83
58, 84
58, 84
58, 84
57, 84
57, 84
58, 84
58, 84
59, 73
58, 72
57, 72
58, 73
58, 73
57, 72
56, 72
56, 72
53, 76
54, 77
53, 77
53, 77
54, 78
55, 79
56, 79
57, 79
56, 79
56, 79
57, 79
58, 79
58, 79
60, 84
59, 85
58, 86
59, 86
59, 86
58, 86
58, 86
58, 86
59, 85
59, 85
58, 86
58, 86
57, 82
56, 82
55, 82
54, 82
53, 82
52, 82
52, 82
58, 74
59, 75
60, 76
61, 77
62, 76
62, 76
61, 77
61, 78
61, 78
52, 84
53, 84
54, 84
54, 84
54, 84
54, 84
54, 84
60, 77
59, 78
58, 79
57, 79
56, 79
55, 79
55, 80
55, 80
54, 79
53, 79
53, 79
55, 76
55, 75
55, 75
56, 75
56, 75
57, 76
58, 76
58, 76
59, 77
59, 77
55, 70
55, 70
54, 71
53, 72
54, 71
54, 71
53, 72
53, 72
63, 80
62, 79
63, 78
63, 78
62, 78
61, 78
60, 78
59, 78
59, 78
59, 78
60, 77
61, 77
62, 77
63, 77
63, 77
57, 74
57, 74
58, 75
59, 76
58, 76
58, 76
57, 76
57, 76
58, 76
59, 76
60, 76
61, 76
61, 76
65, 80
65, 81
65, 82
65, 83
65, 84
65, 84
62, 79
62, 79
62, 78
62, 78
63, 78
63, 78
62, 77
61, 76
60, 76
60, 76
60, 76
61, 75
61, 75
61, 75
66, 71
67, 71
67, 71
66, 72
66, 73
66, 74
66, 75
66, 75
64, 81
63, 82
62, 83
61, 84
61, 85
61, 85
61, 85
61, 85
61, 85
61, 84
61, 84
61, 84
52, 82
53, 81
54, 80
54, 81
54, 81
53, 80
53, 80
54, 79
55, 78
55, 78
59, 83
60, 84
61, 84
62, 84
62, 83
62, 83
62, 84
62, 84
62, 84
63, 72
63, 72
64, 73
65, 74
66, 75
66, 74
66, 74
66, 74
61, 83
61, 83
60, 84
59, 85
58, 86
58, 87
58, 88
58, 89
58, 89
62, 74
63, 73
62, 73
62, 73
63, 72
64, 71
64, 71
65, 76
64, 77
63, 78
63, 79
63, 79
62, 79
62, 79
62, 79
62, 78
62, 78
62, 78
55, 83
54, 82
54, 82
55, 83
56, 82
56, 82
57, 83
58, 83
58, 83
60, 78
61, 79
62, 80
62, 81
62, 82
62, 83
62, 84
62, 84
53, 81
54, 80
55, 79
56, 78
57, 77
58, 78
58, 78
59, 77
58, 77
58, 77
58, 77
59, 85
59, 85
58, 84
57, 83
56, 82
56, 81
56, 81
55, 80
55, 79
55, 78
55, 77
55, 77
56, 76
56, 76
56, 76
60, 78
60, 78
59, 79
58, 80
57, 80
57, 80
58, 81
58, 82
57, 83
57, 83
58, 84
58, 85
58, 85
61, 85
60, 86
61, 86
61, 86
60, 87
59, 87
58, 87
57, 87
57, 87
55, 81
56, 80
57, 79
58, 78
59, 77
59, 77
64, 76
64, 75
64, 74
64, 73
64, 72
63, 72
63, 72
64, 71
64, 70
64, 70
59, 83
60, 82
61, 81
62, 80
63, 80
63, 80
59, 78
60, 77
60, 78
60, 78
61, 77
60, 77
60, 77
60, 77
65, 75
64, 76
63, 77
62, 78
62, 79
62, 80
62, 81
63, 82
63, 82
63, 82
55, 77
55, 77
54, 78
53, 78
53, 78
52, 79
52, 80
53, 81
53, 81
52, 82
52, 83
52, 83
62, 77
63, 78
64, 79
65, 80
65, 80
65, 80
65, 81
65, 81
65, 80
65, 79
65, 79
65, 79
60, 79
60, 80
60, 80
61, 79
61, 79
60, 80
59, 80
59, 80
59, 80
57, 73
57, 73
58, 74
59, 75
60, 76
61, 76
62, 76
63, 76
63, 76
64, 85
65, 86
65, 86
64, 87
63, 88
62, 89
61, 90
60, 90
60, 90
60, 86
59, 87
59, 87
58, 86
57, 86
56, 86
55, 86
54, 86
54, 86
54, 86
53, 78
53, 78
54, 79
55, 78
55, 78
56, 79
57, 80
58, 81
58, 81
52, 72
52, 72
53, 73
54, 74
55, 75
56, 76
56, 77
56, 78
56, 79
56, 79
59, 85
59, 84
59, 84
60, 85
61, 85
61, 84
61, 84
60, 84
60, 84
60, 85
60, 85
61, 85
62, 85
63, 85
63, 85
61, 78
62, 78
63, 78
64, 79
64, 79
65, 78
66, 78
66, 78
66, 78
65, 79
65, 79
65, 79
57, 75
58, 76
58, 76
59, 75
60, 75
61, 75
62, 75
63, 75
64, 75
63, 75
63, 75
64, 75
64, 75
64, 83
65, 83
65, 83
65, 83
65, 83
64, 84
64, 84
65, 83
65, 83
65, 83
65, 83
65, 83
62, 77
62, 78
62, 78
62, 79
62, 80
62, 81
62, 82
62, 83
62, 83
62, 83
60, 77
59, 78
58, 79
58, 78
58, 78
57, 79
56, 80
55, 81
55, 81
57, 88
56, 87
56, 86
56, 85
56, 84
55, 85
55, 85
56, 84
56, 84
60, 78
61, 79
62, 80
62, 81
62, 81
61, 82
61, 82
62, 83
62, 83
63, 71
62, 72
61, 73
60, 74
59, 75
59, 75
59, 76
59, 77
59, 77
59, 78
59, 78
55, 78
55, 77
55, 76
55, 75
55, 75
55, 75
54, 76
54, 76
55, 75
55, 75
57, 77
57, 77
57, 77
57, 77
58, 76
58, 76
57, 76
57, 76
57, 76
58, 82
58, 81
58, 80
58, 79
58, 78
58, 77
59, 78
59, 78
58, 77
58, 77
64, 78
63, 77
62, 76
61, 75
60, 74
59, 73
58, 72
57, 71
57, 71
56, 70
56, 70
61, 77
60, 76
59, 75
58, 74
58, 73
58, 72
58, 72
57, 71
57, 71
58, 71
58, 71
63, 84
63, 84
63, 85
63, 85
64, 84
65, 83
66, 82
67, 81
67, 81
58, 79
57, 78
56, 78
55, 78
54, 78
54, 78
54, 78
54, 78
54, 78
54, 78
54, 78
63, 72
62, 72
61, 72
62, 72
62, 72
61, 73
61, 73
60, 72
59, 72
58, 72
57, 72
57, 72
53, 82
54, 81
55, 80
56, 79
57, 78
58, 78
59, 78
60, 78
61, 78
62, 78
62, 78
59, 89
58, 88
57, 87
57, 86
57, 85
57, 85
58, 87
59, 87
60, 87
61, 87
62, 87
63, 87
62, 86
62, 86
62, 86
64, 80
64, 80
63, 79
62, 78
61, 77
60, 76
59, 75
58, 74
57, 73
56, 72
56, 72
56, 72
59, 82
60, 83
61, 84
62, 85
63, 86
63, 86
64, 85
64, 84
64, 84
64, 84
55, 85
55, 85
55, 85
55, 85
55, 85
55, 85
55, 85
53, 78
53, 79
52, 79
53, 79
54, 78
53, 79
53, 78
53, 79
54, 79
54, 79
54, 75
53, 74
53, 75
52, 75
53, 75
53, 74
54, 74
55, 74
55, 74
56, 85
55, 84
55, 83
55, 82
55, 81
56, 82
57, 83
57, 83
62, 82
62, 81
63, 81
62, 82
61, 82
62, 81
61, 81
62, 80
61, 79
60, 80
60, 80
56, 86
55, 87
55, 88
54, 88
55, 88
55, 88
66, 82
65, 82
66, 83
67, 83
66, 84
65, 84
65, 85
65, 85
55, 71
54, 70
53, 71
53, 72
52, 73
51, 72
51, 72
63, 86
63, 87
63, 86
64, 87
65, 86
65, 86
57, 73
56, 72
55, 71
56, 72
56, 71
57, 72
56, 71
56, 71
61, 77
61, 76
61, 77
61, 76
61, 77
62, 76
63, 77
62, 78
61, 77
62, 77
62, 77
65, 76
65, 75
65, 74
66, 75
67, 75
66, 74
67, 74
67, 74
66, 82
65, 81
66, 80
66, 79
65, 79
64, 80
64, 79
63, 78
64, 77
64, 77
61, 82
61, 81
60, 81
59, 80
58, 80
57, 80
56, 81
56, 80
55, 80
55, 80
58, 77
57, 76
56, 75
56, 76
57, 76
58, 75
59, 75
60, 74
59, 73
60, 74
60, 74
64, 78
64, 77
63, 77
64, 76
65, 77
65, 77
63, 86
64, 85
63, 85
64, 85
65, 85
65, 86
65, 87
66, 88
65, 88
66, 88
66, 88
58, 78
58, 79
59, 78
58, 79
59, 80
58, 79
58, 80
58, 81
59, 80
59, 80
57, 70
57, 69
56, 70
57, 70
57, 69
56, 68
57, 68
57, 68
58, 78
59, 79
58, 79
58, 78
58, 77
58, 77
55, 72
54, 73
55, 74
55, 73
56, 72
56, 71
57, 70
56, 71
56, 72
57, 72
57, 72
64, 85
65, 86
64, 87
64, 86
64, 85
64, 84
64, 84
55, 80
54, 81
54, 80
53, 80
54, 79
55, 78
55, 78
57, 84
58, 85
57, 86
56, 86
57, 87
57, 87
59, 73
60, 72
61, 73
62, 72
61, 72
60, 72
60, 71
61, 71
61, 72
61, 72
56, 86
56, 87
57, 88
58, 87
57, 86
56, 86
56, 86
55, 71
54, 71
55, 71
54, 70
55, 71
56, 71
55, 72
56, 71
55, 72
54, 72
54, 72
64, 83
63, 83
62, 83
62, 84
61, 83
62, 83
61, 82
62, 83
62, 83
66, 76
66, 77
67, 77
67, 78
66, 78
65, 77
65, 77
55, 79
55, 80
56, 79
55, 78
56, 77
56, 77
54, 78
54, 77
53, 76
53, 77
52, 76
51, 76
51, 76
54, 75
53, 75
52, 74
52, 75
53, 74
52, 74
53, 74
52, 74
51, 74
52, 73
52, 73
61, 81
62, 81
62, 82
62, 81
63, 82
64, 82
63, 81
64, 81
64, 82
64, 82
60, 79
59, 78
58, 78
59, 79
59, 80
59, 81
59, 80
60, 81
59, 80
60, 81
60, 81
57, 69
57, 70
56, 69
57, 70
58, 69
57, 69
57, 69
56, 72
57, 73
58, 73
58, 72
57, 71
57, 70
56, 70
57, 69
57, 69
66, 87
67, 87
66, 87
67, 86
68, 85
67, 86
68, 85
68, 85
63, 78
62, 77
63, 76
64, 77
65, 76
65, 76
57, 82
58, 82
57, 81
58, 80
57, 81
57, 80
56, 79
55, 79
56, 80
56, 80
55, 89
54, 90
54, 89
53, 89
53, 90
53, 90
68, 73
67, 72
66, 71
67, 71
68, 71
67, 71
67, 72
67, 72
51, 73
51, 72
50, 73
49, 74
49, 75
49, 76
48, 75
47, 74
47, 74
65, 87
65, 88
66, 89
67, 88
67, 89
66, 89
67, 89
68, 89
67, 90
67, 90
57, 76
58, 77
57, 77
56, 76
57, 76
57, 76
64, 84
65, 84
66, 84
66, 83
67, 82
67, 83
67, 83
65, 77
65, 78
66, 77
66, 76
65, 75
66, 75
67, 74
68, 74
69, 74
69, 74
55, 81
56, 81
56, 82
55, 83
54, 83
54, 83
57, 69
56, 70
55, 71
54, 72
53, 73
52, 74
51, 75
50, 76
50, 76
59, 80
58, 79
57, 78
56, 77
55, 76
54, 75
53, 74
53, 74
53, 74
52, 73
52, 73
54, 89
55, 88
55, 88
56, 87
57, 86
57, 85
57, 85
57, 84
57, 84
53, 82
52, 81
51, 80
51, 80
50, 79
49, 78
48, 77
48, 77
47, 76
47, 76
61, 82
60, 81
59, 80
58, 79
57, 78
56, 77
55, 76
54, 75
53, 74
53, 74
56, 77
55, 78
54, 79
53, 80
52, 81
52, 82
52, 82
48, 73
49, 72
50, 71
50, 70
50, 69
50, 68
50, 67
50, 66
50, 65
50, 64
50, 64
67, 90
66, 89
66, 89
66, 89
65, 88
64, 87
63, 86
63, 86
62, 85
62, 85
62, 85
60, 71
59, 70
58, 69
57, 68
56, 67
55, 66
54, 65
54, 65
68, 73
67, 72
66, 71
65, 70
64, 69
64, 69
55, 79
54, 78
54, 78
54, 78
53, 77
53, 77
52, 76
51, 75
50, 74
49, 73
49, 73
64, 75
63, 74
63, 74
62, 73
61, 72
61, 72
52, 75
53, 74
53, 74
54, 73
55, 72
56, 71
56, 71
51, 72
50, 71
49, 70
49, 70
49, 70
48, 69
48, 69
54, 72
54, 72
53, 71
53, 71
52, 70
51, 69
51, 69
50, 68
49, 67
49, 67
56, 77
55, 76
54, 75
54, 75
54, 75
54, 75
53, 74
52, 73
51, 72
50, 71
50, 71
66, 82
66, 82
66, 82
66, 82
65, 81
64, 80
64, 80
63, 79
62, 78
62, 78
56, 68
55, 67
54, 66
53, 65
53, 65
52, 64
51, 63
50, 62
50, 62
50, 62
64, 76
63, 75
62, 74
62, 74
62, 74
61, 73
60, 72
60, 72
63, 81
62, 80
61, 79
60, 78
59, 77
58, 76
57, 75
56, 74
56, 74
67, 84
66, 83
65, 82
64, 81
63, 80
62, 79
61, 78
60, 77
60, 77
60, 77
66, 71
65, 70
64, 69
63, 68
62, 67
62, 67
55, 85
54, 84
53, 83
52, 82
51, 81
50, 80
49, 79
49, 79
49, 79
48, 78
47, 77
46, 76
45, 75
44, 74
44, 74
44, 74
57, 84
56, 83
55, 82
55, 82
54, 81
54, 81
55, 72
54, 73
53, 74
52, 75
52, 75
52, 75
52, 75
52, 75
51, 76
51, 76
47, 68
46, 67
45, 66
44, 65
43, 64
42, 63
41, 62
40, 61
39, 60
38, 59
38, 59
61, 66
61, 66
60, 65
59, 64
58, 63
57, 62
56, 61
56, 61
48, 66
48, 66
47, 65
46, 64
46, 64
46, 64
45, 63
44, 62
44, 60
45, 59
46, 58
47, 57
48, 56
49, 55
50, 54
50, 53
50, 53
54, 75
55, 76
56, 77
57, 78
57, 78
58, 79
58, 79
58, 79
58, 79
58, 79
59, 71
59, 71
59, 71
58, 70
57, 69
56, 68
56, 68
64, 69
63, 70
63, 70
63, 70
62, 71
61, 72
60, 72
59, 72
59, 72
58, 72
58, 72
49, 73
48, 72
47, 71
46, 70
45, 69
45, 69
51, 70
52, 69
52, 69
53, 68
53, 68
54, 67
55, 66
56, 65
56, 65
47, 76
46, 75
45, 74
45, 74
44, 73
43, 72
42, 71
41, 70
41, 70
61, 79
60, 80
60, 80
59, 81
58, 82
58, 82
58, 82
51, 74
50, 75
50, 75
49, 76
48, 76
47, 76
46, 76
45, 76
44, 76
43, 76
43, 76
60, 73
59, 74
58, 74
57, 74
56, 74
55, 74
54, 74
53, 74
52, 74
51, 74
51, 74
53, 66
52, 67
51, 68
50, 69
49, 70
49, 70
49, 70
48, 71
48, 71
48, 71
50, 62
51, 61
52, 61
53, 61
54, 61
54, 61
57, 73
57, 73
58, 72
58, 72
59, 71
60, 70
61, 69
61, 69
62, 68
63, 67
63, 67
50, 64
50, 62
50, 61
50, 60
50, 59
50, 58
50, 58
49, 57
48, 56
48, 56
62, 85
61, 84
60, 83
59, 82
58, 81
57, 80
57, 80
56, 79
55, 78
55, 78
61, 76
62, 75
63, 74
64, 73
65, 72
65, 72
52, 82
53, 81
53, 80
53, 79
53, 78
53, 78
50, 76
51, 75
51, 75
51, 75
52, 74
52, 74
55, 82
56, 83
57, 84
58, 85
59, 86
59, 86
59, 86
46, 68
47, 67
48, 66
49, 65
49, 65
50, 64
51, 63
51, 63
52, 77
52, 78
52, 79
52, 80
52, 81
52, 82
52, 83
52, 84
52, 85
52, 85
49, 72
50, 73
51, 74
52, 75
52, 75
52, 75
53, 75
54, 75
54, 75
41, 70
40, 69
40, 69
39, 68
39, 68
39, 68
38, 67
37, 66
36, 65
36, 65
65, 72
66, 71
67, 70
67, 70
67, 69
67, 69
52, 77
51, 76
50, 75
49, 74
48, 73
48, 73
58, 79
57, 78
56, 77
55, 76
54, 75
54, 75
57, 62
58, 63
59, 64
59, 64
60, 65
60, 65
60, 65
57, 68
57, 68
57, 68
58, 68
58, 68
59, 68
60, 68
60, 68
44, 75
45, 74
45, 74
46, 74
46, 74
46, 74
57, 71
56, 70
56, 70
55, 69
54, 68
54, 68
53, 67
52, 66
52, 66
43, 73
42, 72
42, 72
41, 71
40, 70
39, 69
39, 69
51, 52
51, 52
52, 51
52, 51
53, 50
54, 49
54, 49
52, 74
52, 74
51, 73
50, 72
49, 71
48, 70
47, 69
47, 68
48, 67
49, 66
50, 65
50, 64
50, 63
49, 64
49, 64
57, 81
56, 80
56, 80
55, 79
54, 78
54, 78
54, 77
54, 77
53, 76
52, 75
51, 74
50, 73
49, 72
48, 71
48, 71
54, 61
54, 61
53, 60
52, 59
51, 58
50, 57
49, 56
49, 56
49, 56
56, 65
57, 64
58, 63
58, 63
59, 62
60, 61
61, 60
62, 59
62, 59
37, 58
37, 58
36, 57
35, 56
34, 55
33, 54
33, 54
62, 66
61, 65
60, 64
60, 64
59, 63
58, 62
57, 61
57, 61
47, 55
46, 54
45, 53
44, 52
43, 51
42, 50
41, 49
41, 49
50, 73
50, 73
49, 72
48, 71
47, 70
47, 68
48, 67
49, 66
50, 65
50, 64
50, 63
50, 62
50, 61
50, 60
49, 59
49, 59
54, 77
54, 76
54, 75
54, 75
54, 74
54, 73
54, 72
54, 72
54, 72
60, 65
60, 65
59, 64
58, 63
57, 62
57, 62
57, 62
61, 67
61, 67
62, 66
63, 65
64, 64
65, 63
65, 62
65, 62
42, 48
43, 47
44, 46
45, 45
45, 45
46, 44
46, 44
40, 68
40, 68
41, 67
42, 66
43, 65
43, 65
43, 65
46, 74
47, 75
47, 75
47, 75
48, 76
48, 76
32, 55
32, 55
32, 56
32, 57
32, 58
32, 59
32, 59
32, 59
50, 57
51, 58
52, 59
53, 60
53, 61
53, 61
54, 75
55, 74
55, 74
55, 73
55, 72
55, 71
55, 70
55, 70
53, 48
52, 47
51, 46
50, 45
49, 44
48, 43
48, 43
50, 65
51, 66
52, 67
52, 67
53, 68
54, 68
55, 68
56, 68
56, 68
52, 85
53, 86
54, 87
55, 88
56, 89
56, 89
56, 89
56, 89
36, 65
37, 64
37, 64
37, 64
37, 64
37, 64
38, 63
38, 63
66, 68
65, 67
64, 66
64, 65
64, 65
64, 64
64, 64
47, 70
47, 70
47, 68
48, 67
49, 66
50, 65
50, 64
50, 63
50, 62
49, 61
48, 60
48, 60
47, 59
47, 57
48, 56
49, 55
50, 54
50, 53
50, 52
50, 51
49, 52
49, 52
52, 66
51, 65
50, 64
50, 64
50, 62
50, 61
50, 60
50, 59
50, 58
50, 58
53, 74
52, 73
51, 72
50, 71
49, 70
49, 70
48, 69
48, 69
50, 62
49, 61
48, 60
47, 59
47, 57
48, 56
49, 55
50, 54
50, 53
50, 52
50, 51
50, 50
49, 49
49, 49
49, 49
48, 48
48, 48
58, 62
59, 62
59, 62
60, 62
61, 62
61, 62
61, 62
61, 62
58, 85
57, 84
57, 84
56, 83
55, 82
54, 81
54, 81
53, 80
53, 80
47, 74
46, 74
45, 74
44, 74
43, 74
43, 74
62, 59
63, 60
63, 60
64, 61
65, 62
65, 63
65, 63
65, 64
65, 65
65, 66
65, 66
50, 60
51, 61
52, 62
53, 63
54, 64
55, 65
55, 65
56, 66
56, 66
56, 66
56, 66
49, 59
48, 60
48, 60
48, 60
48, 60
49, 59
50, 58
50, 57
50, 56
50, 55
50, 55
50, 55
49, 56
49, 56
49, 56
64, 65
63, 64
63, 64
62, 63
62, 63
61, 62
61, 62
60, 61
59, 60
58, 59
58, 59
58, 63
59, 64
59, 64
60, 65
61, 66
61, 66
42, 73
41, 72
40, 71
39, 70
38, 69
38, 69
49, 76
50, 76
51, 76
51, 76
52, 76
53, 76
54, 76
55, 76
55, 76
55, 76
54, 70
53, 70
52, 70
51, 70
50, 70
50, 70
55, 88
54, 87
53, 86
53, 86
53, 86
53, 86
32, 59
31, 58
30, 57
29, 56
29, 56
29, 56
28, 55
27, 54
26, 53
25, 52
25, 52
47, 44
46, 45
45, 46
44, 47
43, 48
43, 48
43, 65
43, 65
42, 66
41, 67
41, 67
40, 68
40, 68
40, 68
64, 63
63, 64
62, 65
61, 65
60, 65
60, 65
54, 72
55, 73
56, 74
57, 75
58, 76
59, 77
59, 77
59, 77
59, 77
52, 62
51, 63
50, 64
50, 64
50, 64
49, 65
49, 65
48, 66
47, 66
47, 66
63, 63
62, 62
62, 62
61, 61
60, 60
59, 59
58, 58
58, 58
57, 57
57, 57
57, 69
58, 70
58, 70
59, 71
60, 72
61, 73
62, 74
63, 75
64, 76
65, 77
65, 77
47, 49
46, 50
45, 51
45, 51
44, 52
44, 52
43, 53
43, 53
43, 53
46, 44
46, 44
45, 43
44, 42
43, 41
42, 40
41, 39
40, 38
40, 38
48, 69
47, 68
46, 67
45, 66
45, 66
45, 66
56, 66
55, 65
55, 65
55, 65
54, 64
53, 63
52, 62
51, 61
50, 60
49, 59
49, 59
37, 62
36, 61
35, 60
34, 59
33, 58
32, 57
32, 57
48, 51
47, 50
46, 49
46, 48
46, 47
46, 47
46, 47
46, 47
62, 61
62, 60
62, 60
62, 59
62, 58
62, 58
54, 81
54, 81
55, 82
56, 83
56, 83
56, 83
56, 83
43, 48
42, 47
43, 47
44, 48
45, 49
46, 50
47, 50
48, 50
49, 50
50, 50
50, 50
50, 50
49, 49
48, 48
47, 47
46, 46
46, 46
46, 46
45, 46
44, 45
44, 45
45, 46
46, 47
47, 48
48, 49
49, 50
50, 50
50, 50
49, 49
48, 48
47, 47
47, 47
33, 58
34, 59
35, 60
36, 61
37, 62
37, 62
38, 63
38, 63
59, 64
59, 64
58, 63
58, 63
57, 62
57, 62
41, 39
42, 40
43, 41
44, 42
44, 42
45, 43
46, 44
47, 45
48, 46
48, 46
50, 70
49, 69
48, 68
48, 68
47, 67
46, 66
45, 65
44, 64
43, 63
43, 63
58, 77
57, 77
56, 77
55, 77
54, 77
53, 77
53, 77
26, 53
27, 54
27, 54
28, 55
29, 56
30, 57
31, 58
31, 58
52, 85
51, 84
50, 83
49, 82
48, 81
47, 80
46, 79
45, 78
45, 78
46, 65
45, 64
44, 63
44, 63
44, 61
45, 60
46, 59
47, 58
48, 57
49, 56
50, 55
50, 54
50, 53
50, 52
50, 52
49, 51
49, 51
39, 68
40, 67
41, 66
42, 65
43, 64
44, 63
44, 63
55, 76
54, 75
53, 74
52, 73
51, 72
51, 72
50, 71
50, 71
43, 53
42, 54
41, 55
40, 56
39, 57
38, 58
37, 59
36, 60
36, 60
55, 82
55, 82
55, 82
54, 81
54, 81
53, 80
52, 79
51, 78
51, 78
40, 68
39, 67
39, 67
38, 66
37, 65
37, 65
57, 58
57, 58
56, 57
56, 57
55, 56
54, 55
53, 54
52, 53
51, 52
51, 52
51, 52
50, 55
51, 54
52, 53
53, 52
54, 51
55, 50
56, 49
57, 48
58, 48
58, 48
60, 65
60, 65
59, 64
58, 63
57, 62
57, 62
56, 56
55, 55
54, 54
53, 53
52, 52
51, 51
50, 50
49, 49
49, 49
45, 66
45, 66
45, 66
44, 65
43, 64
42, 63
42, 63
42, 63
64, 76
64, 76
63, 75
62, 74
61, 73
60, 72
60, 72
61, 59
60, 60
59, 61
58, 62
57, 63
56, 64
55, 64
54, 64
53, 64
52, 64
52, 64
48, 60
48, 60
48, 60
49, 59
50, 58
50, 57
50, 56
50, 55
49, 56
48, 57
47, 58
47, 58
48, 57
49, 56
50, 55
50, 54
50, 53
50, 52
50, 51
49, 52
48, 53
47, 54
47, 54
47, 53
47, 52
47, 51
47, 50
47, 49
47, 48
47, 47
47, 46
47, 45
47, 44
47, 44
44, 64
44, 64
45, 65
46, 65
47, 65
47, 65
48, 65
48, 65
49, 47
50, 48
51, 49
52, 50
53, 51
53, 51
52, 50
51, 50
50, 50
50, 50
50, 50
50, 50
50, 50
51, 51
52, 52
52, 52
52, 52
58, 63
59, 64
60, 65
61, 66
62, 67
62, 67
62, 67
49, 70
49, 70
48, 69
47, 68
46, 67
46, 67
45, 66
44, 65
43, 64
43, 64
37, 59
38, 58
39, 57
39, 57
39, 57
40, 56
41, 55
41, 55
44, 61
45, 60
46, 59
47, 58
48, 57
49, 56
50, 55
49, 54
48, 53
47, 52
46, 51
45, 50
45, 50
52, 64
51, 65
51, 66
51, 67
51, 68
51, 69
51, 69
51, 69
51, 69
51, 69
51, 69
56, 61
55, 60
54, 59
53, 58
52, 57
52, 57
51, 56
50, 55
49, 54
48, 53
48, 53
45, 45
44, 44
43, 43
43, 43
42, 42
42, 42
38, 64
39, 63
40, 62
40, 62
40, 62
41, 61
42, 60
42, 60
47, 47
47, 48
47, 48
47, 49
47, 50
47, 50
47, 51
47, 51
57, 49
57, 49
56, 50
55, 50
54, 50
53, 50
52, 50
53, 51
53, 51
52, 50
51, 50
50, 50
50, 50
50, 50
50, 50
50, 50
51, 51
51, 51
51, 51
51, 51
48, 48
47, 47
47, 47
46, 46
45, 45
44, 44
43, 43
42, 42
41, 41
41, 41
52, 77
51, 77
50, 77
49, 77
48, 77
47, 77
46, 77
45, 77
44, 77
44, 77
30, 57
29, 56
28, 55
28, 55
27, 54
27, 54
37, 64
37, 64
37, 64
36, 65
35, 66
35, 67
35, 68
35, 69
35, 70
35, 70
50, 53
49, 54
49, 55
49, 56
49, 57
49, 58
49, 59
49, 59
46, 79
46, 79
46, 79
47, 80
48, 81
48, 81
48, 50
47, 49
46, 48
45, 47
44, 46
44, 46
60, 72
60, 72
61, 71
62, 70
63, 69
63, 69
52, 77
52, 77
52, 77
53, 76
54, 75
54, 75
54, 75
54, 75
44, 63
44, 61
45, 60
46, 59
47, 58
48, 57
49, 56
50, 55
50, 54
50, 53
49, 52
48, 51
47, 50
46, 49
45, 48
45, 48
45, 48
44, 47
44, 47
55, 74
54, 75
55, 75
56, 75
55, 75
55, 75
47, 52
48, 53
48, 54
48, 53
47, 54
47, 55
47, 56
48, 56
49, 56
49, 56
41, 60
41, 61
40, 61
41, 61
41, 62
40, 61
39, 60
38, 59
39, 59
39, 59
35, 69
36, 69
37, 68
37, 67
38, 67
38, 67
47, 81
47, 82
46, 82
47, 81
48, 80
47, 79
46, 78
46, 78
28, 54
27, 54
27, 55
28, 55
28, 56
27, 56
27, 55
28, 54
28, 54
51, 50
52, 51
53, 50
54, 49
55, 50
56, 50
57, 49
57, 49
45, 47
45, 48
44, 49
45, 48
44, 48
44, 47
45, 48
44, 48
44, 48
42, 65
41, 66
42, 66
42, 65
41, 66
42, 67
41, 68
42, 69
43, 68
43, 68
43, 43
44, 43
45, 44
46, 44
47, 43
48, 42
47, 42
46, 41
47, 40
47, 40
49, 53
49, 54
48, 55
49, 56
48, 55
49, 54
48, 55
48, 55
63, 68
64, 69
65, 69
66, 68
65, 68
66, 68
66, 67
66, 68
66, 67
66, 67
51, 51
50, 52
49, 53
50, 54
49, 55
50, 54
50, 54
47, 66
48, 66
48, 67
49, 66
50, 67
51, 68
51, 68
46, 50
47, 51
48, 50
49, 51
49, 52
49, 51
48, 51
49, 50
49, 50
40, 40
39, 39
40, 38
39, 37
38, 36
37, 36
37, 36
44, 48
44, 49
45, 50
44, 49
45, 49
44, 50
43, 49
43, 49
43, 77
42, 78
41, 79
40, 79
39, 79
38, 80
38, 81
37, 82
37, 82
51, 68
50, 68
51, 67
52, 67
51, 67
52, 67
51, 67
51, 67
50, 58
49, 57
48, 56
47, 55
47, 56
48, 55
49, 56
49, 56
62, 66
61, 65
62, 66
63, 66
62, 67
61, 68
60, 68
60, 68
40, 55
41, 56
40, 57
41, 57
41, 56
41, 56
47, 43
48, 44
47, 44
47, 45
46, 45
47, 46
47, 47
47, 46
46, 47
46, 48
46, 48
56, 76
56, 77
57, 76
56, 75
55, 75
56, 76
55, 77
55, 78
55, 78
38, 66
39, 67
40, 67
39, 67
40, 68
40, 68
47, 77
47, 76
46, 77
46, 76
46, 75
47, 76
47, 75
46, 75
46, 75
47, 39
48, 40
48, 41
49, 40
49, 39
48, 38
47, 38
46, 38
47, 37
47, 37
38, 58
39, 59
39, 60
38, 61
39, 62
39, 61
40, 61
40, 61
45, 48
46, 47
45, 48
44, 48
44, 47
43, 48
44, 47
44, 47
58, 49
59, 48
58, 49
58, 48
57, 48
57, 49
58, 50
58, 49
57, 49
57, 49
61, 67
60, 67
60, 66
61, 66
60, 65
61, 64
60, 65
60, 66
59, 66
60, 65
60, 65
50, 55
49, 55
49, 54
49, 55
48, 56
47, 56
48, 57
48, 57
38, 82
38, 83
38, 83
38, 36
37, 35
38, 35
39, 35
39, 34
40, 35
39, 34
39, 34
43, 67
42, 67
43, 66
42, 66
43, 65
44, 66
45, 66
44, 67
44, 67
52, 69
53, 68
54, 67
55, 68
54, 68
54, 69
53, 69
52, 68
51, 67
51, 67
48, 57
48, 56
47, 57
47, 56
46, 56
47, 55
46, 56
47, 55
48, 54
48, 54
52, 67
53, 66
52, 66
51, 65
52, 64
52, 63
53, 62
53, 62
51, 55
52, 56
52, 55
53, 56
54, 55
54, 55
41, 55
41, 56
41, 55
40, 56
40, 57
39, 57
40, 57
41, 57
41, 57
65, 66
65, 67
65, 68
66, 67
66, 66
67, 66
66, 65
67, 66
67, 65
67, 65
44, 47
45, 47
46, 48
45, 48
46, 49
46, 50
46, 50
27, 55
28, 56
27, 55
28, 55
29, 56
30, 55
29, 54
30, 54
31, 53
30, 54
30, 54
42, 49
42, 50
43, 49
44, 48
44, 47
45, 46
44, 46
44, 47
45, 47
45, 47
50, 51
51, 51
52, 50
53, 49
52, 50
53, 49
53, 49
47, 54
47, 53
46, 52
45, 53
46, 52
46, 52
41, 62
40, 61
41, 62
41, 61
41, 62
40, 62
41, 61
41, 61
40, 58
40, 57
39, 58
39, 57
40, 57
39, 57
38, 57
39, 57
38, 57
37, 58
37, 58
60, 64
61, 65
62, 66
61, 65
60, 64
61, 65
61, 66
60, 66
60, 66
55, 55
56, 55
57, 55
58, 54
58, 55
57, 55
57, 55
39, 35
38, 34
37, 34
37, 33
37, 34
37, 34
48, 55
49, 54
48, 53
49, 52
49, 53
48, 52
47, 53
46, 54
47, 53
47, 53
37, 82
36, 82
35, 83
36, 82
35, 83
35, 83
54, 48
53, 47
54, 47
54, 46
55, 46
54, 47
54, 47
49, 58
50, 59
50, 58
49, 59
49, 60
49, 60
50, 67
51, 67
50, 66
50, 65
51, 64
51, 64
39, 67
38, 67
37, 67
37, 66
36, 66
36, 66
53, 61
53, 62
54, 62
54, 61
55, 61
55, 62
54, 61
54, 61
66, 65
67, 66
67, 67
66, 68
65, 69
65, 68
64, 69
63, 69
64, 70
63, 69
63, 69
45, 76
46, 77
45, 78
46, 78
45, 77
46, 77
46, 77
55, 77
54, 78
54, 77
55, 78
54, 78
55, 78
55, 78
58, 49
58, 50
59, 50
58, 50
59, 49
59, 50
58, 49
59, 50
58, 49
59, 48
59, 48
44, 66
43, 66
42, 65
42, 66
41, 65
40, 65
40, 66
40, 65
39, 65
39, 65
48, 38
48, 37
49, 38
50, 37
50, 36
51, 35
52, 34
52, 35
52, 35
31, 55
30, 54
29, 54
30, 55
31, 55
31, 55
45, 51
44, 52
43, 53
44, 52
44, 53
44, 53
46, 53
47, 52
47, 51
48, 51
47, 51
47, 52
47, 53
48, 54
48, 53
48, 53
45, 46
44, 45
44, 44
45, 45
44, 44
45, 43
45, 42
44, 42
44, 41
44, 41
46, 48
45, 48
44, 47
45, 48
46, 48
47, 47
48, 46
49, 46
50, 47
50, 47
47, 54
48, 55
48, 56
49, 56
49, 57
48, 57
47, 57
47, 56
47, 55
47, 56
47, 56
49, 59
48, 60
48, 59
47, 59
47, 58
46, 57
47, 58
48, 59
48, 59
56, 79
56, 78
55, 79
55, 80
56, 79
55, 78
54, 79
53, 78
52, 77
52, 77
49, 52
50, 51
51, 50
51, 51
50, 51
51, 51
52, 51
52, 50
52, 51
52, 51
62, 70
61, 71
60, 72
61, 71
60, 72
59, 73
60, 72
60, 72
53, 60
53, 61
54, 62
55, 61
54, 61
55, 60
54, 59
55, 59
56, 58
56, 58
51, 63
51, 64
50, 64
49, 65
50, 64
50, 65
51, 64
52, 63
53, 64
53, 64
37, 67
38, 68
39, 67
38, 67
38, 68
38, 68
53, 35
52, 34
51, 33
51, 34
51, 35
52, 36
52, 37
52, 37
60, 65
60, 64
61, 64
62, 64
63, 64
64, 65
63, 64
62, 63
62, 63
34, 84
35, 84
35, 84
40, 60
41, 60
41, 61
42, 61
41, 60
41, 61
42, 61
41, 60
41, 61
41, 62
41, 62
58, 48
57, 47
58, 48
58, 49
59, 49
58, 48
58, 48
43, 52
44, 52
45, 53
44, 52
45, 51
44, 50
44, 49
44, 50
44, 50
58, 54
58, 55
58, 56
57, 57
56, 58
56, 58
43, 40
43, 41
43, 40
42, 41
42, 40
43, 41
43, 41
53, 46
52, 47
51, 47
52, 46
51, 46
50, 46
50, 46
45, 78
46, 79
46, 78
47, 78
47, 77
46, 77
46, 77
30, 54
31, 55
30, 54
29, 53
29, 54
29, 53
28, 53
28, 53
38, 65
39, 66
40, 66
40, 67
39, 67
39, 66
40, 66
39, 67
38, 66
39, 67
39, 67
38, 57
39, 58
38, 57
37, 56
37, 57
38, 57
38, 58
37, 58
36, 58
35, 58
35, 58
50, 48
50, 49
50, 50
49, 49
50, 49
49, 48
48, 47
48, 47
37, 35
37, 34
36, 35
36, 36
37, 37
38, 37
39, 38
39, 38
39, 39
40, 38
41, 37
42, 37
43, 37
44, 37
44, 36
43, 35
43, 35
53, 78
53, 79
54, 78
55, 77
54, 77
54, 76
53, 77
52, 78
52, 78
43, 50
44, 51
44, 50
44, 49
43, 48
44, 49
44, 49
44, 40
44, 39
43, 40
44, 40
45, 40
46, 41
45, 42
44, 42
44, 42
47, 58
48, 59
48, 58
47, 57
48, 56
49, 57
50, 57
51, 56
51, 55
51, 54
51, 54
45, 76
44, 77
44, 76
45, 76
44, 76
44, 76
51, 46
50, 47
51, 47
52, 46
51, 45
52, 44
52, 44
39, 68
40, 67
39, 67
38, 66
39, 67
38, 67
39, 67
38, 67
38, 67
57, 57
58, 58
59, 57
58, 57
57, 56
56, 57
55, 58
54, 58
54, 59
54, 59
39, 68
38, 67
39, 66
38, 67
37, 67
37, 67
53, 63
52, 63
53, 63
53, 62
53, 63
52, 62
53, 62
53, 62
52, 36
53, 35
54, 36
53, 37
54, 38
54, 38
34, 84
35, 85
35, 84
35, 84
29, 54
28, 53
28, 52
27, 52
26, 51
27, 50
26, 49
26, 49
61, 62
60, 63
59, 62
60, 63
61, 64
60, 63
60, 63
41, 63
40, 62
39, 61
40, 60
40, 59
40, 60
39, 60
38, 61
38, 62
38, 62
53, 50
54, 51
53, 52
54, 53
53, 53
54, 53
55, 53
55, 54
55, 53
54, 54
54, 54
34, 57
35, 58
35, 57
35, 58
35, 59
36, 59
35, 60
36, 59
37, 60
37, 60
47, 55
46, 56
46, 57
46, 56
46, 57
46, 57
58, 47
59, 48
59, 47
59, 48
60, 49
60, 48
60, 48
55, 57
54, 58
54, 57
53, 56
53, 57
54, 56
54, 56
60, 71
59, 72
59, 73
58, 74
57, 73
57, 73
48, 46
48, 45
49, 44
50, 43
50, 42
50, 41
51, 41
52, 42
52, 43
52, 44
52, 44
54, 55
55, 55
54, 54
54, 55
53, 55
53, 55
58, 74
58, 75
57, 75
58, 75
57, 76
57, 75
56, 74
56, 75
56, 75
53, 78
52, 79
51, 78
51, 79
52, 78
53, 77
52, 77
53, 78
53, 78
60, 49
59, 48
58, 49
57, 48
56, 48
56, 49
56, 48
57, 47
57, 47
34, 84
35, 84
34, 84
35, 84
35, 84
54, 37
55, 37
54, 36
55, 37
56, 37
57, 36
58, 35
58, 35
54, 61
55, 61
55, 62
56, 62
57, 63
56, 64
56, 63
56, 62
56, 62
55, 60
56, 60
56, 61
55, 62
56, 62
57, 63
57, 63
39, 68
40, 68
39, 69
38, 70
38, 69
37, 69
37, 69
39, 63
39, 62
40, 62
41, 63
42, 63
43, 63
43, 63
46, 56
47, 55
48, 54
49, 54
50, 53
51, 52
51, 53
52, 53
52, 53
54, 55
55, 56
56, 55
56, 54
57, 55
57, 54
56, 54
56, 55
56, 56
55, 57
55, 57
25, 50
24, 51
25, 51
24, 50
25, 51
24, 51
25, 51
25, 50
26, 50
25, 50
25, 50
43, 36
44, 37
43, 36
44, 36
45, 37
44, 38
44, 37
44, 36
45, 37
45, 37
51, 43
52, 43
51, 44
51, 45
52, 46
51, 47
52, 46
53, 47
52, 46
52, 46
45, 76
46, 76
46, 77
47, 76
48, 77
48, 77
52, 43
53, 44
52, 45
53, 46
52, 47
53, 47
53, 47
37, 61
38, 61
38, 60
39, 61
38, 61
38, 62
38, 63
39, 64
38, 64
38, 64
59, 63
60, 63
61, 63
60, 62
60, 61
60, 61
45, 42
44, 41
45, 42
44, 41
44, 40
44, 40
52, 54
53, 54
54, 55
54, 54
53, 54
54, 54
53, 55
53, 54
53, 55
53, 55
38, 68
37, 68
38, 67
39, 67
40, 66
40, 65
41, 65
41, 65
43, 49
42, 48
41, 48
41, 49
42, 48
42, 48
56, 46
57, 45
58, 44
57, 45
58, 44
58, 43
58, 42
57, 43
57, 42
57, 42
54, 55
55, 54
54, 53
53, 52
54, 51
54, 50
55, 49
55, 49
54, 58
53, 58
54, 59
53, 58
54, 59
54, 60
54, 60
24, 49
23, 49
22, 48
23, 48
23, 47
23, 47
46, 37
45, 37
46, 37
45, 36
45, 35
45, 34
46, 33
46, 33
58, 62
57, 62
57, 63
56, 63
55, 63
55, 63
51, 45
52, 45
51, 46
50, 45
50, 44
51, 45
50, 46
49, 45
50, 44
50, 45
50, 45
52, 54
51, 53
52, 53
51, 52
51, 53
52, 53
52, 52
51, 53
50, 53
50, 53
57, 76
56, 77
55, 78
54, 77
53, 77
53, 76
53, 76
44, 62
43, 63
43, 64
43, 65
44, 64
43, 65
44, 64
44, 63
44, 63
57, 35
56, 35
57, 34
57, 33
56, 32
56, 31
55, 31
54, 30
54, 30
44, 39
43, 40
43, 41
44, 42
45, 41
45, 40
44, 40
44, 41
44, 41
38, 69
37, 69
38, 70
37, 71
38, 72
37, 72
36, 72
36, 72
53, 56
54, 56
53, 57
52, 56
51, 55
51, 55
53, 79
53, 80
54, 80
54, 81
55, 81
54, 82
53, 82
53, 81
54, 81
53, 81
53, 81
43, 47
43, 48
44, 49
43, 49
44, 49
43, 50
43, 50
55, 62
54, 62
55, 63
54, 64
53, 64
54, 64
53, 64
53, 63
53, 64
53, 63
53, 63
34, 84
35, 84
34, 84
33, 84
33, 84
48, 76
47, 75
46, 74
46, 75
47, 75
46, 75
46, 75
40, 65
39, 66
38, 65
38, 64
38, 63
39, 64
38, 63
38, 63
59, 60
59, 59
60, 60
60, 59
61, 59
62, 59
63, 58
63, 58
37, 64
38, 64
38, 65
38, 64
37, 65
38, 66
38, 67
39, 68
40, 69
40, 69
52, 47
53, 48
54, 48
53, 47
54, 48
55, 49
55, 50
55, 50
53, 64
52, 63
51, 63
51, 62
50, 61
50, 61
41, 70
41, 71
42, 72
42, 73
41, 74
42, 74
41, 75
41, 74
41, 73
42, 72
42, 72
53, 31
54, 32
53, 33
54, 32
54, 33
55, 34
56, 33
55, 34
55, 35
55, 35
57, 41
56, 42
55, 43
55, 44
55, 45
56, 44
57, 44
56, 44
56, 45
55, 44
55, 44
54, 81
55, 82
55, 83
56, 83
55, 83
56, 82
56, 81
56, 82
56, 83
57, 82
57, 82
55, 49
54, 50
55, 49
55, 50
54, 51
54, 51
44, 50
44, 49
45, 49
44, 48
43, 47
44, 48
43, 47
44, 48
44, 48
51, 52
52, 52
53, 53
52, 53
53, 54
52, 55
52, 54
51, 54
51, 55
51, 55
32, 85
33, 84
34, 84
35, 84
35, 84
53, 59
52, 60
53, 60
54, 59
53, 58
53, 59
52, 60
51, 61
51, 62
51, 63
51, 63
51, 46
52, 46
53, 46
54, 45
54, 44
53, 43
52, 44
52, 45
53, 46
54, 47
54, 47
39, 63
38, 62
37, 61
38, 62
39, 62
40, 61
41, 61
40, 62
41, 62
41, 62
62, 58
61, 57
61, 56
62, 57
62, 56
62, 57
62, 56
61, 55
61, 56
61, 56
54, 63
53, 62
53, 61
52, 60
53, 60
52, 61
51, 62
51, 62
43, 41
43, 42
44, 41
43, 42
43, 41
43, 41
43, 63
43, 64
42, 63
41, 63
40, 62
41, 61
40, 61
40, 61
23, 48
24, 48
23, 48
23, 47
23, 46
24, 47
24, 46
25, 46
25, 45
25, 46
25, 46
36, 73
35, 74
36, 74
36, 73
36, 74
37, 74
36, 73
36, 73
47, 76
48, 76
49, 76
50, 76
49, 75
49, 76
49, 76
53, 77
52, 77
53, 78
54, 78
55, 78
54, 78
55, 78
56, 78
56, 78
47, 32
46, 33
47, 32
46, 32
47, 32
47, 33
46, 34
47, 35
47, 36
47, 36
54, 48
53, 49
52, 49
52, 50
53, 51
54, 51
53, 50
53, 50
51, 56
51, 55
52, 56
52, 57
53, 58
54, 59
54, 59
57, 83
58, 83
57, 83
56, 82
55, 82
54, 82
53, 83
54, 82
55, 83
54, 83
54, 83
44, 47
44, 48
45, 47
45, 46
44, 47
44, 48
44, 48
50, 62
51, 63
51, 62
52, 62
51, 63
51, 63
24, 47
23, 47
23, 48
23, 49
24, 48
24, 47
25, 46
25, 46
50, 56
49, 55
50, 55
51, 56
51, 55
50, 54
50, 53
51, 54
52, 55
52, 55
41, 61
40, 62
39, 61
38, 62
37, 62
37, 61
38, 62
39, 62
39, 62
56, 77
56, 78
57, 79
57, 78
56, 77
55, 78
54, 78
53, 77
54, 77
55, 76
55, 76
51, 63
51, 62
52, 62
53, 62
52, 62
51, 62
51, 61
52, 60
53, 61
53, 62
53, 62
56, 35
56, 34
55, 33
55, 32
55, 31
56, 31
56, 32
55, 32
55, 32
36, 74
37, 74
38, 75
39, 76
38, 76
38, 75
38, 76
38, 76
53, 49
52, 50
52, 49
53, 48
54, 47
53, 47
53, 47
44, 40
45, 39
45, 40
44, 41
43, 41
42, 40
41, 39
42, 39
43, 39
44, 40
44, 40
53, 50
52, 51
53, 50
53, 51
52, 51
51, 51
52, 51
52, 51
48, 77
47, 78
47, 77
48, 77
47, 78
47, 77
47, 77
54, 58
55, 57
55, 56
56, 57
56, 58
55, 57
54, 56
55, 55
55, 55
41, 63
42, 64
43, 65
43, 66
42, 66
43, 65
42, 65
43, 64
43, 64
50, 60
51, 60
52, 60
52, 61
52, 60
53, 59
54, 59
55, 58
54, 59
54, 60
54, 60
55, 43
54, 44
55, 44
56, 43
57, 43
58, 44
57, 45
56, 46
57, 47
57, 47
41, 72
42, 73
43, 73
42, 72
41, 73
40, 74
40, 75
39, 76
38, 75
38, 75
46, 37
47, 38
48, 39
48, 38
47, 37
47, 37
61, 57
60, 57
60, 58
60, 57
61, 56
60, 57
60, 57
35, 85
34, 84
35, 83
34, 83
35, 84
35, 83
34, 83
34, 83
54, 48
53, 49
54, 50
55, 50
56, 49
55, 49
56, 48
57, 47
58, 47
57, 48
57, 48
51, 54
50, 55
50, 56
51, 55
50, 54
51, 53
51, 54
51, 54
52, 63
53, 62
52, 62
53, 61
54, 61
54, 61
46, 77
46, 78
47, 78
46, 78
46, 79
47, 78
46, 78
46, 78
39, 61
40, 62
41, 62
40, 62
41, 61
40, 60
40, 61
39, 60
39, 60
45, 48
46, 49
47, 49
48, 50
49, 51
49, 51
54, 59
55, 58
55, 59
54, 58
55, 59
56, 58
55, 59
56, 60
57, 61
57, 61
54, 46
55, 46
54, 45
55, 46
56, 45
56, 44
55, 44
56, 43
56, 43
52, 50
53, 49
54, 50
54, 51
55, 50
55, 49
54, 50
54, 51
53, 50
53, 50
54, 56
53, 56
53, 57
54, 58
53, 59
53, 58
53, 57
53, 57
54, 77
54, 76
53, 75
53, 76
52, 75
52, 76
52, 75
52, 74
52, 74
39, 76
40, 77
41, 76
40, 76
39, 75
38, 75
39, 74
39, 74
52, 62
53, 61
53, 60
52, 60
52, 61
52, 62
53, 62
52, 63
53, 63
52, 64
52, 64
33, 84
34, 84
33, 84
32, 83
31, 84
32, 84
33, 83
33, 83
58, 47
57, 48
58, 47
58, 48
59, 49
60, 49
61, 48
61, 48
26, 46
26, 47
27, 46
26, 47
26, 48
27, 48
27, 48
44, 65
43, 65
43, 66
42, 67
42, 66
41, 66
42, 65
41, 65
42, 66
42, 66
47, 38
48, 37
47, 38
46, 37
45, 36
45, 37
46, 36
47, 35
47, 35
56, 31
56, 32
56, 31
55, 32
55, 31
54, 32
55, 32
56, 33
56, 32
56, 32
58, 48
59, 48
58, 48
59, 47
60, 47
60, 48
59, 47
60, 48
60, 49
60, 49
37, 75
37, 74
38, 75
37, 74
37, 75
37, 75
60, 58
59, 57
58, 57
57, 58
57, 57
57, 58
58, 59
59, 59
58, 59
58, 59
55, 82
56, 82
55, 83
55, 82
54, 82
54, 82
44, 41
45, 42
46, 41
45, 42
46, 42
45, 42
44, 42
45, 41
46, 42
45, 42
45, 42
58, 58
57, 59
56, 59
55, 58
55, 59
54, 59
54, 59
58, 61
59, 61
60, 61
59, 61
59, 60
59, 61
59, 61
39, 73
38, 74
37, 73
38, 73
37, 73
37, 73
55, 43
55, 42
54, 42
54, 43
54, 42
55, 43
55, 42
56, 42
57, 41
57, 41
62, 47
62, 46
63, 47
62, 46
63, 46
62, 46
63, 45
64, 46
64, 46
46, 35
47, 35
48, 34
49, 34
48, 35
49, 35
50, 34
51, 33
51, 33
51, 55
50, 55
49, 54
48, 53
47, 53
47, 53
49, 50
49, 51
49, 52
50, 53
51, 52
51, 52
38, 60
37, 59
36, 60
37, 59
38, 58
39, 59
39, 59
54, 51
54, 50
53, 49
53, 50
53, 51
54, 50
55, 50
54, 50
53, 51
52, 51
52, 51
59, 49
58, 49
58, 48
59, 49
58, 50
59, 50
59, 49
59, 49
55, 60
54, 61
54, 62
55, 63
56, 62
57, 63
56, 64
56, 65
56, 65
36, 75
37, 75
36, 75
35, 76
36, 75
37, 75
38, 76
39, 77
39, 76
39, 76
55, 83
54, 82
54, 81
55, 81
55, 82
55, 82
56, 31
56, 32
56, 31
56, 32
55, 32
55, 31
54, 31
53, 32
54, 32
55, 33
55, 33
47, 77
47, 76
46, 77
45, 77
46, 77
46, 78
46, 77
45, 76
44, 75
44, 75
34, 84
35, 84
34, 84
33, 83
32, 84
33, 84
33, 84
41, 65
41, 66
40, 65
40, 66
39, 67
40, 66
41, 66
42, 66
43, 65
43, 65
53, 75
54, 75
55, 75
56, 76
57, 75
58, 74
57, 75
57, 75
54, 56
53, 56
54, 56
53, 57
53, 58
53, 59
53, 59
53, 65
54, 64
53, 63
54, 62
54, 61
53, 61
53, 61
44, 42
44, 43
43, 42
43, 43
44, 44
45, 45
45, 45
28, 48
27, 47
26, 46
25, 46
26, 45
26, 45
65, 45
66, 45
66, 46
66, 45
67, 44
66, 44
66, 44
38, 58
37, 58
37, 57
36, 57
36, 58
36, 59
35, 60
36, 59
35, 59
35, 59
51, 53
52, 53
53, 52
52, 53
52, 52
53, 52
53, 52
51, 34
50, 35
51, 36
50, 37
51, 36
52, 36
52, 36
55, 81
56, 81
55, 81
56, 82
55, 81
56, 80
56, 79
56, 79
44, 64
43, 65
42, 64
42, 63
43, 63
43, 64
43, 64
59, 50
59, 49
58, 49
57, 49
58, 48
59, 47
60, 46
59, 47
59, 47
43, 76
42, 75
42, 74
41, 73
40, 74
41, 75
41, 75
56, 74
57, 73
56, 74
57, 73
56, 73
57, 72
56, 72
57, 72
57, 71
57, 71
55, 66
55, 65
54, 65
53, 64
52, 65
53, 65
52, 66
52, 66
56, 32
57, 33
56, 33
57, 34
58, 34
57, 33
56, 33
56, 32
56, 32
53, 59
53, 60
53, 59
52, 59
52, 58
53, 58
53, 57
52, 57
52, 57
52, 60
53, 60
53, 59
53, 58
54, 59
54, 60
54, 61
54, 61
60, 61
59, 60
60, 61
61, 61
61, 60
60, 61
60, 60
61, 60
61, 60
57, 42
58, 41
58, 40
59, 40
60, 41
59, 40
58, 40
59, 41
60, 41
59, 42
59, 42
52, 60
53, 61
54, 61
54, 60
55, 59
55, 58
55, 58
36, 74
36, 75
35, 76
36, 76
35, 77
35, 78
34, 78
35, 78
35, 78
46, 54
45, 54
44, 53
43, 54
43, 53
44, 52
44, 51
44, 51
27, 46
26, 47
25, 48
24, 47
25, 48
26, 48
25, 48
26, 49
26, 49
38, 75
39, 74
39, 75
38, 75
37, 75
36, 74
36, 74
44, 44
43, 43
43, 42
42, 43
42, 42
41, 42
41, 41
41, 41
34, 84
35, 85
35, 84
34, 84
33, 83
33, 83
52, 52
51, 51
52, 51
53, 52
53, 53
54, 54
54, 54
62, 61
63, 62
62, 63
63, 62
64, 63
63, 63
64, 63
65, 63
65, 64
65, 65
65, 65
44, 52
43, 51
44, 50
45, 50
44, 50
44, 49
44, 49
57, 72
58, 73
59, 73
59, 74
60, 75
59, 74
60, 74
59, 73
59, 72
59, 72
51, 37
50, 36
49, 36
49, 37
50, 38
49, 37
50, 36
49, 36
50, 36
50, 37
50, 37
52, 56
52, 55
53, 56
54, 56
55, 57
56, 57
56, 56
56, 56
55, 61
56, 62
55, 62
54, 61
53, 60
54, 59
55, 59
55, 58
55, 59
54, 60
54, 60
35, 74
35, 73
36, 74
37, 73
38, 72
39, 73
39, 72
39, 72
44, 64
44, 65
43, 66
44, 67
45, 67
45, 67
53, 51
52, 50
53, 50
54, 51
53, 51
52, 50
51, 49
51, 50
52, 50
53, 51
53, 51
54, 57
55, 56
54, 56
55, 57
56, 56
55, 55
55, 56
55, 57
55, 56
56, 57
56, 57
41, 74
40, 74
39, 74
40, 73
41, 74
42, 74
43, 74
42, 74
42, 74
55, 78
54, 79
53, 78
53, 79
54, 78
54, 78
42, 40
41, 41
41, 42
42, 43
43, 43
42, 42
43, 43
43, 43
53, 53
53, 54
53, 55
53, 54
53, 55
53, 55
26, 50
25, 49
24, 49
25, 49
25, 50
24, 51
24, 50
24, 49
25, 48
25, 48
53, 66
54, 66
54, 65
55, 65
55, 66
56, 66
56, 66
35, 77
34, 76
35, 77
34, 76
33, 76
32, 75
32, 75
67, 44
66, 44
66, 45
66, 46
65, 46
65, 46
32, 83
32, 82
33, 81
32, 81
32, 80
32, 79
32, 79
58, 47
58, 48
57, 47
58, 47
59, 48
59, 47
60, 48
60, 48
60, 43
59, 44
59, 43
58, 43
59, 44
59, 44
34, 59
35, 59
34, 59
33, 60
34, 61
34, 62
35, 62
34, 62
35, 62
35, 62
55, 31
54, 32
53, 32
52, 32
51, 33
51, 34
50, 33
49, 34
50, 33
49, 33
49, 33
45, 68
44, 69
43, 70
43, 69
43, 70
44, 69
43, 69
43, 69
57, 56
56, 56
57, 57
58, 57
58, 56
58, 56
64, 66
65, 67
65, 68
66, 68
67, 68
66, 67
67, 67
67, 67
43, 48
44, 48
44, 49
45, 48
45, 49
45, 49
59, 48
60, 48
61, 48
60, 48
60, 49
60, 49
65, 45
65, 46
65, 45
66, 46
66, 47
65, 47
66, 47
66, 48
67, 48
67, 49
67, 49
41, 73
42, 73
42, 74
42, 75
41, 74
41, 74
26, 48
25, 48
24, 49
25, 50
26, 49
25, 49
25, 49
31, 78
32, 78
31, 77
32, 76
31, 76
30, 77
30, 76
29, 77
29, 77
53, 50
52, 51
52, 52
51, 53
52, 53
53, 52
52, 52
51, 51
52, 51
53, 52
53, 52
58, 43
57, 44
56, 45
55, 46
56, 46
55, 46
56, 46
56, 46
36, 62
37, 62
36, 63
37, 63
38, 62
39, 63
38, 64
38, 63
38, 62
38, 62
50, 32
50, 31
49, 32
48, 31
47, 32
46, 31
46, 31
33, 75
32, 76
31, 76
31, 75
30, 74
31, 73
31, 73
50, 36
51, 36
52, 37
51, 37
50, 38
50, 39
49, 39
50, 40
49, 40
49, 40
59, 73
58, 74
59, 74
60, 74
61, 73
62, 74
61, 74
62, 74
61, 75
62, 75
62, 75
55, 66
54, 65
53, 66
54, 66
53, 65
53, 65
52, 54
51, 54
51, 53
52, 53
51, 53
52, 54
51, 54
50, 53
50, 53
53, 59
54, 58
55, 58
56, 59
57, 58
57, 57
58, 58
58, 58
40, 72
41, 71
40, 72
39, 72
39, 71
38, 70
38, 70
55, 79
54, 78
54, 77
53, 77
54, 76
55, 77
55, 77
57, 57
58, 56
57, 56
58, 55
58, 54
57, 55
58, 54
58, 55
58, 56
58, 56
42, 42
41, 42
42, 42
43, 43
44, 43
44, 44
45, 44
46, 44
46, 44
55, 45
56, 46
55, 45
54, 45
53, 46
54, 47
55, 46
55, 45
55, 45
45, 50
46, 51
46, 52
47, 53
47, 54
48, 55
48, 54
48, 54
57, 55
56, 56
55, 57
56, 58
55, 57
56, 56
55, 56
55, 56
47, 43
46, 44
47, 43
48, 44
49, 43
48, 44
47, 43
47, 42
47, 42
67, 66
68, 67
67, 67
68, 67
69, 68
69, 69
68, 68
67, 69
66, 68
67, 67
67, 67
56, 76
55, 76
56, 76
56, 75
55, 75
55, 75
44, 70
45, 69
44, 70
45, 70
45, 71
45, 71
57, 58
58, 58
58, 59
59, 60
58, 59
57, 60
57, 61
56, 61
57, 62
58, 63
58, 63
53, 64
52, 63
52, 64
52, 63
51, 63
51, 64
52, 65
52, 64
51, 63
51, 62
51, 62
54, 53
55, 54
55, 53
54, 53
54, 54
53, 53
54, 53
54, 54
54, 53
54, 53
38, 63
39, 64
38, 65
38, 64
37, 63
37, 64
37, 64
47, 30
47, 29
47, 30
48, 29
48, 28
49, 27
48, 27
48, 27
66, 48
66, 49
67, 48
68, 47
67, 47
66, 47
66, 47
28, 78
29, 79
28, 80
27, 80
28, 81
29, 82
30, 82
31, 83
31, 83
63, 74
64, 74
65, 74
64, 75
65, 74
66, 74
65, 75
64, 76
64, 75
65, 74
65, 74
59, 50
58, 49
57, 49
58, 49
59, 50
60, 49
59, 49
58, 48
57, 49
56, 49
56, 49
40, 75
41, 74
41, 75
40, 76
39, 76
38, 76
38, 75
39, 75
39, 75
49, 54
50, 54
50, 53
51, 52
51, 53
50, 53
50, 53
24, 48
23, 47
22, 46
22, 47
21, 47
21, 47
48, 39
48, 38
49, 37
49, 36
50, 36
50, 36
32, 73
31, 72
30, 72
29, 73
28, 72
28, 73
29, 74
29, 73
29, 72
28, 71
28, 71
38, 71
37, 72
36, 71
37, 72
37, 71
38, 70
38, 70
58, 57
59, 57
60, 57
61, 57
60, 58
60, 58
64, 75
64, 74
64, 75
65, 74
64, 74
65, 74
65, 74
48, 53
49, 52
48, 51
47, 51
48, 52
47, 51
46, 52
46, 52
55, 54
55, 55
55, 54
56, 53
55, 53
56, 54
57, 55
56, 56
56, 55
56, 55
48, 42
47, 41
48, 42
49, 43
48, 42
48, 42
31, 84
32, 84
33, 83
33, 82
33, 83
34, 84
34, 84
54, 45
55, 44
54, 45
53, 46
53, 45
54, 45
54, 44
54, 44
57, 63
56, 63
56, 62
55, 62
56, 61
55, 61
54, 62
54, 61
54, 61
40, 75
40, 76
40, 75
41, 75
40, 76
40, 75
41, 74
41, 74
57, 49
56, 48
57, 49
57, 48
57, 47
58, 47
57, 48
57, 47
57, 48
58, 48
58, 48
66, 66
66, 67
67, 68
67, 67
68, 67
69, 66
69, 66
37, 63
36, 63
37, 62
38, 61
39, 61
39, 60
39, 60
48, 28
48, 29
48, 28
47, 28
48, 28
47, 28
47, 27
48, 28
47, 28
47, 28
49, 52
48, 52
49, 52
48, 53
47, 52
48, 51
47, 51
47, 51
51, 37
50, 38
49, 37
48, 37
47, 37
46, 37
45, 38
45, 39
44, 38
44, 38
29, 71
28, 72
29, 73
28, 74
29, 74
29, 75
30, 76
30, 77
30, 77
67, 46
68, 45
69, 46
68, 47
67, 46
68, 47
68, 46
68, 45
68, 44
68, 44
56, 57
55, 57
54, 56
55, 57
54, 58
53, 58
53, 59
54, 58
53, 59
53, 60
53, 60
61, 57
60, 57
59, 57
60, 58
59, 59
58, 59
57, 60
58, 60
57, 61
57, 60
57, 60
44, 70
43, 70
44, 69
45, 70
46, 70
45, 71
45, 72
46, 71
45, 71
44, 72
44, 72
54, 75
55, 76
54, 75
53, 74
52, 73
51, 74
51, 74
37, 70
37, 71
36, 71
37, 72
37, 73
36, 74
36, 75
37, 75
37, 75
51, 61
51, 60
50, 60
51, 60
52, 59
52, 58
51, 58
52, 59
52, 58
51, 57
51, 57
22, 47
23, 46
23, 47
22, 47
23, 47
22, 46
22, 46
68, 45
67, 46
67, 47
66, 48
65, 47
66, 48
67, 47
66, 47
66, 47
30, 78
30, 79
29, 80
30, 80
31, 81
30, 80
29, 80
28, 80
27, 79
27, 80
27, 80
55, 44
54, 45
53, 44
53, 45
53, 46
53, 47
53, 47
23, 45
22, 46
21, 47
20, 48
19, 48
18, 48
17, 47
18, 47
18, 46
18, 46
38, 76
39, 75
40, 75
41, 75
40, 75
39, 74
38, 73
37, 73
37, 73
44, 73
43, 74
42, 75
43, 74
42, 74
42, 74
54, 60
53, 61
52, 62
53, 61
53, 62
54, 62
53, 61
54, 61
54, 61
40, 60
41, 59
40, 58
40, 57
41, 58
40, 57
41, 57
41, 57
52, 57
51, 56
52, 57
53, 56
52, 56
53, 57
53, 58
53, 58
50, 75
50, 74
49, 74
48, 75
49, 76
50, 75
50, 75
48, 29
47, 30
47, 29
47, 28
48, 27
48, 27
48, 51
49, 51
48, 51
47, 52
47, 53
47, 53
70, 67
71, 68
70, 69
71, 70
70, 71
70, 72
70, 71
71, 72
70, 73
69, 73
69, 73
40, 73
39, 73
39, 74
40, 74
41, 73
41, 74
40, 73
40, 73
55, 61
54, 60
54, 61
54, 62
55, 63
55, 62
55, 62
55, 56
56, 57
55, 56
55, 55
55, 54
55, 54
43, 38
42, 38
43, 39
42, 39
41, 38
41, 39
40, 40
41, 39
41, 39
66, 73
66, 74
67, 73
66, 73
67, 72
67, 73
68, 74
68, 75
69, 76
69, 76
56, 60
55, 60
56, 60
55, 60
54, 61
55, 60
55, 61
54, 61
55, 60
56, 60
56, 60
47, 51
48, 52
48, 53
47, 54
47, 53
47, 53
58, 49
58, 50
59, 49
59, 48
60, 48
61, 47
61, 47
35, 85
34, 84
33, 83
33, 83
48, 41
48, 40
49, 40
49, 39
48, 38
47, 37
48, 36
48, 35
48, 35
33, 84
32, 85
31, 84
30, 84
30, 84
36, 72
37, 72
38, 73
38, 72
37, 71
36, 71
37, 71
38, 71
38, 71
54, 57
54, 58
55, 59
54, 58
55, 58
54, 59
55, 58
54, 57
55, 58
55, 58
65, 48
66, 47
66, 46
67, 45
67, 46
66, 47
66, 47
41, 75
42, 76
43, 77
44, 78
43, 77
43, 77
49, 27
50, 26
49, 27
50, 26
50, 27
50, 26
51, 25
50, 26
49, 27
49, 27
50, 74
50, 75
49, 75
50, 75
51, 74
52, 74
52, 75
53, 75
53, 75
46, 54
45, 53
45, 52
45, 51
44, 51
45, 50
45, 50
17, 45
17, 46
16, 45
17, 46
18, 46
19, 45
20, 45
21, 44
20, 45
20, 45
54, 61
54, 60
54, 59
54, 60
55, 59
55, 58
56, 57
55, 56
55, 56
47, 54
48, 54
49, 54
48, 54
47, 53
46, 53
47, 52
47, 52
56, 54
55, 53
55, 54
56, 53
57, 54
57, 53
57, 54
58, 55
58, 54
58, 54
57, 60
57, 61
58, 62
59, 62
59, 63
58, 63
59, 64
59, 65
59, 65
27, 79
26, 78
27, 77
26, 76
25, 75
24, 74
24, 75
23, 74
24, 74
23, 75
23, 75
60, 48
59, 47
60, 48
59, 49
58, 49
59, 49
59, 48
59, 48
70, 72
69, 72
69, 71
68, 70
68, 69
69, 70
69, 70
40, 56
40, 57
40, 58
39, 57
40, 56
40, 57
39, 57
38, 56
38, 56
53, 46
52, 45
53, 46
53, 45
53, 44
53, 45
52, 44
53, 43
53, 43
68, 75
67, 75
68, 75
67, 74
66, 74
67, 73
68, 73
68, 74
67, 75
67, 75
42, 38
41, 39
40, 38
41, 38
42, 39
41, 40
42, 40
41, 41
42, 40
43, 39
43, 39
53, 62
54, 62
53, 61
52, 62
52, 61
51, 61
51, 61
48, 34
47, 34
48, 35
48, 34
47, 35
47, 35
39, 72
40, 73
39, 72
39, 71
40, 71
39, 70
40, 71
39, 70
38, 70
38, 70
52, 75
53, 75
54, 74
53, 73
52, 72
52, 71
53, 72
52, 72
53, 71
53, 71
68, 75
67, 75
67, 76
68, 76
68, 75
68, 74
69, 75
69, 75
42, 40
43, 41
44, 41
45, 40
46, 39
46, 38
45, 37
46, 37
47, 36
48, 37
48, 37
60, 65
60, 64
60, 63
61, 62
61, 63
61, 62
60, 61
61, 62
61, 62
57, 55
58, 54
57, 54
57, 53
57, 54
58, 55
57, 54
58, 54
58, 55
58, 55
48, 26
49, 26
49, 27
48, 26
48, 27
48, 28
48, 29
49, 29
48, 30
48, 30
52, 60
51, 59
50, 60
49, 61
48, 60
49, 61
50, 60
49, 61
48, 60
49, 60
49, 60
68, 71
68, 72
69, 73
68, 72
69, 71
70, 71
71, 70
72, 71
72, 71
45, 49
45, 48
45, 49
44, 49
43, 49
43, 49
46, 53
46, 52
47, 53
47, 54
46, 53
45, 52
45, 51
45, 52
44, 52
44, 52
46, 36
46, 35
45, 36
46, 36
45, 35
45, 34
45, 35
45, 35
24, 74
24, 75
25, 75
26, 75
26, 76
26, 76
58, 49
58, 50
59, 50
58, 50
59, 50
58, 49
59, 50
60, 49
59, 50
58, 50
58, 50
56, 56
56, 55
56, 56
57, 56
58, 55
57, 56
58, 56
58, 56
39, 69
38, 68
38, 67
37, 66
38, 66
37, 65
37, 65
39, 71
40, 72
40, 73
40, 72
41, 72
41, 72
54, 44
55, 44
54, 43
53, 43
53, 44
54, 43
53, 42
53, 41
54, 41
55, 42
55, 42
44, 76
45, 75
45, 74
46, 74
47, 74
47, 75
48, 74
48, 74
65, 47
66, 48
67, 49
67, 48
68, 47
67, 46
66, 46
65, 45
65, 45
55, 59
54, 59
53, 59
54, 59
55, 59
54, 60
54, 60
31, 85
32, 85
33, 84
33, 83
34, 82
34, 81
34, 81
20, 46
19, 46
19, 45
20, 44
19, 45
20, 46
21, 47
21, 47
39, 57
40, 56
40, 55
41, 55
42, 56
43, 55
42, 54
43, 53
42, 52
42, 52
49, 61
50, 62
50, 61
50, 62
51, 62
50, 61
50, 61
49, 73
49, 72
50, 72
51, 72
50, 72
51, 71
52, 71
51, 71
51, 71
48, 29
47, 29
47, 30
46, 29
47, 29
48, 29
47, 29
46, 30
45, 29
45, 29
44, 53
43, 52
42, 53
43, 53
44, 52
43, 52
44, 51
45, 50
45, 50
26, 77
27, 77
26, 78
26, 77
27, 78
28, 77
28, 77
41, 51
40, 52
39, 53
38, 54
38, 55
37, 55
37, 56
38, 55
38, 54
39, 53
39, 53
53, 59
52, 59
51, 60
51, 59
52, 60
53, 59
54, 58
54, 58
33, 82
32, 81
33, 81
32, 82
33, 81
33, 81
57, 56
56, 56
55, 57
56, 58
56, 59
57, 60
57, 59
58, 60
58, 60
57, 55
57, 56
58, 57
57, 57
56, 56
55, 57
56, 58
57, 58
56, 59
55, 60
55, 60
59, 49
60, 48
59, 49
58, 49
59, 50
58, 50
59, 49
59, 48
59, 47
59, 47
36, 64
37, 65
36, 66
35, 65
35, 66
34, 65
34, 64
35, 63
35, 63
60, 61
61, 61
62, 60
61, 60
62, 59
61, 58
62, 58
62, 59
62, 59
56, 42
57, 42
56, 43
57, 44
57, 43
58, 44
58, 44
46, 35
45, 35
46, 34
45, 34
45, 35
44, 35
43, 35
43, 35
21, 48
21, 47
20, 47
20, 48
20, 47
20, 47
71, 72
71, 71
70, 72
71, 72
72, 71
72, 71
42, 72
42, 73
41, 73
42, 74
43, 74
43, 74
42, 48
41, 49
42, 50
43, 50
42, 50
42, 50
53, 72
52, 71
51, 71
51, 72
50, 73
51, 72
52, 71
52, 71
66, 44
65, 45
66, 45
65, 44
66, 44
66, 44
70, 74
71, 73
70, 73
69, 74
70, 73
70, 73
49, 36
49, 35
48, 34
49, 33
49, 32
48, 31
48, 31
20, 46
20, 47
19, 48
20, 47
20, 46
19, 46
20, 45
19, 45
20, 46
20, 45
20, 45
59, 60
58, 60
57, 60
58, 60
59, 59
60, 59
59, 60
60, 59
61, 60
61, 60
52, 71
51, 70
50, 70
50, 71
51, 70
50, 69
51, 70
51, 70
38, 53
37, 53
36, 53
37, 52
38, 52
39, 51
38, 50
37, 49
36, 48
37, 47
37, 47
53, 57
54, 58
55, 58
54, 57
55, 56
54, 57
55, 58
56, 57
56, 56
56, 56
29, 78
30, 77
31, 76
31, 75
30, 76
30, 76
51, 72
52, 71
52, 72
53, 72
53, 71
52, 72
52, 72
54, 61
55, 62
54, 62
54, 63
54, 64
54, 65
54, 65
60, 48
61, 47
61, 46
60, 47
60, 48
60, 47
61, 48
60, 49
59, 48
58, 47
58, 47
46, 29
47, 30
48, 31
48, 30
47, 30
47, 31
47, 30
47, 30
70, 72
71, 73
72, 74
72, 73
71, 73
71, 72
72, 73
72, 74
73, 74
73, 74
49, 32
48, 33
49, 34
48, 33
49, 33
50, 34
50, 33
50, 33
73, 72
74, 72
74, 71
73, 70
72, 69
73, 70
73, 70
43, 49
42, 50
41, 50
40, 49
40, 48
40, 49
40, 49
42, 34
43, 34
43, 35
43, 36
44, 35
43, 35
44, 35
45, 34
46, 34
45, 35
45, 35
63, 59
63, 58
64, 58
63, 59
62, 59
61, 59
60, 60
59, 60
60, 59
60, 59
58, 43
57, 43
57, 44
57, 45
56, 44
57, 44
57, 44
66, 43
65, 42
65, 43
65, 42
65, 43
65, 44
66, 45
65, 46
64, 47
64, 47
36, 64
37, 65
36, 64
36, 65
37, 65
38, 64
38, 64
42, 74
43, 73
42, 74
43, 74
42, 75
43, 76
43, 75
42, 75
43, 76
43, 76
44, 51
43, 51
43, 50
42, 51
42, 52
41, 51
42, 51
43, 51
44, 52
45, 52
45, 52
33, 82
33, 81
33, 81
51, 62
50, 61
51, 62
50, 62
49, 61
50, 62
51, 61
51, 60
51, 61
51, 61
55, 56
56, 56
55, 56
54, 57
53, 57
52, 58
51, 59
52, 59
51, 60
51, 61
51, 61
60, 59
60, 60
60, 61
61, 60
61, 61
62, 62
63, 61
63, 61
58, 44
57, 44
57, 43
58, 44
59, 43
58, 43
58, 42
57, 42
57, 41
56, 41
56, 41
36, 47
35, 46
34, 45
33, 44
32, 45
33, 46
33, 46
46, 35
45, 36
44, 36
45, 37
45, 38
44, 37
43, 37
44, 36
44, 36
60, 58
59, 59
60, 59
59, 60
60, 61
59, 60
60, 60
59, 59
59, 59
39, 63
38, 64
39, 65
40, 66
40, 67
40, 68
41, 67
40, 66
39, 67
38, 66
38, 66
52, 73
51, 73
52, 72
52, 73
53, 74
53, 74
57, 48
58, 47
57, 47
57, 48
57, 47
56, 46
57, 47
57, 47
41, 49
42, 48
43, 48
42, 48
41, 49
41, 50
42, 49
42, 48
41, 47
41, 47
33, 80
32, 81
33, 80
33, 79
32, 78
32, 79
33, 80
33, 80
54, 64
53, 63
52, 63
51, 63
51, 64
52, 64
52, 65
53, 64
52, 64
52, 64
50, 61
51, 60
50, 60
49, 59
50, 58
51, 57
50, 58
50, 57
50, 56
50, 56
63, 47
62, 47
63, 47
62, 46
62, 47
61, 48
61, 48
72, 74
73, 75
73, 74
72, 73
72, 74
73, 74
73, 73
72, 73
72, 73
51, 34
50, 34
50, 33
51, 32
52, 33
52, 34
53, 35
52, 36
51, 36
51, 36
72, 71
71, 72
72, 73
73, 72
74, 72
73, 73
74, 72
73, 73
73, 73
48, 29
47, 30
48, 30
48, 31
49, 32
50, 31
49, 31
50, 31
50, 31
31, 77
31, 76
30, 77
29, 77
30, 78
30, 79
31, 79
30, 79
31, 79
31, 78
31, 78
44, 53
43, 52
43, 51
43, 50
43, 51
43, 50
42, 51
41, 51
41, 51
19, 45
18, 45
19, 46
19, 45
18, 46
18, 45
19, 45
18, 45
18, 45
52, 71
52, 70
53, 71
52, 71
53, 71
54, 72
54, 72
43, 77
44, 77
43, 77
42, 76
42, 77
42, 77
53, 73
54, 72
53, 72
52, 72
51, 71
50, 70
50, 69
49, 70
49, 71
49, 71
41, 50
42, 49
42, 50
42, 51
41, 51
40, 51
40, 51
73, 73
72, 73
73, 74
72, 74
71, 73
70, 72
69, 73
68, 74
68, 74
60, 49
61, 48
60, 47
61, 46
62, 46
61, 46
61, 45
61, 45
64, 60
64, 61
63, 60
62, 59
61, 59
62, 58
62, 57
61, 56
61, 56
58, 48
58, 47
57, 48
57, 49
56, 50
55, 49
54, 50
55, 50
55, 50
52, 65
51, 65
51, 64
50, 64
51, 63
51, 62
50, 61
51, 62
51, 62
58, 58
58, 57
58, 58
57, 59
56, 58
55, 57
56, 57
56, 57
33, 81
32, 82
33, 82
32, 81
33, 82
33, 81
33, 81
41, 78
41, 79
41, 78
40, 77
41, 78
40, 77
40, 77
19, 45
20, 44
19, 44
18, 45
17, 44
18, 45
18, 46
19, 46
19, 46
49, 32
50, 32
49, 31
48, 30
48, 31
48, 32
47, 33
47, 34
47, 34
32, 46
33, 46
32, 45
31, 46
31, 45
32, 44
32, 43
33, 43
32, 44
32, 44
42, 47
41, 47
40, 47
40, 48
41, 47
40, 47
40, 48
39, 47
39, 47
32, 78
33, 79
33, 80
33, 80
52, 60
52, 61
52, 60
52, 59
53, 60
54, 59
54, 59
43, 35
43, 34
42, 35
42, 36
43, 35
44, 35
43, 35
42, 35
41, 35
41, 35
51, 55
50, 56
49, 57
49, 58
50, 59
50, 60
49, 61
48, 60
48, 60
56, 42
55, 43
56, 43
55, 43
55, 42
56, 42
55, 43
55, 44
54, 43
55, 42
55, 42
50, 35
51, 36
52, 35
53, 35
54, 36
55, 37
56, 37
55, 36
54, 35
54, 35
38, 67
38, 66
37, 65
38, 65
39, 65
40, 64
39, 63
39, 63
72, 72
71, 73
70, 72
69, 73
69, 72
68, 73
67, 73
68, 73
69, 74
69, 74
54, 74
53, 73
52, 73
53, 72
52, 73
52, 73
42, 34
41, 34
42, 34
42, 33
42, 34
42, 34
62, 55
62, 54
61, 55
62, 56
61, 55
62, 54
62, 54
68, 75
69, 76
70, 76
69, 75
70, 75
71, 76
70, 75
70, 74
69, 74
69, 75
69, 75
39, 77
39, 78
40, 77
41, 78
41, 77
40, 78
39, 79
39, 78
40, 77
40, 77
38, 48
37, 49
38, 48
37, 48
38, 49
37, 50
36, 49
37, 49
37, 49
51, 63
50, 62
51, 63
51, 64
52, 64
52, 64
20, 46
19, 46
20, 47
19, 48
19, 49
19, 49
51, 74
51, 73
50, 72
49, 71
48, 70
49, 71
48, 72
47, 71
47, 71
54, 58
55, 59
56, 59
56, 58
55, 57
55, 58
54, 57
53, 58
52, 57
52, 57
50, 70
51, 71
51, 70
51, 69
50, 68
50, 68
41, 51
42, 51
41, 52
40, 53
40, 54
41, 53
42, 53
41, 53
41, 53
39, 64
38, 63
37, 62
38, 61
37, 62
37, 61
38, 62
37, 61
38, 61
38, 61
54, 36
54, 37
53, 38
52, 39
52, 40
52, 39
53, 40
52, 41
52, 41
55, 57
56, 56
57, 56
58, 57
59, 58
60, 59
59, 58
59, 58
33, 45
33, 44
32, 45
31, 46
30, 46
30, 46
32, 80
31, 80
30, 81
30, 82
29, 82
29, 81
29, 81
49, 60
50, 59
49, 60
50, 61
50, 60
51, 59
50, 59
50, 58
49, 59
49, 58
49, 58
62, 45
63, 44
62, 44
61, 45
62, 46
61, 47
61, 47
48, 34
47, 33
48, 33
47, 32
47, 33
48, 33
47, 33
48, 32
48, 32
54, 51
53, 51
52, 51
51, 51
51, 50
51, 50
68, 75
67, 76
66, 75
65, 75
66, 75
66, 75
32, 80
33, 81
33, 80
33, 81
33, 81
56, 43
57, 43
58, 44
59, 44
60, 43
59, 43
59, 43
39, 61
39, 60
40, 59
39, 58
40, 59
40, 60
39, 59
40, 58
40, 57
40, 57
58, 42
59, 41
58, 40
58, 39
59, 38
59, 37
59, 36
58, 35
57, 36
56, 35
56, 35
42, 53
43, 52
43, 53
42, 52
41, 52
40, 52
40, 51
39, 50
38, 49
38, 49
49, 32
50, 33
50, 32
49, 31
48, 32
48, 32
61, 48
60, 49
59, 49
59, 48
60, 47
61, 48
61, 48
49, 68
48, 68
47, 68
47, 67
46, 66
47, 66
47, 66
52, 51
53, 50
52, 50
53, 50
52, 49
51, 48
50, 49
49, 48
48, 49
48, 48
48, 48
48, 57
48, 56
49, 56
48, 57
48, 56
48, 57
49, 57
49, 58
49, 57
49, 57
63, 55
62, 55
63, 55
62, 55
62, 54
63, 53
62, 54
63, 53
62, 53
62, 54
62, 54
20, 49
21, 50
21, 49
20, 48
20, 47
21, 47
20, 48
20, 48
33, 80
32, 80
32, 80
28, 82
29, 81
29, 82
28, 81
27, 80
27, 80
40, 76
39, 75
40, 75
40, 74
40, 73
40, 74
41, 73
41, 74
42, 74
42, 74
41, 35
41, 34
42, 35
43, 36
44, 35
44, 35
58, 58
58, 59
59, 60
59, 61
59, 62
58, 62
59, 61
58, 61
57, 60
57, 60
38, 48
39, 47
40, 47
40, 48
41, 49
40, 48
40, 48
48, 72
47, 72
46, 73
46, 72
47, 72
46, 72
46, 72
52, 58
52, 59
52, 58
53, 59
54, 60
53, 61
54, 60
55, 59
55, 59
51, 65
51, 66
52, 67
51, 68
51, 67
50, 68
50, 68
51, 42
52, 41
51, 41
52, 41
53, 42
53, 42
70, 75
69, 76
69, 75
70, 75
70, 76
71, 77
70, 78
71, 78
72, 79
71, 79
71, 79
65, 74
66, 73
65, 74
65, 75
66, 76
66, 77
65, 77
65, 78
65, 78
31, 46
30, 47
30, 48
29, 49
30, 48
29, 47
29, 46
28, 45
27, 45
26, 44
26, 44
39, 56
40, 57
39, 57
38, 58
39, 57
39, 56
39, 57
40, 57
39, 57
39, 57
63, 55
62, 54
62, 55
63, 54
62, 54
61, 55
62, 54
63, 54
63, 53
64, 54
64, 54
38, 50
37, 51
36, 52
36, 51
35, 51
35, 51
54, 43
53, 43
53, 44
52, 43
52, 42
51, 42
50, 43
50, 43
25, 45
24, 45
24, 44
24, 45
24, 44
24, 45
25, 46
24, 45
25, 44
25, 44
51, 69
50, 70
51, 70
50, 69
51, 69
51, 69
39, 48
39, 49
40, 50
39, 50
40, 50
39, 51
38, 52
38, 51
38, 51
26, 80
27, 80
28, 79
27, 78
26, 77
27, 78
26, 77
26, 77
46, 65
47, 65
47, 66
46, 65
47, 66
48, 67
49, 68
48, 68
49, 68
49, 68
48, 56
47, 56
46, 55
45, 54
44, 53
44, 53
47, 73
46, 73
45, 72
44, 73
44, 74
44, 74
45, 35
44, 34
43, 33
43, 34
42, 34
43, 35
43, 35
54, 58
55, 57
55, 56
56, 57
55, 57
56, 57
55, 58
54, 57
54, 56
54, 56
57, 59
57, 58
56, 58
55, 59
54, 58
54, 59
55, 59
55, 59
47, 47
48, 48
47, 49
46, 48
46, 47
46, 47
19, 49
18, 48
17, 47
18, 46
17, 47
17, 48
18, 49
17, 50
17, 51
17, 51
49, 33
48, 34
49, 35
48, 36
47, 36
47, 35
48, 35
49, 34
49, 34
43, 73
43, 72
44, 71
44, 70
43, 70
43, 70
31, 81
31, 80
32, 81
32, 82
31, 81
31, 81
60, 48
59, 47
60, 48
60, 49
60, 48
60, 48
56, 36
57, 35
57, 34
56, 35
55, 35
55, 36
55, 37
56, 37
55, 37
55, 37
66, 79
67, 80
68, 80
67, 80
66, 80
67, 79
66, 78
65, 78
65, 78
70, 78
71, 77
70, 77
69, 77
69, 76
69, 77
69, 78
70, 77
70, 77
56, 38
55, 37
55, 37
56, 38
57, 39
58, 40
59, 41
59, 40
59, 40
59, 40
45, 75
46, 76
47, 77
47, 77
48, 78
49, 79
50, 80
51, 81
52, 82
53, 83
53, 82
53, 82
53, 82
64, 77
63, 77
62, 77
63, 77
63, 77
62, 77
63, 76
63, 76
62, 77
61, 77
61, 76
61, 76
61, 76
27, 78
28, 79
29, 80
30, 81
30, 82
30, 82
31, 81
32, 82
32, 82
33, 81
33, 82
33, 82
33, 82
53, 57
53, 57
54, 58
55, 59
56, 60
57, 61
56, 62
56, 62
57, 63
57, 63
52, 70
51, 71
51, 71
50, 70
50, 70
51, 71
52, 72
53, 73
53, 74
53, 74
54, 75
54, 75
32, 80
33, 79
32, 78
32, 78
33, 77
32, 78
32, 78
33, 77
34, 76
34, 76
71, 78
71, 78
71, 79
71, 79
70, 80
69, 79
69, 79
68, 80
68, 81
68, 81
67, 82
66, 83
66, 83
26, 45
27, 46
28, 47
29, 48
30, 48
30, 48
31, 49
32, 50
32, 50
44, 69
44, 69
45, 70
44, 69
44, 69
45, 70
46, 71
46, 71
59, 49
59, 49
61, 51
62, 52
63, 53
64, 54
65, 55
66, 56
66, 57
66, 58
66, 59
66, 60
66, 61
66, 62
66, 63
66, 65
66, 66
66, 67
66, 68
66, 69
66, 70
66, 71
66, 72
66, 73
66, 74
66, 75
66, 75
39, 52
40, 53
41, 52
41, 52
42, 52
42, 52
43, 53
43, 53
44, 36
45, 37
46, 38
47, 39
48, 40
47, 41
47, 41
48, 42
47, 41
47, 41
47, 41
50, 35
51, 36
52, 37
53, 38
53, 39
53, 40
53, 40
18, 52
19, 53
18, 54
18, 54
19, 55
20, 56
21, 57
22, 58
24, 60
25, 61
26, 62
27, 63
28, 64
29, 65
30, 66
31, 67
30, 67
30, 67
30, 67
50, 69
51, 70
52, 71
53, 72
54, 71
54, 71
55, 72
56, 73
56, 73
40, 58
41, 59
42, 60
44, 62
45, 63
46, 64
47, 65
48, 66
49, 67
50, 68
51, 69
51, 70
51, 70
51, 70
51, 70
51, 70
50, 71
50, 71
50, 71
56, 60
57, 61
57, 61
58, 62
57, 61
57, 61
58, 62
59, 63
60, 64
60, 65
60, 66
60, 67
60, 67
51, 44
52, 45
53, 46
54, 47
56, 49
57, 50
58, 51
59, 52
60, 53
60, 54
60, 56
60, 57
60, 58
60, 59
60, 60
60, 61
60, 62
60, 63
60, 63
66, 56
66, 57
66, 58
66, 59
66, 60
66, 61
66, 62
66, 63
66, 64
66, 65
66, 66
65, 65
65, 65
66, 66
66, 67
66, 67
47, 48
48, 49
47, 48
47, 48
48, 49
49, 50
50, 51
51, 52
51, 52
36, 52
37, 53
38, 54
39, 55
40, 56
40, 56
40, 57
40, 57
40, 57
45, 54
46, 55
47, 56
48, 57
49, 58
50, 59
50, 59
29, 66
29, 66
30, 67
31, 67
31, 67
32, 68
33, 69
34, 70
35, 71
36, 72
37, 73
38, 73
38, 73
35, 77
36, 78
37, 77
37, 77
38, 78
39, 79
40, 80
40, 80
40, 80
40, 80
61, 64
60, 63
60, 63
61, 64
62, 65
63, 66
64, 67
64, 67
51, 72
52, 73
53, 74
52, 74
52, 74
51, 75
51, 75
52, 76
52, 76
54, 83
55, 84
56, 85
55, 85
55, 85
56, 86
57, 86
57, 86
56, 87
56, 88
56, 89
56, 90
56, 90
56, 90
56, 90
56, 90
56, 90
57, 74
58, 75
59, 76
60, 77
61, 77
61, 77
33, 82
33, 82
33, 82
33, 82
33, 82
33, 82
33, 82
33, 82
33, 82
33, 82
33, 82
56, 64
56, 65
56, 66
56, 67
56, 68
56, 68
33, 51
34, 52
35, 53
36, 54
37, 55
36, 56
36, 56
37, 57
38, 58
39, 59
39, 59
51, 60
51, 59
51, 59
52, 60
53, 61
54, 62
54, 62
67, 82
68, 81
68, 80
68, 79
68, 78
68, 77
68, 76
68, 75
68, 75
52, 53
53, 54
54, 55
55, 56
55, 56
56, 57
57, 58
58, 59
57, 59
57, 59
58, 60
58, 60
52, 41
51, 42
50, 43
50, 44
50, 45
50, 46
50, 47
50, 48
51, 47
51, 47
50, 48
50, 48
54, 76
54, 76
53, 75
53, 74
53, 74
52, 73
52, 72
51, 73
51, 73
51, 73
62, 77
63, 78
64, 79
64, 80
64, 81
64, 81
64, 81
64, 81
64, 81
63, 82
63, 82
63, 82
48, 42
49, 43
50, 44
51, 45
52, 46
52, 47
52, 48
53, 48
53, 48
53, 48
65, 75
65, 75
64, 75
64, 75
63, 76
62, 77
63, 78
63, 78
62, 79
62, 79
59, 68
59, 68
58, 69
57, 70
56, 71
55, 72
55, 73
55, 74
55, 75
55, 75
55, 75
55, 75
55, 75
47, 72
47, 72
48, 73
49, 74
50, 75
49, 74
49, 74
50, 75
51, 75
51, 75
52, 76
53, 77
53, 76
53, 76
53, 76
65, 68
64, 69
65, 69
65, 69
64, 70
63, 71
62, 72
61, 73
60, 74
59, 75
59, 75
39, 58
39, 58
40, 59
41, 60
42, 60
42, 60
44, 62
45, 63
46, 64
47, 65
48, 66
49, 67
50, 68
51, 69
51, 69
42, 52
42, 52
43, 53
44, 54
43, 55
43, 55
44, 56
44, 56
60, 41
62, 43
63, 44
64, 45
64, 46
64, 47
64, 48
64, 49
65, 48
65, 48
64, 50
64, 51
64, 52
64, 53
64, 54
64, 55
64, 57
64, 58
64, 59
64, 60
64, 61
64, 62
64, 63
64, 64
64, 65
64, 66
64, 67
64, 67
62, 83
61, 84
60, 85
59, 86
58, 87
57, 88
57, 88
63, 68
63, 69
63, 69
64, 69
64, 69
63, 70
62, 71
61, 72
60, 73
61, 74
61, 74
61, 74
40, 80
40, 80
40, 80
40, 80
40, 80
40, 80
40, 80
40, 79
40, 79
41, 80
42, 81
42, 81
54, 77
55, 78
56, 79
57, 80
58, 81
59, 82
58, 81
58, 81
57, 81
57, 81
58, 82
58, 82
60, 78
59, 78
59, 78
59, 79
59, 80
60, 79
60, 79
59, 80
59, 80
50, 74
50, 75
50, 75
50, 75
50, 75
49, 75
49, 75
50, 75
51, 76
51, 76
50, 75
50, 75
50, 75
51, 75
51, 75
52, 76
52, 76
52, 75
52, 74
52, 73
52, 72
52, 71
52, 71
52, 71
52, 71
52, 71
56, 74
57, 73
58, 72
59, 71
60, 71
60, 71
61, 71
61, 71
62, 70
61, 71
61, 71
62, 70
62, 70
56, 89
56, 89
55, 88
54, 87
55, 88
55, 88
54, 87
53, 87
53, 87
52, 86
51, 85
51, 85
61, 80
60, 81
59, 82
58, 83
58, 83
57, 84
56, 85
55, 86
54, 87
54, 88
54, 89
54, 89
40, 60
41, 61
41, 62
41, 62
42, 63
43, 64
43, 64
52, 70
53, 71
54, 72
54, 72
55, 71
55, 71
56, 72
57, 73
58, 74
59, 73
59, 73
60, 74
61, 75
61, 75
33, 82
33, 82
33, 82
33, 82
32, 81
32, 81
33, 80
33, 80
33, 80
33, 80
33, 80
55, 63
56, 64
57, 63
57, 63
58, 64
59, 65
60, 66
61, 67
62, 68
62, 68
57, 61
56, 62
55, 63
54, 64
53, 65
52, 66
52, 66
58, 76
57, 77
56, 78
55, 79
56, 78
56, 78
55, 79
54, 79
54, 79
53, 80
53, 81
53, 81
63, 68
62, 69
62, 69
61, 70
61, 71
60, 72
60, 72
59, 71
59, 71
60, 72
60, 72
68, 74
68, 73
68, 72
68, 71
68, 70
68, 70
68, 70
68, 70
68, 70
68, 69
68, 69
68, 69
39, 74
40, 75
41, 76
42, 77
43, 78
44, 79
45, 80
45, 80
57, 69
57, 70
57, 70
58, 69
58, 69
59, 70
60, 71
61, 72
62, 73
62, 73
61, 74
61, 74
62, 74
62, 74
62, 74
54, 49
53, 48
53, 48
54, 49
55, 50
57, 52
58, 53
59, 54
60, 55
60, 56
60, 56
51, 49
52, 50
53, 51
53, 52
53, 53
53, 54
54, 53
54, 53
55, 53
55, 53
54, 54
54, 54
46, 58
47, 59
48, 60
49, 61
50, 62
51, 63
52, 64
53, 65
54, 66
55, 67
55, 67
62, 73
62, 72
62, 71
62, 71
62, 71
62, 71
62, 71
62, 71
62, 71
56, 68
56, 67
56, 67
57, 68
58, 69
59, 70
59, 71
59, 72
59, 72
59, 72
51, 76
52, 77
53, 78
54, 79
55, 80
56, 81
56, 81
67, 70
66, 70
65, 70
64, 70
63, 70
62, 70
61, 70
62, 69
62, 69
63, 70
63, 70
63, 70
60, 57
60, 57
59, 58
59, 58
59, 59
59, 59
58, 59
58, 59
57, 59
57, 59
56, 60
57, 60
57, 60
57, 60
44, 65
45, 66
46, 67
47, 68
48, 69
49, 70
48, 69
48, 69
49, 69
49, 69
50, 69
50, 69
51, 70
51, 70
51, 70
61, 76
61, 76
62, 77
63, 78
64, 79
65, 79
65, 79
65, 80
64, 80
64, 80
64, 80
51, 67
50, 67
50, 67
50, 68
50, 69
50, 70
50, 71
50, 72
50, 73
50, 73
42, 80
42, 80
43, 81
44, 82
45, 83
46, 83
46, 83
47, 84
48, 85
49, 86
48, 86
48, 86
48, 86
52, 84
53, 83
53, 83
54, 82
54, 81
54, 81
55, 80
55, 80
60, 75
60, 76
60, 77
60, 78
60, 79
60, 80
60, 81
60, 81
60, 81
61, 81
61, 81
61, 82
61, 82
62, 83
63, 84
64, 85
65, 86
66, 86
67, 86
68, 86
68, 86
57, 82
56, 82
56, 82
56, 82
56, 82
56, 82
56, 82
56, 81
56, 81
56, 82
56, 81
56, 81
56, 81
61, 69
60, 70
59, 71
58, 72
57, 73
57, 74
57, 75
57, 76
57, 77
57, 78
57, 78
53, 72
54, 73
55, 74
56, 74
57, 74
58, 74
59, 74
59, 75
59, 75
60, 74
60, 74
60, 74
58, 87
58, 87
58, 86
58, 85
58, 84
58, 83
58, 83
61, 71
60, 72
59, 71
59, 71
58, 72
57, 73
57, 73
33, 80
33, 80
33, 80
33, 80
33, 80
33, 80
55, 88
54, 89
54, 89
55, 88
56, 87
57, 86
58, 85
59, 84
59, 84
55, 55
56, 56
57, 57
58, 58
59, 59
59, 58
59, 58
59, 58
54, 80
55, 79
56, 78
57, 77
58, 76
58, 76
61, 73
62, 74
63, 75
63, 76
63, 76
64, 77
64, 77
44, 81
44, 81
43, 80
43, 80
44, 81
45, 82
46, 83
45, 83
45, 83
46, 84
47, 85
48, 86
48, 86
49, 87
50, 88
50, 88
51, 89
53, 90
54, 90
55, 90
56, 90
57, 90
58, 90
59, 90
60, 90
61, 90
61, 91
61, 91
61, 91
60, 83
61, 82
62, 81
63, 80
64, 80
64, 80
65, 79
65, 78
65, 77
65, 76
64, 75
64, 75
64, 75
56, 60
56, 60
55, 61
55, 62
55, 63
55, 64
56, 64
56, 64
55, 65
55, 66
55, 66
63, 81
62, 82
61, 83
60, 84
59, 84
58, 84
57, 84
56, 84
56, 84
59, 75
58, 75
58, 75
57, 76
56, 77
55, 78
55, 79
54, 79
54, 79
55, 80
55, 81
55, 82
55, 82
65, 78
66, 79
67, 79
66, 78
66, 78
66, 79
66, 79
66, 79
56, 74
55, 75
54, 76
53, 77
52, 78
51, 79
50, 80
50, 81
50, 81
61, 82
61, 82
61, 82
62, 83
62, 83
61, 82
60, 83
60, 83
61, 82
61, 82
61, 83
61, 83
61, 82
61, 82
62, 71
61, 72
60, 73
59, 74
58, 75
57, 76
56, 77
57, 78
57, 78
58, 78
58, 78
58, 79
58, 79
58, 79
58, 79
59, 80
60, 80
61, 80
62, 80
63, 80
64, 80
65, 80
65, 80
49, 73
49, 73
50, 74
51, 74
52, 74
53, 74
53, 74
33, 80
33, 80
32, 80
32, 80
33, 81
33, 81
33, 81
33, 80
33, 80
33, 80
56, 82
56, 82
57, 83
58, 83
59, 83
60, 83
60, 83
57, 75
57, 75
58, 75
58, 75
57, 74
56, 74
55, 74
54, 74
53, 74
54, 73
54, 73
53, 74
53, 74
53, 74
57, 80
58, 79
59, 78
60, 77
59, 77
59, 77
59, 77
56, 80
56, 80
56, 79
56, 79
55, 78
56, 79
56, 79
55, 78
56, 79
56, 79
57, 80
57, 80
56, 79
56, 79
63, 72
62, 71
62, 71
63, 72
62, 73
62, 73
62, 72
62, 72
62, 71
62, 71
63, 72
62, 72
62, 72
61, 73
61, 73
62, 74
62, 74
49, 85
49, 86
49, 86
50, 86
50, 86
51, 85
52, 84
52, 84
69, 85
69, 85
68, 86
67, 87
66, 88
65, 88
65, 88
59, 82
58, 82
58, 82
59, 81
59, 80
59, 80
60, 79
61, 79
61, 79
62, 78
63, 77
64, 76
65, 75
65, 75
58, 57
58, 57
57, 58
56, 59
55, 60
54, 61
54, 61
58, 73
57, 74
56, 73
56, 73
55, 74
54, 75
53, 76
53, 76
52, 71
53, 72
54, 72
55, 72
56, 72
57, 71
57, 71
58, 72
59, 72
59, 71
59, 71
59, 71
55, 85
55, 85
56, 86
57, 86
58, 86
59, 86
60, 86
61, 86
62, 86
63, 86
64, 86
64, 86
51, 81
51, 81
52, 82
53, 83
54, 84
53, 83
53, 83
54, 84
54, 84
56, 81
57, 80
58, 79
59, 78
60, 77
61, 76
61, 76
52, 76
52, 76
53, 75
54, 74
55, 73
54, 73
54, 73
55, 72
56, 71
57, 70
58, 70
59, 70
59, 70
57, 78
56, 77
55, 76
54, 75
54, 75
54, 75
54, 75
54, 75
64, 76
65, 76
65, 76
64, 77
63, 78
63, 78
62, 79
61, 80
60, 81
61, 82
61, 82
60, 83
60, 83
56, 67
57, 68
58, 69
58, 69
58, 70
58, 71
58, 72
58, 73
58, 73
67, 78
67, 77
67, 77
67, 77
67, 77
67, 77
67, 77
67, 77
67, 77
67, 77
67, 77
65, 75
65, 75
64, 76
64, 75
64, 75
63, 76
63, 76
63, 76
64, 75
64, 75
63, 76
63, 76
63, 76
61, 84
62, 84
62, 84
61, 85
61, 86
61, 87
61, 87
33, 80
33, 80
32, 79
32, 79
33, 78
34, 77
35, 76
35, 76
52, 75
53, 76
53, 76
52, 76
52, 76
52, 76
52, 76
52, 76
52, 76
52, 76
53, 83
54, 82
55, 81
55, 81
56, 80
57, 79
57, 79
60, 76
61, 75
62, 74
63, 73
64, 73
65, 73
65, 73
62, 90
63, 89
64, 88
65, 87
66, 86
66, 87
66, 87
67, 86
66, 87
66, 87
67, 88
67, 88
68, 87
68, 87
54, 75
55, 76
56, 77
57, 78
56, 78
56, 78
57, 79
57, 79
63, 75
64, 76
65, 77
66, 78
67, 78
68, 78
69, 78
69, 78
60, 83
59, 84
58, 85
57, 86
56, 87
56, 88
57, 87
57, 87
57, 87
66, 87
67, 87
67, 87
68, 86
69, 85
69, 86
69, 86
70, 85
70, 84
70, 84
57, 78
58, 77
59, 76
60, 75
61, 74
61, 74
62, 75
63, 75
64, 75
65, 75
65, 75
64, 79
63, 78
63, 78
64, 77
64, 77
63, 78
63, 78
55, 62
56, 61
56, 61
57, 62
57, 62
58, 63
59, 64
60, 63
60, 63
60, 63
58, 72
57, 73
56, 74
55, 74
55, 74
54, 75
53, 76
53, 76
62, 77
61, 76
60, 75
59, 74
59, 73
59, 72
59, 71
59, 71
59, 71
59, 71
60, 71
61, 72
62, 73
62, 74
62, 74
63, 75
64, 76
65, 77
66, 78
66, 78
62, 86
63, 85
62, 85
62, 85
63, 84
63, 83
63, 83
64, 82
64, 82
67, 86
66, 85
65, 84
65, 83
65, 82
65, 81
65, 81
65, 81
64, 80
64, 80
65, 81
65, 81
54, 75
54, 74
54, 73
54, 72
53, 72
53, 72
54, 72
54, 72
68, 77
68, 77
67, 78
67, 77
67, 77
66, 78
65, 79
64, 80
63, 81
63, 82
63, 82
62, 81
62, 81
56, 80
55, 81
55, 81
55, 80
55, 80
55, 80
55, 80
55, 80
55, 80
53, 75
53, 75
54, 76
55, 76
55, 76
56, 77
55, 78
55, 78
56, 79
57, 80
58, 81
58, 81
58, 81
55, 76
56, 77
57, 78
58, 79
59, 79
60, 79
60, 78
60, 78
61, 79
62, 79
62, 79
62, 76
62, 76
63, 77
63, 77
62, 76
62, 76
62, 76
62, 76
59, 74
60, 75
61, 76
62, 77
63, 78
64, 79
64, 79
58, 86
59, 85
60, 84
61, 83
61, 82
61, 81
61, 82
61, 82
61, 81
61, 81
60, 81
60, 81
61, 80
61, 80
56, 80
56, 81
56, 81
56, 82
56, 82
56, 83
55, 82
55, 82
56, 83
56, 83
57, 83
57, 83
56, 84
56, 85
56, 86
56, 86
66, 78
65, 79
64, 79
63, 79
63, 79
63, 79
64, 79
64, 79
63, 79
63, 79
60, 64
60, 64
59, 65
58, 66
57, 67
56, 68
56, 69
56, 69
55, 70
54, 71
53, 72
54, 73
54, 73
54, 73
66, 74
67, 73
68, 72
69, 71
70, 70
70, 70
55, 83
56, 82
57, 82
56, 81
56, 81
57, 82
58, 82
59, 82
60, 82
61, 82
62, 82
62, 82
64, 74
64, 75
64, 75
65, 76
65, 76
64, 77
63, 78
63, 79
63, 80
64, 80
64, 80
63, 81
63, 81
60, 84
60, 85
60, 86
60, 87
60, 88
60, 88
60, 88
60, 88
60, 88
60, 88
70, 83
70, 82
70, 81
70, 80
70, 79
70, 78
70, 78
63, 85
62, 84
61, 84
60, 84
59, 84
58, 84
57, 84
58, 84
58, 84
57, 84
56, 84
56, 84
36, 77
35, 76
35, 76
36, 75
36, 75
37, 76
38, 77
39, 78
40, 79
39, 79
39, 79
40, 78
40, 78
40, 78
62, 77
61, 78
61, 79
61, 80
61, 81
61, 82
61, 83
60, 84
60, 84
61, 85
61, 85
62, 85
62, 85
62, 85
62, 78
63, 78
63, 78
62, 77
61, 76
60, 75
60, 75
59, 87
58, 86
57, 85
56, 84
55, 83
55, 83
54, 83
54, 83
53, 82
53, 82
61, 80
60, 79
59, 78
60, 77
60, 77
59, 76
58, 76
57, 76
56, 76
56, 76
55, 74
56, 75
56, 76
56, 77
56, 77
56, 77
56, 77
56, 77
56, 77
56, 77
61, 78
61, 77
61, 76
60, 77
60, 77
61, 76
60, 76
60, 76
61, 75
61, 75
61, 75
61, 75
41, 79
42, 80
43, 81
44, 82
45, 83
45, 83
65, 78
64, 78
64, 78
63, 77
63, 77
64, 76
65, 76
65, 76
66, 75
67, 74
68, 73
69, 72
68, 71
68, 71
68, 71
56, 80
57, 80
56, 79
56, 79
57, 80
58, 80
58, 80
57, 82
56, 83
56, 84
56, 85
56, 85
56, 85
62, 81
62, 82
62, 82
62, 81
62, 80
62, 79
62, 78
62, 77
62, 77
61, 77
61, 78
61, 78
61, 78
61, 78
62, 78
62, 78
62, 78
63, 81
62, 80
61, 79
61, 78
61, 77
61, 76
61, 75
61, 74
61, 75
61, 75
61, 75
71, 77
71, 77
70, 78
70, 79
70, 79
69, 79
68, 79
67, 79
66, 79
65, 79
65, 79
65, 79
64, 80
63, 80
62, 80
61, 80
61, 80
61, 84
61, 84
60, 84
59, 84
58, 84
57, 84
56, 84
56, 83
56, 83
56, 83
57, 87
58, 88
59, 89
60, 90
61, 90
61, 90
60, 90
60, 90
60, 90
60, 90
60, 90
62, 79
63, 78
64, 77
65, 76
66, 75
66, 74
65, 75
65, 75
66, 74
66, 73
66, 73
66, 82
66, 82
67, 81
67, 81
66, 80
65, 79
64, 78
63, 77
62, 77
61, 77
61, 77
55, 84
55, 84
56, 83
57, 82
58, 82
59, 82
60, 82
60, 83
60, 83
61, 82
61, 82
55, 72
56, 72
57, 72
58, 72
59, 72
58, 71
58, 71
59, 72
59, 72
64, 80
65, 79
66, 78
66, 77
66, 77
66, 77
66, 77
69, 71
68, 72
68, 72
67, 73
66, 73
65, 73
64, 73
64, 73
64, 72
64, 72
65, 73
65, 73
65, 73
60, 72
61, 73
62, 74
63, 75
64, 76
65, 77
66, 78
67, 79
68, 80
68, 80
63, 79
63, 78
63, 79
62, 79
63, 79
62, 78
62, 79
63, 78
63, 79
62, 78
62, 78
57, 80
57, 79
58, 78
57, 77
58, 77
58, 77
46, 83
47, 84
46, 84
46, 85
47, 86
46, 85
46, 86
47, 86
48, 85
49, 86
49, 86
62, 76
62, 75
61, 75
62, 75
63, 75
63, 75
57, 78
57, 77
56, 76
55, 76
55, 77
56, 77
56, 78
55, 78
55, 78
68, 79
69, 78
68, 78
69, 79
69, 80
70, 79
70, 80
70, 81
70, 81
67, 71
67, 72
68, 71
69, 70
69, 71
70, 71
71, 70
70, 69
69, 70
68, 70
68, 70
58, 73
59, 73
59, 74
60, 74
60, 75
60, 74
60, 74
62, 74
61, 73
62, 72
61, 71
61, 72
61, 72
56, 82
57, 83
57, 82
56, 82
55, 83
55, 83
67, 74
68, 73
67, 74
66, 75
65, 75
65, 76
66, 77
65, 78
66, 78
65, 79
65, 79
60, 81
60, 82
61, 82
62, 82
62, 83
62, 83
61, 89
62, 88
61, 89
61, 88
62, 87
63, 88
64, 87
65, 88
65, 88
66, 72
67, 72
68, 72
67, 71
67, 72
67, 73
68, 74
69, 74
70, 75
70, 75
59, 76
60, 76
59, 75
59, 76
58, 76
59, 76
58, 75
58, 74
58, 73
59, 74
59, 74
66, 76
65, 76
64, 77
64, 76
64, 77
64, 77
63, 77
63, 78
62, 77
61, 76
60, 77
61, 76
61, 76
56, 75
57, 75
57, 76
57, 75
56, 74
56, 74
64, 78
63, 77
64, 77
64, 76
63, 77
63, 78
62, 79
62, 79
60, 78
60, 77
60, 78
59, 78
58, 77
57, 76
58, 77
58, 76
58, 76
53, 81
52, 82
53, 83
53, 82
52, 83
51, 83
51, 82
52, 81
51, 80
51, 79
51, 79
55, 85
56, 86
57, 87
58, 86
57, 86
56, 86
55, 87
55, 88
55, 88
60, 81
59, 80
59, 79
58, 78
57, 78
56, 78
56, 77
55, 78
55, 78
66, 87
67, 88
66, 88
65, 88
66, 87
67, 88
66, 88
67, 87
66, 88
66, 88
69, 75
68, 74
68, 73
68, 72
67, 73
66, 74
66, 75
66, 74
65, 74
66, 74
66, 74
71, 81
72, 82
71, 83
70, 82
70, 83
71, 84
71, 83
70, 82
70, 83
71, 83
71, 83
62, 75
62, 74
63, 73
62, 73
63, 74
63, 75
63, 76
64, 75
63, 76
63, 76
66, 79
65, 78
66, 79
65, 80
66, 81
66, 80
65, 79
65, 79
61, 71
61, 72
62, 71
63, 70
63, 71
63, 71
59, 76
58, 76
58, 75
57, 76
56, 77
56, 77
63, 80
63, 81
62, 81
63, 80
62, 80
62, 81
61, 81
61, 82
60, 81
60, 81
69, 70
68, 69
68, 70
68, 71
67, 71
66, 70
66, 71
65, 70
66, 70
66, 70
60, 77
59, 78
60, 79
59, 79
58, 78
59, 78
58, 79
59, 79
60, 80
60, 80
54, 77
55, 78
54, 78
53, 79
54, 79
55, 78
54, 77
55, 78
55, 78
62, 79
61, 78
62, 78
61, 77
60, 77
61, 78
61, 78
59, 73
60, 72
59, 71
58, 71
59, 71
59, 71
56, 77
55, 77
56, 78
55, 79
54, 80
53, 79
54, 80
54, 80
63, 83
63, 84
62, 83
63, 82
62, 81
61, 81
62, 81
61, 80
62, 80
61, 81
61, 81
58, 74
59, 74
60, 73
61, 74
60, 75
59, 75
58, 75
59, 76
59, 76
56, 73
57, 72
56, 72
55, 73
54, 72
54, 72
56, 88
55, 89
54, 89
54, 88
54, 89
53, 90
54, 89
54, 89
52, 79
53, 80
52, 81
52, 82
52, 83
51, 84
50, 85
50, 84
49, 84
49, 84
56, 83
57, 84
56, 83
57, 84
56, 85
57, 86
56, 87
57, 88
58, 88
58, 88
65, 76
66, 75
67, 74
66, 74
67, 73
66, 73
66, 73
57, 76
57, 75
56, 74
56, 73
56, 74
56, 75
55, 76
54, 76
55, 75
55, 75
48, 85
47, 84
48, 85
49, 84
50, 85
51, 85
52, 85
52, 85
66, 74
65, 73
64, 72
63, 71
62, 70
62, 70
62, 75
61, 74
60, 73
59, 72
58, 71
57, 70
57, 70
57, 70
66, 70
65, 69
64, 68
63, 67
62, 66
61, 65
60, 64
60, 64
62, 70
61, 69
60, 68
59, 67
58, 66
58, 66
57, 65
56, 64
55, 63
55, 63
53, 79
52, 78
51, 77
51, 77
50, 76
49, 75
48, 74
48, 74
57, 87
57, 87
56, 86
55, 85
54, 84
53, 83
53, 83
53, 83
61, 79
61, 80
61, 81
61, 82
61, 82
61, 83
61, 84
61, 85
61, 86
61, 86
61, 86
60, 75
61, 74
62, 73
62, 73
63, 72
64, 71
65, 70
65, 69
65, 68
65, 67
65, 67
58, 70
57, 69
56, 68
55, 67
54, 66
53, 65
53, 65
52, 64
51, 63
50, 62
50, 62
55, 75
54, 74
53, 73
52, 72
51, 71
50, 70
49, 69
48, 68
47, 67
46, 66
46, 66
53, 84
54, 83
54, 83
54, 83
55, 82
56, 81
56, 81
64, 78
63, 77
63, 77
62, 76
62, 75
62, 74
62, 73
62, 72
62, 71
62, 70
62, 70
55, 76
55, 76
54, 75
53, 74
53, 74
52, 73
51, 72
51, 72
51, 72
54, 77
53, 76
52, 75
51, 74
50, 73
50, 73
61, 80
62, 79
63, 78
64, 77
65, 76
66, 75
67, 74
67, 73
67, 72
67, 72
67, 72
65, 74
64, 75
63, 76
62, 76
61, 76
60, 76
59, 76
58, 76
57, 76
57, 76
59, 79
58, 78
57, 77
56, 76
55, 75
54, 74
53, 73
53, 73
70, 82
69, 81
69, 81
68, 80
67, 79
66, 78
66, 78
61, 81
62, 80
62, 80
63, 79
64, 78
65, 77
66, 76
66, 75
66, 75
66, 75
65, 87
65, 87
64, 86
64, 86
63, 85
63, 85
63, 85
53, 88
52, 87
51, 86
50, 85
49, 84
48, 83
47, 82
46, 81
46, 81
53, 71
52, 70
51, 70
51, 70
50, 70
50, 70
49, 84
48, 83
47, 82
46, 81
45, 80
44, 79
43, 78
43, 78
43, 78
50, 62
50, 61
50, 60
50, 59
50, 58
50, 57
50, 56
50, 55
50, 54
50, 53
49, 54
48, 55
47, 56
46, 57
46, 57
47, 56
48, 55
49, 54
50, 53
50, 52
50, 52
58, 75
59, 74
59, 74
60, 73
61, 72
62, 71
63, 70
63, 70
63, 70
57, 70
58, 71
59, 72
60, 73
60, 73
60, 73
61, 74
62, 75
62, 75
51, 72
51, 72
52, 71
53, 70
53, 70
54, 69
55, 68
55, 68
56, 67
56, 67
62, 84
61, 83
60, 82
59, 81
58, 80
57, 79
56, 78
55, 77
54, 76
54, 76
66, 78
65, 77
65, 77
64, 76
63, 75
62, 74
61, 73
61, 73
61, 73
61, 69
61, 69
60, 68
59, 67
58, 66
57, 65
56, 64
55, 63
54, 62
54, 62
45, 80
44, 79
43, 78
42, 77
41, 76
40, 75
39, 74
38, 73
38, 73
66, 75
66, 75
65, 74
64, 73
63, 72
62, 71
61, 70
61, 70
60, 69
60, 69
44, 77
45, 76
46, 75
47, 74
48, 73
48, 73
49, 72
50, 71
50, 71
49, 72
49, 72
48, 71
47, 70
47, 68
48, 67
49, 66
50, 65
50, 64
50, 63
50, 61
50, 60
50, 59
50, 58
50, 57
50, 56
50, 55
50, 54
50, 53
50, 53
49, 54
48, 55
47, 56
47, 56
48, 74
48, 74
47, 73
46, 72
45, 71
45, 71
44, 70
43, 69
43, 69
62, 70
62, 70
61, 69
60, 68
59, 67
59, 67
53, 73
53, 73
54, 74
55, 74
56, 74
57, 74
58, 74
59, 74
59, 74
62, 85
63, 84
64, 83
64, 82
64, 81
64, 81
66, 73
65, 74
64, 75
64, 75
63, 76
62, 77
62, 77
61, 78
61, 78
64, 68
63, 68
62, 68
61, 68
61, 68
61, 68
61, 68
61, 68
61, 68
61, 68
52, 82
52, 82
52, 82
51, 81
51, 81
51, 81
50, 80
50, 80
47, 65
48, 64
48, 64
50, 62
50, 61
50, 60
50, 59
50, 58
50, 57
50, 56
50, 55
50, 54
50, 53
51, 52
52, 51
53, 50
53, 50
49, 69
48, 68
47, 67
46, 66
45, 65
45, 65
44, 64
43, 63
43, 61
44, 60
45, 59
46, 58
47, 57
48, 56
49, 55
50, 54
50, 53
50, 52
50, 52
60, 64
59, 65
59, 65
58, 66
57, 66
56, 66
55, 66
54, 66
54, 66
55, 63
54, 64
54, 64
53, 65
52, 66
52, 66
55, 80
54, 79
53, 78
52, 77
52, 76
52, 75
52, 74
52, 74
52, 73
52, 72
52, 72
51, 65
50, 64
50, 62
50, 61
50, 60
50, 59
50, 58
50, 57
49, 56
48, 56
47, 56
47, 56
53, 75
53, 75
52, 74
52, 74
51, 73
51, 73
51, 73
50, 72
50, 72
49, 70
48, 69
47, 68
46, 67
45, 66
45, 66
55, 68
54, 69
53, 70
52, 71
52, 72
52, 72
49, 53
48, 54
47, 55
46, 56
46, 56
47, 55
48, 54
49, 53
50, 52
50, 51
50, 50
49, 51
48, 52
47, 53
46, 54
46, 54
50, 79
50, 78
50, 77
50, 76
50, 75
50, 75
50, 74
50, 74
58, 73
57, 72
56, 71
56, 71
56, 71
55, 70
54, 69
53, 68
52, 67
52, 67
49, 51
48, 50
48, 50
48, 50
47, 49
46, 48
45, 47
45, 46
45, 45
45, 45
62, 69
61, 68
60, 67
59, 66
58, 65
57, 64
57, 64
56, 63
55, 62
55, 62
55, 62
54, 51
54, 51
53, 50
52, 50
51, 50
50, 50
50, 50
50, 50
50, 50
50, 50
50, 50
51, 51
51, 51
52, 52
52, 52
63, 80
62, 79
61, 78
60, 77
59, 76
58, 75
58, 75
58, 75
57, 74
57, 74
60, 77
59, 76
59, 75
59, 74
59, 73
59, 72
59, 72
55, 65
56, 64
57, 63
57, 63
57, 62
57, 61
57, 60
57, 59
57, 58
57, 57
57, 57
61, 74
60, 73
59, 72
58, 71
57, 70
56, 69
55, 68
54, 67
54, 67
53, 66
53, 66
60, 72
59, 71
58, 70
57, 69
56, 68
55, 67
55, 67
53, 61
52, 60
51, 59
50, 58
49, 57
48, 56
47, 55
47, 55
62, 67
63, 67
64, 67
65, 67
66, 67
67, 67
67, 67
52, 72
51, 71
50, 70
49, 69
48, 68
47, 67
46, 66
46, 66
60, 68
61, 69
62, 70
63, 71
63, 71
64, 72
65, 73
65, 73
66, 74
66, 74
48, 57
49, 58
50, 59
51, 60
51, 60
52, 61
53, 62
54, 63
54, 63
42, 68
41, 67
40, 66
40, 66
39, 65
38, 64
37, 63
37, 63
59, 68
58, 67
57, 66
57, 66
56, 65
55, 64
54, 63
53, 62
52, 61
51, 60
51, 60
39, 73
40, 73
41, 73
41, 73
42, 73
43, 73
44, 73
44, 73
46, 54
46, 54
47, 53
48, 52
49, 51
50, 50
50, 50
50, 50
50, 50
50, 50
50, 50
49, 51
48, 52
48, 52
48, 52
47, 53
46, 54
46, 54
47, 53
48, 52
49, 51
50, 50
50, 50
50, 50
50, 50
50, 50
49, 51
49, 51
48, 57
49, 58
49, 58
50, 59
51, 60
52, 61
53, 62
54, 63
55, 64
55, 64
56, 68
57, 69
58, 70
58, 70
58, 70
58, 70
46, 54
45, 53
44, 52
44, 52
43, 51
42, 50
41, 49
40, 48
40, 48
57, 74
56, 75
55, 76
54, 77
53, 78
52, 79
51, 80
51, 80
50, 81
49, 81
49, 81
54, 63
53, 62
52, 61
51, 60
51, 60
51, 60
50, 59
49, 58
49, 58
53, 71
53, 70
53, 69
53, 69
53, 69
53, 69
53, 69
53, 69
53, 69
53, 69
45, 65
45, 65
44, 64
43, 63
43, 63
43, 61
44, 60
45, 59
46, 58
47, 57
47, 57
46, 56
46, 54
47, 53
48, 52
49, 51
50, 50
50, 50
50, 50
50, 50
49, 51
49, 51
66, 68
66, 68
66, 68
65, 69
64, 70
63, 71
62, 72
62, 72
52, 52
52, 52
53, 53
53, 54
53, 55
53, 56
53, 57
53, 58
53, 59
53, 59
57, 57
58, 58
59, 59
60, 60
61, 61
61, 61
61, 61
62, 62
63, 63
63, 63
36, 62
35, 61
34, 60
34, 60
33, 59
32, 58
31, 57
30, 56
30, 56
29, 55
29, 55
44, 44
44, 43
44, 43
44, 42
44, 42
44, 41
44, 40
44, 40
44, 40
51, 60
51, 60
52, 61
52, 61
53, 62
54, 63
55, 64
55, 64
50, 74
50, 74
51, 75
52, 76
53, 77
53, 77
66, 74
65, 73
64, 72
63, 71
62, 70
61, 69
61, 69
53, 66
54, 65
55, 64
56, 63
56, 63
56, 63
57, 62
57, 62
49, 73
48, 73
48, 73
47, 73
46, 73
45, 73
45, 73
45, 73
58, 73
57, 73
56, 73
56, 73
56, 73
56, 73
46, 67
47, 68
47, 68
48, 69
49, 69
49, 69
49, 69
56, 61
57, 60
58, 59
59, 58
60, 57
60, 57
43, 72
42, 71
41, 70
40, 69
39, 68
39, 68
54, 67
55, 68
56, 69
57, 70
58, 71
59, 72
59, 72
60, 73
60, 73
52, 68
51, 67
50, 66
49, 65
48, 64
48, 64
41, 49
42, 50
43, 51
44, 52
44, 52
45, 53
46, 54
46, 54
30, 54
30, 53
30, 52
30, 51
30, 50
30, 49
30, 49
38, 67
38, 67
37, 66
36, 65
35, 64
35, 64
34, 63
33, 62
32, 61
32, 61
48, 80
48, 80
47, 79
46, 78
46, 78
46, 78
45, 77
44, 76
44, 75
44, 75
55, 72
54, 71
53, 70
52, 69
51, 68
50, 67
49, 66
48, 65
48, 65
55, 64
54, 65
53, 66
53, 66
52, 67
51, 68
51, 68
50, 69
49, 70
48, 71
48, 71
60, 68
60, 68
60, 68
60, 68
60, 68
60, 68
60, 73
59, 72
58, 71
57, 70
56, 69
55, 68
54, 67
53, 66
53, 66
59, 69
60, 68
61, 67
62, 66
62, 66
62, 66
62, 66
63, 65
63, 65
44, 72
43, 71
42, 70
41, 69
40, 68
40, 68
39, 67
39, 66
39, 65
39, 65
39, 65
49, 51
50, 52
51, 53
52, 54
53, 55
54, 56
54, 56
62, 72
62, 72
63, 71
64, 70
64, 70
64, 69
64, 68
64, 67
64, 67
64, 67
64, 67
48, 50
47, 49
46, 48
45, 47
45, 47
44, 46
44, 46
45, 47
46, 48
47, 49
48, 50
49, 50
50, 50
50, 50
50, 50
49, 49
48, 48
47, 47
47, 47
54, 60
55, 61
56, 62
57, 63
58, 64
59, 65
60, 66
61, 67
62, 68
62, 68
48, 68
48, 68
47, 67
46, 66
46, 66
45, 65
45, 65
57, 62
57, 62
58, 63
58, 63
59, 64
59, 64
54, 63
53, 62
52, 61
51, 60
50, 59
50, 59
49, 58
49, 58
45, 41
46, 42
47, 43
48, 44
49, 45
49, 45
63, 63
63, 63
62, 64
62, 65
62, 66
62, 67
62, 67
62, 67
62, 67
49, 58
48, 57
47, 56
47, 56
46, 55
45, 54
44, 53
44, 53
52, 76
51, 75
50, 74
50, 74
49, 73
49, 73
58, 55
57, 54
56, 53
55, 52
54, 51
53, 50
52, 50
51, 50
50, 50
50, 50
49, 51
48, 51
48, 51
47, 51
47, 51
46, 51
46, 51
64, 67
64, 67
63, 66
62, 65
62, 65
61, 65
60, 65
59, 65
58, 65
58, 65
50, 62
50, 61
50, 60
50, 59
50, 58
50, 57
49, 56
49, 55
49, 54
49, 53
49, 53
58, 65
57, 66
56, 67
56, 67
55, 68
54, 69
54, 69
53, 70
52, 71
52, 71
52, 71
50, 46
50, 46
51, 47
52, 48
53, 49
54, 50
54, 50
53, 50
52, 50
51, 50
50, 50
50, 50
50, 50
51, 51
52, 52
52, 52
53, 66
52, 67
51, 68
50, 69
49, 70
49, 70
33, 62
34, 63
35, 64
36, 65
37, 66
37, 66
37, 66
38, 67
38, 67
45, 53
45, 53
45, 53
44, 52
43, 51
42, 50
42, 50
39, 65
40, 66
41, 67
42, 68
42, 68
43, 68
44, 68
45, 68
46, 68
46, 68
62, 67
61, 68
60, 69
59, 70
58, 71
57, 72
57, 72
57, 72
56, 73
55, 74
55, 74
54, 55
54, 54
54, 53
53, 51
52, 50
51, 50
50, 50
50, 50
51, 49
51, 49
52, 49
52, 49
48, 46
48, 46
49, 46
50, 46
51, 46
52, 46
53, 46
53, 46
59, 67
58, 66
58, 66
58, 66
57, 65
56, 64
55, 63
54, 63
54, 63
44, 75
43, 74
42, 73
42, 73
42, 72
42, 71
42, 70
42, 69
42, 69
44, 53
43, 52
42, 51
41, 50
40, 49
39, 48
38, 47
37, 46
37, 46
62, 66
61, 67
60, 68
60, 68
59, 69
58, 70
57, 71
57, 71
46, 66
46, 66
47, 67
47, 67
48, 68
48, 68
48, 72
47, 71
47, 71
47, 71
46, 70
45, 69
44, 68
43, 67
42, 66
42, 66
42, 66
61, 69
61, 69
60, 70
59, 71
58, 72
57, 73
56, 74
56, 74
47, 72
46, 72
45, 72
44, 72
44, 72
43, 72
42, 72
42, 72
41, 72
41, 72
47, 52
48, 53
49, 54
50, 54
51, 54
52, 54
53, 54
54, 54
55, 54
55, 54
49, 58
50, 59
51, 59
52, 59
53, 59
53, 59
31, 50
32, 51
32, 51
33, 52
34, 53
35, 54
35, 54
36, 55
37, 56
38, 56
38, 56
49, 66
50, 67
50, 67
51, 68
52, 69
53, 70
53, 70
39, 55
40, 54
41, 53
42, 52
43, 51
44, 50
45, 49
45, 49
46, 48
46, 48
49, 53
48, 54
47, 55
47, 55
46, 56
46, 56
47, 55
48, 54
49, 53
50, 52
50, 51
50, 50
50, 50
49, 51
48, 52
48, 52
41, 72
41, 72
42, 71
43, 70
44, 69
45, 68
46, 67
47, 66
47, 66
51, 70
51, 70
50, 69
50, 68
50, 67
50, 66
50, 66
47, 67
46, 66
45, 65
44, 64
44, 64
43, 63
43, 61
44, 60
45, 59
46, 58
47, 57
48, 56
48, 56
53, 53
54, 54
55, 55
55, 55
56, 56
56, 56
56, 56
52, 69
52, 69
51, 68
50, 67
49, 66
48, 65
47, 64
47, 64
47, 64
46, 63
46, 63
43, 70
44, 71
45, 72
46, 73
47, 74
47, 74
43, 67
44, 68
44, 69
44, 70
44, 71
44, 72
44, 72
44, 73
44, 74
44, 75
44, 75
52, 49
51, 50
50, 51
50, 51
49, 52
48, 53
47, 54
46, 55
46, 55
47, 54
48, 53
49, 52
50, 51
50, 50
50, 50
50, 50
50, 50
50, 50
54, 55
53, 56
52, 57
51, 58
51, 58
50, 59
49, 60
49, 60
50, 59
50, 58
50, 57
50, 56
50, 55
50, 54
50, 53
50, 52
49, 53
49, 53
52, 47
51, 48
50, 49
49, 50
49, 50
49, 50
48, 51
48, 51
48, 51
48, 51
58, 70
59, 70
60, 70
61, 70
62, 70
63, 70
63, 70
55, 75
54, 76
53, 77
53, 77
52, 78
52, 78
52, 78
53, 59
52, 58
51, 57
50, 56
50, 56
50, 56
47, 67
48, 66
49, 65
50, 64
51, 63
51, 63
52, 62
52, 62
53, 62
52, 61
52, 60
52, 60
52, 59
52, 58
52, 57
52, 57
52, 56
52, 56
39, 66
40, 65
41, 64
42, 63
44, 61
45, 60
46, 59
47, 58
48, 57
47, 56
46, 55
45, 54
45, 54
45, 54
45, 54
50, 71
50, 71
51, 72
51, 73
51, 73
51, 74
51, 74
51, 75
51, 75
42, 50
41, 51
40, 52
39, 53
38, 54
37, 55
37, 55
36, 56
35, 57
35, 57
59, 66
60, 67
60, 67
61, 68
61, 69
61, 69
61, 69
61, 69
61, 69
61, 69
54, 73
54, 73
53, 72
52, 71
51, 70
50, 69
49, 68
49, 68
48, 67
47, 66
47, 66
36, 45
35, 44
34, 43
33, 42
32, 41
31, 40
31, 40
55, 55
55, 56
54, 56
53, 57
53, 58
52, 59
53, 58
53, 57
53, 58
53, 58
62, 70
61, 71
61, 72
61, 71
60, 71
59, 70
58, 69
57, 69
57, 70
57, 70
30, 40
29, 41
29, 42
28, 42
27, 41
27, 42
27, 41
27, 42
26, 42
25, 42
25, 42
48, 53
49, 52
50, 51
49, 51
49, 52
50, 53
51, 54
52, 55
52, 55
51, 55
51, 54
52, 55
52, 56
53, 57
54, 57
55, 56
55, 56
51, 56
52, 56
53, 55
52, 56
52, 55
52, 54
51, 54
52, 55
53, 56
54, 55
54, 55
47, 67
46, 68
45, 67
45, 68
44, 67
44, 67
48, 75
48, 76
47, 76
47, 77
47, 78
48, 77
47, 78
46, 79
47, 79
47, 80
47, 80
45, 49
45, 48
46, 48
47, 48
48, 48
48, 48
49, 55
48, 54
47, 53
46, 54
45, 53
45, 54
44, 54
44, 53
45, 52
44, 53
44, 53
48, 50
47, 51
46, 51
47, 51
46, 51
46, 52
45, 53
46, 54
47, 54
46, 54
46, 54
50, 51
50, 50
50, 49
50, 48
50, 47
50, 46
49, 46
48, 47
48, 47
51, 78
52, 78
51, 78
52, 79
51, 78
52, 77
52, 78
52, 78
45, 63
44, 62
45, 63
44, 64
45, 64
45, 65
46, 64
46, 65
45, 65
45, 65
48, 67
47, 68
47, 69
48, 70
47, 69
47, 69
49, 67
49, 68
50, 67
51, 66
50, 65
51, 65
52, 65
53, 66
53, 66
63, 71
62, 70
61, 70
60, 71
61, 71
61, 71
51, 76
50, 76
49, 77
48, 77
47, 78
48, 79
49, 78
49, 78
44, 54
45, 53
45, 54
46, 55
47, 55
48, 54
47, 55
47, 55
43, 76
44, 75
45, 76
46, 75
45, 75
46, 74
47, 75
46, 74
47, 75
48, 75
48, 75
50, 52
49, 52
50, 51
51, 50
51, 51
51, 50
51, 51
52, 52
51, 52
51, 52
36, 56
35, 57
36, 56
36, 55
36, 54
37, 55
38, 55
37, 54
37, 55
37, 54
37, 54
51, 63
51, 62
52, 61
52, 62
51, 63
52, 63
53, 63
54, 62
54, 62
49, 46
48, 47
47, 46
46, 45
47, 46
47, 47
47, 47
49, 76
48, 76
49, 76
50, 77
51, 77
50, 78
50, 79
51, 78
51, 79
51, 79
62, 71
61, 70
61, 69
61, 68
60, 67
60, 68
61, 68
61, 69
61, 69
26, 41
25, 42
26, 42
27, 42
27, 43
27, 42
27, 42
47, 68
47, 67
46, 67
47, 68
48, 68
49, 69
50, 68
51, 68
51, 69
51, 69
44, 65
45, 65
46, 65
45, 65
46, 66
47, 66
46, 67
46, 67
38, 55
39, 54
40, 53
41, 52
40, 52
40, 51
41, 52
41, 52
43, 54
43, 53
44, 52
43, 53
43, 54
42, 53
41, 52
42, 52
43, 51
42, 50
42, 50
44, 66
45, 66
46, 67
46, 68
46, 67
45, 67
46, 68
47, 67
47, 67
53, 62
53, 61
52, 61
52, 60
53, 59
54, 59
53, 59
53, 59
58, 71
57, 72
56, 71
55, 72
56, 71
56, 70
57, 70
57, 70
49, 47
50, 48
49, 49
49, 50
50, 50
51, 50
52, 50
53, 50
52, 50
53, 50
53, 50
47, 56
46, 57
47, 58
48, 58
49, 58
50, 58
51, 59
52, 58
52, 58
50, 77
49, 78
49, 77
50, 76
49, 76
49, 77
49, 77
54, 57
54, 58
55, 57
54, 58
55, 57
56, 57
57, 57
57, 57
51, 55
51, 56
52, 57
52, 58
53, 58
52, 57
51, 56
51, 55
51, 55
52, 66
53, 65
52, 64
51, 63
52, 64
52, 63
52, 63
55, 54
54, 55
54, 54
54, 55
55, 55
55, 56
55, 55
55, 55
56, 56
57, 56
58, 57
57, 56
58, 56
58, 55
58, 55
51, 79
52, 79
53, 78
52, 78
53, 78
54, 78
55, 77
54, 77
55, 76
55, 76
50, 53
51, 53
52, 53
53, 53
52, 53
53, 52
53, 51
53, 51
47, 81
47, 80
47, 79
47, 80
48, 80
48, 79
47, 78
48, 77
48, 76
49, 76
49, 76
46, 55
46, 56
47, 56
48, 57
49, 58
48, 59
47, 59
48, 58
47, 57
47, 57
56, 58
57, 57
57, 58
57, 59
57, 58
56, 57
57, 57
56, 57
56, 57
45, 67
44, 68
43, 69
43, 70
44, 71
45, 71
46, 72
46, 72
56, 76
56, 77
57, 76
58, 75
58, 76
58, 76
47, 48
46, 49
47, 50
47, 51
48, 50
49, 51
48, 51
49, 52
48, 53
48, 54
48, 54
58, 56
57, 56
57, 55
56, 55
55, 55
54, 54
54, 54
48, 78
48, 77
49, 76
50, 77
49, 76
48, 77
47, 78
47, 78
46, 67
46, 66
47, 65
48, 64
49, 64
49, 64
46, 56
47, 56
48, 56
49, 55
49, 56
49, 55
50, 55
50, 55
52, 59
53, 59
52, 60
52, 61
51, 60
52, 59
51, 58
50, 57
49, 58
49, 58
50, 55
51, 54
50, 55
50, 54
50, 53
50, 52
51, 51
52, 50
52, 50
52, 80
52, 81
53, 82
52, 83
51, 83
52, 84
52, 84
56, 71
56, 72
57, 71
58, 71
59, 70
59, 70
60, 69
61, 69
62, 69
63, 68
63, 69
63, 69
54, 55
53, 55
54, 56
53, 55
52, 56
52, 57
53, 58
53, 59
53, 60
53, 60
52, 70
51, 71
50, 70
49, 71
48, 72
47, 73
46, 72
46, 72
53, 52
52, 51
51, 52
50, 51
51, 51
50, 52
51, 52
50, 52
51, 53
51, 53
43, 50
44, 50
44, 51
44, 50
43, 49
43, 50
44, 51
43, 52
44, 53
43, 54
43, 54
54, 58
55, 57
55, 58
56, 58
57, 57
57, 56
58, 57
58, 57
53, 64
53, 65
52, 66
53, 65
52, 65
52, 64
52, 64
49, 75
48, 74
49, 74
48, 74
49, 74
49, 74
26, 42
25, 42
24, 43
24, 44
24, 45
24, 45
54, 49
55, 49
56, 48
57, 48
58, 48
59, 47
59, 48
59, 49
59, 49
41, 51
42, 51
43, 50
42, 49
43, 48
43, 47
44, 47
43, 48
43, 48
47, 72
48, 72
49, 73
48, 72
49, 71
49, 70
49, 70
48, 55
48, 56
47, 55
48, 54
48, 55
47, 55
46, 54
47, 54
48, 53
48, 53
43, 49
42, 49
41, 49
42, 50
41, 51
40, 50
40, 50
45, 73
44, 73
45, 74
45, 73
46, 74
47, 75
47, 75
51, 54
50, 55
50, 56
49, 57
50, 57
49, 58
50, 58
50, 58
58, 77
57, 77
56, 78
56, 79
57, 79
57, 79
52, 59
51, 58
50, 57
49, 56
50, 56
50, 56
55, 56
55, 57
56, 58
57, 57
56, 58
57, 57
56, 58
56, 58
50, 65
51, 64
52, 64
51, 65
51, 66
50, 65
50, 64
51, 63
51, 64
51, 63
51, 63
59, 50
59, 49
60, 49
59, 48
60, 48
60, 47
60, 46
61, 45
60, 46
61, 47
61, 47
54, 53
54, 54
53, 53
52, 54
53, 54
53, 53
53, 52
53, 53
53, 53
42, 54
41, 55
41, 56
40, 56
40, 55
41, 56
40, 56
40, 57
40, 58
40, 58
53, 50
52, 50
51, 51
50, 51
50, 52
49, 51
49, 50
50, 49
49, 50
48, 49
48, 49
62, 69
63, 68
64, 69
64, 68
64, 67
63, 66
63, 65
64, 65
65, 64
65, 64
48, 57
49, 56
49, 55
50, 56
51, 55
51, 55
58, 69
57, 70
58, 71
58, 72
57, 71
56, 72
55, 72
54, 71
53, 70
54, 69
54, 69
57, 58
56, 58
56, 57
56, 56
55, 57
56, 57
57, 56
58, 57
57, 58
57, 58
52, 63
52, 64
51, 63
52, 63
51, 63
51, 64
50, 65
50, 64
50, 64
53, 83
53, 84
54, 84
54, 83
53, 84
53, 83
54, 84
53, 84
54, 83
55, 84
55, 84
25, 44
24, 44
25, 45
24, 46
25, 45
24, 45
23, 45
23, 46
22, 47
22, 47
49, 75
48, 75
47, 74
46, 74
45, 75
45, 75
47, 79
48, 79
49, 79
48, 80
47, 81
48, 80
48, 79
48, 78
48, 78
50, 53
49, 52
48, 53
49, 54
48, 54
49, 54
48, 55
48, 56
48, 57
47, 56
47, 56
57, 80
58, 81
57, 82
57, 83
58, 84
57, 84
57, 85
57, 85
54, 54
55, 53
56, 53
57, 54
57, 53
58, 54
58, 55
58, 54
58, 53
58, 54
58, 54
56, 57
57, 57
58, 56
57, 56
58, 55
57, 55
57, 55
44, 74
43, 73
43, 72
43, 73
44, 72
43, 72
43, 73
44, 72
45, 73
45, 73
55, 70
55, 69
56, 69
55, 70
55, 69
54, 69
53, 69
53, 70
53, 70
62, 47
61, 46
62, 45
63, 45
63, 44
64, 44
64, 45
64, 45
47, 77
46, 78
46, 79
47, 80
48, 80
47, 79
48, 80
48, 80
49, 52
48, 53
49, 54
50, 54
51, 55
52, 55
51, 55
52, 56
52, 56
54, 83
53, 82
52, 81
52, 80
51, 79
52, 80
52, 80
47, 49
46, 48
45, 47
44, 48
45, 48
45, 49
45, 49
48, 56
49, 55
50, 56
51, 56
50, 57
50, 58
49, 59
48, 60
47, 59
48, 59
48, 59
50, 70
50, 69
49, 68
50, 67
49, 68
50, 67
50, 67
50, 65
51, 66
50, 66
51, 66
52, 66
53, 67
53, 66
53, 67
52, 67
53, 66
53, 66
50, 54
51, 53
50, 54
50, 55
51, 56
51, 55
52, 54
52, 54
56, 57
57, 57
57, 56
58, 56
57, 55
56, 54
56, 54
50, 57
49, 56
49, 55
50, 54
49, 55
50, 55
49, 55
49, 56
49, 56
41, 58
42, 57
43, 57
42, 57
41, 58
40, 57
41, 58
41, 57
42, 57
42, 56
42, 56
46, 74
46, 75
47, 75
47, 76
47, 77
46, 77
46, 76
46, 76
65, 65
66, 65
67, 65
68, 66
67, 67
66, 67
67, 66
67, 66
39, 50
40, 50
41, 49
40, 50
41, 51
40, 52
41, 51
42, 51
42, 50
41, 51
41, 51
23, 48
24, 48
25, 49
24, 48
24, 49
24, 48
24, 48
51, 64
50, 65
50, 64
51, 65
52, 65
52, 66
52, 67
52, 67
49, 58
49, 57
48, 57
48, 58
49, 59
50, 60
51, 59
51, 58
50, 57
50, 57
56, 54
55, 55
55, 56
56, 55
57, 56
56, 56
57, 57
56, 58
56, 58
53, 65
53, 66
52, 67
52, 68
51, 68
51, 67
52, 67
51, 67
51, 67
42, 57
41, 56
41, 55
41, 56
40, 56
39, 56
38, 56
39, 56
39, 56
47, 80
46, 79
47, 78
47, 77
46, 77
47, 77
47, 76
47, 77
47, 78
47, 78
42, 51
42, 52
42, 53
41, 53
42, 54
43, 53
42, 54
42, 54
64, 44
63, 44
62, 44
63, 45
63, 44
63, 43
64, 44
64, 45
63, 46
62, 45
62, 45
66, 65
65, 65
64, 64
63, 65
63, 64
62, 65
62, 65
53, 54
52, 53
52, 54
51, 54
51, 55
52, 55
51, 54
51, 54
49, 57
50, 56
50, 55
51, 56
50, 57
50, 58
50, 57
50, 58
49, 57
50, 58
50, 58
49, 60
50, 61
51, 60
52, 61
53, 62
54, 62
53, 63
53, 63
58, 85
59, 86
59, 87
59, 88
60, 88
61, 89
60, 90
60, 90
57, 55
56, 54
55, 53
55, 54
55, 53
55, 54
55, 55
55, 55
46, 49
45, 49
46, 49
46, 50
46, 51
46, 52
46, 52
46, 75
47, 76
46, 75
46, 74
45, 74
45, 73
44, 73
45, 73
44, 73
44, 73
52, 66
51, 65
52, 66
52, 67
51, 67
51, 66
50, 66
49, 67
49, 66
49, 66
46, 72
47, 71
48, 72
49, 72
50, 73
51, 74
50, 75
51, 76
52, 77
52, 77
52, 57
53, 57
54, 56
54, 55
53, 55
53, 56
53, 56
52, 71
52, 72
52, 71
53, 72
54, 72
53, 73
53, 72
54, 72
54, 72
57, 54
58, 55
57, 55
56, 55
56, 54
55, 55
56, 55
55, 56
55, 56
50, 56
49, 55
48, 56
48, 57
47, 56
46, 57
47, 57
48, 57
47, 56
47, 56
53, 80
54, 79
55, 80
54, 79
55, 80
56, 80
55, 81
55, 81
25, 47
24, 48
23, 49
22, 48
23, 47
24, 47
25, 47
25, 47
50, 68
49, 68
50, 69
49, 68
50, 69
50, 70
51, 69
52, 69
52, 70
52, 70
43, 53
44, 54
44, 53
45, 53
44, 52
44, 53
44, 52
45, 51
45, 50
45, 50
56, 57
57, 57
56, 56
56, 55
55, 55
55, 54
55, 53
55, 53
26, 48
26, 47
27, 48
26, 49
25, 50
26, 49
26, 49
44, 72
43, 73
42, 73
42, 72
43, 71
44, 71
43, 71
43, 70
43, 70
50, 53
49, 52
49, 51
48, 52
49, 51
48, 51
49, 50
49, 50
47, 53
48, 53
49, 53
50, 52
49, 53
49, 54
49, 55
49, 56
50, 57
50, 57
51, 68
52, 69
51, 68
50, 68
49, 69
50, 68
49, 68
50, 67
49, 67
50, 67
50, 67
55, 58
54, 57
53, 57
54, 57
54, 56
54, 56
63, 64
62, 63
61, 62
60, 63
59, 62
59, 62
54, 55
54, 56
53, 56
52, 56
51, 55
52, 54
52, 54
55, 73
54, 73
53, 73
54, 74
55, 75
56, 75
57, 74
58, 73
57, 73
57, 73
51, 59
50, 60
49, 59
50, 58
49, 59
48, 59
49, 60
48, 59
48, 60
49, 61
49, 61
63, 46
63, 47
64, 47
64, 46
64, 47
65, 47
66, 48
66, 48
52, 64
52, 65
52, 66
51, 67
50, 67
50, 66
51, 67
51, 68
51, 68
59, 90
58, 90
59, 91
58, 91
59, 91
59, 92
60, 92
61, 91
61, 91
46, 55
47, 54
47, 55
46, 56
46, 55
46, 55
38, 57
37, 57
37, 56
38, 56
37, 56
36, 56
37, 57
37, 57
54, 55
53, 55
53, 56
52, 57
53, 57
52, 56
53, 57
54, 57
53, 56
53, 57
53, 57
49, 65
50, 64
49, 65
50, 64
50, 65
50, 64
49, 65
48, 66
47, 67
46, 67
46, 67
56, 81
57, 82
57, 81
58, 80
57, 80
56, 81
56, 80
55, 80
55, 80
51, 78
50, 79
49, 78
50, 78
51, 78
52, 77
53, 76
53, 76
53, 69
54, 70
53, 70
54, 69
54, 70
55, 70
54, 71
55, 71
56, 70
57, 69
57, 69
46, 77
45, 78
46, 78
46, 77
47, 76
46, 76
46, 77
47, 77
48, 78
47, 79
47, 79
47, 80
47, 81
48, 80
47, 81
47, 80
47, 79
46, 80
46, 79
45, 78
44, 78
44, 78
56, 79
55, 79
56, 80
56, 81
57, 80
57, 79
57, 79
54, 57
53, 56
54, 56
55, 55
54, 56
53, 55
54, 54
55, 53
55, 54
54, 55
54, 55
61, 92
60, 93
61, 94
60, 93
59, 92
59, 92
54, 57
55, 56
56, 57
56, 56
56, 57
57, 57
56, 56
55, 56
54, 55
54, 55
58, 72
58, 71
59, 70
59, 69
59, 70
60, 70
60, 70
44, 70
45, 70
44, 70
43, 69
42, 69
41, 68
41, 69
40, 70
40, 70
46, 50
46, 49
45, 49
46, 49
45, 49
46, 48
47, 48
46, 49
46, 49
60, 63
61, 64
60, 64
60, 65
61, 65
62, 65
63, 66
63, 66
45, 54
45, 53
46, 54
45, 54
46, 55
47, 56
48, 57
48, 57
50, 60
50, 59
51, 60
50, 60
51, 59
52, 58
52, 58
26, 50
27, 49
27, 50
28, 50
27, 49
26, 50
26, 50
66, 47
65, 47
65, 48
64, 47
65, 47
66, 48
66, 48
51, 58
50, 58
49, 59
48, 59
47, 58
47, 58
52, 53
51, 54
50, 53
51, 52
51, 53
51, 53
54, 54
53, 55
52, 54
52, 55
51, 55
50, 55
51, 54
52, 54
52, 54
53, 75
53, 76
53, 75
52, 74
53, 74
54, 74
54, 74
52, 67
52, 66
51, 65
52, 64
53, 63
54, 63
54, 64
54, 64
56, 68
57, 67
56, 66
55, 67
55, 66
56, 67
55, 66
54, 67
53, 66
53, 67
53, 67
51, 66
52, 65
51, 66
51, 65
52, 64
51, 63
52, 63
51, 62
52, 63
53, 62
53, 62
38, 57
37, 58
38, 58
39, 59
40, 58
40, 57
39, 57
39, 58
39, 58
45, 68
45, 69
44, 69
43, 69
44, 69
43, 68
43, 67
43, 67
50, 51
51, 51
52, 50
51, 49
50, 48
49, 49
48, 49
49, 49
49, 49
52, 67
51, 67
52, 66
52, 65
52, 64
52, 63
52, 63
48, 50
47, 50
46, 50
46, 51
45, 52
45, 52
43, 68
44, 68
45, 67
44, 68
44, 67
44, 67
53, 57
52, 56
53, 55
52, 55
52, 56
52, 56
52, 63
53, 64
54, 63
54, 62
53, 62
54, 62
55, 61
55, 60
56, 60
56, 60
27, 50
26, 49
27, 48
26, 49
27, 49
28, 50
29, 50
30, 51
30, 51
40, 71
39, 70
39, 71
38, 71
37, 71
38, 71
39, 72
40, 72
40, 72
67, 49
68, 48
68, 47
67, 47
68, 48
69, 47
70, 46
69, 46
69, 47
68, 46
68, 46
47, 50
48, 51
47, 52
46, 53
45, 53
44, 52
45, 52
44, 52
44, 52
58, 78
57, 78
58, 79
58, 80
59, 79
59, 80
59, 79
59, 78
59, 78
53, 53
53, 54
54, 53
53, 53
54, 54
55, 55
55, 55
47, 57
46, 56
47, 56
46, 55
47, 54
47, 55
46, 55
47, 56
47, 56
53, 55
52, 56
53, 55
54, 55
53, 56
53, 56
39, 57
39, 56
40, 56
39, 55
39, 54
39, 54
50, 54
49, 53
50, 54
51, 54
52, 53
51, 52
50, 53
51, 54
52, 53
52, 53
48, 59
49, 60
50, 61
50, 62
50, 61
51, 61
50, 61
49, 61
48, 60
48, 60
54, 73
55, 73
54, 72
53, 71
54, 71
54, 72
55, 72
54, 71
54, 71
60, 92
61, 92
60, 92
61, 91
62, 91
61, 90
62, 91
61, 91
60, 91
59, 90
59, 90
64, 66
65, 65
64, 64
64, 63
63, 63
63, 63
60, 71
60, 72
59, 71
60, 71
60, 72
59, 72
59, 72
54, 63
54, 64
53, 64
54, 64
55, 63
54, 63
55, 64
56, 63
55, 64
55, 64
45, 77
44, 78
43, 78
43, 77
44, 77
44, 76
45, 76
46, 75
45, 74
46, 74
46, 74
53, 54
52, 53
51, 53
52, 54
52, 53
52, 52
52, 51
52, 51
55, 56
56, 55
57, 55
58, 56
58, 55
57, 55
58, 55
57, 56
58, 56
58, 56
43, 68
42, 67
43, 67
42, 67
42, 66
42, 67
43, 66
42, 65
43, 64
43, 64
40, 55
39, 54
40, 55
40, 56
41, 57
41, 56
40, 56
40, 55
39, 54
39, 54
54, 63
53, 63
53, 64
53, 65
53, 66
52, 66
53, 65
54, 64
54, 65
54, 65
44, 53
43, 53
42, 52
42, 53
41, 52
40, 52
39, 53
38, 53
38, 53
58, 71
59, 71
60, 72
61, 71
62, 72
63, 71
63, 72
62, 73
61, 73
61, 72
61, 72
48, 56
48, 57
49, 56
49, 55
49, 54
50, 54
49, 54
48, 54
49, 54
49, 54
39, 73
40, 72
40, 71
39, 71
40, 71
41, 72
42, 73
42, 73
53, 55
54, 56
55, 57
56, 58
56, 59
55, 58
55, 58
45, 51
44, 51
44, 50
45, 51
46, 50
46, 50
48, 59
48, 60
48, 59
47, 59
48, 59
48, 59
53, 62
54, 61
54, 62
54, 63
55, 64
54, 64
54, 63
54, 63
46, 75
45, 74
46, 73
45, 73
44, 72
43, 71
42, 72
42, 72
51, 55
50, 55
49, 54
49, 53
48, 54
47, 55
47, 55
57, 61
56, 61
56, 62
57, 62
56, 61
55, 60
56, 61
57, 60
56, 59
57, 60
57, 60
51, 52
50, 52
49, 52
50, 52
49, 51
49, 51
58, 89
59, 89
59, 90
59, 89
58, 88
59, 89
60, 89
61, 90
61, 89
60, 90
60, 90
62, 62
62, 63
61, 63
60, 64
61, 65
62, 64
61, 63
60, 62
61, 63
61, 64
61, 64
51, 50
52, 51
51, 51
52, 50
53, 49
54, 50
55, 50
55, 50
69, 45
68, 44
69, 44
68, 45
67, 45
67, 45
31, 52
31, 51
30, 52
31, 51
32, 51
31, 52
32, 51
32, 51
60, 79
61, 78
61, 77
60, 76
59, 75
59, 74
60, 75
61, 76
62, 77
62, 76
62, 76
55, 70
56, 70
56, 71
57, 70
57, 69
57, 68
56, 68
57, 69
58, 69
58, 69
59, 69
59, 68
60, 67
60, 68
61, 67
62, 68
61, 68
61, 68
54, 59
54, 60
55, 61
54, 61
53, 60
52, 60
52, 59
53, 60
52, 61
52, 62
52, 62
57, 56
58, 56
57, 57
56, 58
56, 57
56, 58
57, 58
57, 59
56, 60
57, 59
57, 59
48, 55
49, 56
50, 55
51, 56
50, 57
50, 57
47, 51
46, 52
47, 51
46, 50
46, 51
45, 50
44, 50
44, 50
38, 53
39, 54
39, 55
40, 56
41, 55
40, 54
40, 55
41, 56
41, 56
32, 52
31, 52
32, 53
31, 53
30, 52
30, 52
62, 64
62, 63
63, 63
64, 62
63, 61
62, 61
61, 61
62, 60
62, 59
62, 59
41, 72
40, 73
40, 74
40, 73
40, 74
40, 75
40, 75
37, 54
36, 55
37, 56
36, 56
36, 55
35, 55
35, 55
55, 49
55, 50
55, 49
56, 49
57, 49
58, 49
59, 50
60, 49
60, 49
48, 53
47, 52
48, 52
49, 51
49, 52
50, 51
51, 52
52, 51
52, 51
67, 46
68, 45
69, 45
68, 44
68, 43
68, 44
69, 43
69, 44
69, 44
60, 89
61, 90
62, 91
63, 91
63, 90
63, 89
63, 89
53, 64
54, 65
54, 64
55, 64
54, 64
54, 64
41, 72
42, 71
42, 72
41, 73
42, 74
41, 74
42, 73
42, 72
42, 72
57, 59
56, 59
57, 59
58, 60
59, 59
60, 58
61, 58
61, 59
61, 59
43, 65
42, 64
42, 65
42, 64
42, 65
41, 66
41, 67
41, 67
61, 76
62, 75
63, 76
62, 77
63, 77
63, 78
62, 79
62, 79
49, 58
48, 57
49, 58
50, 59
49, 58
49, 58
55, 63
56, 63
56, 62
57, 62
57, 63
57, 63
60, 72
59, 71
58, 70
57, 70
56, 71
57, 71
57, 71
48, 50
47, 51
46, 51
45, 50
45, 51
45, 52
45, 53
44, 52
44, 52
43, 51
42, 52
41, 51
40, 50
39, 49
38, 50
38, 49
39, 49
39, 48
39, 48
55, 65
56, 65
57, 66
58, 65
58, 64
58, 65
58, 66
58, 66
42, 57
43, 57
42, 56
42, 57
43, 56
42, 57
41, 58
41, 59
41, 59
56, 70
55, 71
56, 71
55, 72
54, 73
53, 73
52, 73
51, 74
51, 74
56, 62
55, 63
56, 63
57, 62
57, 63
57, 63
51, 51
51, 50
52, 49
53, 50
54, 49
54, 50
53, 51
53, 51
58, 58
58, 59
57, 58
58, 58
59, 59
58, 60
59, 59
60, 59
60, 59
41, 68
40, 67
40, 66
39, 65
40, 66
40, 65
40, 66
40, 67
39, 68
38, 69
38, 69
62, 67
61, 66
62, 67
61, 67
61, 68
60, 69
60, 69
43, 51
43, 50
44, 51
44, 52
45, 52
46, 51
47, 51
48, 51
49, 52
48, 53
48, 53
43, 72
42, 73
43, 72
42, 73
43, 73
43, 73
60, 58
59, 58
59, 59
60, 58
60, 59
59, 60
60, 60
61, 59
61, 58
61, 58
36, 55
35, 56
36, 55
37, 55
36, 55
37, 56
38, 57
38, 58
38, 58
50, 59
51, 60
51, 59
51, 58
51, 59
52, 59
53, 60
53, 60
41, 74
41, 75
42, 74
43, 74
43, 75
44, 75
45, 74
45, 75
45, 75
51, 58
50, 57
51, 57
51, 58
51, 59
51, 60
51, 60
59, 50
58, 49
59, 50
58, 49
57, 48
58, 47
59, 47
58, 48
57, 47
56, 46
56, 46
51, 62
50, 62
51, 61
50, 60
49, 60
50, 61
49, 60
50, 60
49, 60
49, 59
49, 59
61, 59
60, 60
60, 61
59, 61
59, 62
59, 63
60, 63
60, 62
61, 63
61, 62
61, 62
62, 89
62, 88
63, 88
63, 89
63, 88
63, 89
62, 89
62, 90
63, 91
64, 92
64, 92
69, 43
68, 42
69, 42
70, 43
71, 44
71, 45
72, 45
71, 46
71, 46
61, 79
60, 79
59, 79
59, 78
60, 77
59, 76
59, 76
31, 53
30, 52
31, 52
32, 52
31, 53
32, 53
31, 53
30, 52
29, 51
30, 52
30, 52
49, 54
48, 53
47, 53
47, 54
48, 55
49, 55
48, 55
48, 55
54, 51
53, 52
54, 53
54, 54
53, 55
53, 56
54, 56
54, 57
54, 56
54, 57
54, 57
56, 64
56, 63
55, 64
54, 63
53, 64
52, 64
52, 63
53, 62
52, 61
52, 61
43, 74
43, 73
44, 72
45, 72
46, 71
46, 71
61, 60
60, 59
59, 59
58, 59
59, 60
59, 61
60, 61
60, 62
60, 62
50, 58
49, 58
48, 58
47, 58
48, 59
49, 59
49, 59
61, 61
62, 62
63, 63
64, 63
63, 64
62, 63
62, 64
61, 63
61, 63
38, 48
38, 47
39, 48
38, 48
39, 47
40, 48
40, 49
39, 48
40, 48
40, 48
44, 75
43, 74
43, 75
42, 74
41, 73
41, 73
62, 58
63, 59
64, 59
63, 59
64, 58
64, 59
64, 58
65, 57
64, 58
65, 57
65, 57
42, 60
41, 61
42, 60
41, 60
42, 60
41, 60
40, 59
40, 59
52, 59
51, 58
50, 58
49, 58
50, 58
51, 57
50, 56
50, 56
31, 52
32, 51
31, 50
31, 51
32, 51
32, 51
55, 46
54, 47
54, 48
53, 48
52, 47
52, 46
52, 46
52, 75
53, 74
53, 75
53, 76
52, 77
51, 78
50, 79
49, 78
49, 77
49, 76
49, 76
59, 67
60, 68
59, 67
58, 66
57, 65
57, 66
58, 66
59, 65
60, 66
60, 66
72, 45
73, 44
72, 44
71, 43
70, 43
70, 44
69, 44
69, 44
39, 68
39, 69
40, 70
39, 69
38, 70
39, 70
40, 70
40, 70
39, 59
40, 60
40, 59
39, 60
39, 59
38, 58
37, 58
36, 59
36, 59
53, 59
52, 58
53, 57
52, 58
53, 57
54, 58
53, 59
53, 59
59, 70
59, 69
59, 68
59, 67
60, 68
59, 67
60, 68
60, 68
64, 93
63, 92
64, 92
63, 92
64, 91
64, 92
63, 91
63, 91
58, 75
59, 76
59, 77
59, 78
58, 79
59, 78
59, 78
49, 56
50, 57
51, 58
52, 59
51, 60
51, 60
51, 60
60, 64
59, 65
58, 66
57, 67
57, 67
57, 68
57, 67
57, 67
56, 68
56, 68
57, 69
57, 70
57, 71
57, 71
50, 77
49, 78
49, 78
50, 79
51, 80
52, 81
53, 82
53, 82
60, 77
60, 77
59, 76
58, 75
57, 74
56, 73
56, 73
55, 74
54, 74
54, 74
53, 74
53, 74
53, 74
53, 74
41, 74
41, 74
42, 75
43, 76
44, 77
45, 78
46, 78
46, 78
59, 69
58, 70
57, 69
57, 69
57, 70
57, 70
56, 71
55, 72
55, 73
55, 73
54, 74
54, 75
54, 75
50, 60
51, 61
52, 62
53, 63
52, 64
52, 64
53, 65
53, 64
53, 64
54, 65
55, 66
56, 67
56, 67
56, 67
41, 49
42, 50
43, 51
44, 52
45, 53
46, 54
46, 54
68, 45
67, 46
66, 45
66, 45
65, 46
64, 47
62, 49
61, 50
60, 51
59, 52
59, 53
59, 54
59, 55
59, 57
59, 58
59, 59
59, 60
59, 61
59, 62
59, 62
33, 51
33, 51
34, 52
35, 53
36, 54
37, 55
37, 55
51, 57
50, 57
50, 57
51, 58
52, 59
53, 60
54, 60
54, 60
55, 61
56, 62
57, 63
57, 63
41, 71
42, 72
43, 73
44, 74
45, 75
45, 75
47, 70
48, 70
49, 71
49, 71
50, 70
51, 70
51, 70
52, 70
53, 70
54, 70
55, 70
55, 70
41, 60
42, 61
44, 63
45, 64
46, 65
47, 66
48, 67
49, 68
50, 69
51, 70
51, 69
51, 69
52, 70
53, 71
54, 72
54, 72
52, 60
52, 61
52, 60
52, 60
52, 61
52, 62
52, 63
52, 64
52, 65
52, 66
52, 67
52, 67
52, 62
52, 62
53, 63
52, 62
52, 62
53, 63
54, 64
54, 64
62, 92
62, 92
61, 91
60, 90
59, 89
58, 88
57, 87
56, 86
57, 85
57, 85
57, 85
53, 58
52, 59
51, 60
50, 61
50, 60
50, 60
50, 61
50, 62
50, 64
50, 65
50, 66
50, 67
50, 68
50, 69
49, 68
49, 68
49, 68
37, 60
36, 59
36, 59
37, 60
37, 59
37, 59
38, 60
39, 61
39, 61
64, 58
63, 59
62, 60
61, 61
60, 62
59, 63
59, 63
59, 63
58, 64
57, 65
56, 66
55, 67
55, 67
53, 47
54, 48
55, 49
56, 50
58, 52
59, 53
59, 54
59, 55
59, 56
59, 57
59, 58
59, 59
59, 60
59, 61
59, 62
59, 63
59, 64
59, 65
59, 65
59, 67
59, 68
59, 69
59, 70
59, 71
59, 71
59, 71
59, 71
58, 86
59, 87
60, 88
60, 89
60, 89
60, 89
47, 55
48, 56
49, 57
50, 58
51, 59
50, 59
50, 59
51, 60
51, 60
51, 60
54, 81
55, 80
56, 79
57, 78
56, 79
56, 79
57, 78
56, 79
56, 79
57, 78
57, 78
60, 63
61, 64
62, 65
63, 66
64, 67
65, 68
65, 68
56, 64
55, 65
55, 66
55, 67
56, 67
56, 67
55, 68
55, 68
52, 61
53, 62
54, 63
55, 64
55, 64
55, 65
55, 66
55, 67
55, 68
55, 69
55, 69
47, 79
46, 78
46, 78
47, 79
48, 79
49, 79
50, 79
51, 79
51, 79
51, 79
57, 70
57, 70
58, 71
59, 72
60, 73
60, 74
60, 75
60, 76
59, 76
59, 76
60, 77
60, 77
40, 62
39, 63
39, 63
40, 64
41, 65
42, 66
43, 67
44, 68
44, 68
38, 56
39, 57
40, 58
41, 59
42, 60
44, 62
45, 63
46, 64
47, 65
48, 66
49, 67
50, 68
50, 68
57, 68
57, 69
58, 69
58, 69
57, 70
57, 71
57, 71
57, 71
52, 75
51, 76
51, 77
51, 78
51, 79
51, 80
52, 81
52, 81
52, 81
53, 68
53, 69
53, 70
53, 71
53, 72
53, 72
53, 73
53, 73
55, 68
55, 69
55, 70
55, 71
55, 70
55, 70
55, 71
55, 71
55, 73
56, 74
57, 75
58, 76
59, 77
59, 77
60, 71
60, 71
61, 72
60, 72
60, 72
61, 73
62, 74
63, 74
64, 74
65, 74
66, 74
66, 74
66, 74
55, 65
56, 66
57, 67
58, 67
58, 67
59, 68
59, 68
56, 71
56, 71
57, 72
58, 71
58, 71
59, 72
60, 73
60, 73
61, 73
62, 73
62, 73
62, 73
50, 69
51, 70
52, 71
53, 72
54, 73
55, 74
56, 75
55, 75
55, 75
55, 76
55, 76
55, 76
53, 74
52, 74
52, 74
52, 74
52, 74
52, 74
46, 76
46, 77
46, 77
47, 78
48, 79
47, 80
47, 80
48, 81
49, 82
50, 83
50, 82
50, 82
50, 82
58, 66
57, 67
56, 68
55, 69
54, 70
54, 71
54, 72
54, 72
60, 64
61, 65
62, 66
63, 65
63, 65
64, 66
64, 66
56, 72
56, 72
55, 73
55, 74
55, 75
55, 76
55, 76
55, 76
55, 70
55, 70
56, 71
56, 71
57, 72
58, 73
59, 74
60, 75
60, 75
53, 80
52, 79
52, 79
53, 78
54, 77
55, 76
56, 75
56, 75
56, 69
56, 70
56, 71
56, 72
56, 71
56, 71
56, 72
56, 73
56, 74
56, 75
56, 75
53, 73
53, 73
53, 74
53, 75
54, 75
54, 75
53, 74
53, 74
53, 75
53, 75
59, 90
58, 90
57, 90
55, 90
54, 90
54, 90
54, 90
54, 90
54, 90
54, 90
54, 90
54, 90
54, 90
54, 90
54, 90
54, 90
55, 90
55, 90
55, 90
56, 70
56, 70
57, 71
56, 70
56, 70
57, 71
56, 71
56, 71
57, 72
57, 71
57, 71
57, 72
57, 72
57, 72
61, 74
61, 75
61, 76
61, 76
61, 76
61, 76
61, 76
62, 75
62, 75
61, 76
61, 76
61, 76
50, 78
50, 78
51, 77
52, 76
53, 76
54, 76
53, 76
53, 76
54, 76
55, 76
55, 75
55, 75
55, 75
60, 77
60, 77
59, 76
59, 76
58, 77
57, 78
56, 78
55, 78
55, 78
55, 78
55, 78
55, 78
53, 74
53, 74
54, 75
54, 75
55, 76
55, 76
54, 77
53, 78
53, 78
58, 69
57, 70
56, 71
55, 72
54, 73
54, 74
54, 74
55, 75
55, 74
55, 73
55, 72
55, 72
55, 72
55, 72
54, 73
54, 73
55, 72
55, 72
51, 83
52, 84
53, 84
53, 84
54, 84
54, 84
55, 85
55, 85
58, 78
59, 78
60, 78
61, 78
62, 78
63, 78
64, 78
64, 78
66, 69
66, 69
67, 70
68, 71
69, 71
68, 70
68, 70
69, 71
69, 71
51, 69
52, 70
53, 71
54, 72
53, 71
53, 71
54, 72
54, 72
54, 73
54, 73
55, 74
55, 74
45, 69
46, 70
47, 71
46, 70
46, 70
47, 71
47, 71
59, 78
58, 79
57, 80
56, 81
55, 81
56, 82
56, 82
55, 81
55, 82
55, 82
55, 82
65, 75
64, 76
65, 75
65, 75
64, 76
64, 77
64, 78
64, 78
53, 73
52, 73
52, 72
52, 72
52, 73
52, 73
52, 73
52, 73
52, 73
65, 67
66, 68
67, 69
67, 70
67, 71
67, 71
52, 61
53, 62
54, 63
55, 64
56, 65
57, 66
58, 67
58, 68
58, 69
58, 70
58, 70
56, 84
57, 83
58, 82
57, 82
57, 82
58, 81
58, 81
70, 72
71, 71
71, 71
70, 72
70, 73
70, 74
70, 75
70, 75
65, 79
66, 80
67, 81
67, 82
67, 83
67, 84
67, 85
67, 86
67, 86
67, 86
63, 77
62, 76
61, 75
60, 74
59, 73
58, 72
57, 72
58, 71
58, 71
58, 71
66, 72
66, 72
65, 73
66, 72
66, 72
65, 73
65, 74
65, 75
65, 76
65, 76
65, 76
55, 81
55, 81
56, 82
57, 83
58, 84
59, 85
60, 84
60, 84
61, 85
61, 85
57, 76
58, 76
58, 76
59, 77
60, 78
60, 79
60, 79
60, 79
60, 75
59, 74
58, 73
57, 73
56, 73
56, 73
55, 76
54, 77
53, 78
53, 79
53, 80
53, 80
56, 77
57, 78
58, 79
59, 80
60, 81
61, 82
62, 83
63, 84
64, 85
64, 85
56, 73
57, 74
56, 75
56, 75
55, 75
55, 75
56, 76
57, 77
58, 78
58, 78
58, 78
59, 76
58, 76
59, 76
59, 76
58, 75
58, 75
59, 76
59, 76
58, 76
57, 76
56, 76
55, 76
54, 76
54, 76
54, 76
53, 77
53, 77
52, 77
52, 77
53, 78
53, 79
53, 79
54, 80
55, 81
55, 81
53, 75
52, 76
51, 77
51, 78
51, 79
51, 80
51, 79
51, 79
51, 80
52, 81
52, 81
52, 81
46, 70
46, 70
47, 71
48, 70
48, 70
49, 71
50, 72
49, 71
49, 71
50, 72
49, 71
49, 71
50, 72
51, 72
51, 72
53, 77
53, 77
54, 76
55, 75
54, 76
54, 76
54, 75
54, 75
54, 74
54, 74
55, 73
55, 73
59, 71
60, 72
61, 73
61, 72
61, 72
62, 73
62, 73
52, 72
52, 73
52, 73
52, 72
53, 71
53, 71
52, 71
51, 72
51, 72
50, 73
50, 73
51, 72
52, 71
52, 71
52, 71
56, 73
55, 73
55, 73
54, 74
53, 75
52, 76
51, 77
50, 78
50, 79
50, 79
56, 78
57, 78
57, 78
57, 78
57, 78
57, 78
57, 78
57, 78
57, 78
54, 75
53, 76
52, 77
52, 78
52, 79
51, 80
51, 80
52, 81
52, 82
52, 83
52, 83
52, 83
56, 76
57, 77
58, 78
58, 77
58, 77
59, 78
60, 79
61, 80
61, 80
62, 81
63, 82
64, 83
64, 83
55, 91
55, 91
57, 89
58, 88
59, 87
60, 86
61, 85
62, 84
62, 83
62, 83
62, 83
62, 83
62, 84
62, 84
62, 83
62, 83
62, 83
63, 84
63, 84
62, 83
62, 83
62, 83
62, 83
57, 74
58, 75
59, 76
60, 77
61, 76
61, 76
61, 76
63, 84
63, 84
62, 85
62, 85
61, 86
60, 87
59, 88
59, 87
59, 87
58, 88
57, 88
58, 87
58, 87
57, 88
57, 88
51, 82
51, 83
51, 84
51, 85
51, 85
51, 85
51, 85
52, 86
52, 86
52, 86
64, 77
63, 78
62, 79
62, 80
62, 81
62, 82
62, 82
62, 82
61, 83
61, 83
61, 83
64, 84
64, 85
64, 86
64, 87
64, 88
65, 88
65, 88
64, 89
64, 90
64, 90
64, 90
64, 90
55, 77
56, 78
57, 77
57, 77
58, 78
59, 79
60, 80
61, 81
62, 82
62, 82
52, 73
53, 74
52, 75
52, 75
53, 76
54, 77
55, 78
55, 78
69, 76
68, 77
67, 78
67, 79
67, 80
67, 80
67, 80
53, 72
54, 73
55, 74
56, 75
57, 76
58, 77
57, 78
57, 78
58, 79
58, 79
63, 84
64, 85
65, 86
65, 86
64, 85
64, 85
63, 86
63, 86
64, 85
63, 86
63, 86
64, 85
64, 85
66, 85
65, 84
66, 83
66, 83
67, 83
67, 83
66, 82
67, 82
67, 82
66, 81
65, 80
65, 80
58, 78
58, 78
59, 79
60, 80
61, 81
62, 82
63, 83
64, 84
65, 85
65, 85
56, 82
57, 83
58, 84
59, 84
59, 83
59, 83
59, 83
57, 70
56, 69
56, 69
55, 70
54, 70
53, 70
53, 70
52, 70
52, 70
52, 70
52, 70
52, 70
52, 70
60, 86
59, 86
59, 86
58, 87
59, 88
59, 88
58, 89
57, 88
57, 88
56, 89
55, 90
56, 89
56, 89
55, 90
55, 90
51, 84
51, 85
51, 86
52, 85
52, 85
51, 86
51, 86
52, 87
52, 87
51, 86
51, 86
59, 79
60, 79
61, 79
62, 79
63, 79
63, 79
61, 74
60, 75
59, 76
59, 77
59, 78
59, 79
59, 79
51, 78
51, 78
52, 78
52, 78
53, 79
54, 80
55, 80
54, 80
54, 80
55, 80
56, 80
56, 81
56, 81
56, 81
56, 74
57, 75
58, 75
58, 75
59, 76
60, 77
60, 77
57, 80
56, 79
55, 78
55, 78
54, 79
54, 79
54, 79
54, 79
54, 78
54, 78
54, 78
59, 80
59, 81
59, 82
59, 83
59, 84
59, 84
59, 84
59, 84
60, 83
60, 83
60, 83
54, 79
55, 78
55, 78
55, 79
55, 79
56, 80
56, 80
57, 79
57, 79
62, 77
63, 78
64, 78
64, 78
65, 79
66, 80
67, 80
67, 80
68, 81
68, 82
68, 82
67, 82
67, 82
68, 83
68, 83
64, 86
63, 86
62, 86
62, 86
61, 86
60, 86
59, 85
59, 85
59, 86
59, 86
64, 80
64, 81
64, 81
65, 82
66, 83
66, 84
66, 85
66, 86
66, 86
55, 79
56, 80
57, 81
58, 82
59, 83
60, 83
60, 83
57, 89
57, 90
57, 90
57, 90
57, 90
57, 90
57, 90
57, 90
57, 90
55, 89
55, 88
56, 88
56, 88
55, 87
56, 87
56, 87
55, 86
55, 86
55, 85
55, 85
55, 86
56, 85
56, 85
56, 85
58, 84
58, 84
59, 85
59, 85
60, 86
59, 87
59, 87
60, 88
60, 88
57, 80
56, 81
55, 82
55, 83
55, 84
55, 85
55, 85
56, 79
57, 80
58, 81
59, 82
60, 82
59, 83
59, 83
59, 84
59, 84
60, 83
60, 82
60, 82
59, 80
59, 80
60, 81
61, 82
62, 81
62, 81
62, 80
62, 80
62, 80
66, 79
66, 80
66, 80
67, 79
68, 78
69, 77
69, 76
69, 75
69, 74
69, 74
64, 84
65, 83
65, 83
66, 83
66, 83
65, 82
64, 81
64, 80
64, 79
64, 78
64, 77
64, 77
53, 71
54, 72
55, 73
56, 73
56, 73
56, 74
56, 74
56, 74
65, 89
64, 90
64, 90
65, 89
64, 90
64, 90
65, 89
66, 88
67, 87
67, 87
61, 82
61, 82
62, 81
62, 81
63, 82
64, 83
65, 84
66, 85
67, 86
68, 87
68, 87
52, 87
53, 88
54, 89
55, 90
56, 90
56, 90
56, 90
56, 90
56, 90
56, 90
56, 90
56, 90
56, 90
56, 90
56, 90
56, 90
56, 90
56, 90
56, 90
56, 90
56, 90
56, 90
56, 90
56, 90
56, 90
56, 90
56, 90
56, 90
56, 90
56, 90
56, 90
56, 90
56, 90
56, 90
56, 90
56, 90
56, 90
56, 90
56, 90
56, 90
57, 80
57, 81
57, 81
58, 80
58, 80
57, 79
57, 78
57, 77
56, 78
56, 78
57, 77
57, 77
68, 80
68, 80
67, 79
66, 78
65, 77
65, 78
65, 78
64, 79
64, 79
63, 78
63, 78
59, 78
58, 79
59, 78
59, 78
58, 79
57, 80
56, 80
56, 80
56, 81
55, 81
55, 81
56, 82
57, 81
57, 81
57, 81
60, 82
59, 81
58, 80
58, 80
58, 80
58, 80
59, 82
58, 81
57, 80
56, 79
55, 80
55, 80
54, 79
53, 78
52, 77
52, 77
53, 87
53, 87
53, 87
52, 88
52, 88
51, 87
51, 87
52, 87
52, 87
58, 80
57, 80
57, 80
57, 81
57, 81
58, 82
58, 83
58, 83
59, 84
60, 85
59, 86
59, 86
60, 85
61, 85
61, 85
59, 81
58, 80
57, 79
56, 78
55, 77
54, 76
53, 76
53, 76
53, 76
53, 76
53, 76
68, 88
68, 88
67, 87
66, 86
65, 85
64, 84
64, 84
63, 83
62, 82
62, 82
56, 78
56, 79
56, 79
55, 78
54, 78
53, 78
53, 78
61, 82
62, 81
63, 80
64, 79
64, 78
64, 79
64, 79
64, 78
64, 77
63, 77
63, 77
63, 77
67, 88
66, 87
66, 87
66, 88
66, 88
65, 89
65, 90
65, 90
64, 90
63, 90
62, 90
63, 91
63, 91
62, 90
62, 90
53, 88
54, 88
55, 88
56, 88
57, 88
57, 87
57, 87
58, 88
59, 88
59, 88
63, 77
63, 77
64, 76
65, 75
66, 74
66, 73
66, 72
66, 72
66, 72
66, 71
66, 71
66, 71
60, 85
61, 84
62, 83
63, 82
64, 81
65, 80
66, 79
66, 79
67, 82
66, 81
65, 80
65, 80
64, 79
63, 79
63, 79
54, 84
53, 83
52, 82
51, 81
52, 81
52, 81
51, 80
50, 79
50, 78
50, 78
56, 89
56, 89
57, 88
58, 87
59, 87
59, 87
60, 88
60, 88
60, 88
58, 80
59, 79
60, 78
61, 79
61, 79
60, 78
60, 77
60, 76
60, 76
57, 75
58, 75
58, 75
58, 75
59, 76
59, 76
58, 75
58, 75
58, 75
58, 75
58, 75
62, 77
61, 76
60, 75
59, 74
58, 73
58, 72
58, 72
57, 71
56, 71
55, 71
55, 71
61, 87
60, 86
60, 86
61, 85
62, 84
61, 83
61, 83
62, 82
63, 81
64, 80
64, 79
64, 79
64, 79
57, 86
58, 87
59, 88
60, 88
61, 88
62, 88
62, 88
63, 87
63, 87
64, 88
64, 88
57, 80
57, 80
56, 81
56, 81
55, 80
54, 79
55, 78
55, 78
54, 77
53, 76
54, 75
54, 75
53, 74
53, 74
63, 81
63, 81
62, 80
61, 79
60, 79
59, 79
58, 79
57, 79
57, 79
67, 85
67, 84
67, 83
67, 82
67, 81
67, 80
66, 80
66, 80
67, 80
67, 80
67, 80
62, 84
63, 83
64, 82
65, 82
64, 83
64, 83
65, 82
65, 82
68, 73
67, 72
66, 72
65, 72
64, 72
65, 73
65, 73
64, 73
64, 73
64, 73
57, 90
58, 90
59, 90
60, 90
61, 90
61, 90
53, 78
54, 79
55, 80
56, 81
56, 82
56, 83
55, 82
55, 82
56, 83
56, 84
56, 85
56, 85
65, 78
65, 79
65, 79
64, 78
63, 77
62, 76
61, 75
60, 74
59, 73
58, 72
57, 71
57, 71
56, 80
55, 81
54, 82
53, 83
53, 84
53, 84
63, 87
62, 86
61, 85
60, 84
59, 83
59, 83
54, 79
55, 80
56, 81
57, 82
58, 83
59, 84
60, 85
61, 86
62, 87
62, 87
63, 89
64, 88
65, 87
66, 86
67, 86
67, 86
68, 85
68, 85
65, 81
65, 81
65, 81
65, 81
65, 81
65, 81
65, 80
65, 80
65, 80
67, 72
68, 73
68, 74
68, 75
68, 76
68, 77
68, 77
54, 75
53, 76
53, 76
54, 75
55, 75
56, 75
57, 75
58, 75
59, 75
59, 75
65, 79
65, 79
66, 79
66, 79
67, 78
68, 77
68, 76
68, 75
68, 74
68, 73
68, 72
68, 72
61, 82
62, 82
62, 82
62, 81
62, 81
61, 82
60, 83
60, 83
59, 82
59, 82
58, 82
57, 82
56, 82
55, 82
55, 82
62, 78
61, 79
60, 80
59, 81
60, 81
60, 81
59, 82
59, 82
55, 84
54, 83
54, 83
53, 82
52, 81
51, 80
51, 80
51, 80
50, 79
50, 79
51, 80
51, 80
51, 80
68, 79
69, 78
70, 78
70, 78
70, 77
70, 76
70, 75
70, 75
70, 75
70, 75
70, 75
70, 75
70, 75
62, 78
61, 77
60, 76
60, 75
60, 74
60, 73
60, 72
61, 73
61, 73
61, 73
54, 77
55, 78
56, 79
57, 78
57, 78
58, 79
59, 80
59, 80
59, 80
61, 77
60, 76
60, 76
61, 77
62, 77
62, 77
63, 78
63, 78
57, 74
56, 75
56, 75
57, 75
57, 75
56, 74
55, 73
54, 72
53, 72
53, 72
60, 87
61, 86
62, 85
63, 84
63, 84
63, 84
63, 84
62, 89
63, 88
64, 88
65, 88
66, 89
66, 89
67, 88
68, 88
69, 88
69, 88
68, 87
68, 87
68, 87
61, 87
62, 86
63, 85
64, 84
65, 83
65, 83
63, 72
62, 71
61, 70
60, 70
59, 70
59, 70
54, 72
53, 73
52, 74
53, 75
53, 75
52, 76
51, 77
50, 78
50, 78
51, 77
52, 76
53, 75
54, 75
53, 76
53, 76
53, 76
63, 87
63, 88
64, 89
65, 90
66, 90
66, 90
69, 74
68, 73
68, 74
69, 74
70, 74
69, 74
70, 74
71, 73
72, 72
72, 71
72, 71
52, 75
51, 74
50, 74
50, 75
50, 74
51, 75
51, 75
68, 78
69, 77
70, 77
71, 76
70, 77
69, 78
70, 77
71, 78
71, 78
52, 81
52, 82
53, 82
52, 82
52, 81
53, 82
52, 83
52, 83
51, 78
50, 79
50, 78
50, 79
49, 79
49, 79
58, 79
57, 79
57, 80
56, 79
57, 78
58, 77
58, 78
57, 79
57, 79
58, 82
58, 83
57, 83
58, 83
59, 83
60, 84
61, 85
60, 85
59, 85
59, 85
59, 83
59, 82
58, 82
59, 82
58, 82
57, 81
56, 80
56, 81
57, 80
56, 79
56, 79
60, 70
60, 69
59, 70
58, 69
59, 68
58, 68
58, 68
62, 73
63, 73
64, 72
63, 73
62, 74
63, 75
62, 75
61, 75
62, 76
63, 76
63, 76
64, 85
63, 84
64, 84
65, 84
65, 83
66, 83
66, 82
67, 83
68, 82
69, 81
69, 81
67, 86
66, 87
67, 88
68, 88
67, 88
68, 87
68, 86
69, 87
68, 86
68, 86
69, 87
70, 88
69, 89
70, 88
71, 89
72, 88
71, 87
70, 87
70, 88
70, 87
70, 87
52, 84
53, 84
52, 83
51, 82
52, 82
51, 83
51, 83
54, 72
53, 73
53, 74
52, 74
51, 74
50, 75
51, 76
51, 77
51, 77
64, 80
65, 81
66, 82
66, 83
65, 82
64, 83
64, 82
65, 83
66, 84
66, 84
62, 78
62, 77
61, 77
60, 76
61, 75
61, 74
61, 75
61, 75
60, 76
59, 77
58, 77
59, 77
60, 77
61, 76
60, 75
60, 75
56, 72
57, 71
57, 72
58, 73
58, 74
59, 73
58, 72
58, 71
58, 72
58, 72
68, 73
67, 73
68, 74
67, 74
67, 75
68, 74
69, 74
70, 75
69, 76
69, 76
66, 83
66, 84
66, 83
66, 82
66, 83
67, 83
66, 82
67, 82
68, 83
68, 83
56, 81
55, 80
56, 79
56, 78
55, 78
55, 78
69, 83
70, 83
71, 84
70, 85
71, 84
70, 83
69, 82
69, 83
70, 84
70, 84
67, 83
67, 82
66, 83
65, 83
66, 83
67, 83
68, 83
68, 83
50, 84
49, 84
50, 83
51, 83
51, 84
51, 84
69, 87
70, 87
71, 87
70, 87
69, 87
69, 86
68, 87
67, 86
67, 86
52, 76
53, 77
53, 78
52, 78
52, 77
52, 78
51, 78
50, 77
49, 78
49, 78
72, 79
72, 80
73, 81
73, 80
73, 81
73, 81
62, 76
61, 76
62, 77
61, 77
61, 78
61, 78
56, 78
56, 79
55, 80
56, 81
57, 80
58, 79
59, 79
58, 80
57, 81
57, 81
56, 78
55, 79
56, 79
56, 80
55, 81
54, 81
54, 81
52, 75
51, 75
51, 74
50, 74
51, 73
52, 73
53, 73
52, 73
52, 72
52, 72
69, 75
68, 76
69, 75
70, 76
70, 75
71, 76
70, 76
69, 75
69, 74
68, 73
68, 73
57, 68
58, 68
58, 69
58, 70
59, 71
60, 70
60, 70
51, 83
50, 83
50, 82
51, 83
50, 84
50, 85
49, 85
50, 84
50, 84
60, 74
59, 74
58, 75
57, 75
57, 74
57, 74
70, 80
71, 79
72, 79
71, 78
70, 79
71, 78
70, 79
70, 78
69, 78
69, 77
69, 77
58, 71
58, 72
57, 73
56, 74
56, 73
56, 74
57, 74
56, 75
56, 74
56, 74
69, 88
70, 88
69, 88
70, 88
69, 88
69, 87
68, 88
67, 88
67, 88
48, 78
48, 77
47, 76
47, 75
46, 74
46, 74
58, 86
59, 85
59, 86
60, 86
61, 87
61, 87
71, 70
70, 71
71, 70
72, 71
71, 71
70, 71
69, 72
70, 72
70, 71
71, 72
71, 72
65, 90
64, 91
65, 91
64, 92
64, 93
64, 94
63, 93
63, 94
63, 94
64, 75
64, 74
64, 75
63, 76
64, 77
64, 77
57, 80
57, 81
58, 80
59, 79
59, 78
58, 79
59, 78
59, 79
58, 80
58, 80
72, 80
71, 79
70, 78
69, 77
68, 76
67, 75
67, 75
68, 73
68, 73
67, 72
66, 71
65, 70
64, 69
63, 68
62, 67
61, 66
61, 66
59, 69
58, 68
58, 68
57, 67
56, 66
56, 66
55, 65
55, 65
55, 65
55, 65
52, 83
52, 83
53, 82
54, 81
55, 80
56, 79
56, 79
62, 86
63, 85
64, 84
65, 83
65, 82
65, 82
65, 81
65, 80
65, 79
65, 79
57, 81
57, 82
57, 83
57, 84
57, 84
57, 85
57, 85
70, 71
69, 70
68, 69
67, 68
66, 67
65, 66
64, 65
63, 64
63, 64
63, 64
69, 83
68, 82
67, 81
67, 81
66, 80
65, 79
64, 78
64, 78
64, 78
57, 75
57, 75
58, 76
59, 77
60, 78
61, 79
62, 80
63, 81
64, 81
64, 81
48, 77
47, 76
46, 75
45, 74
44, 73
43, 72
42, 71
42, 71
68, 85
69, 84
70, 83
70, 83
71, 82
71, 82
51, 71
50, 70
49, 69
48, 68
47, 67
46, 66
46, 66
51, 83
52, 82
53, 81
54, 80
54, 80
54, 80
67, 82
66, 81
65, 80
64, 79
63, 78
62, 77
61, 76
60, 75
59, 74
58, 73
58, 73
57, 74
56, 73
55, 72
54, 71
53, 70
52, 69
51, 68
50, 67
50, 67
68, 76
67, 75
66, 74
65, 73
64, 72
64, 72
63, 71
62, 70
61, 69
61, 69
53, 80
52, 79
52, 79
51, 78
50, 77
50, 77
61, 78
60, 77
59, 76
59, 75
59, 74
59, 73
59, 73
59, 72
59, 71
59, 71
63, 76
63, 76
62, 75
61, 74
60, 73
60, 73
59, 72
59, 72
59, 72
46, 74
45, 75
45, 75
44, 76
43, 77
43, 77
42, 78
41, 78
40, 78
40, 78
62, 93
61, 92
60, 91
59, 90
58, 89
57, 88
56, 87
56, 87
67, 87
67, 86
67, 85
67, 85
67, 84
67, 84
67, 83
67, 83
57, 81
56, 82
56, 83
56, 84
56, 85
56, 86
56, 86
51, 68
52, 69
53, 70
54, 71
55, 72
56, 73
56, 73
55, 86
54, 85
53, 84
52, 83
51, 82
50, 81
49, 80
49, 80
56, 84
55, 83
54, 82
53, 81
52, 80
52, 80
54, 64
53, 63
52, 62
51, 61
50, 60
50, 60
56, 86
57, 85
58, 84
59, 83
60, 82
61, 81
61, 81
61, 81
62, 80
63, 79
63, 79
41, 77
42, 76
42, 76
43, 75
44, 74
44, 74
60, 68
59, 67
58, 66
57, 66
56, 66
55, 66
54, 66
53, 66
52, 66
51, 66
51, 66
49, 76
49, 76
48, 75
47, 74
46, 73
45, 72
45, 72
45, 72
43, 72
44, 73
45, 74
46, 75
47, 76
47, 76
47, 76
46, 66
47, 65
48, 64
50, 62
50, 61
50, 60
50, 59
50, 58
50, 57
51, 56
51, 56
65, 80
66, 79
67, 78
68, 77
69, 76
70, 75
70, 75
63, 79
62, 80
61, 81
60, 82
59, 83
59, 83
70, 81
69, 80
69, 80
68, 79
67, 78
66, 77
65, 76
64, 75
63, 74
62, 73
62, 73
53, 79
52, 78
51, 78
50, 78
49, 78
48, 78
47, 78
47, 78
55, 78
54, 77
54, 77
53, 76
52, 75
51, 74
51, 74
58, 70
57, 69
56, 68
55, 67
54, 66
54, 66
54, 66
54, 66
53, 65
53, 65
64, 78
64, 78
63, 77
62, 76
61, 75
60, 74
59, 73
58, 72
57, 71
56, 70
56, 70
67, 75
67, 75
66, 74
65, 73
64, 72
64, 72
60, 65
59, 64
59, 64
59, 64
58, 63
57, 62
57, 62
56, 61
55, 60
54, 59
54, 59
57, 74
56, 75
55, 76
55, 76
55, 76
54, 77
53, 78
52, 79
51, 80
50, 81
50, 81
60, 71
61, 70
61, 70
62, 69
63, 68
64, 67
64, 67
66, 84
65, 85
64, 86
63, 87
63, 87
63, 87
62, 88
61, 89
61, 89
62, 65
61, 66
60, 67
59, 68
58, 69
58, 69
58, 69
52, 57
53, 58
54, 59
55, 60
56, 61
56, 61
56, 62
56, 63
56, 64
56, 65
56, 65
48, 79
47, 78
46, 77
45, 76
44, 75
43, 74
42, 73
42, 73
59, 83
60, 82
61, 81
61, 81
62, 80
63, 79
63, 79
64, 78
64, 78
53, 79
54, 78
55, 77
56, 76
56, 75
56, 74
56, 74
56, 73
56, 72
56, 71
56, 71
60, 88
59, 87
59, 87
58, 86
57, 85
56, 84
56, 84
56, 84
56, 70
55, 69
54, 68
53, 67
52, 66
52, 66
46, 71
47, 71
48, 71
49, 71
50, 71
50, 71
50, 71
62, 78
61, 77
60, 76
59, 75
58, 74
57, 73
56, 72
56, 72
50, 60
51, 61
52, 62
53, 63
53, 63
54, 64
55, 65
56, 66
57, 67
57, 67
48, 77
49, 76
50, 75
51, 74
52, 74
53, 74
54, 74
55, 74
55, 74
55, 74
63, 68
62, 69
61, 70
61, 70
60, 71
59, 72
58, 73
57, 74
57, 74
53, 58
53, 57
53, 56
53, 55
53, 54
53, 53
53, 53
69, 74
68, 73
68, 73
67, 72
66, 71
65, 70
64, 69
63, 68
63, 68
50, 73
50, 73
50, 73
49, 72
49, 71
49, 71
49, 71
49, 70
49, 70
49, 70
49, 80
48, 79
47, 78
46, 77
45, 76
44, 75
43, 74
42, 73
42, 73
56, 72
56, 71
56, 71
56, 70
56, 69
56, 68
56, 68
57, 68
56, 67
55, 66
54, 65
53, 64
52, 63
52, 63
64, 72
65, 71
66, 70
67, 69
68, 68
68, 68
69, 67
69, 67
50, 65
50, 65
50, 65
49, 64
48, 63
48, 61
49, 60
50, 59
50, 58
50, 57
50, 56
50, 55
50, 54
50, 53
49, 54
48, 55
47, 55
47, 55
47, 55
47, 76
47, 76
46, 75
45, 74
45, 73
45, 72
45, 72
45, 72
43, 73
43, 73
42, 72
41, 71
41, 71
41, 71
40, 70
39, 69
39, 69
53, 65
54, 66
54, 66
54, 66
55, 67
56, 68
57, 69
58, 69
58, 69
59, 69
59, 69
61, 72
60, 71
59, 70
58, 69
57, 68
56, 67
55, 66
54, 65
54, 65
55, 83
54, 82
53, 81
52, 80
51, 79
50, 78
49, 77
48, 76
47, 75
46, 74
46, 74
63, 77
62, 76
61, 75
60, 74
60, 74
60, 74
59, 73
59, 73
55, 64
56, 63
57, 62
58, 61
59, 60
59, 60
60, 59
61, 58
61, 58
41, 72
40, 71
39, 70
38, 69
37, 68
36, 67
35, 66
34, 65
33, 64
32, 63
32, 63
55, 71
54, 70
54, 70
53, 69
52, 68
51, 67
50, 66
50, 66
50, 66
57, 70
58, 69
59, 68
60, 67
61, 66
61, 66
53, 53
52, 54
52, 54
51, 55
51, 55
51, 55
50, 56
49, 57
48, 58
48, 58
53, 67
54, 68
54, 68
55, 69
56, 70
56, 70
57, 71
57, 72
57, 72
49, 70
49, 70
48, 69
47, 68
46, 67
45, 66
44, 65
43, 64
43, 64
56, 65
56, 64
56, 63
56, 62
56, 61
56, 61
68, 66
67, 65
65, 63
64, 62
63, 61
62, 60
61, 59
60, 58
59, 57
58, 56
58, 56
57, 57
56, 58
55, 58
54, 58
53, 58
52, 58
52, 58
42, 73
41, 72
40, 71
39, 70
38, 69
37, 68
37, 68
36, 67
35, 66
35, 66
46, 71
47, 70
48, 69
48, 68
48, 67
48, 66
48, 65
48, 65
56, 73
55, 72
54, 71
53, 70
52, 69
51, 68
51, 68
58, 68
57, 67
56, 66
56, 66
56, 66
56, 66
62, 67
62, 67
61, 66
60, 65
59, 64
59, 64
46, 54
45, 53
45, 53
44, 52
43, 51
42, 50
41, 49
40, 48
39, 47
39, 47
49, 70
48, 69
47, 68
46, 67
45, 66
44, 65
44, 65
56, 66
55, 65
55, 65
54, 64
53, 63
53, 63
54, 73
53, 72
52, 71
51, 71
50, 71
49, 71
49, 71
48, 71
47, 71
47, 71
39, 69
39, 69
38, 68
37, 67
36, 66
35, 65
34, 64
34, 64
34, 64
34, 64
51, 62
50, 61
49, 60
48, 59
48, 59
47, 58
46, 57
46, 55
47, 54
48, 53
49, 52
50, 51
49, 52
49, 52
56, 68
57, 67
58, 66
58, 66
58, 66
58, 66
59, 65
60, 64
60, 64
61, 63
61, 63
47, 57
46, 56
46, 54
47, 53
48, 52
49, 51
50, 50
50, 50
49, 51
49, 51
48, 52
47, 53
46, 53
45, 53
45, 53
58, 72
57, 71
56, 70
55, 69
55, 69
55, 69
55, 69
54, 68
54, 68
54, 68
34, 65
33, 64
33, 64
32, 63
31, 62
31, 62
60, 63
60, 63
60, 63
60, 63
61, 62
62, 61
63, 61
63, 61
63, 61
63, 61
44, 63
45, 62
45, 62
47, 60
48, 59
49, 58
50, 57
50, 56
50, 55
51, 56
51, 56
51, 56
52, 57
53, 58
54, 58
54, 58
62, 57
63, 56
63, 54
62, 53
61, 52
60, 51
59, 50
58, 50
57, 50
56, 50
55, 50
56, 49
57, 48
57, 48
57, 48
58, 47
58, 47
57, 48
56, 49
55, 50
54, 50
54, 50
32, 63
32, 63
31, 64
30, 65
29, 65
28, 65
28, 65
50, 67
49, 66
48, 65
48, 64
48, 63
49, 61
50, 60
50, 59
50, 58
50, 57
50, 56
49, 55
48, 54
48, 54
33, 63
32, 62
31, 61
30, 60
29, 59
28, 58
28, 58
60, 64
59, 65
59, 65
59, 66
59, 67
59, 68
59, 69
59, 69
59, 70
59, 71
59, 71
39, 47
41, 47
42, 48
43, 49
44, 50
45, 50
46, 50
47, 50
48, 50
49, 50
50, 49
51, 48
52, 47
53, 46
53, 46
52, 58
51, 59
50, 60
49, 61
49, 61
49, 61
50, 60
50, 59
50, 58
50, 57
50, 56
50, 55
50, 54
49, 55
48, 56
47, 57
47, 57
49, 66
50, 67
51, 68
51, 69
51, 70
51, 71
51, 71
51, 71
55, 65
54, 64
53, 63
52, 62
51, 61
50, 60
49, 59
48, 58
48, 58
51, 65
52, 64
53, 63
54, 62
55, 61
56, 60
57, 59
58, 58
58, 58
48, 51
47, 50
46, 49
45, 48
44, 47
44, 47
46, 70
46, 70
45, 69
44, 68
43, 67
42, 66
41, 65
41, 65
60, 65
60, 65
59, 64
59, 64
58, 63
57, 62
57, 62
56, 61
55, 60
55, 60
43, 66
42, 67
41, 68
40, 69
39, 70
38, 71
37, 72
37, 72
37, 72
58, 73
59, 74
59, 74
60, 75
61, 76
62, 77
62, 77
54, 64
55, 65
56, 66
57, 67
58, 68
59, 69
60, 70
61, 71
62, 72
62, 72
45, 73
44, 72
43, 71
42, 71
41, 71
41, 71
40, 71
40, 71
40, 71
40, 71
55, 62
54, 62
54, 62
53, 62
52, 62
52, 62
62, 77
62, 77
61, 76
60, 75
59, 74
59, 74
59, 74
38, 71
39, 70
40, 69
40, 69
41, 68
42, 67
43, 66
43, 66
41, 65
40, 64
39, 63
39, 63
38, 62
38, 62
38, 62
53, 49
52, 48
51, 47
51, 47
51, 47
51, 47
29, 59
30, 60
31, 61
32, 62
33, 63
33, 63
33, 63
58, 70
57, 69
56, 68
55, 67
54, 66
53, 65
52, 64
52, 64
51, 63
51, 63
53, 63
54, 64
55, 65
56, 66
57, 67
58, 68
58, 68
58, 68
58, 68
51, 71
50, 70
49, 69
49, 69
48, 68
47, 67
46, 66
45, 65
44, 64
44, 64
53, 59
52, 60
51, 61
50, 62
50, 62
50, 61
50, 60
50, 59
50, 58
50, 57
50, 56
50, 55
50, 54
50, 53
50, 53
39, 70
38, 69
37, 68
36, 67
35, 66
35, 66
35, 66
53, 69
52, 70
51, 71
51, 71
50, 72
49, 73
49, 73
49, 73
44, 52
43, 51
42, 50
41, 49
40, 48
39, 47
38, 47
37, 47
36, 47
35, 47
35, 47
53, 46
52, 45
51, 44
50, 43
49, 42
48, 41
47, 40
47, 40
46, 39
46, 39
49, 55
50, 56
51, 57
52, 58
53, 59
54, 60
55, 61
56, 62
56, 62
59, 57
59, 55
58, 54
57, 53
56, 52
55, 51
54, 50
54, 50
55, 49
56, 48
57, 47
57, 47
56, 48
55, 49
54, 50
53, 50
52, 50
51, 50
50, 50
50, 50
51, 49
52, 48
52, 48
46, 56
46, 54
47, 53
48, 52
49, 51
50, 50
49, 51
48, 52
47, 53
46, 54
45, 54
44, 54
44, 54
45, 46
46, 45
46, 45
46, 44
46, 43
46, 43
46, 42
46, 41
46, 41
63, 73
63, 73
64, 74
65, 75
65, 76
65, 76
65, 77
65, 78
65, 79
65, 80
65, 80
54, 61
53, 62
53, 62
52, 63
51, 64
50, 65
50, 65
49, 59
50, 60
51, 61
52, 62
53, 63
53, 63
54, 64
55, 65
56, 66
57, 67
57, 67
29, 64
30, 63
31, 62
32, 61
33, 60
34, 59
35, 58
36, 57
36, 57
37, 56
37, 56
62, 60
62, 60
61, 59
60, 58
59, 57
58, 56
57, 55
56, 54
56, 54
55, 53
55, 53
32, 61
33, 60
33, 60
34, 59
35, 58
35, 58
36, 57
37, 56
37, 56
51, 54
52, 55
52, 55
53, 56
54, 57
55, 58
56, 59
56, 59
57, 60
58, 61
58, 61
36, 46
38, 46
39, 47
40, 48
41, 49
42, 50
43, 50
44, 50
45, 50
46, 50
46, 50
47, 49
48, 48
49, 47
50, 46
51, 45
52, 44
53, 43
53, 43
50, 74
50, 74
50, 74
50, 74
51, 75
52, 76
52, 76
38, 57
38, 57
38, 57
39, 58
40, 59
40, 59
41, 60
42, 61
44, 61
45, 60
46, 59
47, 58
48, 57
48, 57
43, 53
42, 52
41, 51
40, 50
39, 49
38, 48
38, 48
55, 61
54, 60
53, 59
52, 58
51, 57
50, 56
50, 56
58, 73
57, 72
57, 72
56, 71
55, 70
54, 69
53, 68
52, 67
52, 67
51, 66
51, 66
45, 40
44, 39
43, 38
42, 37
41, 36
40, 35
40, 35
36, 57
35, 58
35, 58
34, 59
33, 60
32, 61
31, 62
30, 63
29, 64
29, 65
29, 65
42, 67
41, 68
41, 68
40, 69
39, 70
38, 71
37, 72
37, 72
37, 72
50, 48
49, 49
49, 49
49, 49
48, 50
47, 51
47, 51
64, 79
63, 78
62, 77
61, 76
61, 76
60, 75
60, 75
50, 62
49, 61
48, 60
47, 59
47, 57
48, 56
49, 55
50, 54
50, 53
50, 52
50, 51
50, 50
49, 49
48, 48
47, 47
46, 46
46, 46
51, 66
52, 67
52, 67
52, 67
53, 68
54, 69
54, 69
56, 66
55, 65
54, 64
53, 63
53, 63
53, 63
53, 63
53, 63
52, 62
51, 61
51, 61
37, 63
36, 64
35, 65
34, 66
33, 67
33, 67
53, 49
54, 50
54, 50
54, 50
53, 50
52, 50
51, 50
50, 50
50, 50
51, 51
52, 52
52, 52
45, 63
45, 63
46, 62
48, 60
49, 59
50, 58
50, 57
50, 56
50, 56
51, 55
52, 54
53, 54
53, 54
54, 54
54, 54
47, 40
48, 41
49, 42
50, 43
51, 44
51, 44
52, 45
53, 46
53, 46
54, 54
53, 55
52, 56
51, 57
50, 57
49, 57
48, 57
47, 57
46, 57
46, 57
34, 64
35, 65
35, 65
36, 66
36, 66
37, 67
37, 67
57, 69
56, 70
55, 71
54, 72
53, 73
52, 74
52, 74
34, 65
33, 64
32, 63
31, 62
30, 61
29, 60
29, 60
47, 58
46, 57
46, 56
47, 57
46, 57
47, 58
48, 59
48, 59
36, 71
37, 70
38, 69
37, 69
36, 68
35, 68
36, 67
36, 67
54, 53
53, 52
52, 53
51, 54
52, 54
51, 55
50, 55
50, 54
50, 54
55, 69
56, 70
57, 71
56, 70
57, 70
57, 69
57, 69
30, 64
30, 65
31, 64
32, 64
33, 64
32, 63
31, 63
32, 62
31, 61
31, 61
59, 76
59, 77
60, 76
61, 77
62, 76
63, 77
63, 77
28, 60
27, 60
28, 60
29, 60
28, 59
29, 59
30, 59
31, 59
30, 58
30, 57
30, 57
38, 66
38, 65
37, 64
36, 63
35, 63
35, 63
52, 66
53, 67
53, 68
52, 69
52, 70
51, 70
52, 71
52, 72
53, 71
53, 71
34, 66
35, 66
35, 67
34, 68
34, 67
34, 66
33, 65
33, 65
50, 60
49, 61
50, 62
51, 63
52, 64
53, 63
52, 62
52, 62
51, 73
52, 73
52, 74
51, 75
52, 74
52, 74
41, 34
40, 33
41, 34
42, 35
41, 36
42, 35
41, 34
41, 34
46, 51
47, 51
48, 50
47, 51
46, 52
47, 52
48, 52
47, 53
47, 53
58, 60
57, 60
57, 59
56, 59
55, 59
54, 60
55, 60
56, 60
55, 60
55, 60
49, 57
50, 56
51, 57
52, 57
51, 57
51, 57
38, 47
37, 48
36, 48
35, 48
36, 48
36, 49
37, 48
37, 47
37, 47
53, 52
53, 53
54, 54
55, 53
56, 54
55, 53
54, 54
55, 54
54, 53
55, 54
55, 54
51, 75
50, 75
50, 74
51, 74
51, 73
51, 74
50, 75
49, 76
49, 76
52, 45
52, 46
52, 47
52, 46
51, 46
50, 46
49, 47
50, 48
50, 48
47, 58
48, 59
49, 59
49, 58
49, 59
49, 60
50, 61
50, 62
50, 61
50, 61
52, 44
53, 43
53, 42
52, 42
52, 43
52, 44
52, 45
52, 45
46, 47
46, 46
45, 45
44, 45
45, 46
46, 45
45, 46
45, 46
36, 66
35, 66
34, 67
33, 68
33, 67
32, 66
33, 67
34, 67
35, 67
34, 66
34, 66
36, 47
37, 48
38, 47
38, 48
37, 47
38, 48
37, 48
37, 47
37, 47
44, 47
43, 48
43, 47
43, 48
42, 47
42, 48
42, 47
43, 46
44, 45
44, 45
53, 46
53, 47
53, 48
52, 47
53, 47
54, 46
53, 46
53, 46
51, 61
50, 62
50, 61
50, 62
51, 61
52, 62
52, 62
58, 70
59, 69
58, 68
58, 69
57, 68
56, 69
57, 70
57, 70
54, 54
53, 55
52, 54
53, 54
53, 53
52, 54
52, 53
53, 54
53, 53
53, 53
49, 75
48, 75
47, 76
46, 75
45, 75
44, 75
45, 74
45, 73
45, 73
30, 62
29, 61
30, 60
31, 59
32, 59
32, 59
49, 60
50, 61
51, 61
52, 62
52, 61
53, 60
54, 59
54, 59
54, 61
53, 62
52, 61
51, 60
52, 61
53, 61
53, 62
52, 62
53, 63
53, 63
52, 58
51, 59
50, 59
50, 58
49, 59
50, 60
51, 59
52, 59
52, 58
53, 57
53, 57
51, 53
52, 53
52, 52
51, 52
50, 52
50, 51
50, 52
49, 51
50, 50
50, 51
50, 51
42, 34
41, 33
40, 33
41, 32
40, 31
40, 31
52, 71
53, 70
52, 69
53, 70
54, 69
53, 69
52, 68
53, 68
53, 68
53, 63
52, 63
52, 62
53, 63
52, 64
53, 64
54, 65
55, 66
56, 66
56, 66
31, 56
31, 57
30, 56
30, 57
30, 56
31, 55
31, 56
31, 55
31, 55
47, 54
47, 53
46, 52
46, 51
45, 51
44, 50
44, 51
44, 51
64, 76
64, 75
65, 76
64, 77
65, 76
65, 76
35, 64
34, 63
35, 62
35, 61
36, 60
37, 60
36, 60
35, 60
34, 59
35, 59
35, 59
33, 66
34, 66
33, 65
33, 64
33, 63
33, 63
51, 49
52, 48
51, 49
51, 50
52, 49
51, 50
52, 49
52, 49
51, 75
51, 74
51, 73
52, 72
52, 73
53, 72
53, 72
58, 71
58, 70
57, 71
58, 72
59, 71
60, 70
60, 70
49, 52
50, 53
49, 53
49, 52
48, 53
47, 54
46, 54
46, 55
47, 55
47, 55
55, 59
54, 59
55, 59
54, 58
54, 57
53, 56
52, 55
52, 56
53, 57
52, 58
52, 58
33, 62
32, 63
33, 64
34, 64
35, 65
35, 65
45, 72
46, 73
46, 72
47, 71
48, 72
47, 71
47, 71
53, 48
53, 49
54, 49
53, 50
54, 49
54, 50
55, 50
55, 50
33, 66
33, 67
32, 66
32, 67
31, 66
30, 66
31, 65
32, 66
32, 67
32, 67
54, 58
53, 58
53, 59
52, 58
51, 58
51, 59
50, 58
51, 58
50, 57
49, 56
49, 56
52, 52
53, 51
54, 51
53, 51
53, 52
54, 53
53, 54
52, 53
51, 53
51, 53
44, 46
43, 46
42, 47
42, 48
43, 47
42, 48
42, 48
52, 64
51, 64
52, 65
52, 66
52, 65
53, 64
53, 65
53, 64
53, 64
54, 68
54, 69
55, 69
54, 68
55, 68
54, 69
54, 70
53, 71
52, 71
53, 71
53, 71
43, 50
44, 51
44, 50
45, 51
46, 51
45, 51
46, 50
46, 50
64, 77
65, 77
66, 76
67, 77
66, 78
67, 79
67, 80
68, 81
67, 82
67, 82
32, 60
32, 61
31, 61
32, 60
32, 59
31, 59
31, 60
31, 59
31, 60
32, 60
32, 60
32, 55
32, 56
33, 57
32, 56
33, 56
34, 55
34, 55
53, 73
54, 73
54, 74
55, 73
54, 73
55, 72
55, 71
56, 70
56, 71
56, 71
36, 47
35, 48
34, 49
35, 49
34, 50
35, 50
35, 50
54, 45
54, 44
54, 45
53, 45
53, 44
52, 43
51, 44
52, 45
52, 45
36, 59
37, 60
38, 61
37, 62
36, 63
37, 64
38, 63
38, 64
38, 64
55, 65
55, 66
54, 66
53, 66
54, 66
53, 66
53, 66
51, 63
50, 64
51, 63
50, 64
50, 65
51, 66
52, 66
51, 66
52, 66
52, 66
40, 32
41, 33
42, 32
42, 33
43, 34
44, 34
43, 33
44, 32
45, 32
44, 31
44, 31
33, 60
32, 60
32, 61
31, 61
30, 60
30, 61
31, 60
31, 61
31, 62
30, 61
30, 61
54, 49
53, 48
54, 48
53, 48
54, 48
53, 49
53, 49
57, 72
56, 73
56, 74
55, 73
54, 72
53, 73
53, 74
53, 73
54, 73
54, 73
35, 56
35, 55
34, 56
34, 57
33, 57
33, 57
53, 63
53, 64
52, 64
52, 63
53, 63
52, 64
51, 64
51, 64
45, 50
46, 51
45, 52
44, 51
45, 50
44, 50
44, 51
44, 50
45, 49
45, 49
52, 66
53, 67
54, 68
54, 67
55, 66
56, 67
56, 68
55, 69
55, 69
45, 32
45, 33
46, 33
46, 34
47, 35
47, 35
66, 81
66, 80
65, 79
65, 78
64, 79
65, 79
66, 80
66, 81
66, 81
49, 55
50, 55
51, 55
50, 56
51, 57
51, 57
39, 65
38, 64
37, 65
36, 65
35, 64
36, 64
36, 65
35, 64
35, 64
34, 51
33, 51
32, 50
31, 49
31, 48
31, 47
32, 47
32, 48
32, 48
52, 52
53, 51
54, 50
54, 49
54, 48
54, 47
53, 47
52, 47
52, 47
51, 67
52, 66
53, 65
54, 66
53, 65
53, 65
48, 55
47, 56
48, 57
47, 57
48, 56
47, 57
46, 56
47, 56
47, 57
47, 57
53, 72
53, 71
53, 72
53, 73
54, 74
54, 74
36, 66
35, 67
36, 66
35, 66
35, 67
36, 66
35, 65
35, 65
53, 46
53, 45
52, 46
52, 45
51, 45
52, 45
52, 45
51, 58
50, 59
51, 59
50, 59
50, 58
50, 57
51, 56
51, 55
51, 56
51, 56
46, 71
45, 70
45, 71
46, 72
46, 73
45, 73
46, 73
45, 73
46, 72
46, 71
46, 71
43, 47
43, 48
42, 47
41, 48
40, 48
40, 47
39, 47
40, 48
40, 49
40, 49
59, 69
60, 69
59, 68
60, 67
61, 66
62, 65
63, 65
64, 65
64, 64
63, 65
63, 65
31, 68
31, 69
30, 70
31, 71
30, 70
31, 70
30, 70
31, 70
31, 69
30, 70
30, 70
36, 65
35, 65
36, 64
35, 64
36, 64
36, 64
33, 48
34, 48
35, 47
34, 48
34, 47
33, 47
33, 48
34, 49
35, 49
35, 50
35, 50
54, 48
53, 49
53, 48
52, 47
51, 47
51, 47
52, 56
52, 55
53, 55
54, 54
55, 53
56, 53
56, 53
64, 65
63, 64
64, 64
64, 63
64, 64
65, 64
64, 65
63, 64
62, 63
62, 63
50, 56
51, 56
51, 55
52, 56
51, 55
51, 54
50, 53
50, 53
54, 74
53, 73
54, 73
54, 72
53, 72
54, 72
54, 72
53, 46
53, 45
53, 46
53, 47
54, 48
54, 49
53, 50
52, 51
52, 51
45, 50
45, 51
44, 50
45, 49
44, 49
43, 50
42, 49
43, 50
43, 49
43, 50
43, 50
30, 62
30, 61
31, 62
30, 61
31, 61
32, 61
33, 60
33, 60
52, 48
51, 48
51, 47
52, 48
51, 48
51, 47
52, 47
52, 48
53, 47
52, 48
52, 48
45, 70
45, 71
44, 72
45, 71
46, 72
45, 73
44, 72
44, 73
44, 74
44, 74
36, 64
35, 64
35, 63
35, 62
35, 63
34, 63
34, 64
35, 65
35, 66
36, 67
36, 67
47, 56
48, 56
47, 57
48, 57
47, 57
47, 57
46, 35
47, 35
48, 36
49, 36
50, 37
51, 38
50, 37
51, 37
51, 37
50, 64
50, 65
49, 65
50, 66
51, 67
50, 67
49, 68
48, 68
47, 68
47, 68
29, 70
30, 69
29, 70
28, 70
27, 71
28, 70
29, 71
28, 71
29, 72
29, 72
66, 80
66, 81
67, 81
66, 81
66, 82
67, 82
66, 82
66, 83
66, 84
66, 84
54, 69
55, 69
54, 70
53, 69
52, 68
51, 67
52, 66
51, 66
50, 67
50, 67
40, 48
40, 49
41, 48
42, 49
42, 50
43, 51
42, 51
41, 50
40, 49
40, 48
40, 48
34, 58
33, 58
34, 59
34, 60
33, 60
33, 59
34, 59
35, 59
34, 58
35, 58
35, 58
53, 75
54, 74
53, 75
53, 76
54, 77
53, 77
54, 77
55, 78
54, 79
54, 79
52, 65
53, 66
54, 66
55, 67
56, 66
55, 65
56, 65
55, 64
55, 64
36, 49
35, 48
34, 48
35, 47
35, 46
36, 47
35, 48
36, 49
35, 50
35, 50
46, 67
45, 68
46, 67
47, 68
46, 67
47, 68
47, 68
53, 78
52, 77
51, 76
50, 77
51, 77
51, 78
52, 79
51, 79
50, 79
51, 80
51, 80
37, 66
38, 65
38, 64
38, 65
39, 65
39, 65
52, 52
51, 53
52, 52
51, 53
52, 52
52, 51
53, 52
52, 51
51, 51
51, 51
43, 49
44, 50
44, 49
43, 50
43, 51
43, 50
42, 49
42, 49
29, 73
28, 72
28, 73
29, 74
29, 73
28, 73
28, 73
51, 66
50, 66
50, 65
50, 64
51, 63
52, 63
53, 63
53, 62
53, 62
51, 48
50, 47
49, 46
50, 47
51, 47
51, 48
51, 47
51, 46
50, 45
49, 45
49, 45
51, 38
52, 37
53, 37
54, 38
55, 38
56, 37
57, 37
58, 36
58, 36
34, 60
34, 59
34, 58
33, 58
33, 57
32, 56
33, 56
33, 56
36, 59
37, 58
36, 57
35, 57
36, 57
36, 56
35, 55
36, 54
36, 55
37, 54
37, 54
66, 85
65, 85
66, 86
67, 86
67, 85
66, 86
66, 86
43, 73
44, 73
44, 74
44, 75
43, 76
42, 77
42, 77
55, 73
56, 73
57, 72
58, 73
59, 72
60, 73
59, 74
60, 74
61, 75
61, 74
61, 74
49, 54
50, 53
50, 54
49, 54
50, 54
51, 55
50, 54
50, 54
48, 58
47, 57
47, 58
48, 57
47, 57
46, 57
46, 57
55, 53
56, 53
56, 54
57, 55
56, 54
55, 53
55, 53
39, 48
39, 49
38, 48
38, 49
37, 48
38, 48
38, 48
56, 63
55, 64
54, 63
54, 64
53, 65
52, 64
51, 64
52, 63
52, 63
62, 62
62, 63
61, 63
60, 64
59, 65
58, 65
58, 65
35, 63
34, 64
34, 63
33, 63
32, 63
33, 62
33, 61
33, 61
51, 48
50, 47
49, 48
50, 49
49, 49
49, 49
46, 56
46, 55
47, 54
48, 53
47, 54
47, 53
46, 52
46, 52
50, 79
51, 79
51, 80
51, 79
52, 80
53, 81
53, 81
52, 61
53, 61
54, 61
53, 60
54, 59
55, 58
55, 59
55, 58
55, 57
55, 57
56, 54
56, 55
57, 56
58, 55
57, 54
58, 54
57, 55
56, 55
57, 56
57, 56
34, 49
35, 49
34, 48
35, 48
36, 49
36, 49
50, 46
49, 46
50, 46
51, 46
50, 47
50, 46
51, 46
51, 46
52, 51
51, 51
50, 51
50, 52
51, 52
52, 51
51, 51
51, 52
52, 51
53, 51
53, 51
59, 36
60, 36
61, 35
61, 34
62, 35
61, 35
62, 36
62, 36
41, 78
40, 77
41, 78
40, 77
40, 76
41, 75
41, 74
40, 74
40, 74
38, 65
39, 64
39, 63
39, 62
38, 61
38, 62
37, 63
37, 63
51, 63
50, 62
51, 62
52, 63
52, 62
53, 62
53, 62
37, 47
38, 48
37, 48
38, 49
37, 50
36, 51
37, 50
37, 50
43, 50
44, 49
44, 50
44, 49
45, 49
45, 49
38, 55
39, 56
40, 57
39, 57
39, 56
39, 56
29, 73
30, 72
30, 73
31, 73
32, 74
33, 75
34, 74
33, 75
33, 75
66, 87
67, 86
66, 85
65, 84
64, 85
63, 85
64, 85
64, 85
34, 62
33, 63
33, 62
34, 62
35, 62
35, 61
34, 62
33, 61
34, 60
33, 59
33, 59
46, 67
45, 66
44, 65
43, 66
44, 65
44, 65
32, 56
31, 57
30, 56
31, 57
32, 58
32, 57
33, 56
32, 55
32, 56
31, 55
31, 55
60, 74
59, 73
60, 72
59, 71
59, 72
58, 71
57, 70
57, 71
57, 71
50, 55
50, 54
51, 54
51, 55
50, 55
49, 55
49, 56
50, 55
51, 54
52, 55
52, 55
50, 50
50, 51
49, 51
48, 50
47, 50
47, 50
59, 65
59, 66
59, 65
58, 66
59, 66
60, 65
59, 64
59, 64
56, 58
56, 59
57, 58
58, 59
58, 60
57, 60
58, 59
59, 58
58, 59
59, 59
59, 59
60, 63
59, 63
58, 64
59, 63
58, 64
58, 64
53, 80
54, 79
54, 78
55, 77
56, 76
56, 76
32, 76
33, 77
32, 76
31, 76
30, 75
30, 75
63, 36
63, 35
64, 34
63, 33
62, 33
63, 34
63, 35
62, 35
62, 36
62, 36
45, 50
44, 49
43, 49
43, 50
44, 51
45, 50
45, 50
38, 49
38, 50
38, 49
37, 48
36, 47
35, 46
35, 47
34, 46
34, 45
35, 46
35, 46
63, 84
62, 84
62, 83
61, 84
62, 85
63, 86
62, 87
62, 88
63, 89
64, 89
64, 89
46, 50
46, 49
45, 50
44, 51
43, 51
44, 52
44, 52
45, 65
46, 64
45, 65
44, 66
43, 65
43, 65
47, 51
46, 52
45, 53
44, 54
43, 54
42, 54
43, 53
42, 54
42, 54
37, 49
38, 49
37, 49
38, 50
39, 51
38, 50
37, 49
38, 49
37, 49
36, 50
36, 50
52, 63
53, 62
54, 61
54, 62
54, 61
54, 61
39, 73
40, 73
39, 72
39, 73
40, 74
39, 75
38, 76
39, 75
39, 75
56, 57
55, 58
54, 59
55, 60
56, 60
55, 59
54, 60
53, 60
52, 59
52, 59
50, 47
49, 48
50, 48
49, 47
48, 48
48, 47
48, 46
49, 45
48, 44
47, 44
47, 44
32, 60
31, 59
32, 60
31, 61
30, 61
30, 60
29, 61
30, 62
29, 63
29, 63
39, 55
40, 54
41, 55
40, 56
39, 57
40, 57
40, 58
40, 58
38, 63
38, 62
39, 63
38, 64
37, 63
38, 64
39, 65
39, 65
52, 56
51, 55
51, 56
51, 55
50, 54
49, 53
49, 53
32, 56
32, 57
31, 58
31, 57
32, 56
31, 55
30, 54
29, 53
28, 54
27, 55
27, 55
58, 71
58, 72
58, 71
59, 71
59, 72
59, 72
52, 51
51, 51
50, 50
49, 51
50, 52
50, 52
51, 52
52, 53
52, 54
53, 55
53, 54
53, 53
53, 53
36, 47
35, 46
35, 45
34, 44
34, 45
35, 46
35, 45
36, 44
36, 44
29, 74
28, 75
29, 76
29, 75
29, 76
28, 75
28, 75
63, 89
64, 90
63, 91
62, 92
63, 92
63, 93
64, 93
65, 92
66, 91
65, 91
65, 91
58, 65
59, 66
58, 66
59, 65
60, 65
60, 66
61, 66
60, 66
61, 66
61, 66
39, 58
38, 58
39, 57
40, 56
41, 56
41, 56
40, 76
40, 77
41, 78
40, 78
39, 77
40, 76
40, 76
59, 58
60, 57
59, 57
60, 58
60, 57
59, 58
59, 57
60, 57
61, 56
61, 56
44, 49
43, 48
42, 47
41, 48
40, 49
40, 50
39, 51
38, 50
37, 51
36, 51
36, 51
57, 75
58, 74
57, 75
56, 74
57, 73
58, 72
57, 72
58, 71
58, 70
58, 70
53, 59
52, 59
53, 60
53, 59
54, 58
53, 58
53, 57
53, 56
53, 55
54, 55
54, 55
38, 64
39, 65
39, 66
39, 67
39, 68
39, 69
40, 68
41, 68
40, 67
40, 67
43, 55
42, 54
42, 55
43, 56
42, 57
41, 57
40, 57
39, 56
39, 56
46, 45
46, 46
46, 45
46, 44
45, 44
45, 44
43, 64
44, 63
45, 63
44, 64
45, 63
45, 64
45, 64
45, 53
44, 52
44, 51
43, 51
42, 50
41, 50
42, 49
42, 49
62, 37
63, 37
63, 38
63, 37
64, 38
63, 38
62, 39
61, 39
62, 38
62, 38
26, 55
27, 54
27, 53
28, 53
27, 52
28, 52
29, 53
28, 53
28, 53
54, 62
54, 63
55, 64
56, 65
55, 66
56, 66
57, 65
56, 66
56, 66
37, 51
36, 52
37, 53
38, 52
39, 51
38, 50
37, 49
36, 48
36, 48
58, 71
59, 70
60, 69
61, 68
60, 68
61, 69
61, 68
61, 68
29, 64
29, 65
28, 64
27, 63
28, 62
28, 63
28, 63
49, 52
48, 51
49, 50
50, 51
49, 50
50, 51
49, 50
49, 51
49, 50
49, 50
62, 39
61, 39
61, 38
61, 37
62, 37
62, 38
62, 38
28, 74
27, 75
28, 74
27, 74
28, 73
29, 74
29, 75
29, 75
57, 70
58, 70
58, 71
57, 72
56, 73
56, 74
57, 75
57, 74
58, 75
59, 74
59, 74
61, 69
60, 68
60, 69
59, 69
58, 70
57, 71
57, 72
58, 73
57, 72
57, 72
62, 65
62, 64
61, 63
62, 63
61, 64
61, 65
61, 66
60, 67
61, 66
61, 66
49, 51
50, 51
51, 50
52, 51
51, 50
51, 49
51, 49
27, 54
26, 55
26, 56
25, 57
26, 58
27, 57
28, 58
27, 58
28, 57
28, 57
61, 57
60, 58
59, 59
59, 60
59, 61
59, 61
41, 77
40, 77
40, 76
41, 76
40, 77
41, 78
40, 78
41, 78
41, 78
36, 45
35, 46
35, 45
35, 44
36, 45
35, 46
34, 45
34, 45
57, 65
56, 66
57, 67
57, 66
57, 65
56, 65
55, 65
54, 64
55, 64
55, 64
55, 55
54, 56
53, 56
53, 55
54, 56
53, 56
52, 55
53, 54
53, 54
36, 49
36, 50
36, 51
36, 50
35, 51
36, 51
35, 52
35, 52
44, 45
43, 46
43, 47
44, 47
43, 46
43, 46
29, 62
30, 62
30, 61
30, 62
31, 61
32, 60
31, 60
31, 59
30, 59
29, 60
29, 60
41, 50
41, 51
42, 51
43, 52
42, 53
41, 52
42, 52
43, 51
44, 51
44, 51
53, 52
54, 51
53, 50
52, 50
51, 51
52, 51
53, 50
54, 51
53, 52
52, 51
52, 51
41, 66
41, 65
40, 64
41, 65
41, 64
42, 63
43, 63
44, 64
43, 63
43, 63
44, 65
45, 66
46, 67
47, 66
46, 65
46, 66
46, 67
45, 68
44, 68
44, 68
64, 92
63, 91
64, 91
63, 92
64, 92
65, 93
64, 92
65, 91
65, 91
37, 52
36, 51
37, 51
38, 50
37, 49
37, 49
38, 57
39, 56
38, 56
38, 55
37, 54
38, 55
38, 54
37, 53
36, 53
36, 53
41, 55
42, 54
41, 54
42, 55
42, 54
43, 53
43, 52
44, 51
45, 52
45, 52
56, 71
57, 71
56, 70
57, 70
56, 71
57, 70
57, 70
55, 63
54, 64
54, 63
53, 63
52, 62
51, 62
50, 62
51, 61
50, 61
51, 60
51, 60
50, 49
49, 48
50, 49
50, 48
50, 47
50, 46
50, 45
50, 46
51, 45
52, 46
52, 46
42, 79
41, 78
40, 79
39, 79
39, 78
40, 77
41, 78
42, 77
42, 77
44, 64
45, 65
46, 66
46, 67
45, 68
44, 69
44, 69
44, 46
44, 47
44, 46
45, 45
44, 44
45, 45
44, 44
44, 44
46, 53
45, 54
46, 53
45, 53
44, 54
45, 53
45, 52
44, 51
43, 52
43, 52
59, 62
59, 61
59, 62
58, 63
58, 62
59, 62
59, 61
60, 60
60, 59
59, 59
59, 59
37, 50
36, 49
36, 50
37, 50
38, 51
39, 52
39, 52
36, 52
36, 51
36, 50
35, 51
36, 50
36, 50
64, 90
64, 91
65, 91
64, 92
65, 91
64, 91
65, 91
64, 92
64, 91
64, 91
59, 75
58, 76
58, 75
57, 74
58, 75
57, 75
58, 76
58, 75
59, 75
58, 74
58, 74
52, 52
51, 52
51, 51
50, 52
51, 53
51, 53
45, 67
46, 68
47, 68
48, 69
48, 68
48, 67
49, 67
49, 67
30, 61
30, 60
29, 61
30, 62
30, 61
30, 60
30, 61
30, 62
31, 62
30, 62
30, 62
60, 65
60, 66
61, 67
60, 68
60, 69
60, 70
61, 70
62, 71
62, 71
43, 51
42, 52
43, 53
44, 52
43, 51
43, 52
43, 52
54, 55
53, 55
54, 55
53, 56
53, 55
53, 56
53, 56
30, 76
30, 75
31, 74
31, 73
30, 72
29, 72
30, 72
30, 72
28, 56
28, 55
27, 55
28, 54
27, 54
26, 53
25, 53
26, 54
27, 54
26, 53
26, 53
34, 44
35, 45
34, 46
33, 46
33, 45
33, 46
32, 46
32, 46
63, 38
62, 37
61, 36
60, 37
59, 38
58, 38
58, 38
35, 51
34, 50
34, 51
33, 52
32, 52
33, 52
32, 52
31, 52
32, 51
32, 51
51, 46
50, 46
49, 45
50, 46
51, 46
51, 47
52, 46
51, 46
51, 45
52, 44
52, 44
63, 72
64, 73
63, 73
62, 72
61, 72
60, 72
61, 71
60, 71
60, 70
59, 71
59, 71
57, 38
56, 38
55, 38
54, 37
55, 38
55, 39
55, 39
60, 58
61, 58
61, 59
62, 60
61, 59
62, 58
62, 58
33, 51
34, 52
33, 51
34, 51
33, 51
34, 51
35, 50
35, 51
34, 51
34, 50
34, 50
42, 51
43, 50
44, 50
44, 49
44, 50
43, 50
43, 49
42, 48
41, 47
40, 47
40, 47
26, 54
26, 53
27, 54
28, 54
27, 53
27, 54
27, 55
28, 54
28, 54
38, 53
38, 54
37, 53
38, 52
39, 53
39, 52
39, 53
39, 53
58, 69
57, 70
57, 69
58, 68
59, 68
59, 69
60, 70
61, 70
60, 69
60, 69
31, 63
31, 64
30, 63
31, 63
31, 62
31, 62
51, 61
52, 62
52, 63
53, 62
53, 61
53, 61
52, 55
51, 54
52, 54
53, 55
52, 56
52, 55
51, 55
52, 55
53, 54
53, 54
44, 43
44, 44
44, 45
44, 44
44, 45
45, 46
45, 47
45, 48
45, 48
63, 92
63, 91
63, 92
63, 91
64, 92
63, 91
62, 90
62, 89
62, 88
62, 88
36, 49
37, 50
37, 49
38, 48
38, 47
39, 47
40, 48
41, 48
41, 47
40, 48
40, 48
50, 67
51, 68
51, 69
51, 70
50, 71
50, 70
50, 70
44, 52
44, 51
43, 52
42, 51
41, 52
41, 53
40, 54
39, 55
39, 55
33, 46
33, 47
32, 47
33, 47
34, 47
33, 46
32, 47
33, 46
32, 47
33, 46
33, 46
44, 70
45, 70
44, 71
43, 70
42, 69
42, 69
51, 54
51, 55
51, 56
50, 55
50, 54
50, 55
49, 55
48, 56
48, 56
30, 73
30, 72
29, 72
30, 72
31, 71
31, 70
32, 69
33, 68
33, 68
41, 78
42, 78
43, 77
42, 76
43, 76
42, 75
42, 75
57, 73
58, 72
58, 71
58, 72
57, 72
58, 71
57, 70
57, 71
56, 71
56, 71
44, 49
43, 50
42, 49
41, 49
41, 50
40, 51
40, 51
52, 45
51, 46
50, 47
49, 46
50, 46
49, 45
49, 44
49, 45
50, 46
50, 46
41, 69
41, 68
42, 68
42, 69
43, 69
43, 70
43, 69
44, 69
44, 69
47, 57
48, 57
47, 58
48, 57
48, 58
47, 58
47, 58
58, 72
59, 72
60, 71
61, 71
60, 71
59, 70
59, 71
59, 70
59, 70
41, 48
40, 49
39, 49
39, 48
39, 47
38, 48
39, 47
40, 48
40, 49
40, 49
61, 89
61, 88
62, 88
63, 89
63, 90
62, 91
61, 92
62, 92
62, 92
54, 55
53, 54
53, 53
52, 53
51, 53
51, 53
27, 53
26, 53
25, 54
25, 53
26, 53
25, 54
25, 54
60, 70
61, 70
61, 69
62, 70
61, 69
60, 69
59, 70
58, 69
57, 68
58, 67
58, 67
43, 75
44, 74
44, 73
45, 73
44, 74
43, 75
42, 75
43, 76
44, 76
44, 76
32, 69
31, 69
31, 68
30, 69
29, 70
28, 70
27, 70
27, 70
32, 63
32, 64
32, 63
33, 64
34, 63
34, 63
49, 70
50, 69
51, 69
52, 68
51, 67
50, 67
51, 68
52, 68
53, 68
53, 69
53, 69
53, 60
52, 61
52, 62
53, 62
54, 61
53, 62
53, 61
53, 61
32, 45
31, 45
31, 46
32, 47
33, 47
33, 46
32, 45
32, 45
38, 54
38, 55
37, 55
38, 55
39, 55
39, 55
57, 71
56, 71
55, 70
54, 69
53, 70
52, 71
51, 71
50, 70
49, 71
49, 71
35, 50
36, 51
37, 50
37, 49
36, 48
35, 48
36, 49
35, 49
35, 49
39, 47
40, 47
39, 47
40, 47
41, 48
41, 48
62, 57
62, 58
61, 59
62, 59
61, 59
60, 58
61, 58
62, 57
62, 58
63, 58
63, 58
56, 40
55, 41
54, 41
55, 41
54, 40
55, 40
56, 40
57, 41
58, 42
58, 42
38, 54
37, 53
37, 52
37, 51
38, 52
39, 52
39, 51
38, 52
37, 53
37, 53
38, 54
39, 54
38, 55
39, 54
38, 55
37, 54
37, 55
36, 56
36, 56
41, 49
40, 48
39, 49
39, 50
40, 50
39, 51
39, 51
43, 69
42, 68
41, 68
40, 68
40, 67
39, 67
40, 67
41, 66
42, 66
42, 66
48, 59
49, 59
49, 58
49, 57
48, 56
49, 55
50, 54
50, 54
62, 59
61, 60
62, 61
61, 60
60, 61
61, 61
60, 60
60, 60
36, 49
35, 50
34, 49
33, 49
32, 49
31, 48
31, 47
32, 48
33, 47
33, 46
33, 46
39, 51
40, 50
41, 51
41, 52
42, 52
41, 53
40, 53
41, 53
41, 52
41, 52
38, 53
37, 53
36, 52
37, 53
38, 54
38, 53
37, 54
37, 54
49, 47
48, 48
47, 47
46, 46
45, 47
45, 48
44, 49
45, 49
45, 49
52, 54
51, 55
52, 56
51, 57
52, 58
52, 59
53, 60
54, 59
54, 59
52, 68
53, 67
52, 66
52, 67
52, 68
52, 68
35, 63
36, 63
37, 63
36, 64
35, 65
35, 65
39, 48
40, 48
39, 48
38, 49
37, 48
36, 49
37, 49
37, 49
59, 69
58, 68
57, 68
57, 69
57, 68
56, 68
56, 68
50, 70
49, 69
50, 68
49, 69
49, 70
50, 71
51, 71
51, 72
52, 72
52, 72
57, 66
56, 67
57, 68
57, 67
58, 66
57, 67
56, 67
56, 67
27, 69
27, 70
27, 71
28, 72
27, 71
27, 71
26, 55
25, 55
26, 55
25, 56
25, 55
26, 55
26, 54
25, 54
26, 55
26, 55
45, 77
45, 76
44, 75
44, 74
44, 73
44, 73
57, 43
57, 44
57, 43
56, 44
57, 45
57, 44
56, 44
56, 45
56, 45
53, 60
52, 60
52, 61
53, 62
54, 62
53, 62
54, 62
54, 62
31, 46
32, 46
33, 45
33, 44
33, 45
33, 46
32, 47
33, 48
33, 48
61, 92
62, 93
61, 94
62, 94
63, 94
63, 95
62, 96
62, 97
62, 96
62, 95
62, 95
51, 55
51, 56
51, 57
52, 58
53, 57
53, 56
54, 55
55, 54
54, 53
53, 54
53, 54
39, 52
39, 51
39, 50
39, 51
38, 51
39, 51
39, 51
42, 52
41, 52
40, 51
41, 50
42, 51
42, 50
41, 50
41, 50
32, 45
31, 45
31, 44
32, 44
32, 43
33, 44
33, 45
32, 46
31, 45
30, 44
30, 44
51, 67
50, 67
49, 68
48, 69
48, 70
48, 71
48, 70
48, 71
49, 70
49, 70
36, 50
35, 50
34, 50
35, 51
36, 52
37, 53
38, 54
39, 55
38, 54
38, 55
38, 55
53, 63
52, 62
53, 63
52, 64
51, 64
51, 65
51, 65
37, 53
38, 53
39, 54
40, 55
40, 56
40, 55
40, 56
40, 55
39, 54
39, 54
54, 60
55, 61
56, 61
56, 62
55, 62
55, 62
36, 64
37, 64
38, 63
39, 62
38, 61
39, 62
38, 63
39, 63
39, 62
39, 62
55, 69
56, 69
57, 69
56, 68
56, 67
57, 66
58, 65
59, 66
59, 67
59, 67
55, 68
56, 68
57, 67
58, 66
57, 67
57, 67
60, 61
59, 60
59, 61
58, 62
59, 63
59, 62
58, 61
59, 62
59, 63
60, 63
60, 63
62, 96
62, 97
62, 96
63, 95
63, 96
62, 96
62, 96
34, 48
33, 47
32, 48
33, 49
32, 48
33, 49
33, 48
33, 49
33, 49
27, 55
27, 56
26, 57
26, 56
27, 56
28, 56
28, 56
44, 72
44, 71
43, 70
42, 70
41, 70
40, 69
39, 69
39, 69
37, 56
36, 55
35, 56
36, 55
35, 54
36, 54
35, 54
36, 55
36, 55
44, 50
43, 51
44, 50
45, 49
44, 50
45, 51
44, 52
45, 53
46, 53
47, 54
47, 54
41, 67
40, 66
41, 65
42, 66
43, 65
42, 66
41, 65
41, 66
42, 65
42, 65
28, 70
27, 71
26, 71
27, 71
28, 71
28, 72
28, 73
28, 73
52, 73
51, 72
52, 73
51, 74
51, 73
52, 74
53, 74
53, 74
57, 44
56, 44
57, 44
57, 45
56, 45
56, 44
55, 45
55, 45
56, 45
56, 46
57, 45
56, 46
56, 45
56, 45
29, 45
28, 46
29, 45
30, 45
31, 45
32, 46
31, 47
31, 47
33, 48
34, 49
35, 50
36, 50
37, 50
36, 50
36, 49
36, 50
37, 51
37, 51
58, 66
58, 65
58, 64
58, 65
59, 65
59, 64
58, 64
58, 65
58, 65
37, 54
38, 55
37, 55
37, 54
36, 53
35, 54
35, 54
54, 62
53, 61
53, 60
52, 60
52, 59
53, 59
53, 59
56, 68
57, 67
56, 68
57, 68
58, 68
57, 69
57, 69
59, 64
60, 65
59, 66
59, 67
60, 68
59, 68
59, 68
27, 55
28, 55
27, 56
27, 55
27, 56
28, 56
29, 57
29, 56
29, 55
30, 54
30, 54
54, 73
54, 74
55, 75
55, 76
55, 75
56, 75
55, 75
54, 75
53, 74
54, 73
54, 73
39, 61
40, 61
39, 60
38, 59
37, 59
38, 59
38, 58
38, 58
39, 53
40, 52
39, 53
40, 53
39, 53
39, 52
40, 51
40, 51
40, 52
41, 51
42, 51
43, 50
42, 51
42, 50
41, 51
40, 51
39, 51
39, 50
39, 50
29, 72
30, 72
31, 71
31, 72
32, 73
32, 72
32, 72
39, 70
39, 71
39, 70
39, 69
40, 69
41, 68
42, 67
43, 68
43, 68
62, 95
62, 94
61, 93
61, 94
62, 93
63, 93
62, 94
62, 93
62, 94
62, 95
62, 95
39, 55
40, 56
39, 56
39, 57
40, 56
41, 56
41, 57
41, 57
48, 71
49, 70
50, 70
51, 71
51, 72
51, 71
50, 72
51, 73
50, 73
50, 73
53, 53
52, 53
51, 53
50, 52
49, 51
49, 52
49, 51
48, 50
48, 50
48, 53
47, 53
46, 52
47, 52
48, 53
49, 53
50, 54
50, 54
52, 65
51, 64
51, 63
52, 62
51, 62
50, 61
50, 61
42, 50
43, 49
43, 48
42, 48
43, 49
44, 49
43, 49
44, 50
44, 50
42, 64
41, 63
42, 64
43, 63
43, 64
42, 63
42, 64
43, 63
42, 63
41, 62
41, 62
56, 70
55, 71
54, 71
55, 71
55, 72
55, 71
54, 70
55, 70
56, 71
56, 71
49, 53
48, 54
47, 54
48, 53
49, 53
49, 52
49, 51
48, 50
49, 50
48, 50
48, 50
44, 51
43, 52
42, 53
41, 53
40, 53
40, 52
40, 52
30, 55
29, 55
30, 54
31, 54
32, 54
33, 53
34, 54
34, 54
42, 57
41, 56
42, 56
42, 57
41, 58
41, 57
41, 58
41, 58
52, 60
53, 61
52, 61
53, 61
52, 62
52, 63
51, 64
50, 65
51, 66
50, 67
50, 67
38, 51
39, 50
39, 49
39, 48
40, 48
39, 47
38, 48
39, 48
39, 48
43, 69
43, 68
44, 69
43, 69
43, 68
44, 69
44, 68
44, 68
37, 59
36, 60
35, 59
34, 60
33, 60
33, 59
32, 60
31, 59
31, 59
54, 72
54, 71
55, 71
56, 71
56, 70
55, 71
54, 71
55, 70
55, 70
31, 71
32, 70
32, 69
31, 69
32, 70
33, 70
33, 70
57, 64
57, 63
56, 62
57, 62
58, 63
57, 63
57, 63
42, 63
42, 64
43, 65
44, 65
45, 64
44, 65
44, 64
44, 64
49, 61
50, 62
49, 61
50, 62
49, 61
48, 60
48, 60
50, 74
51, 73
50, 73
51, 74
50, 74
51, 75
50, 75
50, 76
50, 75
50, 75
57, 44
58, 43
57, 43
58, 44
58, 43
58, 43
35, 53
36, 52
37, 51
37, 52
37, 51
37, 50
37, 51
36, 51
36, 52
36, 53
36, 53
60, 68
60, 69
60, 68
61, 68
60, 69
60, 69
31, 46
30, 46
31, 46
31, 45
32, 45
32, 44
31, 45
31, 46
32, 47
32, 47
47, 50
46, 49
45, 49
46, 50
47, 51
48, 51
49, 50
49, 49
49, 49
41, 52
41, 53
42, 54
41, 53
41, 52
40, 51
41, 52
41, 52
38, 52
37, 51
36, 52
37, 52
37, 53
38, 53
39, 52
40, 51
41, 51
41, 51
63, 95
63, 94
63, 93
62, 92
62, 93
62, 93
34, 69
34, 68
34, 67
35, 66
36, 67
36, 66
35, 65
36, 66
36, 66
30, 59
29, 59
30, 60
31, 59
30, 58
29, 57
28, 56
28, 56
31, 48
32, 49
33, 49
33, 48
34, 49
35, 48
36, 47
36, 48
36, 48
39, 52
40, 53
39, 54
40, 55
41, 56
42, 55
43, 54
44, 53
44, 53
51, 68
51, 69
50, 69
51, 69
52, 69
52, 69
41, 53
41, 52
40, 51
41, 50
42, 49
43, 50
43, 50
56, 71
56, 72
55, 71
54, 72
53, 72
54, 71
54, 70
53, 71
52, 71
52, 70
52, 70
40, 50
39, 50
40, 49
41, 50
41, 51
42, 52
42, 51
42, 51
37, 52
38, 51
39, 50
38, 49
38, 50
38, 51
39, 52
39, 53
40, 53
40, 53
35, 54
34, 53
35, 54
34, 54
35, 54
36, 53
35, 52
35, 51
36, 50
35, 51
35, 51
45, 65
45, 64
46, 63
47, 64
47, 65
47, 66
48, 66
48, 66
49, 76
48, 77
48, 76
49, 76
50, 75
50, 76
49, 77
48, 78
48, 78
45, 68
46, 67
47, 68
48, 67
49, 67
48, 68
48, 68
48, 59
49, 58
50, 59
51, 58
51, 57
52, 57
51, 57
51, 57
61, 93
61, 94
60, 93
59, 92
60, 91
60, 90
61, 89
60, 89
60, 90
59, 89
59, 89
50, 50
51, 50
50, 50
49, 51
50, 51
50, 52
51, 53
51, 53
56, 62
57, 62
57, 61
58, 61
58, 62
58, 62
38, 48
38, 47
38, 48
37, 49
36, 48
37, 47
38, 46
39, 47
38, 48
37, 48
37, 48
49, 50
50, 51
50, 52
49, 53
49, 54
49, 54
58, 44
59, 43
59, 42
59, 43
58, 43
58, 43
42, 57
43, 57
42, 57
41, 58
41, 57
41, 57
55, 70
56, 69
57, 69
56, 68
55, 67
56, 66
56, 67
56, 67
61, 69
62, 69
63, 70
63, 71
64, 72
63, 73
62, 73
61, 73
61, 73
42, 50
43, 49
43, 50
44, 51
43, 52
43, 51
44, 50
44, 50
55, 67
56, 66
55, 67
55, 66
56, 66
56, 65
57, 65
56, 65
55, 65
55, 65
52, 52
53, 53
52, 53
53, 52
54, 51
54, 51
59, 88
59, 89
60, 90
61, 90
60, 91
60, 91
41, 58
40, 57
39, 56
40, 55
39, 56
39, 57
38, 56
38, 56
39, 54
38, 54
37, 54
36, 53
36, 54
36, 55
36, 54
36, 55
36, 55
36, 52
37, 53
37, 54
36, 54
35, 54
34, 53
34, 54
35, 55
35, 54
34, 55
34, 55
47, 68
47, 67
47, 66
46, 66
47, 67
48, 68
47, 68
46, 68
47, 69
47, 69
47, 67
46, 68
45, 68
46, 68
45, 69
44, 69
45, 70
45, 70
43, 54
44, 54
43, 53
42, 52
41, 51
40, 50
40, 50
27, 57
27, 56
28, 55
29, 56
29, 55
28, 54
28, 53
27, 52
27, 52
59, 62
59, 63
58, 64
58, 65
58, 64
59, 65
59, 65
52, 70
53, 71
54, 72
53, 72
52, 72
51, 71
51, 70
51, 70
48, 53
48, 54
49, 54
48, 54
49, 55
50, 54
49, 54
49, 53
48, 53
48, 53
53, 70
52, 70
52, 69
53, 70
52, 70
52, 70
37, 67
37, 68
36, 67
36, 68
36, 67
35, 67
36, 68
36, 68
57, 42
56, 42
55, 41
54, 41
53, 41
54, 40
55, 41
56, 41
57, 42
57, 42
50, 58
51, 59
51, 60
50, 60
51, 61
52, 62
52, 63
51, 63
51, 64
50, 64
50, 64
47, 79
47, 78
48, 79
48, 78
49, 79
48, 78
47, 78
46, 79
45, 79
46, 79
46, 79
60, 73
60, 74
61, 73
60, 73
60, 72
61, 72
60, 71
60, 72
60, 73
59, 74
59, 74
38, 47
37, 48
38, 48
38, 47
39, 48
40, 49
40, 48
40, 48
42, 52
41, 53
42, 52
41, 52
41, 53
41, 54
42, 55
42, 55
35, 47
35, 46
34, 45
35, 45
35, 46
35, 47
34, 46
34, 46
38, 55
39, 55
38, 55
38, 54
39, 53
38, 53
38, 53
36, 54
37, 55
38, 56
37, 55
37, 54
37, 55
38, 54
39, 55
39, 55
42, 54
41, 54
42, 53
42, 54
42, 53
43, 54
44, 53
44, 54
45, 54
44, 55
44, 55
60, 64
59, 65
58, 66
59, 67
58, 68
59, 67
59, 67
44, 70
44, 69
45, 68
44, 67
45, 67
46, 66
46, 67
47, 68
47, 68
40, 47
40, 48
41, 48
40, 47
39, 48
39, 48
54, 50
54, 49
53, 50
54, 50
53, 50
52, 50
53, 51
52, 52
53, 51
52, 50
52, 50
61, 92
62, 91
62, 90
61, 91
62, 92
61, 91
62, 92
63, 93
63, 93
46, 78
46, 77
47, 78
46, 78
45, 78
44, 79
43, 79
44, 79
44, 79
47, 70
48, 69
48, 68
47, 68
48, 69
49, 69
48, 68
49, 67
49, 67
33, 54
33, 55
32, 55
33, 54
34, 55
34, 56
34, 57
35, 56
35, 56
51, 71
50, 70
49, 70
50, 70
51, 70
51, 71
51, 70
52, 69
52, 69
26, 52
25, 52
26, 51
26, 50
25, 49
24, 50
24, 50
36, 67
36, 68
36, 67
37, 66
36, 67
36, 68
36, 68
54, 65
53, 64
54, 63
53, 63
54, 62
54, 62
40, 49
40, 50
39, 50
38, 51
38, 50
39, 51
40, 51
39, 52
40, 51
40, 51
35, 45
35, 46
35, 47
36, 48
36, 49
35, 49
36, 49
36, 48
37, 49
36, 50
36, 50
59, 75
58, 74
59, 74
60, 74
61, 74
61, 74
47, 53
48, 52
49, 51
49, 52
50, 53
51, 54
51, 54
51, 64
52, 63
52, 64
53, 64
52, 65
52, 66
51, 66
51, 67
51, 66
51, 66
43, 51
44, 51
43, 50
43, 51
42, 51
41, 52
41, 52
58, 42
57, 42
57, 43
57, 42
57, 43
57, 42
57, 42
53, 71
52, 70
51, 69
52, 68
53, 68
53, 67
53, 67
64, 94
63, 95
62, 94
63, 93
63, 92
62, 93
63, 94
63, 93
63, 93
47, 69
46, 70
47, 70
47, 69
47, 70
46, 71
46, 71
41, 50
40, 49
39, 49
40, 48
41, 49
41, 49
59, 68
58, 68
59, 67
58, 68
57, 67
58, 67
58, 66
59, 67
59, 68
59, 68
50, 53
49, 52
49, 53
48, 54
47, 53
46, 54
46, 55
45, 54
46, 53
47, 52
47, 52
51, 51
52, 52
53, 52
53, 53
52, 54
53, 53
52, 52
52, 52
34, 55
33, 55
33, 56
33, 57
33, 58
33, 59
33, 59
37, 53
38, 53
37, 52
36, 53
35, 53
34, 54
34, 54
50, 67
50, 68
49, 67
48, 68
47, 67
47, 68
47, 67
47, 67
57, 41
58, 42
58, 41
57, 40
58, 41
58, 41
53, 69
52, 68
51, 68
52, 69
52, 68
52, 67
52, 67
37, 67
37, 66
36, 67
35, 66
34, 66
34, 67
33, 68
33, 68
43, 78
44, 79
44, 78
45, 78
46, 78
45, 78
45, 77
45, 77
53, 61
54, 60
55, 59
54, 59
55, 60
54, 59
53, 59
52, 60
52, 60
40, 54
39, 53
38, 54
37, 53
36, 54
37, 53
36, 53
35, 52
36, 51
37, 51
37, 51
50, 68
49, 69
50, 68
51, 68
52, 67
53, 67
52, 68
51, 67
51, 67
42, 51
41, 50
41, 51
42, 51
43, 50
42, 49
43, 48
43, 48
35, 49
34, 49
35, 50
34, 51
35, 50
35, 51
35, 51
25, 49
24, 49
24, 50
23, 49
24, 48
23, 49
24, 50
24, 49
24, 49
53, 68
52, 67
53, 67
54, 66
53, 65
53, 66
54, 65
53, 65
54, 66
54, 67
54, 67
60, 74
59, 75
59, 74
60, 75
61, 75
62, 75
61, 76
61, 77
62, 76
62, 76
39, 49
39, 48
40, 49
39, 50
39, 51
40, 50
40, 51
40, 51
43, 55
42, 54
43, 53
44, 53
45, 54
44, 55
44, 54
44, 54
45, 78
44, 77
45, 77
44, 77
45, 76
45, 75
44, 76
44, 77
45, 76
46, 77
46, 77
62, 94
61, 94
60, 93
59, 93
59, 92
58, 93
57, 93
57, 93
53, 51
53, 52
54, 53
53, 53
53, 52
52, 53
51, 54
51, 54
62, 75
63, 76
64, 77
65, 78
66, 79
66, 79
52, 66
52, 65
51, 66
50, 67
50, 66
50, 67
50, 67
38, 50
39, 50
38, 50
37, 51
36, 52
37, 53
37, 52
36, 53
35, 53
35, 53
59, 41
59, 42
60, 41
59, 40
58, 40
58, 40
41, 52
42, 51
41, 51
40, 52
40, 53
40, 53
50, 67
49, 67
50, 66
51, 67
52, 66
53, 67
54, 66
54, 66
25, 48
24, 47
25, 48
26, 47
25, 48
24, 47
24, 47
46, 53
46, 52
47, 51
48, 51
49, 50
48, 51
49, 52
50, 52
50, 53
50, 52
50, 52
34, 55
33, 55
32, 54
32, 55
32, 54
31, 54
32, 53
33, 54
33, 53
33, 54
33, 54
58, 67
58, 68
58, 67
57, 66
56, 65
55, 66
56, 66
56, 66
53, 61
54, 62
55, 62
54, 61
53, 61
53, 60
52, 60
51, 59
50, 58
51, 58
51, 58
47, 66
48, 67
49, 68
50, 68
51, 68
52, 68
53, 67
53, 67
43, 55
44, 55
44, 56
44, 55
43, 55
43, 55
46, 70
45, 70
44, 71
45, 70
44, 71
44, 71
34, 69
34, 68
34, 67
34, 68
35, 69
35, 68
34, 67
33, 66
33, 66
42, 49
41, 49
42, 49
43, 48
42, 49
42, 49
53, 68
53, 69
52, 70
51, 70
52, 71
51, 71
51, 70
51, 69
52, 68
52, 68
42, 47
41, 48
41, 49
40, 48
39, 49
39, 49
34, 59
33, 59
33, 60
32, 60
33, 61
33, 60
33, 61
34, 60
35, 61
36, 60
36, 60
34, 50
35, 49
34, 49
33, 48
34, 48
35, 47
36, 48
37, 48
37, 49
37, 49
59, 41
59, 42
58, 41
58, 40
57, 39
58, 38
57, 38
56, 38
57, 38
56, 38
56, 38
58, 94
58, 93
59, 92
60, 91
61, 91
62, 91
61, 92
61, 91
60, 90
60, 89
60, 89
51, 53
52, 53
53, 54
54, 53
53, 52
53, 53
53, 52
52, 52
53, 53
53, 53
49, 67
50, 67
49, 66
50, 66
49, 67
49, 66
50, 66
50, 67
50, 68
50, 68
35, 61
36, 60
36, 59
37, 58
38, 58
38, 58
51, 59
52, 59
53, 59
52, 60
52, 59
51, 58
50, 57
49, 58
48, 58
48, 59
48, 59
52, 69
51, 70
50, 71
51, 72
52, 72
51, 72
52, 72
53, 72
52, 73
52, 73
45, 78
46, 78
45, 77
46, 77
47, 77
48, 78
48, 78
49, 51
50, 52
49, 52
48, 51
47, 51
48, 50
48, 51
49, 51
50, 51
50, 51
43, 48
44, 49
43, 50
42, 49
43, 49
42, 50
42, 49
43, 48
43, 47
43, 47
36, 48
35, 47
34, 47
35, 46
34, 46
34, 47
33, 48
33, 48
35, 52
35, 53
34, 54
33, 53
34, 54
34, 53
34, 53
38, 48
38, 47
39, 47
38, 48
38, 49
39, 48
38, 49
39, 49
39, 49
32, 66
33, 65
32, 64
31, 64
30, 63
31, 63
30, 63
29, 63
29, 63
54, 68
53, 69
53, 70
52, 70
51, 71
51, 71
54, 65
55, 64
56, 63
55, 62
55, 63
55, 63
45, 71
45, 70
44, 71
45, 72
45, 73
44, 74
43, 75
43, 75
25, 47
24, 48
24, 47
24, 46
23, 45
22, 46
22, 46
56, 65
57, 64
58, 65
57, 64
58, 63
59, 62
59, 62
66, 80
67, 79
66, 78
65, 78
66, 77
67, 76
67, 76
34, 53
35, 54
35, 53
35, 54
36, 54
35, 54
34, 54
34, 53
33, 54
34, 55
34, 55
40, 54
41, 53
40, 54
41, 55
42, 54
42, 53
41, 53
41, 52
42, 52
42, 52
44, 55
43, 54
44, 53
44, 54
43, 55
43, 56
43, 56
43, 74
43, 75
44, 76
45, 77
45, 78
44, 78
43, 77
42, 78
42, 78
38, 50
39, 51
40, 52
39, 53
38, 53
38, 53
53, 52
52, 51
53, 51
52, 51
51, 50
52, 50
53, 50
54, 50
54, 51
54, 51
38, 57
38, 58
39, 57
40, 57
41, 57
40, 58
40, 58
43, 48
43, 49
43, 48
44, 49
43, 49
42, 49
43, 48
42, 47
42, 48
42, 49
42, 49
58, 63
57, 64
58, 65
59, 65
60, 65
61, 64
61, 63
61, 62
60, 63
59, 63
59, 63
33, 49
34, 48
35, 47
35, 48
36, 49
35, 49
35, 49
52, 70
53, 69
52, 70
52, 69
52, 70
53, 71
54, 72
55, 71
55, 70
54, 70
54, 70
50, 50
49, 51
48, 52
49, 53
50, 53
50, 54
50, 53
49, 53
50, 53
50, 53
49, 60
48, 60
48, 59
49, 60
50, 61
50, 61
59, 88
59, 87
59, 88
60, 88
60, 87
59, 86
60, 87
60, 86
61, 87
62, 88
62, 88
67, 77
68, 78
67, 77
66, 77
67, 77
68, 76
68, 76
56, 64
55, 65
56, 66
56, 65
57, 64
57, 64
51, 69
51, 68
50, 69
50, 68
51, 68
50, 67
51, 68
50, 68
50, 68
43, 53
43, 52
43, 53
43, 52
44, 51
44, 52
43, 52
43, 52
42, 57
41, 57
42, 57
42, 56
42, 55
42, 56
41, 55
40, 56
41, 57
40, 57
40, 57
23, 47
22, 46
23, 46
22, 47
22, 48
22, 48
47, 79
48, 78
47, 79
46, 78
46, 79
46, 80
45, 81
45, 81
35, 56
36, 56
36, 55
37, 55
38, 54
37, 53
38, 54
39, 54
39, 55
38, 55
38, 55
34, 52
35, 53
34, 54
34, 55
35, 55
35, 55
57, 39
58, 40
57, 39
57, 38
58, 37
58, 38
58, 39
59, 40
60, 40
59, 39
59, 39
30, 63
30, 64
31, 65
32, 64
33, 65
33, 64
32, 64
32, 64
53, 72
52, 71
51, 72
50, 71
50, 70
51, 71
51, 71
38, 54
37, 55
36, 55
37, 55
38, 55
37, 54
36, 54
36, 54
46, 80
45, 81
44, 81
45, 82
46, 82
46, 82
60, 38
60, 37
61, 37
62, 37
62, 36
61, 37
62, 37
61, 36
61, 35
60, 35
60, 35
42, 52
41, 51
42, 51
41, 51
41, 50
42, 50
43, 51
42, 51
41, 51
41, 50
41, 50
60, 64
59, 65
58, 65
59, 65
60, 66
59, 67
60, 68
60, 68
51, 61
51, 62
50, 61
50, 60
50, 59
49, 60
49, 60
69, 77
70, 77
70, 78
70, 79
69, 80
68, 81
69, 81
69, 81
39, 54
39, 53
39, 52
40, 53
39, 53
40, 53
41, 53
42, 53
43, 52
43, 52
61, 89
62, 88
63, 88
64, 87
65, 87
64, 87
65, 86
65, 86
43, 79
44, 79
43, 78
44, 78
43, 78
44, 78
43, 79
43, 79
21, 49
22, 50
21, 50
20, 51
19, 50
20, 49
19, 50
19, 51
19, 51
53, 70
52, 71
51, 71
51, 72
50, 71
49, 71
49, 71
41, 56
40, 56
39, 55
40, 54
41, 54
41, 53
41, 54
40, 55
40, 55
36, 50
37, 51
38, 51
38, 50
39, 51
38, 51
37, 51
37, 50
37, 50
41, 48
42, 49
43, 49
44, 48
44, 49
43, 49
42, 49
43, 49
43, 49
55, 50
54, 51
53, 52
53, 51
52, 50
53, 50
52, 49
51, 50
52, 51
51, 51
51, 51
41, 57
41, 56
40, 56
39, 55
40, 56
40, 56
50, 52
49, 53
49, 54
49, 55
49, 54
49, 54
51, 68
50, 68
51, 68
50, 67
50, 66
50, 67
51, 67
51, 67
34, 54
33, 53
34, 52
34, 51
35, 52
35, 51
36, 51
35, 51
36, 51
36, 51
52, 71
53, 70
52, 70
53, 71
52, 71
52, 70
53, 69
54, 69
54, 68
53, 67
53, 67
57, 65
57, 66
58, 67
57, 68
58, 68
58, 67
59, 67
60, 68
61, 67
61, 67
32, 63
32, 62
33, 61
34, 60
34, 59
34, 59
39, 55
38, 56
39, 55
38, 56
38, 55
38, 56
39, 56
38, 55
38, 55
61, 67
61, 66
62, 66
63, 65
64, 66
64, 66
52, 67
51, 66
52, 66
53, 65
52, 65
51, 65
51, 66
51, 66
50, 70
51, 70
52, 69
53, 69
52, 69
52, 70
51, 70
52, 71
52, 72
52, 72
37, 51
38, 51
37, 50
37, 51
38, 51
37, 52
38, 53
39, 53
39, 53
64, 85
63, 86
63, 85
63, 86
63, 87
64, 88
65, 89
65, 89
35, 50
36, 49
36, 48
36, 47
37, 48
36, 47
36, 47
20, 50
20, 51
21, 52
21, 53
22, 54
21, 54
20, 55
21, 56
20, 56
19, 57
19, 57
42, 80
41, 80
42, 81
41, 80
42, 80
42, 79
42, 79
33, 58
34, 57
34, 58
35, 59
34, 58
33, 57
34, 58
33, 57
34, 56
34, 57
34, 57
42, 49
41, 48
42, 47
41, 48
40, 49
39, 49
40, 49
40, 50
39, 49
40, 50
40, 50
51, 68
51, 67
52, 68
52, 67
53, 66
52, 65
51, 64
51, 64
41, 54
41, 55
41, 56
40, 56
39, 57
38, 58
38, 57
37, 56
37, 55
36, 55
36, 55
41, 51
40, 50
39, 51
39, 52
38, 51
39, 52
38, 51
37, 50
37, 50
70, 82
69, 81
70, 82
71, 81
72, 81
73, 81
73, 80
73, 81
73, 81
48, 55
48, 54
47, 54
48, 53
49, 52
49, 53
49, 52
49, 52
46, 81
47, 82
48, 82
49, 83
48, 83
47, 84
48, 84
49, 85
49, 85
37, 55
37, 56
36, 57
35, 56
36, 57
37, 57
36, 58
36, 58
61, 68
61, 69
60, 70
60, 71
61, 71
60, 72
60, 73
61, 74
61, 74
61, 35
60, 36
59, 35
58, 35
59, 34
60, 34
61, 33
61, 33
43, 51
43, 52
42, 53
41, 52
40, 52
41, 53
40, 54
39, 54
40, 53
40, 53
49, 59
48, 59
49, 58
50, 59
51, 60
52, 61
52, 60
52, 61
51, 60
51, 60
51, 52
50, 52
49, 52
48, 51
48, 50
47, 49
46, 50
47, 51
47, 51
37, 56
38, 57
39, 58
40, 59
41, 60
42, 61
44, 63
45, 64
46, 65
47, 66
48, 67
49, 68
50, 69
50, 69
40, 54
41, 55
42, 56
43, 57
45, 59
46, 60
47, 61
48, 62
49, 63
50, 64
51, 65
51, 65
53, 73
53, 74
53, 75
52, 76
52, 76
53, 75
53, 75
53, 75
52, 74
52, 74
53, 75
53, 75
53, 75
65, 67
65, 67
64, 68
63, 69
62, 70
61, 71
62, 70
62, 70
61, 71
60, 72
60, 72
37, 48
38, 49
39, 50
38, 49
38, 49
39, 50
40, 51
41, 52
42, 53
43, 54
43, 54
60, 34
59, 35
58, 36
59, 37
59, 37
58, 38
57, 39
56, 40
55, 41
54, 42
53, 43
53, 43
38, 49
38, 49
39, 50
40, 51
41, 52
42, 51
42, 51
41, 51
41, 51
42, 52
43, 53
44, 54
46, 56
47, 57
48, 58
49, 59
50, 60
51, 61
52, 62
52, 63
52, 64
52, 65
52, 65
52, 65
53, 66
54, 67
53, 67
53, 67
54, 68
55, 69
56, 68
56, 68
56, 69
56, 70
56, 70
35, 58
34, 59
34, 59
35, 60
36, 61
37, 62
38, 63
39, 64
38, 64
38, 64
39, 65
40, 66
40, 66
41, 54
42, 55
43, 56
45, 58
46, 59
47, 60
48, 61
49, 62
50, 63
51, 64
52, 65
53, 66
54, 67
54, 67
37, 59
38, 60
39, 61
40, 62
41, 63
42, 64
43, 65
44, 66
43, 66
43, 66
44, 67
44, 67
43, 78
44, 77
45, 76
46, 75
47, 74
48, 73
47, 74
47, 74
47, 74
60, 75
59, 76
58, 76
57, 76
56, 76
56, 75
56, 75
55, 76
56, 76
56, 76
55, 77
55, 77
55, 76
55, 76
50, 53
51, 54
52, 55
53, 56
54, 57
54, 57
55, 58
56, 59
57, 60
57, 60
52, 61
53, 62
52, 63
52, 63
53, 64
54, 64
54, 64
54, 64
52, 67
53, 68
54, 69
55, 70
56, 70
57, 70
58, 70
59, 70
59, 70
72, 80
73, 79
73, 79
72, 79
71, 79
70, 79
69, 79
68, 79
67, 79
67, 79
67, 79
64, 88
64, 87
64, 87
63, 86
63, 86
62, 87
61, 88
61, 89
61, 89
62, 90
62, 90
61, 89
61, 89
50, 86
51, 87
51, 88
51, 88
53, 89
54, 89
55, 89
56, 89
57, 89
58, 89
59, 89
60, 89
60, 88
60, 88
61, 89
60, 89
60, 89
60, 89
48, 52
49, 53
50, 54
51, 55
52, 56
53, 57
54, 58
55, 59
55, 59
18, 57
18, 57
19, 58
20, 59
22, 61
23, 62
24, 63
25, 64
26, 65
27, 66
28, 67
29, 68
29, 68
39, 56
40, 57
40, 56
40, 56
41, 57
43, 59
44, 60
45, 61
46, 62
47, 63
48, 64
49, 65
50, 66
51, 67
52, 68
53, 69
54, 70
55, 70
55, 70
55, 70
41, 51
42, 52
43, 53
44, 54
46, 56
47, 57
48, 58
49, 59
50, 60
51, 61
52, 62
53, 63
53, 63
56, 61
56, 62
56, 63
56, 63
56, 64
56, 65
56, 66
55, 66
55, 66
56, 67
56, 68
56, 68
56, 75
57, 74
58, 73
59, 72
60, 71
61, 71
62, 71
63, 71
64, 71
64, 71
51, 70
52, 70
53, 70
54, 70
55, 70
55, 69
55, 69
55, 69
44, 55
46, 57
47, 58
48, 59
49, 60
50, 61
51, 62
52, 63
53, 64
54, 65
55, 66
55, 66
48, 75
49, 76
50, 77
51, 78
52, 79
52, 80
52, 80
52, 81
51, 82
51, 82
52, 81
52, 81
58, 71
57, 72
56, 73
57, 74
57, 74
56, 75
55, 76
54, 77
53, 78
53, 79
53, 80
53, 80
30, 69
31, 70
32, 71
33, 72
34, 72
35, 72
36, 71
36, 71
37, 72
36, 72
36, 72
37, 72
37, 72
53, 68
52, 69
52, 70
52, 71
52, 72
52, 72
51, 73
51, 73
52, 73
52, 73
52, 73
52, 73
56, 60
55, 61
55, 61
56, 62
57, 63
58, 64
59, 65
59, 65
59, 66
59, 66
60, 67
61, 67
61, 67
62, 68
62, 68
68, 79
68, 79
67, 79
67, 79
66, 80
66, 81
66, 81
65, 80
65, 80
64, 81
63, 82
62, 83
61, 84
61, 84
52, 75
51, 75
51, 76
51, 76
50, 76
50, 76
51, 77
51, 77
50, 76
49, 75
49, 75
50, 75
50, 75
50, 75
50, 75
53, 66
54, 67
55, 68
56, 69
57, 70
56, 71
56, 71
56, 71
56, 71
57, 72
57, 73
57, 73
58, 74
57, 75
57, 75
58, 76
59, 77
60, 76
60, 76
60, 76
59, 73
58, 74
57, 75
57, 75
56, 75
55, 75
54, 75
54, 75
62, 89
62, 89
61, 88
60, 87
60, 86
60, 86
59, 85
58, 84
59, 84
59, 84
58, 83
57, 82
56, 82
56, 82
56, 82
41, 67
42, 68
43, 69
44, 70
45, 71
46, 71
47, 71
48, 71
49, 71
49, 71
54, 44
55, 45
56, 44
56, 44
55, 43
55, 43
56, 44
57, 45
59, 47
60, 48
61, 49
62, 50
63, 51
64, 52
65, 53
66, 54
68, 56
69, 57
69, 58
69, 59
69, 60
69, 60
61, 88
62, 87
63, 88
63, 88
64, 87
65, 86
66, 85
67, 84
68, 83
68, 83
55, 65
56, 66
57, 67
58, 68
57, 69
57, 69
58, 70
59, 71
60, 72
60, 73
60, 73
57, 70
57, 70
56, 70
56, 70
57, 71
58, 72
59, 73
60, 74
60, 74
61, 75
61, 75
60, 76
60, 76
45, 68
45, 67
45, 67
44, 67
44, 67
45, 68
47, 70
48, 71
49, 71
50, 71
51, 71
52, 71
53, 71
53, 71
54, 64
55, 65
56, 66
56, 66
57, 67
58, 68
59, 69
60, 70
61, 71
61, 71
52, 66
53, 67
54, 68
54, 68
53, 69
53, 70
53, 71
53, 72
53, 72
54, 81
55, 82
56, 83
57, 84
58, 85
59, 86
60, 87
60, 87
61, 88
62, 89
63, 90
63, 90
60, 85
59, 86
60, 85
60, 85
59, 86
58, 87
57, 88
56, 89
55, 90
54, 90
54, 90
61, 69
60, 70
60, 69
60, 69
60, 68
60, 68
59, 69
58, 70
57, 71
57, 71
60, 72
59, 73
58, 73
58, 73
57, 74
56, 73
56, 73
55, 74
54, 75
53, 76
53, 76
57, 81
58, 80
59, 79
60, 80
60, 80
60, 79
60, 78
60, 78
38, 73
39, 74
40, 75
41, 76
42, 77
43, 78
44, 79
45, 80
46, 80
47, 80
47, 80
53, 74
54, 75
55, 76
56, 77
57, 78
58, 79
59, 80
59, 80
60, 81
61, 82
61, 82
50, 76
50, 77
50, 78
50, 79
50, 80
50, 81
50, 82
50, 82
55, 76
56, 77
57, 78
57, 78
58, 79
57, 79
57, 79
58, 80
59, 81
60, 82
60, 82
54, 73
55, 73
55, 73
56, 74
57, 75
58, 76
58, 76
50, 72
51, 73
52, 74
53, 75
54, 76
53, 77
53, 77
53, 77
61, 75
61, 74
61, 74
62, 73
63, 73
64, 73
65, 73
66, 73
66, 73
66, 73
66, 73
54, 70
53, 70
52, 70
52, 70
52, 70
52, 70
53, 70
53, 70
52, 70
51, 69
51, 69
51, 69
57, 72
58, 72
58, 72
59, 73
60, 74
61, 75
62, 76
61, 76
61, 76
61, 76
59, 74
58, 75
57, 76
56, 77
55, 76
55, 76
55, 77
55, 78
55, 78
54, 72
55, 73
56, 74
57, 75
58, 76
58, 76
61, 77
61, 78
61, 79
62, 79
62, 79
62, 78
62, 78
61, 79
61, 79
63, 72
62, 73
61, 74
60, 75
60, 76
60, 76
53, 80
54, 79
55, 78
56, 77
57, 76
58, 75
59, 74
60, 73
60, 73
56, 67
57, 68
58, 69
59, 70
60, 69
60, 69
59, 68
59, 68
59, 69
59, 69
69, 82
70, 81
70, 80
70, 79
70, 78
70, 77
70, 76
70, 77
70, 77
69, 78
69, 78
69, 78
57, 69
56, 70
56, 70
57, 71
58, 71
59, 71
59, 72
59, 72
60, 71
60, 71
68, 61
69, 60
69, 60
68, 61
67, 62
66, 63
67, 62
67, 62
67, 62
54, 77
54, 77
55, 78
56, 79
57, 80
58, 80
58, 80
59, 81
59, 81
59, 81
59, 77
60, 78
61, 79
62, 80
61, 79
61, 79
62, 80
63, 79
63, 79
63, 79
59, 74
59, 74
58, 75
58, 74
58, 74
58, 75
59, 75
59, 75
58, 76
58, 77
58, 78
58, 79
58, 80
58, 80
59, 77
58, 78
57, 77
57, 77
56, 78
55, 79
54, 80
54, 81
55, 82
55, 82
54, 83
54, 84
54, 84
54, 77
54, 78
54, 78
55, 79
56, 80
57, 81
57, 82
57, 82
57, 82
57, 82
57, 82
57, 82
58, 77
58, 77
59, 78
60, 78
60, 78
59, 79
59, 80
59, 80
51, 81
52, 80
53, 80
53, 80
54, 79
55, 78
56, 77
56, 77
66, 72
65, 73
65, 73
66, 72
66, 72
65, 72
65, 72
66, 72
66, 72
65, 71
65, 71
66, 72
66, 72
66, 72
52, 70
53, 71
53, 72
53, 73
53, 74
53, 75
53, 76
53, 77
53, 78
54, 79
54, 79
54, 79
60, 77
60, 77
61, 78
62, 78
63, 78
62, 78
62, 78
63, 78
63, 78
68, 77
67, 77
66, 77
65, 77
64, 77
63, 77
62, 77
62, 77
62, 89
61, 88
60, 87
60, 86
60, 85
60, 84
60, 83
60, 82
60, 81
60, 80
60, 80
60, 80
61, 82
62, 82
63, 82
64, 82
63, 83
63, 83
63, 84
63, 84
64, 83
63, 82
63, 82
64, 82
64, 82
60, 83
60, 83
59, 82
58, 81
57, 80
56, 79
55, 80
55, 80
55, 79
55, 78
55, 78
60, 80
59, 80
59, 80
60, 81
60, 80
60, 80
60, 81
59, 81
59, 81
59, 81
61, 71
61, 71
60, 71
60, 71
59, 72
58, 73
58, 74
58, 75
58, 75
62, 77
63, 78
64, 79
65, 80
66, 81
67, 80
67, 80
68, 81
68, 82
68, 82
60, 70
61, 69
61, 69
62, 70
63, 71
64, 72
65, 73
66, 74
67, 74
67, 74
68, 75
68, 75
55, 89
56, 88
57, 87
58, 86
58, 85
58, 85
56, 78
56, 78
57, 77
56, 76
56, 76
57, 77
58, 77
58, 77
58, 72
59, 73
60, 74
61, 75
61, 75
62, 76
62, 76
46, 81
46, 81
47, 80
48, 79
49, 78
48, 77
48, 77
48, 76
48, 76
49, 75
50, 74
51, 73
51, 73
66, 63
65, 64
64, 65
63, 66
62, 67
61, 68
61, 69
61, 70
60, 71
60, 71
61, 72
61, 72
58, 84
58, 84
59, 85
60, 86
59, 86
59, 86
60, 87
60, 87
62, 75
62, 75
61, 74
61, 73
61, 72
61, 71
61, 70
61, 70
61, 76
60, 75
59, 74
58, 73
57, 72
56, 71
56, 71
57, 81
57, 82
57, 83
57, 84
57, 85
57, 85
57, 84
57, 84
57, 84
57, 84
57, 84
58, 81
59, 80
60, 79
61, 79
61, 80
61, 80
61, 79
61, 79
61, 79
58, 82
57, 83
56, 84
55, 85
54, 86
54, 87
54, 87
54, 87
59, 77
60, 77
61, 77
62, 77
62, 77
62, 77
61, 77
61, 77
61, 77
57, 78
58, 79
59, 80
60, 80
61, 80
62, 80
63, 80
64, 80
64, 80
62, 71
63, 71
64, 71
64, 71
64, 71
64, 71
64, 71
64, 71
64, 71
64, 80
64, 80
65, 81
66, 82
67, 82
67, 82
68, 83
68, 84
68, 84
68, 84
68, 84
69, 84
69, 84
69, 84
56, 79
57, 78
57, 78
58, 79
57, 80
57, 80
58, 81
59, 80
59, 80
59, 81
59, 82
59, 82
65, 73
64, 74
63, 75
62, 75
62, 75
61, 76
61, 76
67, 76
66, 77
65, 78
64, 79
64, 80
64, 80
63, 81
62, 82
61, 83
61, 82
61, 82
60, 83
60, 83
58, 79
57, 78
58, 78
58, 78
57, 77
56, 76
55, 77
55, 77
54, 76
53, 75
53, 75
69, 81
70, 80
70, 79
70, 78
70, 77
70, 77
70, 77
70, 77
55, 83
56, 82
57, 81
58, 80
58, 81
58, 81
58, 80
58, 79
58, 78
58, 77
58, 77
52, 74
53, 75
54, 76
55, 77
56, 78
57, 79
58, 80
59, 80
60, 80
61, 80
61, 80
59, 76
60, 77
61, 78
61, 79
61, 79
62, 80
61, 81
61, 81
61, 81
63, 83
62, 84
62, 85
62, 85
61, 86
60, 87
59, 87
59, 87
58, 87
57, 87
57, 87
58, 80
57, 79
56, 78
55, 77
54, 76
53, 75
53, 74
53, 73
53, 73
55, 78
55, 77
55, 77
55, 77
54, 76
54, 76
55, 77
55, 77
55, 77
56, 76
56, 76
56, 76
60, 81
60, 81
60, 81
61, 81
61, 81
60, 81
60, 81
61, 80
61, 80
60, 81
60, 81
60, 81
62, 79
62, 79
63, 78
64, 78
64, 78
65, 77
66, 78
66, 78
67, 77
68, 76
68, 76
53, 74
53, 75
53, 76
53, 77
53, 78
53, 79
53, 79
54, 76
55, 77
56, 78
57, 79
58, 80
59, 81
60, 82
60, 82
68, 85
67, 86
68, 85
68, 85
67, 86
68, 87
68, 87
68, 87
60, 77
59, 78
58, 79
57, 80
56, 81
55, 82
55, 82
62, 81
62, 81
63, 80
64, 79
64, 78
64, 77
64, 77
64, 76
64, 76
64, 76
64, 76
64, 76
57, 70
58, 70
59, 70
59, 70
58, 69
58, 69
59, 70
59, 70
60, 71
59, 72
58, 73
58, 74
58, 75
58, 76
58, 77
58, 78
58, 79
58, 79
69, 76
69, 76
68, 76
67, 76
66, 76
65, 76
64, 76
63, 76
63, 76
63, 76
58, 83
58, 83
59, 82
59, 82
59, 81
59, 81
58, 82
59, 83
59, 83
58, 84
57, 84
56, 84
55, 84
55, 84
58, 87
59, 87
59, 87
59, 87
59, 87
59, 86
59, 86
59, 87
59, 87
59, 87
59, 86
59, 85
59, 84
59, 84
59, 83
59, 82
59, 81
59, 81
64, 72
64, 73
64, 72
64, 72
64, 73
64, 74
64, 75
63, 75
63, 75
64, 76
64, 77
64, 78
64, 78
61, 84
60, 83
60, 83
61, 84
61, 85
61, 86
61, 87
61, 87
57, 77
58, 77
58, 77
59, 78
59, 77
59, 77
59, 76
59, 76
60, 77
60, 77
61, 78
62, 79
62, 79
69, 76
69, 76
68, 77
67, 78
66, 79
65, 80
65, 80
63, 81
62, 81
63, 82
63, 82
62, 81
61, 81
60, 81
59, 81
58, 81
57, 81
56, 81
56, 81
58, 83
57, 83
57, 83
56, 84
56, 85
56, 85
56, 85
56, 85
56, 85
56, 85
62, 76
62, 76
62, 75
62, 74
61, 73
61, 73
62, 72
62, 71
62, 71
55, 86
56, 85
57, 84
58, 83
59, 82
59, 81
59, 82
59, 82
60, 81
60, 81
61, 82
61, 82
61, 82
57, 76
57, 75
57, 74
57, 73
57, 72
57, 72
57, 72
57, 72
57, 72
57, 72
62, 82
62, 83
62, 82
62, 82
62, 83
62, 84
62, 84
62, 84
62, 80
63, 81
64, 82
64, 83
64, 83
65, 84
65, 84
59, 82
58, 83
57, 84
56, 85
55, 85
54, 86
54, 86
53, 85
52, 85
52, 85
66, 80
66, 80
65, 79
64, 78
64, 77
64, 76
64, 75
64, 75
60, 87
60, 87
59, 87
58, 87
57, 87
56, 86
56, 86
57, 87
57, 87
57, 87
63, 77
63, 77
64, 78
65, 79
66, 79
65, 80
65, 80
66, 79
66, 79
66, 79
66, 79
66, 79
66, 79
60, 87
60, 87
59, 86
58, 85
57, 84
56, 83
56, 82
56, 81
56, 80
56, 80
64, 83
63, 82
63, 81
63, 81
62, 80
62, 81
62, 81
61, 80
60, 79
60, 80
60, 80
60, 81
60, 81
60, 80
60, 80
60, 80
64, 77
64, 77
63, 78
62, 79
61, 79
60, 79
60, 79
55, 85
55, 85
54, 84
53, 84
52, 84
51, 84
51, 84
51, 85
51, 85
51, 84
51, 84
50, 84
50, 84
50, 84
52, 78
52, 78
53, 77
52, 78
52, 78
53, 77
54, 76
55, 75
55, 75
56, 86
56, 86
57, 85
58, 84
59, 83
60, 82
60, 81
60, 81
61, 80
62, 79
63, 78
64, 77
64, 77
58, 73
59, 74
58, 73
58, 73
59, 74
59, 73
59, 73
60, 74
61, 75
62, 76
62, 76
56, 81
57, 80
58, 79
58, 78
58, 78
58, 79
58, 80
58, 80
58, 79
58, 79
58, 79
58, 79
63, 83
64, 82
65, 82
66, 82
66, 82
66, 82
57, 78
57, 77
57, 76
57, 75
57, 74
57, 73
56, 72
56, 72
57, 72
57, 72
57, 72
58, 69
58, 69
58, 70
58, 71
59, 72
59, 72
58, 71
59, 70
59, 70
59, 70
57, 82
58, 83
59, 82
59, 82
60, 83
61, 84
61, 85
61, 85
61, 85
61, 85
61, 85
61, 85
62, 82
62, 82
61, 82
61, 82
62, 82
62, 82
62, 82
62, 82
61, 81
61, 81
62, 80
62, 80
62, 80
67, 88
66, 89
66, 90
66, 90
65, 90
64, 90
63, 90
62, 90
62, 90
64, 77
63, 78
63, 78
64, 79
64, 80
64, 81
64, 81
53, 84
54, 83
54, 84
54, 84
55, 83
56, 82
57, 81
58, 80
58, 80
61, 72
60, 72
60, 72
59, 73
58, 73
57, 73
56, 73
55, 72
55, 72
56, 73
55, 73
55, 73
54, 72
54, 72
54, 72
58, 80
58, 80
57, 79
56, 78
55, 77
54, 76
54, 76
54, 76
54, 76
54, 75
54, 75
55, 74
55, 74
55, 74
61, 81
61, 80
61, 79
61, 78
61, 77
61, 76
60, 77
60, 77
61, 76
61, 75
60, 74
60, 74
60, 74
61, 78
60, 77
59, 76
58, 76
57, 75
57, 75
56, 76
55, 76
54, 76
54, 76
61, 79
60, 78
59, 78
59, 78
58, 77
58, 76
58, 76
57, 75
56, 74
55, 74
54, 74
54, 74
60, 71
60, 72
60, 72
61, 72
62, 72
63, 72
63, 72
63, 72
63, 72
63, 72
63, 72
65, 75
65, 75
64, 74
63, 73
62, 72
61, 71
61, 71
59, 73
59, 73
58, 74
57, 75
56, 76
56, 75
56, 75
55, 76
54, 77
53, 78
53, 78
59, 80
60, 81
61, 82
62, 83
63, 84
64, 85
65, 86
66, 87
67, 86
67, 86
68, 87
68, 87
61, 79
62, 78
62, 77
62, 77
63, 76
64, 75
65, 74
66, 73
66, 73
59, 79
60, 78
61, 77
62, 76
63, 75
64, 74
65, 73
66, 72
67, 71
68, 70
68, 70
56, 75
57, 76
58, 77
57, 78
57, 78
58, 79
57, 79
57, 79
58, 80
59, 79
59, 79
59, 79
65, 81
64, 80
63, 79
62, 78
62, 78
62, 77
62, 76
62, 75
62, 74
62, 74
51, 83
52, 82
53, 81
54, 80
55, 80
55, 81
55, 81
56, 80
57, 80
58, 80
58, 80
59, 78
60, 79
60, 79
59, 78
58, 78
58, 78
57, 77
56, 76
56, 75
56, 75
60, 84
59, 83
58, 82
57, 82
56, 81
56, 81
55, 80
55, 80
54, 81
54, 81
55, 73
56, 74
57, 75
58, 76
59, 77
60, 78
61, 79
61, 80
61, 80
63, 78
62, 79
61, 80
60, 81
59, 80
59, 80
59, 81
59, 81
55, 77
56, 78
57, 79
58, 80
59, 81
60, 82
61, 81
61, 81
62, 82
62, 82
57, 79
57, 79
57, 79
56, 79
56, 79
57, 79
57, 79
57, 79
57, 79
57, 79
58, 88
59, 89
60, 90
61, 90
62, 89
62, 89
63, 90
63, 90
56, 74
57, 73
58, 73
59, 73
60, 72
60, 72
60, 72
61, 90
61, 90
60, 89
59, 88
58, 88
57, 88
56, 88
55, 88
55, 88
54, 88
53, 88
53, 88
67, 78
68, 77
69, 76
69, 75
69, 74
69, 73
69, 72
68, 71
68, 71
68, 71
58, 73
59, 74
58, 73
58, 73
59, 74
60, 75
61, 76
62, 77
62, 77
63, 75
63, 75
64, 76
65, 77
66, 78
67, 79
68, 79
68, 79
68, 79
68, 79
63, 82
63, 82
63, 82
63, 82
63, 81
63, 81
63, 82
63, 82
63, 82
62, 81
62, 81
63, 82
63, 82
61, 77
61, 78
62, 79
61, 79
60, 79
61, 80
60, 81
60, 80
59, 81
58, 82
58, 82
68, 70
67, 70
68, 69
67, 69
67, 68
68, 68
67, 67
67, 66
66, 66
66, 66
58, 80
58, 81
57, 80
57, 79
56, 80
56, 81
55, 80
56, 80
56, 80
54, 79
53, 80
54, 81
54, 82
53, 82
53, 83
53, 82
54, 83
53, 83
52, 82
52, 82
64, 81
65, 81
64, 80
63, 81
64, 81
65, 81
64, 80
63, 81
64, 81
64, 81
58, 81
58, 80
58, 81
57, 82
58, 83
57, 84
58, 84
58, 85
58, 85
62, 83
62, 84
63, 84
62, 84
61, 83
62, 82
62, 81
61, 82
61, 82
64, 90
63, 91
64, 91
64, 90
65, 91
64, 92
64, 92
55, 82
54, 83
55, 82
54, 81
53, 80
53, 80
59, 71
60, 72
59, 71
59, 70
60, 70
61, 70
61, 70
62, 73
61, 72
61, 73
60, 74
61, 75
62, 74
61, 73
62, 72
63, 71
64, 70
64, 70
62, 79
61, 78
60, 77
61, 77
61, 78
61, 78
54, 73
55, 73
56, 74
57, 75
57, 76
57, 75
56, 75
55, 75
55, 75
62, 75
63, 76
64, 76
65, 76
66, 76
67, 75
67, 75
69, 70
70, 69
71, 70
72, 71
71, 72
71, 72
67, 78
67, 77
67, 78
67, 77
66, 78
66, 79
65, 80
65, 80
54, 87
54, 88
53, 88
53, 87
53, 86
52, 87
52, 86
52, 86
68, 88
69, 87
69, 88
70, 88
70, 89
69, 89
68, 88
68, 88
57, 75
58, 76
59, 76
60, 75
59, 75
59, 74
58, 73
59, 72
59, 72
57, 80
56, 79
57, 79
56, 78
55, 78
56, 79
55, 80
56, 80
56, 80
60, 70
59, 71
60, 71
59, 70
60, 71
60, 72
61, 73
61, 73
59, 79
59, 78
59, 79
60, 79
59, 80
59, 81
59, 80
59, 80
65, 72
66, 72
65, 73
64, 72
65, 72
66, 71
65, 70
64, 71
64, 71
55, 76
54, 75
55, 74
54, 74
53, 75
53, 75
57, 82
57, 83
57, 84
58, 85
57, 85
56, 86
57, 87
58, 88
57, 89
58, 89
58, 89
68, 87
68, 86
69, 86
69, 87
68, 86
69, 86
68, 85
67, 85
66, 86
67, 87
67, 87
66, 79
65, 78
65, 77
64, 76
65, 76
65, 75
64, 74
65, 73
65, 73
61, 83
62, 83
63, 82
62, 82
62, 81
61, 82
62, 83
62, 83
59, 73
60, 72
59, 71
58, 70
58, 69
58, 69
60, 70
61, 70
61, 71
62, 71
63, 71
62, 72
61, 71
61, 72
60, 71
59, 71
59, 71
72, 72
71, 73
72, 72
73, 73
72, 72
71, 71
70, 70
70, 71
70, 72
70, 72
63, 82
64, 81
63, 80
62, 79
61, 79
60, 80
59, 80
59, 79
59, 79
57, 80
58, 79
59, 78
60, 78
60, 79
59, 80
59, 81
60, 82
60, 81
60, 81
68, 74
67, 74
67, 75
66, 75
67, 74
67, 74
62, 79
62, 78
61, 77
61, 78
61, 79
60, 79
61, 79
61, 79
53, 81
53, 82
52, 81
52, 80
53, 80
54, 80
55, 79
55, 79
52, 79
52, 80
51, 81
52, 82
51, 81
52, 82
52, 81
51, 80
51, 80
60, 72
61, 73
60, 73
60, 74
60, 73
61, 72
62, 71
61, 71
61, 71
63, 93
62, 93
63, 92
64, 92
65, 92
65, 91
65, 91
59, 81
58, 82
57, 83
56, 82
57, 82
56, 81
55, 81
54, 81
54, 80
53, 81
53, 81
58, 86
59, 85
60, 85
61, 86
62, 87
61, 86
60, 86
61, 87
61, 87
64, 69
63, 68
63, 69
63, 68
64, 69
65, 69
65, 68
65, 67
64, 66
64, 66
64, 70
64, 71
65, 70
66, 69
67, 70
66, 70
67, 71
67, 70
68, 71
67, 70
67, 70
55, 81
55, 80
56, 81
55, 80
55, 79
55, 79
67, 65
68, 66
68, 67
67, 66
68, 66
68, 67
68, 67
53, 85
54, 84
53, 85
54, 84
54, 85
54, 84
55, 85
56, 85
56, 86
57, 85
57, 85
57, 88
56, 87
56, 87
55, 86
54, 85
53, 84
52, 83
52, 83
60, 78
59, 77
58, 76
57, 75
56, 74
55, 73
54, 72
53, 71
52, 70
52, 70
57, 68
56, 67
56, 67
55, 66
54, 65
53, 64
52, 64
51, 64
51, 64
58, 78
57, 77
57, 77
56, 76
55, 75
54, 74
54, 74
53, 73
52, 72
52, 72
56, 84
55, 83
54, 82
53, 81
53, 81
52, 80
51, 79
50, 78
49, 78
49, 78
61, 82
60, 81
59, 80
58, 79
57, 78
56, 77
56, 77
55, 76
55, 76
55, 76
55, 79
56, 78
57, 77
58, 76
59, 75
60, 74
60, 73
60, 73
60, 72
60, 72
54, 80
55, 79
56, 78
57, 77
58, 76
59, 75
59, 75
60, 74
61, 73
61, 73
64, 90
63, 89
62, 88
62, 88
61, 87
60, 86
60, 86
64, 72
63, 71
62, 70
61, 69
60, 68
59, 67
58, 66
58, 66
52, 74
51, 73
50, 72
49, 71
48, 70
47, 69
46, 68
46, 68
46, 68
70, 72
71, 73
70, 73
69, 72
68, 71
67, 70
66, 69
65, 68
64, 67
63, 66
62, 65
62, 65
63, 66
64, 67
65, 68
66, 69
66, 69
67, 70
67, 70
68, 67
67, 68
66, 68
66, 68
66, 68
66, 68
60, 70
59, 69
58, 68
58, 68
57, 67
57, 67
57, 67
57, 67
56, 66
56, 66
63, 67
63, 67
62, 67
61, 67
60, 67
60, 67
60, 67
60, 67
66, 86
65, 85
64, 84
63, 83
63, 83
62, 82
61, 81
60, 80
60, 80
58, 70
57, 69
57, 69
56, 68
55, 67
54, 66
53, 65
53, 65
53, 65
52, 64
52, 64
60, 86
59, 85
58, 84
57, 83
57, 83
56, 82
55, 81
54, 80
53, 79
53, 79
66, 73
66, 73
65, 72
64, 71
63, 70
62, 69
61, 68
60, 67
60, 67
61, 82
61, 83
61, 84
61, 85
61, 86
61, 86
61, 87
61, 87
61, 88
61, 88
66, 69
65, 68
65, 68
64, 67
63, 66
63, 66
50, 79
49, 78
48, 77
47, 76
46, 75
46, 75
46, 75
45, 74
44, 73
43, 72
43, 72
55, 79
54, 78
53, 77
52, 76
51, 75
51, 75
51, 82
50, 81
50, 81
49, 80
48, 79
47, 78
46, 77
45, 76
45, 76
53, 65
54, 66
54, 66
54, 66
55, 67
55, 67
56, 68
56, 68
56, 68
59, 79
58, 78
57, 77
56, 76
56, 76
55, 75
55, 75
55, 75
54, 74
53, 73
53, 73
55, 65
55, 65
54, 64
54, 64
53, 63
52, 62
52, 62
51, 61
51, 61
63, 66
62, 67
61, 68
60, 69
59, 70
59, 70
61, 66
62, 65
63, 64
64, 63
65, 62
65, 62
57, 65
57, 65
56, 64
55, 63
54, 62
54, 62
48, 77
47, 76
46, 75
45, 74
44, 73
43, 72
42, 71
42, 71
41, 70
41, 69
41, 69
42, 71
41, 70
41, 70
41, 70
40, 69
39, 68
39, 68
59, 85
58, 84
58, 84
57, 83
56, 82
55, 81
55, 81
54, 80
53, 79
53, 79
50, 74
50, 74
49, 73
48, 72
47, 71
47, 70
47, 69
47, 68
47, 67
47, 67
54, 75
53, 74
52, 73
51, 72
51, 72
51, 72
50, 71
50, 71
59, 68
58, 69
57, 70
56, 71
55, 72
55, 72
54, 73
54, 73
53, 74
52, 75
52, 75
53, 71
54, 70
55, 69
56, 68
57, 67
58, 66
59, 65
60, 64
60, 63
60, 62
60, 62
45, 67
44, 66
43, 65
42, 64
41, 64
40, 64
40, 64
66, 69
65, 68
64, 67
63, 66
62, 65
62, 65
61, 64
61, 64
60, 63
59, 62
59, 62
59, 71
59, 71
58, 70
57, 69
56, 68
55, 67
54, 66
54, 66
62, 87
63, 86
63, 86
64, 85
64, 85
64, 85
65, 84
66, 83
66, 83
66, 83
61, 73
61, 73
60, 72
59, 71
58, 70
57, 69
56, 68
55, 67
54, 66
53, 65
53, 65
53, 79
54, 78
55, 77
55, 77
56, 76
57, 75
58, 74
59, 73
59, 73
52, 65
52, 66
52, 66
52, 66
52, 67
52, 68
52, 68
52, 68
65, 67
64, 66
63, 65
62, 64
61, 64
60, 64
59, 64
59, 64
51, 69
51, 69
50, 68
49, 67
48, 66
47, 65
47, 65
53, 65
52, 64
51, 63
50, 62
49, 61
48, 60
48, 60
58, 63
57, 62
56, 61
55, 60
55, 60
54, 59
54, 59
58, 74
57, 74
56, 74
56, 74
55, 74
54, 74
54, 74
53, 79
52, 78
51, 77
51, 77
50, 76
49, 75
49, 74
49, 74
55, 61
55, 61
56, 60
56, 60
57, 59
58, 58
58, 57
58, 57
58, 56
58, 56
46, 66
45, 66
44, 66
43, 66
42, 66
41, 66
40, 66
39, 66
39, 66
65, 82
64, 81
63, 80
62, 79
61, 78
61, 78
55, 67
54, 66
53, 65
52, 64
51, 63
51, 63
51, 63
53, 73
52, 72
51, 71
50, 70
49, 69
49, 69
49, 69
61, 63
62, 64
63, 65
63, 66
63, 67
63, 68
63, 69
63, 70
63, 70
54, 64
55, 63
56, 62
57, 61
57, 61
58, 61
59, 61
60, 61
60, 61
50, 60
49, 59
48, 58
48, 58
47, 57
46, 56
46, 54
47, 53
48, 52
49, 51
50, 50
50, 50
50, 50
50, 50
49, 70
48, 69
48, 69
47, 68
47, 68
47, 68
42, 70
42, 70
43, 71
44, 72
45, 73
46, 74
46, 74
47, 75
48, 76
48, 76
48, 76
58, 69
57, 68
56, 67
55, 66
54, 65
53, 64
53, 64
52, 63
51, 62
50, 61
50, 61
59, 63
59, 63
59, 64
59, 65
59, 66
59, 67
59, 67
53, 69
54, 70
55, 71
55, 71
56, 72
57, 73
57, 73
44, 75
44, 75
43, 74
42, 73
41, 72
41, 72
46, 64
45, 63
44, 62
44, 60
45, 59
46, 58
47, 57
48, 56
49, 55
49, 55
49, 55
49, 55
40, 68
41, 68
42, 68
42, 68
43, 68
43, 68
44, 68
45, 68
46, 68
46, 68
64, 63
63, 64
62, 65
61, 66
60, 67
60, 67
51, 74
50, 73
49, 72
48, 71
47, 70
47, 68
48, 67
49, 66
50, 65
50, 64
50, 63
50, 61
50, 60
50, 59
50, 58
50, 57
50, 56
50, 55
50, 54
50, 53
49, 54
48, 55
48, 55
39, 63
39, 63
38, 62
37, 61
36, 60
35, 59
35, 59
64, 71
64, 71
65, 71
66, 71
67, 71
68, 71
69, 71
69, 71
59, 66
58, 65
57, 64
57, 64
57, 64
56, 63
55, 62
54, 61
53, 60
53, 60
45, 67
44, 66
44, 66
43, 65
42, 64
41, 63
40, 62
39, 61
38, 60
38, 60
34, 58
34, 58
33, 57
32, 56
32, 56
31, 55
30, 54
29, 53
28, 52
27, 51
27, 51
38, 65
38, 65
37, 64
37, 63
37, 62
37, 61
37, 60
37, 59
37, 58
37, 58
48, 69
49, 70
49, 70
49, 70
50, 71
51, 72
52, 73
53, 74
53, 74
57, 57
56, 57
55, 57
54, 57
53, 57
53, 57
48, 60
49, 59
50, 58
50, 57
50, 56
50, 55
50, 54
50, 53
50, 52
50, 51
50, 51
49, 52
49, 52
48, 53
47, 54
47, 54
61, 60
62, 59
63, 58
63, 57
63, 56
63, 56
63, 55
63, 55
63, 55
48, 55
47, 55
46, 55
46, 54
47, 53
48, 52
49, 51
50, 50
49, 51
49, 51
48, 52
48, 52
62, 77
62, 77
62, 77
63, 76
63, 75
63, 75
49, 60
48, 59
48, 58
48, 58
48, 57
48, 56
48, 56
40, 73
39, 74
39, 74
38, 75
37, 76
36, 77
36, 77
53, 73
53, 73
52, 72
52, 72
51, 71
50, 70
49, 69
49, 69
47, 56
46, 57
46, 57
47, 56
48, 55
49, 54
50, 53
50, 52
49, 53
48, 54
47, 55
46, 56
46, 56
47, 55
48, 54
49, 53
50, 52
50, 51
50, 50
49, 51
49, 51
52, 64
53, 65
54, 66
54, 66
54, 66
55, 67
56, 67
56, 67
48, 76
49, 75
50, 74
51, 73
52, 72
53, 71
54, 70
54, 70
58, 66
57, 65
57, 65
56, 64
55, 63
54, 62
53, 61
53, 61
56, 72
56, 72
55, 71
54, 70
53, 69
52, 68
51, 67
50, 66
49, 65
48, 64
48, 64
48, 68
47, 67
46, 66
45, 65
44, 64
43, 63
43, 63
49, 74
49, 74
48, 73
48, 73
47, 72
46, 71
45, 70
44, 69
44, 69
49, 51
48, 52
48, 52
47, 53
46, 54
46, 54
47, 53
48, 52
49, 51
50, 50
50, 50
50, 50
50, 50
50, 50
50, 50
49, 51
48, 52
47, 53
47, 53
53, 58
52, 57
51, 56
50, 55
49, 54
48, 53
47, 52
46, 51
45, 50
45, 50
37, 76
38, 75
39, 74
40, 73
41, 72
42, 71
43, 70
44, 69
45, 68
45, 68
55, 71
56, 72
57, 73
57, 73
58, 74
58, 74
58, 74
68, 72
67, 73
66, 74
65, 75
64, 76
63, 77
62, 78
61, 79
61, 79
49, 51
48, 50
47, 49
46, 48
45, 47
44, 46
44, 46
45, 47
46, 48
47, 49
48, 50
49, 50
48, 49
47, 48
47, 48
43, 63
44, 64
45, 65
46, 66
46, 66
46, 66
45, 68
46, 67
47, 66
47, 66
48, 65
49, 64
50, 62
50, 61
50, 60
50, 59
50, 58
50, 57
50, 56
50, 56
49, 55
50, 54
50, 54
51, 53
52, 52
53, 51
54, 50
55, 49
55, 49
52, 56
51, 55
50, 54
50, 54
49, 53
48, 52
47, 51
46, 50
45, 49
45, 49
46, 54
46, 54
47, 53
48, 52
49, 51
50, 50
50, 50
50, 50
49, 51
48, 52
47, 53
46, 54
46, 54
27, 51
28, 52
29, 53
30, 54
31, 55
32, 56
32, 56
49, 53
50, 54
50, 54
51, 55
52, 56
53, 57
53, 57
48, 68
47, 67
46, 66
46, 65
46, 64
46, 64
46, 63
46, 63
52, 60
52, 60
51, 60
51, 60
50, 60
49, 60
48, 60
48, 59
49, 58
50, 57
50, 56
50, 55
50, 54
50, 53
50, 52
50, 51
50, 51
64, 74
64, 74
64, 74
65, 73
66, 72
67, 71
67, 71
68, 70
68, 70
44, 49
43, 48
42, 47
42, 47
43, 48
44, 49
45, 50
46, 50
47, 50
48, 50
49, 50
49, 50
49, 50
49, 50
52, 74
52, 74
52, 74
52, 74
52, 74
52, 74
52, 74
52, 74
55, 68
54, 69
53, 70
52, 70
51, 70
51, 70
51, 70
50, 70
50, 70
50, 70
52, 60
51, 59
51, 59
50, 58
49, 57
48, 56
47, 56
47, 56
47, 56
47, 56
47, 65
46, 66
45, 67
44, 68
43, 69
42, 70
41, 71
41, 71
62, 56
61, 57
60, 58
59, 59
58, 60
57, 61
57, 61
38, 60
37, 59
36, 58
35, 57
34, 56
34, 55
34, 55
34, 55
34, 54
34, 53
34, 53
36, 57
35, 56
34, 55
34, 55
34, 55
34, 55
34, 55
46, 53
45, 52
44, 51
43, 50
43, 50
43, 50
43, 50
45, 68
44, 67
43, 66
42, 65
42, 64
42, 63
43, 61
44, 60
45, 59
46, 58
47, 57
46, 56
46, 56
48, 51
48, 51
47, 52
46, 53
45, 54
44, 55
44, 55
44, 55
43, 56
43, 56
31, 57
30, 58
29, 59
28, 60
27, 61
27, 61
58, 74
59, 75
60, 76
61, 77
62, 78
63, 79
64, 80
64, 80
64, 81
64, 81
46, 55
45, 54
45, 54
44, 53
43, 52
43, 52
43, 52
42, 51
42, 51
47, 55
48, 56
49, 57
50, 58
51, 59
52, 60
53, 61
54, 62
54, 62
60, 78
59, 77
59, 77
58, 76
57, 75
57, 75
46, 49
45, 49
44, 49
43, 49
42, 49
41, 49
41, 49
49, 55
48, 54
47, 53
47, 53
46, 52
45, 51
44, 50
43, 50
42, 50
42, 50
54, 48
53, 47
53, 47
52, 46
51, 45
50, 44
49, 43
48, 42
48, 42
48, 42
51, 69
52, 68
53, 67
53, 66
53, 65
53, 65
35, 52
36, 51
37, 50
38, 49
39, 48
40, 47
42, 47
43, 48
44, 49
45, 50
46, 50
47, 50
48, 50
49, 50
50, 50
50, 50
49, 49
49, 49
48, 48
48, 48
45, 62
45, 62
45, 60
46, 59
47, 58
48, 57
49, 56
48, 55
47, 54
47, 54
47, 54
49, 52
48, 53
47, 54
46, 55
46, 55
47, 54
48, 53
49, 52
50, 51
50, 50
50, 50
50, 50
50, 50
50, 50
69, 71
69, 72
69, 73
69, 74
69, 75
69, 76
69, 76
46, 66
47, 65
48, 64
50, 62
50, 61
50, 60
50, 59
50, 58
50, 57
50, 57
51, 56
51, 55
51, 54
51, 53
51, 52
51, 52
35, 54
36, 53
37, 52
38, 51
39, 50
40, 49
41, 48
42, 47
42, 47
54, 58
54, 58
55, 59
56, 60
57, 61
57, 61
41, 71
42, 70
43, 69
44, 68
44, 68
44, 68
51, 73
50, 72
49, 71
49, 71
49, 71
48, 70
47, 70
46, 70
46, 70
56, 60
56, 60
55, 59
54, 58
54, 58
54, 58
54, 58
46, 48
46, 47
46, 46
46, 45
46, 44
46, 43
46, 42
46, 42
42, 49
41, 48
40, 47
40, 47
40, 47
41, 48
42, 49
43, 50
44, 50
45, 50
46, 50
47, 50
48, 50
49, 50
48, 49
48, 49
48, 49
42, 48
43, 47
44, 46
44, 45
44, 44
44, 43
44, 42
44, 42
44, 41
44, 41
56, 60
55, 59
54, 58
53, 57
52, 56
51, 55
50, 54
49, 53
48, 52
48, 52
49, 49
49, 49
50, 50
51, 51
52, 52
52, 52
49, 43
50, 44
51, 45
52, 46
52, 46
53, 47
54, 48
55, 49
56, 50
56, 50
46, 70
46, 70
45, 69
45, 69
44, 68
43, 67
42, 66
42, 66
42, 66
42, 66
42, 66
68, 77
67, 78
66, 79
66, 80
66, 81
66, 82
66, 82
66, 82
49, 49
48, 48
47, 48
46, 48
45, 48
44, 48
44, 48
43, 48
44, 49
45, 50
46, 51
47, 52
48, 53
49, 54
50, 55
50, 55
50, 55
42, 50
43, 49
43, 48
43, 47
43, 46
44, 46
45, 47
46, 48
47, 49
48, 50
48, 50
47, 49
47, 49
28, 60
29, 59
30, 58
31, 57
32, 56
33, 55
33, 55
33, 55
34, 54
34, 54
47, 57
48, 58
48, 58
48, 58
49, 59
50, 60
50, 60
41, 50
40, 49
39, 48
38, 47
37, 46
36, 45
35, 44
34, 43
33, 42
32, 41
32, 41
45, 43
44, 44
44, 46
45, 47
46, 48
47, 49
48, 50
49, 50
50, 50
50, 50
49, 49
48, 48
47, 47
46, 47
45, 47
45, 47
52, 64
51, 63
50, 62
49, 61
48, 60
48, 60
47, 59
47, 59
57, 75
56, 74
55, 73
54, 72
53, 71
52, 70
51, 69
50, 68
50, 68
53, 59
53, 59
53, 59
52, 60
51, 61
50, 62
50, 62
63, 80
62, 79
61, 78
60, 77
60, 77
59, 76
58, 75
57, 74
56, 73
56, 73
56, 73
55, 61
55, 61
56, 60
56, 59
56, 58
56, 57
56, 56
56, 55
56, 54
56, 54
56, 54
49, 50
50, 51
51, 52
52, 52
53, 52
53, 52
45, 69
45, 69
45, 69
46, 70
47, 71
48, 72
48, 72
49, 73
49, 73
52, 53
53, 54
54, 54
54, 54
55, 54
55, 54
43, 56
44, 55
45, 54
45, 54
45, 54
45, 54
45, 54
45, 54
46, 53
46, 53
46, 53
45, 52
45, 52
44, 51
44, 50
44, 49
44, 48
44, 48
35, 55
35, 56
36, 55
35, 56
36, 56
37, 56
38, 55
37, 56
37, 56
48, 74
49, 75
48, 76
48, 77
47, 78
48, 77
49, 76
49, 75
49, 75
51, 53
51, 54
51, 55
51, 54
51, 55
50, 55
50, 55
45, 48
44, 47
43, 47
43, 46
44, 47
44, 47
49, 52
49, 51
49, 52
48, 53
49, 52
50, 52
50, 53
49, 52
49, 52
51, 56
51, 55
50, 56
49, 56
48, 57
48, 56
47, 57
47, 57
51, 67
51, 68
50, 67
49, 67
50, 68
50, 68
50, 61
50, 62
50, 61
50, 60
49, 59
50, 60
51, 59
50, 60
51, 60
50, 60
50, 60
44, 40
43, 39
44, 38
45, 38
44, 38
43, 38
42, 39
41, 39
42, 40
42, 41
42, 41
43, 49
44, 48
45, 47
44, 47
44, 46
44, 46
52, 53
52, 52
51, 53
52, 54
53, 54
52, 53
52, 53
50, 59
50, 60
51, 61
50, 60
51, 60
52, 59
53, 59
52, 58
52, 57
52, 57
47, 54
48, 55
49, 55
49, 54
50, 54
51, 54
51, 55
50, 56
50, 56
43, 49
43, 48
42, 49
42, 50
42, 51
42, 51
66, 81
67, 82
67, 81
67, 82
66, 81
65, 82
64, 83
64, 84
64, 83
64, 83
42, 65
43, 65
42, 65
41, 64
42, 63
42, 64
41, 64
42, 64
42, 63
42, 63
55, 49
56, 48
57, 47
56, 46
57, 47
57, 47
54, 54
55, 54
54, 54
53, 55
54, 55
53, 54
54, 53
54, 54
54, 54
47, 50
46, 49
47, 50
46, 49
45, 48
46, 47
47, 48
46, 47
47, 48
47, 47
47, 47
56, 72
55, 73
56, 73
55, 74
56, 74
55, 74
54, 73
55, 73
55, 73
57, 55
56, 54
55, 53
56, 54
57, 54
56, 53
55, 54
55, 53
54, 53
54, 53
48, 60
49, 61
50, 60
49, 61
49, 60
50, 61
49, 61
49, 61
31, 40
30, 40
30, 41
29, 40
28, 39
29, 40
29, 41
29, 41
49, 68
50, 69
50, 68
49, 69
48, 70
49, 71
48, 72
48, 72
55, 53
56, 53
55, 53
55, 54
55, 53
56, 53
57, 54
57, 54
41, 40
40, 40
40, 39
41, 39
40, 40
39, 39
40, 39
41, 39
40, 40
40, 40
54, 55
55, 56
54, 56
55, 55
55, 56
56, 56
56, 55
56, 55
49, 55
50, 54
49, 54
49, 53
48, 54
48, 54
28, 41
28, 42
27, 41
27, 40
26, 40
26, 39
27, 38
28, 37
28, 37
63, 83
62, 84
62, 85
61, 84
60, 83
60, 83
56, 72
55, 73
56, 73
57, 72
56, 73
57, 74
58, 74
59, 74
60, 73
61, 73
61, 73
45, 48
44, 48
45, 47
46, 46
45, 45
46, 46
45, 45
44, 45
45, 46
45, 46
48, 75
49, 74
50, 73
50, 72
51, 72
51, 71
50, 71
49, 72
49, 72
52, 52
52, 51
52, 52
52, 51
51, 51
51, 51
43, 52
44, 53
43, 52
42, 52
43, 53
43, 53
46, 56
46, 57
47, 58
47, 59
48, 59
48, 60
48, 60
36, 55
36, 54
37, 55
37, 54
36, 53
35, 54
34, 55
34, 54
33, 54
34, 55
34, 55
50, 51
49, 52
50, 51
49, 50
48, 51
48, 51
41, 62
42, 63
41, 62
40, 62
39, 62
40, 61
39, 62
40, 61
39, 61
38, 60
38, 60
57, 48
56, 49
57, 48
57, 47
58, 48
59, 48
58, 49
58, 48
59, 47
60, 47
60, 47
48, 60
47, 59
48, 58
49, 59
50, 59
50, 60
51, 60
50, 61
50, 60
50, 60
51, 56
50, 57
51, 57
52, 57
52, 58
51, 59
51, 59
46, 47
47, 46
47, 45
46, 46
47, 46
47, 46
45, 47
44, 47
43, 46
43, 47
42, 47
43, 47
42, 48
42, 49
43, 48
43, 48
49, 59
49, 58
50, 57
49, 58
50, 57
50, 58
50, 58
51, 57
52, 56
51, 55
50, 55
50, 54
50, 54
37, 61
36, 60
35, 59
35, 58
34, 58
33, 57
33, 57
51, 54
51, 53
50, 52
51, 53
52, 53
53, 54
52, 53
51, 52
50, 52
49, 52
49, 52
51, 58
52, 58
53, 59
54, 60
55, 61
55, 60
54, 61
54, 61
48, 71
49, 71
50, 71
50, 70
49, 71
49, 71
56, 54
55, 55
56, 56
57, 56
56, 55
57, 55
58, 54
58, 55
57, 56
58, 57
58, 57
62, 74
63, 75
63, 76
64, 76
63, 77
62, 77
61, 76
60, 75
60, 75
44, 54
43, 53
44, 54
45, 53
44, 54
44, 54
51, 57
50, 58
50, 59
51, 60
50, 60
50, 60
39, 39
40, 40
41, 41
41, 42
41, 41
40, 40
40, 39
41, 39
41, 39
44, 47
45, 48
44, 48
43, 47
42, 48
41, 47
41, 48
42, 49
42, 49
49, 59
50, 60
51, 61
52, 62
51, 63
52, 64
53, 63
52, 64
53, 65
53, 65
47, 59
47, 58
47, 59
48, 60
48, 59
49, 58
50, 58
51, 57
51, 57
42, 47
43, 46
44, 47
44, 48
43, 48
44, 49
43, 49
43, 49
28, 36
28, 37
29, 36
29, 35
28, 36
27, 36
26, 36
26, 36
60, 84
59, 83
58, 83
57, 84
57, 85
56, 84
56, 84
51, 52
50, 53
49, 54
50, 54
51, 55
52, 55
53, 54
53, 54
55, 54
55, 53
54, 54
53, 55
52, 54
51, 53
51, 53
49, 71
50, 71
51, 72
51, 73
51, 72
50, 72
49, 73
49, 73
47, 53
48, 53
48, 52
48, 51
47, 52
46, 51
45, 52
45, 53
45, 53
34, 56
34, 55
35, 54
36, 55
36, 56
36, 57
37, 58
37, 57
38, 58
37, 57
37, 57
60, 48
60, 49
60, 48
60, 49
61, 48
62, 47
62, 46
63, 47
64, 47
64, 47
48, 46
48, 47
47, 48
46, 47
45, 48
46, 48
46, 47
47, 48
46, 49
46, 49
49, 50
50, 51
50, 52
50, 53
49, 54
50, 54
51, 53
51, 54
50, 55
50, 55
46, 53
45, 52
46, 52
47, 53
46, 52
45, 53
45, 54
45, 53
45, 53
49, 72
48, 71
48, 72
47, 71
48, 70
49, 70
50, 71
50, 71
36, 57
35, 58
35, 59
35, 58
34, 58
34, 58
60, 76
59, 76
59, 77
60, 78
60, 77
61, 78
62, 78
61, 78
61, 77
61, 76
61, 76
43, 49
44, 50
44, 51
45, 52
46, 53
46, 53
40, 38
39, 39
40, 40
39, 39
40, 38
40, 37
41, 36
40, 36
40, 37
41, 37
41, 37
63, 46
62, 46
61, 46
61, 47
60, 47
61, 47
62, 47
62, 47
53, 53
52, 52
51, 53
51, 54
50, 53
51, 54
50, 55
49, 54
49, 54
53, 60
52, 59
51, 60
50, 61
51, 62
50, 62
49, 61
49, 60
49, 60
49, 53
49, 52
49, 53
48, 52
49, 51
48, 50
47, 50
48, 50
48, 51
47, 51
47, 51
48, 74
48, 73
49, 74
49, 75
48, 75
48, 76
47, 77
48, 76
49, 77
49, 77
52, 56
53, 55
53, 56
54, 57
55, 56
56, 55
55, 55
54, 54
53, 53
53, 53
27, 37
26, 38
25, 37
24, 38
23, 37
22, 37
23, 38
24, 37
23, 36
23, 36
45, 48
44, 47
44, 48
43, 47
42, 47
41, 47
41, 48
42, 48
42, 48
58, 56
57, 57
58, 58
59, 59
60, 60
60, 59
60, 59
34, 56
35, 55
36, 54
36, 53
36, 54
37, 53
37, 53
44, 55
43, 55
44, 56
44, 55
43, 54
44, 55
44, 55
56, 85
55, 85
56, 84
55, 85
54, 84
54, 83
54, 84
54, 85
53, 84
53, 84
50, 53
51, 53
51, 52
50, 53
49, 53
48, 54
47, 53
48, 54
47, 55
47, 55
54, 65
53, 66
52, 67
51, 67
52, 68
53, 67
53, 68
53, 68
49, 61
50, 60
51, 60
51, 61
50, 60
50, 61
49, 60
49, 60
51, 54
50, 53
49, 53
48, 53
49, 54
50, 55
50, 55
42, 50
41, 49
42, 50
41, 51
40, 51
39, 52
40, 52
41, 53
41, 53
61, 60
62, 60
61, 61
60, 60
60, 59
60, 58
61, 57
60, 57
61, 58
62, 58
62, 58
50, 59
49, 59
48, 60
49, 60
50, 60
50, 59
50, 59
46, 50
47, 51
48, 52
47, 51
47, 50
47, 50
46, 52
45, 51
45, 50
45, 49
46, 50
46, 49
46, 50
47, 49
46, 50
46, 50
45, 54
44, 55
44, 56
43, 55
43, 56
43, 57
43, 56
44, 55
45, 54
46, 55
46, 55
42, 53
42, 54
41, 54
41, 55
40, 54
39, 54
38, 54
39, 54
39, 54
48, 55
47, 55
48, 56
47, 57
47, 58
48, 58
47, 59
48, 60
49, 60
50, 59
50, 59
54, 83
53, 82
53, 83
53, 82
52, 81
51, 82
50, 82
51, 82
50, 82
50, 82
36, 52
37, 53
36, 53
35, 53
34, 54
34, 53
33, 52
32, 53
32, 53
62, 75
61, 75
62, 76
63, 75
63, 74
62, 75
63, 75
63, 74
63, 75
64, 75
64, 75
63, 47
64, 46
63, 47
62, 47
63, 47
62, 47
61, 48
61, 48
50, 78
49, 78
48, 78
47, 77
46, 77
45, 77
46, 76
46, 76
23, 37
22, 36
21, 37
20, 38
19, 37
19, 36
20, 36
21, 37
22, 36
22, 36
51, 71
52, 72
51, 73
50, 72
49, 72
50, 72
50, 73
49, 72
50, 71
50, 70
50, 70
50, 60
49, 60
50, 59
49, 58
50, 58
50, 58
49, 55
49, 56
50, 56
51, 56
52, 55
52, 56
51, 57
51, 57
54, 53
54, 54
54, 53
53, 54
52, 55
53, 55
53, 55
51, 54
51, 55
52, 54
51, 55
52, 56
52, 55
51, 54
51, 54
42, 36
41, 35
41, 36
40, 37
39, 37
38, 36
38, 37
38, 36
37, 37
38, 37
38, 37
52, 67
52, 68
51, 69
52, 68
52, 69
53, 68
53, 68
35, 58
36, 59
37, 60
38, 61
38, 62
38, 63
38, 63
43, 49
42, 48
41, 47
42, 48
42, 47
43, 46
43, 47
43, 47
44, 54
43, 54
42, 53
42, 54
43, 53
42, 54
42, 53
42, 53
42, 48
41, 49
42, 49
43, 48
42, 48
42, 48
65, 74
66, 74
67, 75
67, 76
68, 77
69, 76
70, 77
70, 77
53, 56
52, 55
53, 56
52, 55
51, 55
52, 55
52, 56
52, 55
52, 55
62, 47
62, 46
63, 46
64, 45
65, 45
64, 45
63, 44
63, 44
52, 55
51, 56
52, 56
51, 57
51, 56
51, 57
50, 57
51, 56
51, 55
51, 55
51, 82
52, 81
51, 80
52, 81
51, 81
51, 80
50, 79
49, 80
49, 80
46, 77
45, 78
46, 78
47, 77
46, 78
47, 79
46, 78
46, 77
47, 78
47, 78
50, 60
49, 61
50, 61
49, 61
50, 61
49, 60
49, 59
49, 58
48, 57
48, 57
38, 54
37, 55
36, 55
35, 54
36, 55
36, 55
33, 54
32, 55
31, 55
32, 56
33, 56
32, 55
33, 54
32, 55
32, 56
32, 56
50, 56
50, 57
49, 58
50, 58
51, 59
50, 60
49, 59
49, 59
45, 49
44, 48
44, 49
43, 49
42, 48
42, 48
38, 38
39, 37
40, 38
39, 39
40, 40
40, 40
43, 52
44, 53
44, 52
45, 53
44, 53
45, 53
45, 52
45, 52
23, 36
23, 37
24, 38
24, 37
24, 36
24, 36
37, 64
37, 63
37, 62
37, 61
36, 62
36, 62
49, 58
48, 57
49, 57
50, 57
51, 58
51, 59
51, 60
51, 61
50, 62
50, 62
46, 51
46, 52
47, 52
46, 52
47, 52
47, 51
48, 51
49, 52
48, 52
49, 53
49, 53
51, 71
51, 72
51, 71
50, 72
50, 73
49, 74
50, 73
50, 73
61, 57
61, 58
60, 58
60, 57
59, 58
58, 59
57, 58
58, 58
58, 59
59, 60
59, 60
47, 54
47, 53
48, 53
49, 52
48, 51
48, 52
49, 53
48, 53
48, 53
53, 69
52, 69
53, 70
54, 69
54, 70
54, 69
54, 69
50, 60
51, 61
50, 60
51, 59
50, 58
51, 59
51, 59
52, 56
51, 55
52, 56
53, 55
52, 54
51, 53
52, 52
53, 53
53, 53
48, 78
47, 77
47, 78
48, 79
47, 78
46, 78
47, 77
48, 78
49, 79
50, 78
50, 78
31, 55
31, 56
31, 57
31, 58
32, 57
33, 56
33, 55
32, 56
33, 57
33, 57
52, 54
53, 55
52, 55
53, 54
53, 53
52, 53
52, 53
69, 76
69, 75
70, 74
70, 75
71, 76
70, 76
70, 75
71, 76
72, 77
72, 77
35, 54
35, 55
34, 54
35, 54
35, 55
36, 54
36, 54
41, 40
40, 39
41, 39
42, 40
43, 39
42, 40
43, 40
43, 40
50, 72
49, 73
48, 73
47, 74
46, 74
46, 74
49, 54
49, 55
49, 56
49, 57
50, 58
50, 58
48, 53
47, 53
47, 54
48, 54
48, 53
48, 52
48, 52
48, 59
47, 58
47, 57
48, 56
49, 57
49, 57
48, 79
49, 78
49, 79
48, 80
48, 79
49, 79
50, 78
49, 79
50, 79
50, 79
59, 61
59, 62
58, 61
58, 62
59, 61
60, 60
60, 60
62, 44
63, 43
64, 42
65, 43
64, 44
65, 44
65, 45
64, 46
64, 46
51, 62
52, 63
52, 62
52, 61
52, 62
52, 62
43, 49
42, 49
42, 50
43, 51
42, 50
43, 49
43, 49
23, 36
24, 36
23, 35
24, 36
24, 35
24, 34
24, 34
52, 59
52, 60
52, 59
52, 58
51, 57
52, 56
52, 55
51, 56
51, 56
54, 70
54, 69
54, 68
53, 69
52, 69
51, 69
50, 70
51, 69
51, 69
43, 47
43, 48
44, 48
44, 47
43, 48
44, 49
45, 49
45, 48
44, 48
44, 48
35, 62
35, 63
36, 64
37, 65
37, 64
37, 64
45, 51
44, 52
44, 51
43, 51
44, 51
43, 52
43, 52
47, 56
48, 55
49, 55
48, 54
47, 55
48, 55
47, 54
47, 53
46, 53
47, 52
47, 52
48, 53
49, 52
50, 52
49, 51
49, 50
49, 50
53, 54
54, 54
55, 55
55, 56
55, 57
55, 56
54, 56
53, 57
52, 57
52, 56
52, 56
51, 80
51, 81
52, 81
53, 82
54, 82
55, 81
54, 81
54, 81
45, 48
44, 49
45, 50
44, 50
44, 51
44, 52
44, 52
64, 47
64, 46
63, 46
63, 45
64, 45
64, 44
63, 44
63, 45
64, 44
64, 44
53, 63
52, 63
53, 63
54, 64
54, 63
53, 62
52, 62
52, 62
42, 51
43, 51
44, 52
44, 53
44, 52
43, 51
44, 50
44, 51
44, 51
37, 63
36, 63
37, 64
38, 63
38, 62
37, 61
37, 60
38, 59
37, 58
36, 57
36, 57
48, 57
47, 58
47, 57
48, 58
47, 57
47, 56
46, 56
46, 55
45, 54
46, 54
46, 54
46, 75
45, 75
44, 76
45, 77
46, 78
46, 77
46, 77
73, 78
72, 77
71, 77
70, 77
69, 78
68, 79
68, 80
67, 79
68, 80
68, 80
44, 49
45, 48
45, 47
44, 48
43, 49
43, 49
61, 60
60, 59
59, 59
59, 60
58, 61
59, 61
60, 60
61, 60
61, 60
52, 69
52, 68
52, 69
51, 68
52, 69
52, 68
51, 68
51, 69
50, 69
50, 69
51, 58
50, 57
51, 57
50, 56
51, 57
52, 57
52, 57
44, 40
44, 41
44, 42
43, 41
42, 40
41, 40
42, 41
43, 42
43, 41
42, 41
42, 41
51, 55
51, 54
50, 54
49, 54
50, 53
51, 54
52, 53
52, 53
49, 78
48, 78
49, 77
48, 77
47, 78
48, 79
48, 79
32, 58
33, 58
32, 59
32, 58
33, 58
33, 57
34, 58
34, 58
25, 33
24, 33
24, 34
25, 34
26, 34
25, 34
24, 33
24, 33
53, 52
54, 53
55, 53
56, 54
55, 53
55, 53
48, 51
47, 50
48, 51
48, 52
47, 51
46, 50
46, 50
37, 53
38, 52
37, 53
37, 54
36, 55
37, 55
37, 55
67, 79
68, 78
68, 77
67, 77
68, 77
67, 77
67, 77
24, 32
23, 33
24, 34
23, 35
22, 35
22, 34
23, 33
24, 33
24, 34
24, 34
62, 61
61, 62
61, 63
61, 62
61, 63
61, 62
62, 61
62, 60
62, 60
45, 50
44, 51
43, 50
44, 51
45, 50
44, 51
43, 50
43, 49
42, 50
42, 51
42, 51
52, 63
53, 64
53, 65
54, 64
54, 63
53, 62
52, 62
52, 61
52, 61
52, 56
53, 55
52, 54
51, 53
51, 54
51, 53
50, 52
49, 51
49, 51
42, 40
41, 39
42, 38
41, 37
42, 37
41, 36
42, 36
43, 37
44, 38
44, 38
54, 82
53, 83
53, 84
53, 83
52, 84
52, 83
51, 83
51, 82
52, 83
52, 82
52, 82
36, 56
37, 55
38, 54
37, 54
38, 55
39, 54
40, 53
39, 54
38, 54
38, 54
46, 76
45, 76
45, 75
45, 74
45, 73
45, 73
45, 51
44, 51
43, 51
42, 51
42, 50
41, 49
40, 50
40, 49
40, 48
39, 47
39, 47
47, 54
46, 55
47, 56
48, 56
47, 57
48, 58
48, 58
65, 43
65, 44
65, 43
64, 42
64, 43
64, 44
64, 44
36, 55
37, 54
38, 55
39, 56
38, 55
37, 55
36, 54
36, 54
50, 49
49, 49
50, 48
49, 49
49, 48
50, 47
49, 48
49, 49
49, 49
49, 79
48, 80
47, 81
48, 82
47, 83
48, 84
47, 85
48, 84
49, 85
49, 86
49, 86
52, 55
53, 56
53, 57
53, 56
53, 55
52, 55
52, 55
33, 59
32, 59
31, 59
30, 59
29, 59
29, 59
51, 70
52, 69
51, 69
50, 68
50, 69
50, 68
50, 68
43, 50
44, 51
45, 50
44, 51
43, 51
42, 51
41, 51
40, 51
40, 51
56, 53
56, 54
56, 55
56, 56
56, 57
57, 57
56, 57
56, 57
43, 52
44, 51
44, 52
43, 53
44, 52
44, 52
52, 52
53, 53
54, 54
53, 54
54, 54
55, 54
55, 54
65, 43
66, 44
65, 44
65, 45
64, 46
64, 45
63, 46
63, 46
25, 33
26, 33
27, 33
26, 33
26, 34
26, 33
26, 32
27, 32
27, 32
38, 47
37, 47
37, 48
36, 48
35, 47
34, 48
33, 49
32, 48
31, 48
31, 48
56, 55
56, 54
55, 53
55, 54
55, 53
54, 54
55, 54
55, 53
54, 54
53, 53
53, 53
44, 39
44, 40
43, 39
44, 38
45, 38
44, 39
45, 40
45, 41
46, 41
47, 41
47, 41
67, 76
66, 76
65, 75
66, 76
66, 77
67, 77
68, 78
69, 79
68, 78
68, 77
68, 77
41, 52
40, 51
40, 52
39, 51
40, 52
41, 52
41, 52
63, 60
64, 59
65, 60
65, 59
65, 60
65, 60
49, 59
50, 60
50, 61
50, 62
51, 63
50, 62
51, 63
52, 64
51, 65
51, 66
51, 66
51, 67
50, 66
49, 66
48, 67
47, 67
48, 67
49, 66
50, 65
50, 65
56, 58
57, 57
58, 58
57, 57
57, 58
57, 58
53, 62
52, 62
53, 61
52, 61
53, 60
53, 60
50, 50
51, 51
50, 50
51, 49
50, 48
49, 49
48, 49
47, 48
47, 49
48, 49
48, 49
46, 74
45, 75
46, 74
45, 73
44, 73
45, 73
45, 72
45, 72
37, 53
38, 53
37, 54
38, 53
37, 52
37, 51
37, 50
36, 50
35, 51
35, 51
28, 60
27, 60
27, 61
27, 60
26, 60
27, 60
27, 60
37, 54
37, 53
37, 52
38, 51
39, 51
39, 51
43, 50
42, 50
43, 51
42, 52
41, 51
41, 52
40, 53
40, 53
49, 48
49, 49
50, 50
49, 49
50, 50
51, 49
51, 50
51, 49
52, 50
52, 50
48, 87
48, 86
49, 87
50, 86
50, 87
51, 88
51, 89
51, 89
53, 55
52, 54
53, 54
52, 53
52, 52
51, 52
52, 52
52, 52
53, 82
53, 83
53, 84
53, 85
54, 85
55, 84
56, 84
57, 84
56, 84
55, 84
55, 84
45, 53
44, 53
45, 53
44, 53
43, 52
42, 53
42, 53
52, 60
51, 59
52, 60
51, 59
50, 59
49, 59
48, 60
49, 61
50, 62
51, 62
51, 62
28, 33
29, 33
30, 32
31, 33
32, 34
31, 34
30, 35
30, 35
52, 51
51, 51
52, 52
51, 52
50, 52
49, 53
48, 53
48, 53
42, 53
41, 54
42, 55
41, 56
40, 57
39, 56
39, 55
39, 54
40, 55
39, 54
39, 54
27, 61
26, 60
26, 61
27, 60
28, 60
28, 59
27, 60
26, 60
27, 60
26, 59
26, 59
51, 66
50, 67
51, 68
51, 67
52, 68
53, 67
53, 67
47, 40
46, 39
45, 38
46, 39
45, 39
45, 38
45, 38
47, 48
47, 49
47, 50
47, 51
48, 51
49, 52
48, 51
48, 51
50, 88
51, 88
52, 87
51, 87
50, 86
50, 86
67, 77
66, 77
67, 76
68, 77
68, 76
68, 77
69, 78
69, 78
62, 46
63, 46
64, 46
64, 45
65, 45
64, 44
64, 43
65, 44
65, 44
64, 60
65, 59
66, 59
66, 60
67, 61
67, 60
68, 59
68, 59
40, 54
41, 55
40, 55
40, 54
41, 55
42, 56
41, 56
42, 57
41, 58
41, 58
56, 84
56, 85
55, 84
55, 83
56, 82
55, 83
55, 82
54, 83
55, 83
55, 84
55, 84
36, 50
35, 51
35, 52
36, 52
37, 53
36, 52
37, 51
36, 51
36, 51
45, 71
44, 72
44, 73
44, 74
43, 75
42, 76
43, 75
42, 75
43, 74
43, 74
56, 57
56, 56
57, 57
56, 56
57, 56
56, 57
57, 56
56, 55
55, 54
55, 54
53, 54
53, 53
52, 52
51, 52
50, 51
49, 52
49, 52
38, 50
39, 49
38, 50
38, 51
39, 51
40, 52
41, 51
40, 50
39, 50
39, 51
39, 51
32, 49
31, 49
32, 50
33, 50
34, 51
33, 51
33, 51
51, 51
50, 50
51, 49
50, 49
49, 48
49, 49
49, 49
51, 65
51, 64
50, 65
51, 64
50, 64
49, 65
50, 66
50, 67
50, 66
50, 66
43, 54
44, 55
43, 55
44, 54
45, 54
44, 54
44, 55
43, 56
43, 56
30, 36
29, 37
29, 36
30, 35
30, 34
31, 33
31, 33
50, 52
50, 51
49, 51
50, 51
51, 50
50, 49
50, 49
44, 55
43, 56
42, 55
43, 55
43, 56
44, 56
43, 55
44, 56
43, 57
43, 57
47, 54
46, 53
47, 54
48, 53
48, 54
49, 53
49, 52
48, 53
48, 53
43, 75
44, 75
43, 74
42, 73
43, 73
42, 74
42, 75
41, 74
40, 74
40, 74
49, 51
50, 51
49, 52
50, 51
49, 52
49, 52
67, 59
67, 58
67, 59
67, 58
67, 59
68, 58
68, 58
25, 59
24, 58
24, 59
25, 58
24, 59
24, 60
24, 60
52, 62
53, 62
52, 62
51, 62
50, 61
50, 61
66, 43
65, 43
64, 42
65, 42
65, 43
65, 43
55, 53
55, 54
56, 53
55, 54
55, 55
55, 54
56, 55
56, 56
57, 56
57, 56
40, 52
41, 53
40, 53
41, 54
41, 55
40, 55
40, 56
41, 56
40, 55
41, 55
41, 55
49, 67
48, 66
49, 67
49, 66
50, 65
50, 64
51, 65
50, 65
51, 64
51, 64
44, 38
45, 38
44, 38
45, 39
44, 38
45, 39
44, 38
45, 37
44, 36
44, 36
42, 57
43, 57
42, 56
41, 56
41, 55
42, 55
41, 56
42, 57
43, 56
43, 56
49, 87
50, 86
49, 85
50, 85
49, 85
49, 84
50, 84
50, 84
35, 50
34, 49
35, 48
35, 47
34, 48
35, 47
35, 48
35, 48
38, 53
39, 53
38, 53
37, 54
36, 53
37, 54
36, 54
35, 55
36, 56
35, 56
35, 56
55, 83
55, 82
56, 81
57, 81
58, 81
58, 81
33, 50
34, 51
35, 52
34, 52
34, 53
34, 52
33, 51
32, 52
33, 52
34, 52
34, 52
54, 67
55, 68
54, 69
54, 68
54, 69
53, 70
52, 69
52, 70
51, 71
51, 71
68, 79
67, 80
67, 81
68, 82
69, 83
68, 82
67, 82
67, 82
49, 50
48, 51
47, 52
48, 51
47, 51
48, 52
47, 52
47, 53
47, 53
50, 65
51, 65
50, 64
51, 64
50, 64
50, 65
51, 64
51, 65
51, 65
41, 75
42, 75
43, 76
42, 75
42, 74
42, 74
43, 56
42, 56
42, 57
43, 56
43, 57
42, 57
42, 57
42, 56
41, 57
40, 56
41, 55
40, 55
41, 55
41, 55
51, 49
52, 48
52, 47
53, 47
54, 47
55, 46
56, 46
57, 45
56, 44
57, 45
57, 45
34, 51
34, 52
35, 51
34, 51
35, 52
34, 53
34, 53
32, 34
31, 35
32, 34
33, 33
34, 33
35, 32
35, 33
36, 34
36, 34
34, 49
34, 50
33, 51
32, 50
32, 49
33, 48
33, 48
67, 81
68, 80
67, 81
68, 82
67, 82
67, 82
49, 53
48, 54
49, 55
50, 56
49, 56
48, 55
49, 54
49, 53
48, 53
49, 54
49, 54
50, 71
50, 72
49, 72
50, 71
51, 71
50, 71
51, 72
50, 72
50, 72
67, 59
66, 60
65, 60
64, 60
64, 59
65, 59
65, 59
35, 55
34, 56
35, 57
36, 56
37, 56
37, 55
37, 56
36, 55
36, 56
36, 56
49, 61
50, 62
51, 62
52, 63
53, 63
53, 63
25, 60
26, 61
25, 60
24, 60
23, 60
24, 61
24, 61
66, 44
65, 45
65, 44
64, 44
65, 43
64, 42
64, 43
64, 44
63, 43
63, 43
57, 81
56, 82
55, 82
56, 82
56, 81
56, 81
50, 53
49, 53
49, 52
50, 53
49, 54
50, 54
50, 55
50, 55
40, 54
39, 53
39, 52
39, 53
40, 53
40, 53
43, 37
43, 38
42, 39
41, 40
42, 39
42, 39
56, 55
57, 56
57, 57
58, 57
58, 58
59, 58
59, 58
50, 85
51, 84
51, 85
51, 84
52, 85
51, 85
50, 86
50, 86
48, 52
48, 53
47, 53
47, 52
48, 53
47, 53
47, 53
43, 75
44, 75
44, 74
44, 74
45, 75
46, 74
46, 74
47, 75
48, 75
49, 75
50, 75
49, 76
49, 76
49, 76
50, 55
51, 56
52, 57
53, 57
53, 57
52, 56
52, 56
52, 56
48, 54
48, 54
49, 55
50, 56
51, 57
52, 58
53, 59
54, 60
54, 60
51, 73
52, 74
53, 73
53, 73
54, 74
55, 75
55, 76
55, 77
55, 78
55, 79
55, 79
35, 54
36, 55
37, 56
37, 56
38, 57
39, 58
40, 59
41, 60
42, 61
42, 61
59, 47
60, 48
61, 49
62, 50
63, 51
64, 52
65, 53
66, 54
68, 56
69, 57
69, 58
69, 59
69, 60
69, 61
69, 63
69, 64
69, 65
69, 66
69, 67
69, 68
69, 69
69, 70
69, 71
69, 72
69, 72
51, 56
52, 57
53, 58
54, 59
53, 60
53, 60
54, 61
54, 61
44, 59
45, 60
46, 61
47, 62
48, 63
49, 64
50, 65
50, 66
50, 67
50, 68
50, 69
50, 69
34, 49
35, 50
36, 51
37, 52
38, 53
39, 54
40, 55
41, 56
41, 55
41, 55
41, 55
54, 64
55, 65
56, 66
57, 67
58, 68
57, 69
57, 69
57, 69
62, 44
61, 45
60, 46
59, 47
58, 48
58, 48
57, 47
57, 47
58, 48
59, 49
59, 49
25, 62
26, 63
27, 64
28, 65
29, 66
29, 66
30, 67
31, 68
31, 68
43, 40
44, 41
45, 42
45, 41
45, 41
46, 42
46, 42
47, 43
48, 44
49, 45
50, 46
51, 47
51, 47
66, 60
67, 61
67, 62
66, 62
66, 62
67, 64
67, 65
67, 66
67, 67
67, 68
67, 69
67, 70
67, 70
51, 85
52, 84
53, 83
52, 84
52, 84
53, 83
54, 82
55, 82
55, 82
52, 66
53, 67
54, 68
55, 69
54, 69
54, 69
54, 69
57, 80
58, 79
59, 78
60, 78
61, 78
62, 78
63, 78
64, 78
65, 78
66, 78
66, 78
37, 57
38, 58
39, 59
40, 60
41, 59
41, 59
42, 60
42, 61
42, 61
44, 63
45, 64
46, 65
47, 66
48, 67
49, 68
50, 69
51, 70
51, 71
51, 71
51, 71
42, 56
43, 57
43, 57
45, 59
46, 60
47, 61
48, 62
49, 63
50, 64
51, 65
52, 66
51, 67
51, 67
52, 68
53, 69
53, 69
58, 59
57, 60
56, 61
56, 62
56, 63
56, 64
56, 65
56, 66
56, 66
37, 35
38, 36
39, 37
40, 38
40, 38
41, 39
41, 38
41, 38
41, 38
41, 54
42, 55
43, 56
45, 58
46, 59
47, 60
48, 61
49, 62
51, 64
52, 65
53, 66
54, 67
55, 68
56, 69
57, 70
58, 71
59, 72
60, 73
61, 74
61, 74
66, 81
65, 80
64, 79
64, 79
63, 78
62, 77
61, 76
60, 75
59, 74
59, 74
55, 61
56, 62
57, 63
58, 64
59, 65
59, 65
56, 83
57, 84
58, 85
59, 86
60, 87
60, 88
60, 88
57, 70
57, 70
58, 71
58, 72
58, 72
59, 73
60, 74
61, 75
61, 76
61, 77
62, 77
62, 77
61, 77
61, 77
61, 77
54, 70
54, 70
55, 71
56, 72
57, 73
57, 72
57, 72
58, 73
59, 74
59, 74
58, 50
56, 52
55, 53
54, 54
53, 55
52, 56
52, 57
52, 58
52, 59
52, 60
52, 61
52, 62
52, 63
52, 63
60, 75
61, 75
61, 75
62, 75
62, 75
63, 76
62, 75
62, 75
63, 76
63, 76
68, 73
67, 74
66, 73
66, 73
65, 72
65, 72
66, 73
67, 74
67, 75
67, 76
67, 77
67, 77
51, 72
51, 72
52, 73
53, 74
53, 75
53, 75
54, 74
54, 74
54, 74
55, 67
54, 68
54, 69
54, 70
54, 70
54, 71
54, 72
55, 71
55, 71
54, 72
53, 73
53, 73
53, 73
56, 80
57, 81
58, 82
59, 83
60, 84
61, 85
61, 85
53, 57
53, 57
52, 58
52, 58
53, 58
53, 58
54, 59
55, 60
56, 61
56, 61
42, 56
43, 57
45, 59
46, 60
47, 61
48, 62
49, 63
50, 64
51, 65
52, 66
53, 67
52, 67
52, 67
53, 66
53, 66
53, 66
50, 75
51, 74
51, 74
51, 74
51, 74
51, 74
51, 74
51, 73
51, 73
51, 74
51, 74
51, 74
32, 69
33, 70
33, 71
33, 71
34, 72
35, 73
36, 74
37, 75
36, 75
36, 75
37, 76
38, 77
38, 77
53, 60
53, 60
52, 61
52, 62
52, 61
52, 61
52, 62
52, 63
52, 64
52, 65
52, 66
52, 66
62, 75
63, 76
62, 76
62, 76
63, 77
64, 78
65, 79
65, 80
65, 79
65, 79
65, 80
66, 81
66, 81
66, 81
68, 70
68, 70
67, 71
67, 70
67, 70
66, 71
66, 70
66, 70
66, 70
44, 63
45, 64
46, 65
47, 66
48, 67
49, 68
50, 69
51, 70
52, 71
53, 72
54, 73
54, 73
55, 74
56, 75
55, 76
55, 76
55, 76
65, 77
64, 76
64, 75
64, 75
63, 76
63, 76
62, 75
62, 75
50, 48
50, 48
51, 49
52, 50
53, 51
55, 53
56, 54
57, 55
58, 56
59, 57
60, 58
61, 59
62, 59
62, 59
63, 60
64, 61
65, 62
65, 62
51, 70
52, 71
53, 72
54, 73
55, 74
56, 75
57, 76
58, 77
58, 77
42, 39
43, 40
44, 41
45, 42
45, 41
45, 41
46, 42
46, 42
46, 42
53, 68
53, 68
54, 69
55, 70
56, 71
57, 71
57, 71
57, 62
58, 63
59, 64
60, 65
61, 66
61, 66
63, 76
63, 77
63, 78
63, 79
63, 79
63, 79
62, 84
63, 83
64, 82
65, 81
66, 80
66, 80
61, 87
62, 86
63, 85
64, 84
65, 83
65, 83
65, 83
65, 83
58, 73
57, 72
57, 71
57, 70
57, 70
57, 70
52, 73
51, 73
51, 73
51, 73
52, 72
52, 72
52, 72
53, 64
54, 65
53, 65
53, 65
52, 65
52, 65
53, 66
54, 67
54, 67
57, 76
56, 75
55, 75
54, 75
53, 75
53, 75
53, 75
53, 75
53, 75
53, 75
53, 75
60, 78
59, 79
58, 80
59, 80
59, 80
58, 81
57, 82
56, 83
56, 84
56, 85
56, 86
56, 86
53, 67
54, 66
54, 66
55, 67
56, 68
56, 69
56, 70
56, 71
56, 71
56, 71
39, 78
40, 79
41, 80
42, 80
42, 80
43, 80
43, 80
44, 81
44, 81
64, 63
63, 64
62, 65
61, 64
61, 64
62, 65
62, 65
47, 43
48, 44
49, 45
50, 46
51, 47
52, 48
53, 49
54, 50
54, 50
54, 67
54, 68
54, 69
54, 70
53, 70
53, 70
53, 70
62, 75
62, 74
62, 73
62, 73
63, 74
63, 74
62, 73
62, 73
63, 72
63, 72
62, 73
62, 73
55, 75
56, 76
57, 77
58, 77
59, 77
59, 77
50, 73
50, 73
51, 74
52, 75
53, 76
54, 77
54, 77
65, 80
64, 81
64, 81
64, 82
64, 82
65, 81
65, 81
64, 80
63, 79
63, 79
60, 66
61, 67
62, 68
63, 69
64, 70
65, 71
66, 72
67, 73
67, 74
67, 74
66, 78
65, 79
64, 80
64, 81
64, 81
65, 80
65, 80
64, 81
64, 81
58, 72
59, 73
60, 74
60, 74
61, 74
61, 74
61, 75
61, 76
61, 77
61, 78
61, 78
56, 77
57, 78
58, 77
58, 77
59, 78
58, 77
58, 77
59, 78
60, 79
59, 78
59, 78
59, 78
65, 71
64, 72
63, 73
62, 74
61, 75
60, 76
59, 77
58, 76
58, 76
57, 77
57, 77
55, 78
55, 79
56, 79
56, 79
55, 80
55, 81
55, 82
56, 81
56, 81
55, 82
55, 82
45, 81
46, 81
47, 81
48, 81
48, 82
48, 82
48, 82
65, 82
65, 83
65, 84
65, 85
66, 85
66, 85
66, 85
61, 66
60, 67
59, 68
59, 69
59, 70
59, 71
59, 72
59, 73
59, 73
62, 78
61, 77
61, 76
61, 76
60, 75
59, 74
59, 73
59, 73
59, 73
59, 73
59, 73
59, 73
61, 74
60, 75
59, 76
58, 77
57, 78
57, 79
57, 80
57, 80
57, 80
57, 80
57, 80
54, 76
55, 77
56, 78
57, 79
58, 80
59, 81
60, 82
61, 83
62, 84
62, 84
54, 49
54, 49
54, 50
54, 51
54, 53
54, 54
54, 55
54, 56
54, 57
54, 58
54, 59
54, 60
54, 60
53, 71
53, 71
52, 72
52, 71
52, 71
52, 70
52, 70
51, 71
51, 71
57, 78
57, 78
56, 79
55, 80
54, 81
53, 82
53, 81
53, 81
52, 82
52, 83
52, 83
66, 75
65, 76
64, 77
65, 76
65, 76
64, 77
63, 78
64, 78
64, 78
63, 79
62, 78
62, 78
62, 78
62, 77
62, 76
62, 76
63, 75
63, 76
63, 76
63, 75
63, 74
63, 73
63, 72
63, 72
64, 71
64, 71
64, 71
55, 85
54, 84
54, 85
54, 85
55, 84
55, 84
54, 83
53, 82
54, 82
54, 82
55, 83
55, 83
54, 82
54, 82
64, 83
64, 83
63, 82
62, 81
61, 80
60, 80
61, 81
61, 81
60, 80
60, 80
59, 80
58, 80
58, 80
58, 77
57, 76
56, 75
57, 75
57, 75
56, 74
55, 74
54, 74
53, 73
53, 73
52, 74
52, 74
56, 71
56, 72
55, 73
55, 73
56, 72
56, 72
56, 72
60, 67
59, 68
58, 69
57, 70
56, 71
56, 72
57, 72
57, 72
57, 72
65, 81
64, 82
65, 83
65, 83
64, 83
63, 83
62, 83
62, 83
53, 73
54, 74
55, 75
55, 76
55, 77
55, 77
55, 68
54, 68
54, 68
55, 69
56, 70
57, 71
58, 72
59, 73
60, 74
61, 75
61, 75
62, 78
63, 79
63, 79
62, 78
61, 77
60, 76
60, 76
58, 78
57, 79
57, 78
57, 78
56, 77
56, 77
56, 78
56, 79
56, 80
56, 80
57, 72
57, 73
57, 73
58, 74
59, 75
59, 75
60, 76
60, 76
61, 75
61, 75
61, 75
61, 79
61, 79
62, 80
63, 81
64, 82
65, 81
65, 81
65, 81
57, 79
58, 79
59, 79
59, 80
59, 80
60, 79
61, 79
61, 80
61, 80
62, 79
62, 79
61, 75
62, 75
63, 75
63, 74
63, 74
64, 75
65, 75
66, 75
66, 75
66, 75
57, 73
57, 72
57, 72
58, 73
59, 74
60, 75
61, 76
62, 77
63, 78
64, 79
64, 79
53, 61
52, 62
51, 61
51, 61
52, 61
52, 61
52, 62
52, 63
52, 64
52, 64
60, 74
59, 75
59, 75
58, 74
57, 73
56, 72
56, 71
56, 71
63, 82
64, 81
65, 80
65, 79
65, 78
65, 77
65, 76
65, 75
65, 75
65, 75
55, 83
56, 84
56, 85
56, 86
56, 86
56, 86
59, 74
59, 74
58, 75
57, 75
56, 75
56, 74
56, 74
56, 74
49, 83
49, 83
50, 83
51, 83
52, 83
53, 83
53, 82
53, 82
54, 83
55, 83
56, 83
57, 82
57, 82
57, 82
60, 74
61, 75
60, 76
60, 76
61, 75
61, 75
62, 76
63, 77
62, 77
62, 77
62, 77
57, 81
56, 82
55, 83
54, 84
54, 85
55, 85
55, 85
54, 86
54, 87
54, 88
54, 88
52, 75
52, 75
53, 76
54, 77
55, 78
56, 79
57, 80
58, 80
58, 80
63, 83
63, 83
64, 82
65, 81
66, 80
67, 79
67, 78
67, 77
67, 77
63, 72
62, 73
61, 74
61, 75
61, 76
61, 77
61, 78
62, 78
62, 78
61, 79
60, 78
60, 78
60, 78
56, 79
55, 79
55, 79
55, 78
55, 78
55, 79
55, 79
55, 79
55, 79
58, 73
59, 74
60, 75
61, 76
60, 76
60, 76
61, 77
62, 78
63, 79
64, 80
64, 80
54, 78
55, 79
55, 79
54, 80
55, 79
55, 79
56, 78
56, 78
56, 78
60, 76
60, 76
60, 75
60, 75
61, 76
61, 77
61, 77
62, 76
62, 76
52, 72
53, 73
53, 74
53, 74
53, 75
53, 76
53, 77
53, 77
56, 83
57, 84
57, 85
57, 85
57, 85
57, 85
57, 85
57, 85
58, 84
58, 84
58, 84
65, 86
65, 86
64, 85
64, 86
64, 86
64, 87
64, 87
63, 86
62, 85
61, 85
61, 85
60, 84
60, 84
53, 82
54, 81
55, 80
56, 79
57, 78
57, 78
64, 74
63, 73
64, 74
64, 74
63, 73
62, 72
62, 71
62, 71
61, 71
60, 71
60, 71
66, 78
66, 78
65, 78
65, 78
66, 77
66, 76
66, 75
66, 74
66, 73
65, 72
65, 72
66, 72
66, 72
66, 72
57, 75
56, 76
56, 76
57, 77
58, 78
59, 79
60, 80
61, 81
62, 82
63, 83
64, 84
64, 84
57, 72
58, 73
59, 74
60, 73
60, 73
61, 74
62, 75
63, 75
64, 75
64, 75
64, 75
64, 75
55, 78
55, 78
54, 79
53, 79
52, 79
51, 79
51, 79
53, 65
53, 66
53, 66
54, 67
55, 68
56, 69
57, 70
58, 71
59, 72
59, 72
61, 78
60, 77
60, 78
60, 78
59, 77
58, 76
57, 75
56, 74
55, 73
54, 73
53, 73
53, 73
62, 78
62, 79
62, 79
63, 80
63, 80
62, 79
62, 79
62, 79
62, 79
62, 79
62, 79
62, 79
65, 80
66, 81
67, 82
67, 82
68, 83
69, 84
69, 85
69, 84
69, 84
69, 85
69, 86
69, 86
56, 77
55, 76
54, 75
53, 74
52, 73
53, 74
53, 74
52, 73
51, 72
51, 71
51, 71
59, 85
60, 86
60, 86
61, 87
62, 88
63, 89
63, 89
63, 89
63, 89
63, 89
63, 89
60, 85
60, 85
61, 84
62, 83
61, 84
61, 84
62, 83
63, 82
64, 81
65, 80
66, 79
67, 78
67, 78
61, 77
61, 78
61, 79
61, 80
61, 79
61, 79
61, 80
61, 80
60, 81
60, 81
61, 80
61, 80
57, 79
57, 78
57, 77
57, 76
57, 77
57, 77
57, 77
59, 77
59, 77
60, 78
61, 79
62, 79
63, 79
63, 79
63, 79
63, 79
65, 79
66, 78
65, 78
65, 78
66, 77
66, 77
67, 77
67, 77
67, 77
57, 85
56, 85
56, 85
57, 84
56, 83
56, 83
57, 82
58, 81
59, 81
60, 81
61, 81
61, 81
57, 79
58, 80
59, 81
59, 82
60, 83
60, 83
59, 84
59, 84
59, 83
59, 83
59, 83
55, 87
56, 86
57, 85
58, 84
58, 83
58, 83
65, 76
64, 77
63, 78
62, 77
62, 77
63, 78
63, 78
62, 79
61, 80
60, 81
59, 81
58, 81
58, 81
57, 81
57, 81
58, 80
59, 80
60, 80
59, 81
59, 81
60, 80
61, 80
62, 80
62, 80
62, 80
54, 77
54, 77
54, 78
54, 78
53, 77
52, 76
51, 75
51, 75
64, 82
64, 82
63, 81
62, 80
61, 79
60, 78
60, 78
63, 76
63, 77
63, 77
64, 77
64, 77
64, 78
64, 78
65, 79
65, 79
64, 80
63, 80
63, 80
63, 85
62, 85
61, 85
60, 85
59, 85
59, 85
59, 85
59, 85
56, 78
56, 79
56, 79
55, 80
54, 81
53, 81
52, 81
52, 81
52, 81
52, 81
52, 81
59, 82
58, 82
58, 82
59, 81
59, 81
59, 81
58, 82
58, 82
59, 81
59, 81
59, 81
59, 81
59, 81
59, 80
60, 81
60, 81
59, 82
59, 82
60, 81
59, 82
59, 82
58, 82
58, 82
57, 82
57, 82
57, 82
58, 73
59, 73
59, 73
58, 74
58, 73
58, 73
57, 74
57, 74
67, 73
68, 74
69, 75
70, 76
70, 76
70, 77
70, 78
70, 79
70, 80
70, 81
70, 81
59, 79
58, 80
59, 79
59, 79
58, 80
59, 81
59, 81
58, 82
59, 81
59, 81
58, 82
57, 83
56, 84
56, 84
68, 85
67, 85
66, 85
65, 85
64, 85
65, 85
65, 85
64, 85
63, 85
62, 85
61, 85
61, 85
64, 80
63, 79
63, 79
62, 78
61, 79
61, 79
61, 78
61, 77
61, 76
61, 75
61, 74
60, 74
60, 74
60, 74
66, 79
65, 80
64, 79
64, 79
63, 80
62, 81
61, 82
61, 81
61, 81
61, 82
61, 83
60, 83
60, 83
60, 83
63, 80
63, 80
63, 79
63, 78
63, 77
64, 77
64, 77
63, 76
63, 75
63, 75
63, 75
62, 74
62, 74
62, 74
52, 72
53, 72
54, 72
53, 71
53, 71
54, 72
54, 72
55, 72
55, 72
56, 72
57, 72
58, 72
58, 72
59, 72
58, 73
57, 74
56, 75
55, 76
54, 77
53, 78
53, 78
52, 80
53, 81
53, 80
53, 80
54, 81
55, 82
54, 82
54, 82
55, 83
55, 83
68, 78
69, 79
70, 78
70, 78
70, 79
69, 79
69, 79
70, 80
70, 81
70, 82
69, 83
69, 83
69, 83
60, 80
59, 79
59, 79
59, 78
59, 77
59, 76
59, 76
59, 76
59, 76
59, 76
54, 74
55, 75
56, 76
57, 77
58, 78
58, 78
52, 76
53, 77
54, 78
55, 79
54, 80
54, 80
55, 81
55, 81
62, 78
62, 78
63, 79
64, 80
64, 81
64, 82
64, 82
59, 82
60, 81
61, 80
62, 79
62, 78
62, 77
62, 76
62, 75
62, 75
62, 89
62, 89
61, 88
60, 87
59, 86
59, 85
59, 85
58, 84
59, 84
59, 84
59, 84
62, 79
63, 78
64, 77
65, 76
66, 75
67, 74
67, 73
67, 73
68, 72
69, 73
69, 73
70, 72
70, 72
63, 79
64, 78
65, 77
65, 76
65, 75
65, 74
65, 74
68, 82
68, 83
68, 83
67, 82
66, 81
65, 80
64, 79
63, 78
63, 78
59, 82
59, 82
58, 83
57, 83
57, 83
56, 84
56, 84
56, 84
59, 73
60, 74
61, 75
61, 76
61, 77
61, 78
61, 78
57, 84
57, 84
58, 83
59, 82
60, 81
61, 80
60, 80
60, 80
61, 79
62, 78
63, 78
63, 78
64, 78
64, 78
61, 76
60, 77
59, 78
58, 79
58, 79
58, 79
58, 79
58, 79
58, 78
58, 78
58, 79
58, 79
58, 83
57, 82
56, 81
57, 82
57, 82
56, 82
56, 82
55, 81
54, 80
54, 80
56, 73
55, 72
55, 71
55, 70
55, 70
55, 70
55, 70
55, 70
58, 81
58, 81
57, 82
56, 83
56, 84
56, 84
55, 84
55, 84
69, 73
68, 74
67, 75
66, 76
65, 77
64, 76
64, 76
64, 76
53, 80
54, 79
53, 78
53, 78
52, 77
52, 77
53, 76
54, 75
54, 74
54, 73
54, 72
54, 71
54, 71
59, 77
60, 76
60, 76
59, 75
59, 75
60, 74
60, 73
60, 72
60, 72
60, 72
60, 72
60, 85
59, 85
58, 85
57, 85
56, 85
55, 85
54, 85
53, 85
52, 85
52, 85
60, 77
60, 77
60, 77
60, 77
60, 77
60, 77
59, 77
59, 77
60, 77
60, 77
60, 77
60, 77
63, 81
62, 82
62, 82
61, 81
60, 81
59, 81
59, 81
59, 75
58, 76
59, 76
59, 76
58, 77
58, 78
58, 79
58, 80
57, 79
57, 79
58, 80
58, 80
62, 81
61, 80
61, 80
60, 81
59, 82
58, 83
58, 83
58, 81
59, 80
58, 80
58, 80
59, 80
60, 80
59, 79
59, 79
60, 80
60, 81
60, 81
61, 80
62, 80
62, 80
63, 75
64, 76
65, 77
66, 76
66, 76
67, 77
67, 77
68, 77
68, 77
52, 79
53, 79
53, 79
52, 79
51, 79
50, 79
49, 78
49, 78
50, 79
51, 78
51, 78
50, 79
49, 78
49, 78
49, 78
54, 80
54, 80
55, 81
55, 82
55, 82
56, 83
57, 84
58, 85
59, 86
60, 87
61, 88
62, 89
62, 89
69, 82
68, 83
67, 84
66, 85
66, 85
65, 86
64, 87
63, 88
62, 89
61, 89
62, 90
62, 90
62, 90
56, 82
57, 83
57, 83
58, 82
59, 81
60, 80
61, 79
62, 78
63, 77
64, 76
64, 76
60, 84
61, 83
61, 84
61, 84
60, 83
60, 83
61, 82
61, 81
61, 81
62, 80
62, 80
66, 73
66, 73
65, 72
64, 71
63, 71
62, 71
62, 71
61, 71
60, 71
61, 71
61, 71
62, 70
62, 70
62, 70
61, 80
60, 81
61, 80
62, 80
61, 80
61, 79
62, 79
61, 79
61, 79
55, 85
55, 84
55, 85
54, 84
53, 85
54, 84
54, 84
54, 71
55, 71
55, 72
55, 73
56, 73
56, 73
54, 72
53, 73
54, 74
55, 74
54, 74
55, 74
54, 75
55, 76
54, 76
55, 77
55, 77
62, 79
61, 79
60, 80
59, 80
60, 81
61, 82
62, 83
62, 83
62, 79
63, 78
62, 77
61, 76
62, 75
63, 76
63, 76
68, 78
67, 77
68, 77
69, 76
70, 76
70, 75
69, 74
68, 74
68, 75
68, 75
64, 75
64, 76
63, 75
63, 76
63, 77
64, 78
64, 77
64, 78
64, 78
54, 83
55, 83
56, 84
55, 83
56, 82
55, 82
55, 81
55, 82
55, 82
61, 71
60, 70
59, 70
58, 69
59, 70
59, 71
59, 71
58, 80
59, 80
58, 81
59, 82
58, 82
58, 83
58, 84
58, 84
50, 78
49, 77
50, 78
51, 79
51, 78
50, 77
51, 76
52, 76
51, 75
51, 75
61, 80
61, 79
60, 80
59, 80
60, 81
59, 80
60, 80
61, 80
61, 79
61, 79
58, 80
59, 79
59, 80
58, 80
58, 79
59, 79
58, 79
59, 78
59, 78
63, 89
62, 89
63, 88
63, 87
64, 86
64, 87
63, 87
64, 87
65, 88
65, 88
62, 91
62, 92
63, 92
63, 91
63, 92
63, 93
64, 92
64, 91
63, 92
63, 92
58, 81
57, 81
57, 82
56, 83
57, 83
57, 83
57, 84
58, 83
57, 82
57, 83
56, 82
57, 81
57, 82
56, 81
56, 82
56, 82
61, 77
61, 76
61, 77
60, 78
60, 77
61, 78
62, 78
62, 78
53, 80
54, 79
54, 80
55, 81
56, 80
55, 80
56, 81
57, 80
56, 79
56, 79
63, 75
64, 76
63, 77
64, 78
65, 79
64, 79
63, 80
63, 81
64, 81
65, 81
65, 81
53, 85
53, 86
52, 87
53, 87
53, 86
53, 85
53, 85
63, 78
62, 78
63, 77
62, 77
63, 77
64, 76
64, 76
62, 69
63, 68
62, 69
63, 69
64, 70
63, 69
63, 69
62, 82
62, 83
61, 83
61, 84
60, 83
59, 82
59, 81
58, 80
57, 80
56, 79
56, 79
63, 68
64, 69
65, 68
66, 68
65, 69
66, 70
65, 69
65, 68
65, 68
66, 89
67, 88
68, 87
67, 87
66, 86
66, 87
65, 88
64, 88
64, 89
64, 88
64, 88
64, 75
65, 75
66, 75
67, 76
68, 75
68, 76
67, 77
67, 77
51, 74
52, 73
53, 74
54, 75
53, 75
54, 75
54, 75
58, 83
57, 84
58, 84
57, 85
58, 84
59, 85
59, 85
52, 85
51, 84
52, 83
53, 83
53, 84
54, 83
55, 82
56, 82
56, 82
63, 77
64, 77
63, 78
62, 79
62, 80
61, 79
61, 79
58, 78
59, 79
58, 78
58, 77
57, 77
57, 76
57, 75
57, 74
58, 73
58, 73
60, 78
61, 77
60, 78
60, 77
61, 77
61, 76
61, 76
55, 78
54, 79
53, 80
52, 81
53, 81
54, 82
53, 81
54, 82
54, 83
53, 84
53, 84
63, 77
62, 78
61, 77
62, 77
61, 78
62, 78
61, 77
61, 76
61, 77
61, 77
58, 82
57, 83
58, 84
57, 84
56, 85
55, 85
54, 86
54, 86
58, 70
58, 69
59, 69
58, 68
57, 67
57, 66
57, 65
57, 65
64, 93
63, 93
64, 93
63, 94
63, 93
64, 93
65, 92
66, 93
65, 94
64, 94
64, 94
69, 75
68, 74
69, 75
68, 76
69, 77
69, 78
69, 77
70, 76
70, 75
70, 74
70, 74
55, 85
54, 86
54, 85
53, 84
52, 85
53, 84
52, 84
52, 84
62, 79
61, 78
60, 77
59, 78
60, 79
59, 80
59, 80
57, 72
58, 73
58, 74
59, 75
58, 76
59, 75
60, 75
60, 75
55, 81
55, 82
56, 82
56, 83
56, 82
56, 82
60, 78
59, 79
60, 78
61, 77
62, 77
61, 78
60, 79
60, 78
60, 79
60, 79
66, 82
65, 81
65, 82
64, 83
63, 82
62, 81
62, 80
61, 79
61, 79
56, 78
57, 79
56, 78
56, 79
57, 80
58, 79
57, 79
57, 80
58, 79
58, 79
55, 82
56, 83
57, 82
56, 83
55, 82
56, 83
57, 82
58, 83
58, 84
58, 83
58, 83
51, 83
50, 82
49, 81
48, 80
47, 79
47, 79
46, 78
46, 78
45, 77
44, 76
44, 76
69, 73
68, 72
67, 71
66, 70
65, 69
64, 68
63, 67
62, 66
61, 65
60, 64
60, 64
52, 83
51, 82
50, 81
49, 80
48, 79
48, 79
60, 79
61, 80
61, 80
62, 81
63, 82
63, 82
58, 79
57, 78
56, 77
56, 77
55, 76
54, 75
53, 74
52, 73
51, 72
51, 72
54, 75
53, 74
53, 74
52, 73
51, 72
50, 71
49, 70
48, 69
47, 68
47, 68
47, 68
59, 76
58, 76
57, 76
56, 76
55, 76
54, 76
53, 76
53, 76
67, 77
66, 76
65, 75
64, 74
63, 73
62, 72
62, 72
62, 80
63, 81
64, 82
65, 83
66, 84
67, 85
67, 86
67, 86
67, 87
67, 87
63, 93
62, 92
61, 91
60, 90
59, 89
59, 89
57, 81
57, 81
57, 81
58, 80
59, 79
60, 78
61, 77
62, 76
62, 76
60, 75
59, 74
58, 73
57, 72
56, 71
55, 70
54, 69
54, 69
58, 79
57, 78
56, 77
55, 76
54, 75
54, 75
54, 75
53, 74
53, 74
59, 85
58, 84
57, 83
57, 82
57, 81
57, 80
57, 79
57, 78
57, 78
60, 78
59, 77
58, 76
57, 75
56, 74
55, 73
54, 72
53, 71
53, 71
53, 71
53, 71
57, 82
57, 82
57, 82
56, 81
55, 80
55, 80
54, 86
55, 87
56, 88
57, 89
58, 90
59, 91
60, 91
61, 91
61, 91
57, 80
58, 81
59, 82
60, 83
61, 84
62, 85
63, 86
64, 87
65, 88
65, 88
55, 81
54, 80
53, 79
52, 78
51, 77
51, 77
57, 74
56, 75
56, 75
56, 75
55, 76
54, 77
53, 78
53, 78
52, 78
52, 78
60, 76
59, 75
58, 74
57, 73
56, 72
56, 72
55, 71
55, 71
57, 64
57, 64
57, 64
57, 63
57, 62
57, 62
64, 67
63, 66
62, 65
61, 64
60, 63
59, 62
59, 62
64, 88
64, 88
63, 87
63, 87
62, 86
61, 85
60, 84
59, 83
58, 82
57, 81
57, 81
56, 61
56, 61
55, 60
54, 59
54, 59
53, 58
52, 57
52, 56
52, 56
52, 55
52, 55
55, 71
56, 70
57, 69
58, 68
59, 67
60, 66
60, 66
52, 78
53, 79
54, 80
54, 80
55, 80
56, 80
57, 80
57, 80
57, 78
56, 79
56, 79
55, 80
54, 80
53, 80
52, 80
52, 80
59, 65
58, 66
57, 67
56, 68
55, 69
54, 70
54, 70
56, 80
55, 79
55, 79
54, 78
53, 77
52, 76
51, 75
51, 75
58, 63
58, 63
57, 64
56, 65
55, 66
55, 66
54, 67
54, 67
58, 88
57, 87
57, 87
57, 87
56, 86
55, 85
55, 85
60, 90
59, 89
58, 88
58, 88
57, 87
56, 86
56, 86
56, 86
46, 67
45, 66
44, 65
43, 64
42, 63
41, 62
40, 61
39, 60
38, 59
38, 59
64, 87
63, 86
62, 85
62, 85
62, 85
61, 84
60, 83
60, 83
66, 86
65, 85
64, 84
64, 84
63, 83
62, 82
62, 82
53, 71
52, 70
51, 69
51, 69
50, 68
50, 68
49, 67
49, 67
48, 79
47, 78
46, 77
46, 77
45, 76
45, 76
64, 83
64, 83
64, 84
64, 84
64, 85
64, 86
64, 87
64, 87
64, 87
64, 87
64, 87
45, 77
45, 77
46, 78
47, 79
48, 80
49, 81
49, 81
50, 82
51, 83
51, 83
54, 79
53, 79
53, 79
52, 79
51, 79
50, 79
49, 79
48, 79
47, 79
47, 79
53, 68
52, 67
51, 66
50, 65
49, 64
49, 64
52, 71
52, 71
53, 70
54, 69
55, 68
56, 67
56, 67
57, 66
57, 66
51, 77
50, 76
49, 75
48, 74
47, 73
46, 72
45, 71
44, 70
43, 69
42, 68
42, 68
63, 73
64, 74
64, 75
64, 75
64, 76
64, 77
64, 77
64, 78
64, 78
64, 78
52, 73
51, 72
50, 71
49, 70
49, 70
49, 70
49, 70
62, 76
63, 75
64, 74
65, 73
66, 72
67, 71
67, 70
67, 69
67, 69
52, 75
51, 74
50, 73
49, 72
49, 72
48, 71
48, 71
61, 81
61, 81
61, 81
60, 80
59, 79
58, 78
57, 77
57, 77
51, 56
50, 57
49, 58
48, 59
48, 59
49, 58
50, 57
50, 56
50, 55
50, 54
50, 53
50, 52
49, 53
48, 54
47, 55
46, 56
46, 56
50, 74
49, 73
48, 72
47, 71
47, 71
46, 70
45, 69
44, 68
44, 68
41, 67
40, 66
39, 65
39, 65
38, 64
37, 63
36, 62
35, 61
34, 60
33, 59
33, 59
56, 65
55, 64
55, 64
54, 63
53, 62
52, 61
51, 60
51, 60
59, 82
59, 82
58, 81
57, 80
56, 79
55, 78
54, 77
53, 76
52, 75
52, 75
47, 71
46, 71
46, 71
45, 71
44, 71
43, 71
42, 71
41, 71
40, 71
40, 71
56, 86
57, 87
58, 87
59, 87
59, 87
60, 87
60, 87
61, 87
61, 87
56, 79
55, 78
54, 77
53, 76
52, 75
52, 75
64, 87
63, 86
62, 85
61, 84
60, 83
59, 82
59, 82
59, 81
59, 81
59, 67
58, 68
57, 68
56, 68
55, 68
55, 68
55, 68
57, 87
58, 88
59, 89
60, 89
61, 89
61, 89
39, 60
39, 60
40, 61
41, 62
41, 62
42, 63
43, 64
43, 64
55, 68
56, 69
57, 70
58, 71
58, 72
58, 72
58, 73
58, 74
58, 74
53, 81
54, 82
55, 83
56, 84
57, 85
57, 85
66, 68
65, 67
64, 66
63, 65
63, 65
63, 65
46, 77
46, 77
47, 78
48, 79
49, 80
50, 81
50, 81
51, 82
51, 82
52, 82
53, 81
53, 81
54, 80
55, 79
56, 78
57, 77
57, 77
58, 76
58, 76
48, 66
47, 65
46, 65
46, 65
45, 65
44, 65
44, 65
43, 65
42, 65
42, 65
48, 80
49, 81
49, 81
50, 82
51, 83
52, 84
53, 85
53, 85
50, 69
51, 68
52, 67
53, 66
54, 65
54, 65
55, 64
56, 63
57, 62
57, 62
49, 64
48, 63
48, 61
49, 60
50, 59
50, 58
50, 57
50, 56
50, 55
50, 54
49, 55
48, 55
48, 55
54, 70
54, 70
55, 69
55, 69
56, 68
57, 68
58, 68
58, 68
58, 68
63, 77
62, 76
62, 76
61, 75
60, 74
60, 74
60, 74
59, 73
59, 73
59, 73
59, 73
56, 84
55, 83
55, 83
54, 82
53, 81
53, 81
62, 66
61, 67
60, 68
60, 68
59, 69
59, 70
59, 70
39, 70
38, 69
37, 68
36, 67
35, 66
35, 66
51, 74
50, 73
49, 72
48, 71
47, 70
47, 68
48, 67
49, 66
50, 65
50, 64
50, 63
50, 62
50, 61
50, 60
49, 59
49, 59
49, 59
34, 58
35, 57
35, 57
36, 56
36, 56
36, 56
37, 55
37, 55
37, 55
37, 55
55, 68
56, 69
57, 70
57, 70
58, 71
59, 72
60, 73
60, 74
60, 75
60, 75
52, 61
53, 62
54, 63
55, 64
56, 65
57, 66
57, 66
58, 67
58, 67
45, 67
46, 66
47, 65
48, 64
50, 62
50, 61
50, 60
50, 59
50, 58
50, 57
50, 56
50, 55
50, 54
50, 53
51, 52
51, 52
56, 76
55, 75
54, 74
53, 73
52, 72
51, 71
51, 71
51, 71
50, 70
49, 69
49, 69
49, 56
50, 57
51, 58
51, 58
52, 59
52, 59
52, 59
58, 72
57, 71
56, 70
55, 69
54, 68
54, 68
53, 67
52, 66
51, 65
51, 65
51, 65
62, 86
63, 85
63, 84
63, 83
63, 82
63, 82
57, 75
57, 75
56, 74
55, 73
54, 72
54, 72
57, 67
56, 66
55, 65
54, 64
53, 63
52, 62
51, 61
51, 61
43, 64
44, 63
45, 62
47, 60
48, 59
49, 58
50, 57
50, 56
50, 55
50, 54
51, 53
51, 52
51, 52
51, 52
51, 52
51, 52
46, 54
47, 53
48, 52
49, 51
50, 50
49, 49
49, 49
48, 48
47, 47
46, 46
46, 46
45, 45
44, 44
44, 44
57, 73
56, 72
55, 71
54, 70
54, 70
53, 69
52, 68
52, 68
56, 63
55, 64
54, 65
54, 66
54, 66
54, 67
54, 68
54, 69
54, 69
41, 64
41, 62
42, 61
43, 60
44, 59
45, 58
45, 56
46, 55
47, 54
48, 53
49, 52
50, 51
50, 50
50, 50
50, 50
49, 49
48, 48
48, 48
47, 47
47, 47
47, 47
61, 89
60, 88
59, 87
58, 86
57, 85
56, 84
56, 83
56, 82
56, 81
56, 81
52, 84
51, 83
50, 82
50, 82
49, 81
49, 81
51, 82
50, 81
49, 80
48, 79
47, 78
46, 77
45, 76
44, 75
43, 74
43, 74
43, 74
58, 80
57, 79
57, 79
56, 78
55, 77
54, 76
53, 75
53, 75
53, 74
54, 73
55, 72
56, 71
57, 70
58, 69
59, 68
60, 67
60, 67
49, 81
50, 82
51, 83
52, 84
53, 85
53, 85
52, 58
52, 57
52, 56
52, 55
52, 54
52, 54
52, 53
52, 52
52, 52
36, 67
37, 68
38, 69
39, 70
40, 71
41, 72
41, 72
37, 55
38, 54
38, 54
38, 54
39, 53
39, 53
40, 52
40, 52
41, 51
41, 51
46, 46
45, 45
44, 44
44, 44
44, 44
43, 43
42, 42
41, 41
40, 40
40, 40
61, 66
62, 65
63, 64
64, 63
64, 63
65, 62
66, 61
67, 60
67, 60
68, 59
68, 59
52, 74
51, 73
50, 72
49, 71
48, 70
48, 70
47, 69
47, 69
47, 69
57, 66
56, 65
55, 64
54, 63
53, 62
53, 62
53, 62
53, 71
52, 70
51, 69
50, 68
50, 68
49, 67
48, 66
48, 66
45, 45
46, 46
47, 47
48, 48
48, 48
49, 49
49, 49
49, 49
55, 80
54, 79
53, 78
52, 77
52, 77
51, 76
50, 75
49, 74
48, 73
48, 73
52, 53
53, 54
54, 55
55, 56
56, 57
57, 58
58, 59
59, 60
60, 61
60, 61
50, 51
49, 50
48, 49
47, 48
46, 47
45, 47
44, 47
43, 47
43, 47
51, 65
52, 64
53, 63
54, 62
55, 61
55, 61
55, 60
55, 59
55, 59
55, 59
55, 59
53, 70
52, 71
51, 72
50, 73
49, 74
48, 75
47, 76
46, 77
46, 77
45, 78
45, 78
50, 60
49, 59
48, 58
48, 57
48, 56
48, 56
48, 55
48, 55
51, 67
51, 67
50, 66
49, 65
48, 64
47, 63
46, 62
45, 61
45, 59
46, 58
47, 57
48, 56
49, 55
50, 54
50, 53
50, 53
52, 82
52, 83
52, 84
52, 84
52, 84
52, 84
52, 84
52, 84
52, 84
64, 81
65, 80
66, 79
67, 78
67, 77
67, 76
67, 75
67, 75
67, 75
61, 76
61, 76
62, 77
62, 78
62, 79
62, 79
62, 80
62, 81
62, 81
49, 69
48, 68
47, 67
46, 66
45, 65
44, 64
43, 63
43, 61
44, 60
45, 59
46, 58
47, 57
48, 56
47, 55
47, 55
48, 58
47, 57
46, 56
46, 54
47, 53
48, 52
49, 51
50, 50
49, 49
48, 48
48, 48
59, 70
58, 69
58, 69
57, 68
56, 67
56, 67
44, 73
45, 73
45, 73
45, 73
45, 73
45, 73
48, 50
47, 51
46, 52
45, 53
45, 54
45, 54
48, 56
49, 57
49, 57
50, 58
51, 59
51, 59
51, 51
50, 50
49, 49
49, 49
48, 48
48, 48
46, 72
47, 71
48, 70
49, 69
50, 68
51, 67
52, 66
53, 65
53, 65
54, 64
54, 64
53, 85
52, 84
51, 83
50, 82
49, 81
48, 80
47, 79
47, 79
46, 68
45, 67
45, 67
45, 67
44, 66
43, 65
43, 64
43, 64
52, 61
51, 60
50, 59
49, 58
48, 57
48, 57
47, 56
46, 55
45, 54
44, 53
44, 53
61, 80
60, 79
59, 78
58, 77
57, 76
56, 75
56, 75
49, 74
50, 75
51, 76
52, 77
53, 78
54, 79
55, 80
56, 81
56, 81
42, 71
43, 70
44, 69
44, 69
45, 68
46, 67
47, 66
48, 65
49, 64
49, 64
49, 64
55, 68
55, 68
54, 69
53, 70
53, 70
52, 71
51, 72
51, 72
47, 54
46, 53
45, 52
44, 51
43, 50
42, 49
42, 49
40, 51
39, 51
38, 51
37, 51
36, 51
36, 51
35, 51
34, 51
34, 51
51, 83
50, 82
49, 81
48, 80
47, 79
46, 78
45, 77
45, 77
45, 77
67, 60
66, 60
65, 60
64, 60
63, 60
63, 60
63, 60
47, 47
46, 46
46, 46
45, 45
44, 44
44, 44
43, 43
43, 43
42, 42
42, 42
54, 58
53, 57
53, 57
53, 57
52, 56
52, 56
49, 52
49, 52
48, 51
48, 51
47, 50
46, 49
45, 49
44, 49
43, 49
43, 49
47, 65
46, 64
45, 63
44, 62
44, 60
45, 59
46, 58
47, 57
48, 56
49, 55
49, 55
40, 40
39, 39
38, 38
37, 37
36, 36
35, 35
34, 34
34, 34
59, 60
59, 60
58, 59
57, 58
57, 58
56, 57
56, 57
44, 77
43, 76
42, 75
42, 75
41, 75
41, 75
40, 75
40, 75
66, 76
66, 76
65, 77
64, 78
63, 79
63, 79
42, 48
41, 49
40, 50
39, 51
39, 52
39, 53
39, 54
39, 54
35, 35
36, 36
37, 37
38, 38
38, 38
38, 38
38, 38
39, 39
40, 40
40, 40
48, 54
47, 53
46, 53
45, 53
44, 53
43, 53
42, 53
42, 53
42, 42
43, 43
43, 43
44, 44
45, 45
46, 46
46, 46
55, 58
55, 59
55, 59
55, 60
55, 61
55, 62
55, 62
62, 59
61, 58
60, 57
58, 55
57, 54
56, 53
55, 52
54, 51
53, 50
52, 50
51, 50
50, 50
49, 49
48, 48
48, 48
47, 47
46, 46
45, 45
45, 45
51, 55
50, 54
49, 53
48, 52
48, 52
47, 51
46, 50
45, 49
45, 49
45, 54
44, 55
43, 56
42, 56
41, 56
40, 56
39, 56
38, 56
38, 56
38, 56
44, 76
43, 75
42, 74
41, 73
40, 72
39, 71
38, 70
37, 69
37, 69
49, 64
49, 64
50, 65
51, 65
52, 65
52, 65
43, 54
42, 55
41, 56
40, 57
39, 58
38, 59
37, 60
36, 61
35, 62
35, 62
44, 63
44, 63
45, 62
47, 60
48, 59
49, 58
50, 57
50, 56
50, 55
50, 54
51, 53
51, 53
52, 52
53, 51
53, 51
50, 58
49, 57
48, 56
48, 56
47, 55
46, 54
45, 53
44, 52
44, 52
40, 55
41, 56
42, 57
44, 57
45, 56
46, 55
47, 54
48, 53
49, 52
50, 51
51, 52
52, 53
53, 54
54, 55
55, 56
55, 56
41, 76
42, 77
42, 77
43, 77
44, 77
45, 77
45, 77
45, 77
45, 77
55, 63
55, 63
55, 63
56, 62
56, 61
56, 60
56, 59
56, 59
56, 58
56, 58
55, 80
54, 79
53, 78
53, 78
52, 77
51, 76
50, 75
49, 74
49, 74
55, 74
54, 74
54, 74
53, 74
52, 74
51, 74
51, 74
51, 74
51, 74
47, 79
48, 78
48, 78
49, 77
49, 77
49, 77
49, 47
50, 46
51, 45
52, 45
53, 45
54, 45
55, 45
56, 45
57, 45
57, 45
57, 45
52, 73
53, 74
53, 74
54, 75
55, 76
56, 76
56, 76
57, 76
57, 76
35, 52
36, 53
37, 54
37, 54
38, 55
38, 55
41, 48
40, 47
40, 47
41, 48
42, 49
43, 50
44, 50
45, 50
46, 50
47, 50
48, 50
47, 49
46, 48
45, 47
44, 46
44, 46
45, 47
46, 48
47, 49
48, 50
49, 50
50, 50
49, 49
49, 49
49, 49
62, 78
61, 77
60, 76
59, 75
59, 75
59, 75
42, 48
41, 47
41, 47
42, 48
43, 49
44, 50
45, 50
46, 50
47, 50
48, 50
49, 50
49, 50
48, 49
47, 48
47, 48
47, 48
37, 55
38, 55
37, 56
37, 55
36, 55
35, 56
36, 55
37, 56
37, 56
37, 55
36, 55
37, 55
37, 54
36, 55
37, 55
37, 56
37, 56
52, 52
53, 52
54, 51
53, 51
53, 52
53, 53
53, 52
54, 53
54, 54
53, 53
53, 53
48, 75
49, 74
50, 74
49, 74
48, 73
48, 73
51, 75
50, 76
49, 75
50, 76
50, 77
50, 78
49, 79
48, 80
47, 79
48, 80
48, 80
54, 56
54, 57
53, 56
52, 56
52, 57
53, 58
54, 58
55, 57
55, 56
55, 56
46, 48
45, 49
46, 50
46, 49
45, 49
45, 50
44, 51
44, 51
37, 68
37, 67
38, 68
37, 67
36, 68
35, 69
36, 68
35, 67
35, 67
49, 76
48, 75
48, 76
47, 75
47, 74
46, 74
47, 73
47, 73
34, 61
35, 62
36, 62
35, 62
36, 61
36, 60
37, 60
36, 60
35, 60
35, 60
41, 52
40, 51
39, 50
40, 50
41, 49
41, 49
57, 44
58, 43
57, 44
57, 45
57, 44
56, 44
56, 44
59, 76
60, 76
59, 76
59, 75
59, 76
60, 77
59, 76
59, 77
58, 76
58, 76
54, 61
53, 60
54, 61
53, 60
53, 59
54, 60
55, 59
56, 60
56, 60
45, 46
45, 47
45, 48
44, 48
43, 47
44, 47
44, 47
48, 50
49, 50
49, 51
48, 50
48, 49
49, 49
49, 50
48, 51
49, 51
50, 52
50, 52
57, 57
58, 57
58, 56
57, 56
58, 56
58, 56
46, 49
47, 48
48, 47
49, 48
50, 48
49, 47
49, 47
51, 66
52, 67
52, 68
53, 67
52, 68
51, 67
52, 67
51, 67
52, 66
51, 67
51, 67
41, 40
40, 39
40, 38
40, 37
40, 38
41, 39
41, 39
44, 78
45, 77
45, 78
46, 77
45, 77
45, 77
45, 51
45, 52
46, 52
47, 51
48, 51
47, 52
48, 52
49, 51
49, 51
57, 75
57, 76
56, 77
56, 78
56, 77
55, 78
54, 79
55, 80
55, 79
55, 79
47, 45
48, 44
49, 45
48, 46
48, 47
48, 46
48, 47
48, 48
49, 49
49, 49
41, 38
42, 37
43, 36
43, 37
44, 36
43, 36
43, 37
43, 36
43, 35
43, 34
43, 34
36, 61
36, 60
36, 59
37, 58
36, 59
37, 60
37, 60
43, 51
44, 51
45, 52
46, 53
45, 52
44, 51
43, 50
44, 50
44, 50
45, 46
44, 46
43, 47
42, 48
42, 47
42, 47
46, 73
47, 74
46, 75
47, 76
46, 75
47, 74
48, 73
47, 74
48, 74
49, 75
49, 75
46, 76
47, 76
48, 76
47, 75
46, 75
47, 74
48, 75
47, 75
47, 75
48, 51
48, 52
48, 51
47, 50
48, 49
47, 48
48, 47
49, 47
49, 47
36, 66
35, 67
36, 66
37, 66
37, 67
36, 66
36, 67
35, 67
36, 66
36, 66
58, 55
57, 54
58, 53
57, 53
56, 54
55, 55
54, 54
53, 55
53, 56
53, 56
56, 45
57, 45
56, 45
55, 45
56, 45
56, 45
55, 55
54, 55
55, 54
54, 54
53, 54
54, 53
53, 54
52, 53
52, 53
36, 56
35, 57
36, 57
35, 58
36, 59
35, 59
35, 58
35, 58
48, 49
48, 50
48, 51
48, 50
49, 50
48, 50
49, 49
48, 49
49, 50
48, 50
48, 50
54, 54
53, 54
53, 55
52, 56
52, 55
52, 54
51, 55
51, 54
51, 54
56, 80
57, 79
56, 80
56, 81
57, 82
57, 82
49, 51
50, 51
51, 51
51, 52
50, 51
51, 51
51, 51
59, 75
58, 74
59, 75
58, 74
59, 75
60, 74
59, 75
58, 76
57, 77
57, 77
48, 81
49, 82
48, 82
49, 83
49, 82
48, 83
48, 82
48, 83
49, 82
49, 83
49, 83
41, 50
41, 51
40, 52
39, 51
38, 52
38, 52
52, 67
51, 67
50, 67
49, 68
50, 69
50, 68
51, 68
50, 69
50, 70
50, 70
36, 56
37, 55
36, 55
37, 56
36, 57
37, 58
37, 57
36, 58
36, 57
35, 57
35, 57
49, 74
50, 75
49, 76
49, 75
48, 74
48, 74
48, 48
49, 49
48, 50
47, 49
47, 50
46, 49
45, 50
46, 51
45, 51
45, 51
57, 61
58, 62
57, 63
58, 64
59, 63
58, 63
57, 62
56, 62
56, 61
56, 62
56, 62
57, 78
56, 78
56, 79
55, 79
56, 79
56, 80
55, 79
55, 80
55, 80
53, 53
54, 53
54, 54
53, 54
52, 55
51, 55
51, 55
47, 49
46, 49
45, 48
44, 49
43, 48
43, 48
55, 44
54, 44
54, 43
55, 44
55, 43
54, 43
53, 42
54, 42
54, 41
54, 41
42, 35
41, 35
42, 34
43, 33
42, 32
42, 32
37, 51
38, 52
39, 53
38, 54
39, 54
40, 55
41, 56
41, 56
50, 52
51, 51
52, 52
52, 51
53, 50
54, 50
53, 49
53, 48
53, 48
49, 74
50, 74
50, 73
50, 72
49, 73
49, 73
46, 76
47, 76
48, 77
48, 78
47, 78
47, 78
34, 58
35, 57
34, 57
34, 56
33, 57
32, 58
33, 57
34, 57
35, 57
35, 57
50, 46
51, 45
50, 44
51, 43
52, 44
51, 45
50, 44
50, 45
51, 45
51, 46
51, 46
51, 70
51, 69
51, 68
52, 68
51, 67
52, 68
53, 68
53, 68
56, 63
57, 62
58, 63
57, 63
58, 62
59, 62
59, 62
47, 74
48, 74
47, 73
46, 72
46, 71
45, 70
44, 69
45, 68
44, 68
44, 68
45, 51
46, 52
46, 53
45, 52
44, 53
45, 53
44, 53
44, 53
45, 52
44, 51
43, 50
44, 49
43, 50
42, 50
42, 50
48, 84
49, 83
50, 84
49, 84
50, 84
51, 83
52, 84
52, 84
35, 57
36, 56
36, 55
36, 56
35, 57
36, 57
37, 58
37, 58
37, 59
38, 59
38, 58
39, 57
40, 56
39, 57
38, 57
39, 56
40, 57
40, 57
52, 56
51, 57
50, 58
50, 59
49, 60
50, 59
51, 58
51, 57
51, 57
35, 65
34, 64
35, 65
36, 64
35, 65
35, 65
52, 54
51, 55
50, 54
51, 54
52, 55
51, 54
51, 55
51, 56
52, 57
52, 57
58, 83
58, 84
57, 83
56, 83
57, 83
58, 83
59, 83
58, 84
58, 84
43, 46
44, 46
45, 45
44, 46
44, 45
44, 45
52, 56
51, 57
51, 56
51, 55
52, 55
51, 56
50, 57
51, 58
52, 58
51, 57
51, 57
54, 68
53, 68
52, 68
51, 69
50, 69
51, 68
51, 68
35, 56
36, 55
37, 56
36, 57
36, 58
36, 58
51, 58
52, 57
52, 58
51, 57
52, 56
53, 57
54, 57
53, 57
53, 56
52, 57
52, 57
51, 84
50, 83
49, 82
49, 83
50, 82
49, 83
50, 82
51, 82
51, 82
57, 83
56, 84
56, 83
55, 82
56, 82
56, 81
57, 81
58, 82
57, 83
57, 82
57, 82
44, 54
44, 53
45, 52
46, 53
47, 52
47, 53
46, 53
46, 53
42, 51
42, 52
43, 53
44, 54
44, 53
43, 54
44, 54
44, 54
44, 44
44, 45
44, 46
44, 45
45, 45
46, 46
47, 46
48, 47
49, 48
49, 48
39, 58
38, 58
37, 57
37, 58
36, 57
37, 57
37, 58
37, 58
54, 79
55, 80
55, 79
54, 79
54, 78
54, 78
36, 57
36, 58
36, 59
37, 58
38, 57
38, 58
37, 57
37, 57
42, 55
43, 54
44, 53
43, 54
44, 55
43, 55
44, 54
45, 53
44, 53
44, 53
52, 47
53, 48
54, 48
55, 49
56, 49
56, 50
55, 49
54, 50
54, 49
54, 49
51, 45
52, 44
51, 43
51, 42
52, 42
52, 43
51, 42
51, 42
59, 61
59, 60
58, 60
58, 61
57, 60
57, 61
57, 61
36, 65
36, 64
37, 63
36, 64
37, 63
36, 62
36, 63
37, 62
37, 61
37, 60
37, 60
49, 74
49, 73
48, 74
47, 73
47, 72
46, 72
46, 72
43, 33
44, 34
45, 34
45, 35
45, 34
44, 35
45, 36
45, 36
43, 69
43, 68
44, 67
44, 68
45, 69
45, 70
44, 70
43, 71
42, 70
41, 69
41, 69
51, 56
52, 55
51, 55
50, 55
49, 54
48, 53
48, 53
53, 40
54, 40
55, 39
56, 38
57, 39
56, 40
56, 40
44, 49
43, 49
42, 50
42, 49
43, 49
43, 50
42, 50
41, 50
41, 50
48, 79
47, 80
46, 79
47, 78
46, 79
45, 78
44, 77
44, 77
46, 52
47, 51
48, 50
49, 49
50, 48
51, 48
50, 49
51, 50
51, 51
52, 51
52, 51
43, 54
42, 55
41, 55
40, 56
39, 57
40, 56
41, 57
41, 56
40, 57
40, 58
40, 58
53, 48
54, 48
53, 49
54, 48
53, 48
53, 47
54, 46
55, 45
54, 46
54, 46
53, 79
54, 80
55, 79
55, 78
54, 77
55, 78
54, 79
53, 79
54, 78
54, 78
50, 57
50, 56
49, 55
50, 55
51, 56
51, 55
51, 54
51, 54
57, 81
57, 80
58, 81
59, 81
60, 81
59, 82
60, 83
60, 83
52, 82
53, 82
52, 82
52, 83
53, 84
54, 84
55, 83
54, 84
54, 84
35, 57
34, 58
33, 57
33, 58
34, 59
34, 60
34, 59
35, 59
35, 60
34, 61
34, 61
44, 37
44, 38
43, 37
44, 38
43, 38
44, 39
43, 38
43, 37
42, 36
41, 35
41, 35
45, 72
44, 73
44, 72
44, 73
44, 74
43, 74
43, 73
42, 74
43, 74
42, 74
42, 74
37, 56
37, 57
38, 58
39, 57
40, 56
40, 55
41, 55
40, 56
39, 55
39, 55
44, 78
43, 78
42, 79
43, 80
44, 79
45, 79
45, 80
45, 79
46, 79
45, 78
45, 78
52, 67
53, 67
54, 66
55, 67
56, 68
57, 69
58, 70
59, 69
59, 69
38, 60
37, 59
36, 59
37, 59
36, 58
37, 59
37, 58
38, 58
38, 58
49, 47
50, 47
49, 48
50, 47
49, 46
48, 47
47, 48
46, 47
46, 47
48, 52
49, 51
50, 51
50, 52
50, 53
50, 54
51, 54
51, 55
51, 55
42, 49
41, 48
40, 48
39, 49
39, 48
40, 47
40, 48
41, 49
42, 48
41, 48
41, 48
50, 41
50, 40
49, 39
48, 40
47, 39
48, 38
47, 39
47, 39
45, 54
45, 53
45, 52
46, 51
46, 50
45, 49
45, 49
55, 41
56, 41
57, 41
56, 40
55, 40
55, 40
52, 58
52, 59
51, 59
51, 60
50, 60
50, 59
51, 58
52, 59
52, 58
51, 58
51, 58
58, 61
57, 60
56, 60
55, 61
54, 61
54, 60
53, 59
54, 59
54, 59
42, 69
41, 68
40, 68
40, 67
39, 66
38, 67
38, 67
36, 58
37, 58
38, 57
37, 56
38, 57
39, 56
39, 55
40, 55
39, 55
39, 55
55, 85
54, 85
55, 85
54, 85
53, 85
54, 86
54, 86
55, 58
56, 57
57, 57
56, 56
55, 56
54, 55
54, 56
54, 56
46, 38
47, 39
46, 40
46, 39
45, 40
44, 39
44, 39
46, 48
45, 49
44, 48
45, 49
44, 50
45, 49
46, 49
45, 48
44, 47
44, 47
46, 77
46, 78
45, 77
44, 77
44, 76
44, 75
45, 76
44, 76
44, 77
44, 77
46, 49
45, 50
44, 50
43, 49
43, 48
44, 47
45, 46
44, 47
45, 48
46, 48
46, 48
58, 70
58, 71
59, 70
60, 69
60, 70
61, 71
60, 72
60, 72
41, 57
40, 57
41, 56
40, 56
41, 57
41, 56
42, 56
42, 57
41, 57
41, 57
40, 36
40, 35
40, 36
41, 35
41, 34
41, 34
37, 67
38, 67
37, 66
37, 65
36, 65
36, 64
35, 64
35, 64
53, 77
52, 78
53, 78
52, 77
51, 76
51, 77
51, 76
52, 77
52, 78
52, 79
52, 79
50, 53
51, 53
52, 52
53, 52
52, 53
52, 54
51, 53
52, 53
52, 53
35, 62
34, 62
33, 62
34, 63
34, 62
35, 61
35, 61
40, 56
39, 56
39, 57
39, 56
39, 57
38, 57
38, 58
37, 58
37, 57
37, 57
40, 55
41, 56
42, 56
41, 55
40, 56
40, 57
39, 57
38, 57
39, 56
39, 57
39, 57
52, 54
52, 53
51, 52
50, 51
49, 50
49, 51
49, 52
49, 53
48, 53
48, 53
61, 83
62, 83
63, 83
64, 83
65, 82
65, 81
66, 81
67, 80
67, 79
66, 80
66, 80
56, 41
57, 41
57, 40
58, 41
57, 41
57, 41
53, 52
52, 51
53, 51
52, 51
51, 50
50, 51
50, 51
53, 45
54, 45
55, 46
54, 47
54, 48
53, 47
53, 47
42, 73
43, 74
43, 75
42, 76
42, 75
42, 75
41, 49
42, 48
41, 47
40, 47
39, 48
39, 49
38, 50
37, 50
38, 50
38, 50
39, 57
38, 58
39, 58
38, 58
37, 57
37, 56
37, 56
52, 59
52, 58
52, 59
53, 58
54, 57
55, 58
56, 57
55, 56
56, 55
57, 55
57, 55
48, 52
49, 53
50, 52
49, 53
50, 54
49, 53
49, 52
49, 51
49, 51
42, 35
41, 35
40, 36
41, 37
41, 36
41, 36
37, 58
38, 58
39, 58
39, 57
39, 58
39, 58
44, 78
44, 77
43, 76
42, 75
43, 74
42, 73
42, 74
43, 74
43, 74
41, 56
40, 55
41, 54
40, 55
40, 54
39, 54
40, 54
39, 55
40, 55
40, 54
40, 54
34, 65
35, 65
35, 66
36, 65
37, 66
37, 66
46, 47
47, 46
47, 47
47, 48
46, 47
47, 46
47, 46
56, 41
55, 40
56, 41
55, 41
56, 40
57, 39
57, 38
57, 38
55, 87
54, 88
53, 87
54, 87
53, 87
53, 88
54, 89
54, 90
54, 90
54, 47
53, 48
53, 47
54, 47
53, 48
54, 47
54, 47
57, 56
56, 57
55, 58
54, 57
55, 58
55, 57
56, 58
55, 59
55, 59
53, 80
52, 80
53, 80
54, 80
53, 81
53, 81
52, 52
51, 52
50, 53
49, 53
48, 54
48, 53
48, 53
34, 61
35, 60
36, 61
36, 62
35, 61
34, 62
34, 63
34, 63
43, 74
42, 75
41, 74
41, 73
40, 72
39, 73
40, 74
40, 74
38, 57
39, 57
38, 58
39, 57
38, 58
38, 57
39, 56
38, 55
38, 55
55, 56
56, 55
57, 56
58, 57
57, 56
57, 55
56, 54
55, 54
55, 54
59, 73
59, 74
58, 75
58, 74
58, 75
57, 76
57, 75
56, 74
57, 75
57, 75
49, 52
50, 52
51, 53
52, 52
53, 53
54, 54
54, 53
53, 52
52, 51
53, 51
53, 51
45, 48
46, 49
46, 48
45, 48
45, 47
44, 46
44, 46
45, 39
44, 40
44, 39
43, 38
44, 39
43, 38
43, 38
37, 49
36, 50
36, 51
35, 51
34, 50
34, 51
35, 50
35, 50
36, 57
36, 58
37, 58
37, 59
38, 59
38, 59
65, 79
64, 78
63, 77
62, 78
63, 78
62, 77
62, 76
61, 75
60, 76
60, 77
60, 77
43, 75
44, 75
43, 76
44, 75
44, 74
45, 75
45, 75
36, 65
37, 65
36, 66
37, 66
38, 66
37, 65
37, 64
37, 64
54, 91
53, 91
53, 92
53, 91
53, 90
53, 91
53, 90
54, 91
55, 90
55, 91
55, 91
43, 39
43, 38
44, 38
44, 37
45, 36
46, 36
46, 36
40, 57
39, 57
38, 56
38, 57
37, 56
37, 55
37, 55
48, 52
49, 52
49, 53
50, 53
49, 53
49, 53
39, 54
40, 53
39, 54
39, 53
39, 52
38, 52
39, 52
39, 52
56, 39
57, 40
58, 41
59, 41
60, 40
59, 40
59, 39
59, 39
40, 36
39, 35
39, 36
38, 36
39, 36
38, 35
39, 34
40, 33
41, 33
41, 33
47, 47
46, 46
47, 46
46, 47
45, 47
46, 48
45, 48
46, 49
46, 49
55, 53
54, 54
54, 55
54, 54
55, 54
54, 53
53, 52
54, 51
53, 51
53, 51
52, 51
53, 52
54, 53
53, 53
54, 54
54, 54
52, 81
53, 82
53, 81
54, 82
55, 83
55, 83
39, 60
39, 61
38, 62
38, 63
39, 62
38, 63
37, 63
38, 63
38, 63
55, 60
55, 59
56, 59
55, 59
54, 58
54, 59
55, 58
54, 58
53, 58
52, 59
52, 59
40, 75
41, 74
42, 74
41, 75
42, 75
43, 75
43, 74
43, 74
35, 51
36, 50
35, 49
36, 50
36, 51
36, 52
35, 53
35, 53
35, 63
34, 62
34, 61
33, 60
32, 59
31, 59
32, 60
31, 61
31, 61
61, 78
60, 78
61, 78
60, 79
60, 78
60, 79
60, 79
58, 76
59, 76
58, 77
57, 78
57, 77
57, 78
57, 78
41, 55
40, 56
41, 57
42, 57
43, 57
42, 57
42, 57
54, 48
53, 49
54, 50
54, 49
53, 48
52, 49
52, 50
53, 51
53, 51
48, 50
49, 50
50, 49
51, 49
52, 50
53, 51
52, 52
53, 51
53, 51
45, 45
44, 44
43, 43
44, 42
44, 43
45, 44
45, 44
34, 52
34, 51
33, 52
34, 51
33, 52
32, 53
33, 54
34, 54
33, 55
33, 55
38, 63
37, 64
37, 65
36, 65
36, 64
37, 64
36, 64
35, 63
35, 63
55, 90
54, 91
53, 91
54, 90
55, 91
54, 90
54, 91
54, 91
52, 50
52, 51
52, 50
53, 51
52, 51
53, 52
54, 53
53, 52
53, 51
53, 52
53, 52
43, 73
42, 72
42, 71
43, 70
44, 69
45, 69
46, 68
47, 68
47, 67
48, 66
48, 66
38, 55
39, 56
38, 57
38, 56
37, 56
37, 55
37, 56
37, 57
37, 56
38, 57
38, 57
61, 79
61, 78
60, 78
59, 78
58, 79
57, 78
56, 77
57, 76
58, 76
58, 76
45, 48
44, 48
44, 47
44, 46
44, 45
45, 45
45, 45
41, 32
40, 33
41, 33
41, 34
42, 35
43, 34
44, 35
43, 34
42, 35
42, 35
53, 54
52, 54
52, 55
52, 56
51, 55
51, 56
52, 55
53, 55
53, 55
58, 79
59, 79
59, 80
58, 81
59, 82
59, 83
59, 83
46, 44
47, 44
46, 43
46, 42
45, 42
46, 43
45, 44
45, 44
52, 52
53, 51
54, 51
55, 50
55, 49
54, 48
54, 48
55, 84
55, 83
56, 83
56, 84
55, 84
56, 84
56, 85
55, 84
55, 84
32, 62
32, 61
31, 62
32, 63
31, 63
31, 63
39, 63
38, 62
37, 62
38, 63
37, 64
38, 65
38, 65
53, 50
54, 51
54, 50
53, 49
53, 50
52, 51
51, 50
52, 51
52, 51
45, 76
45, 75
44, 76
45, 75
44, 74
44, 74
38, 52
37, 51
36, 51
35, 52
35, 53
35, 54
34, 54
34, 55
33, 54
33, 54
48, 53
47, 53
46, 54
46, 53
45, 53
44, 54
43, 53
43, 54
42, 54
42, 54
46, 37
45, 36
44, 35
44, 34
45, 35
45, 36
44, 37
44, 38
43, 39
44, 38
44, 38
60, 40
61, 40
60, 40
59, 41
60, 40
61, 40
61, 41
61, 41
52, 58
51, 58
52, 59
52, 58
53, 58
52, 58
53, 58
54, 57
54, 58
54, 58
41, 57
41, 56
41, 55
40, 56
39, 56
38, 56
38, 55
37, 54
38, 54
38, 54
58, 84
58, 83
58, 82
57, 82
56, 81
56, 81
51, 51
50, 52
51, 53
51, 52
50, 51
50, 50
51, 51
51, 51
32, 53
32, 54
33, 53
34, 54
33, 54
32, 55
32, 55
53, 91
54, 90
55, 90
54, 90
54, 89
55, 88
56, 87
55, 86
54, 87
54, 87
44, 43
45, 42
46, 43
46, 42
47, 41
46, 40
45, 40
46, 40
46, 41
45, 40
45, 40
43, 73
43, 72
42, 72
43, 73
43, 74
42, 74
43, 75
44, 74
43, 75
44, 76
44, 76
53, 48
54, 47
53, 46
53, 45
52, 46
52, 45
52, 45
46, 44
47, 44
47, 43
47, 42
46, 41
47, 41
48, 42
49, 42
49, 42
53, 59
54, 60
55, 61
54, 61
55, 60
54, 61
53, 61
52, 60
52, 60
31, 64
32, 64
31, 63
31, 64
31, 65
32, 65
31, 65
30, 66
31, 65
31, 65
52, 54
52, 53
53, 54
52, 55
52, 54
52, 55
52, 54
52, 54
38, 55
39, 56
38, 56
38, 55
39, 55
38, 55
38, 55
32, 56
31, 55
31, 54
31, 55
30, 54
29, 55
29, 54
29, 54
41, 34
42, 33
42, 32
41, 33
40, 34
39, 35
40, 34
40, 34
53, 53
54, 53
53, 52
52, 52
51, 52
51, 52
60, 40
59, 41
58, 40
58, 39
57, 39
57, 40
58, 41
58, 40
59, 40
60, 41
60, 41
34, 63
34, 62
34, 63
35, 64
34, 64
33, 65
33, 64
34, 65
34, 65
37, 64
38, 65
38, 64
38, 63
37, 64
37, 65
36, 64
37, 64
38, 64
38, 63
38, 63
43, 53
42, 53
41, 53
42, 52
43, 51
44, 50
43, 50
43, 49
44, 50
44, 50
48, 65
49, 64
48, 63
47, 63
47, 64
47, 65
47, 64
47, 64
37, 58
38, 57
37, 57
37, 56
37, 57
37, 57
59, 77
60, 76
61, 77
60, 76
61, 76
61, 75
61, 76
61, 76
43, 37
43, 36
43, 37
42, 37
42, 38
41, 37
41, 36
41, 36
56, 85
57, 85
57, 86
58, 87
57, 88
57, 89
56, 89
56, 88
56, 88
38, 57
38, 56
37, 56
37, 55
37, 56
36, 57
35, 57
35, 58
36, 58
36, 58
33, 64
34, 63
33, 62
32, 62
33, 62
33, 61
33, 60
33, 60
51, 45
51, 46
50, 45
51, 46
50, 46
51, 45
51, 44
52, 45
52, 45
28, 53
27, 54
28, 55
27, 55
26, 56
25, 57
26, 57
27, 57
27, 57
51, 50
52, 50
51, 51
50, 51
50, 52
51, 51
51, 52
51, 53
50, 52
49, 52
49, 52
54, 86
54, 85
53, 85
52, 84
51, 84
51, 83
52, 83
52, 83
46, 41
45, 40
46, 39
45, 38
46, 37
46, 38
46, 39
47, 40
47, 40
39, 34
38, 35
38, 34
38, 35
37, 35
36, 36
37, 36
38, 35
38, 35
56, 82
55, 81
55, 82
56, 83
55, 82
56, 81
55, 80
54, 81
53, 82
53, 82
38, 64
37, 64
38, 65
37, 65
36, 66
37, 66
37, 66
37, 55
36, 55
37, 56
37, 55
38, 54
38, 54
40, 35
40, 36
41, 37
42, 38
42, 39
43, 38
43, 39
42, 39
42, 39
32, 65
31, 66
32, 66
33, 67
33, 66
33, 67
34, 67
35, 68
35, 68
61, 77
62, 78
61, 77
61, 76
62, 76
61, 76
62, 77
62, 77
31, 56
30, 57
29, 58
28, 59
27, 58
26, 58
27, 57
26, 57
26, 57
48, 64
47, 65
48, 64
47, 64
46, 64
45, 63
44, 64
45, 64
45, 64
43, 49
42, 48
43, 49
44, 50
43, 49
42, 49
42, 50
43, 51
42, 51
42, 51
53, 55
53, 54
53, 53
53, 52
54, 53
55, 53
56, 54
57, 54
57, 54
44, 77
45, 76
44, 77
43, 76
42, 76
43, 75
43, 75
57, 87
57, 86
56, 87
55, 87
54, 87
54, 86
54, 85
54, 86
54, 86
50, 53
49, 52
49, 51
48, 52
49, 53
50, 54
49, 53
50, 52
49, 52
50, 51
50, 51
59, 41
60, 40
59, 41
58, 40
59, 40
59, 41
59, 41
53, 59
53, 60
54, 61
53, 62
54, 61
54, 60
53, 60
54, 60
54, 59
54, 59
50, 42
51, 42
52, 43
51, 44
52, 45
51, 45
50, 45
50, 45
48, 40
48, 39
49, 39
49, 38
49, 37
49, 37
38, 66
37, 65
38, 66
39, 65
38, 64
39, 65
38, 66
38, 66
58, 54
57, 54
56, 53
56, 54
56, 55
57, 55
57, 54
56, 54
56, 54
37, 36
38, 36
37, 37
36, 36
37, 35
38, 34
38, 34
52, 82
51, 83
52, 82
51, 81
51, 82
52, 81
52, 81
50, 44
49, 45
49, 46
50, 46
49, 45
50, 44
51, 45
50, 44
49, 45
49, 45
38, 53
39, 54
38, 55
37, 56
38, 57
38, 57
44, 75
44, 76
45, 75
46, 75
45, 74
46, 74
47, 74
48, 73
49, 73
49, 74
49, 74
33, 59
34, 58
33, 57
32, 57
31, 56
30, 57
30, 57
61, 77
60, 76
60, 77
59, 77
58, 78
58, 78
50, 51
51, 52
52, 52
52, 53
52, 54
53, 55
54, 56
55, 57
55, 57
53, 46
52, 45
53, 46
54, 47
54, 48
54, 47
54, 47
35, 69
34, 69
33, 69
33, 70
32, 71
31, 72
31, 72
54, 87
55, 88
56, 88
57, 88
57, 89
58, 89
59, 90
59, 90
43, 40
44, 41
45, 40
44, 41
45, 40
46, 39
45, 39
44, 39
45, 40
45, 40
42, 52
43, 52
44, 52
45, 51
45, 52
44, 52
44, 52
60, 41
61, 41
60, 40
59, 39
58, 39
57, 39
56, 39
56, 39
27, 58
26, 58
26, 59
26, 58
27, 58
28, 57
28, 56
27, 57
27, 57
27, 58
26, 58
27, 57
28, 56
29, 57
30, 56
29, 56
29, 56
46, 65
46, 66
46, 67
45, 66
44, 67
45, 67
46, 66
45, 66
44, 65
44, 65
36, 57
36, 58
36, 57
36, 58
36, 57
37, 57
38, 58
38, 59
37, 58
37, 58
54, 83
53, 83
52, 83
53, 84
52, 84
53, 84
54, 83
55, 84
54, 83
54, 83
51, 51
52, 50
52, 49
52, 48
53, 48
54, 47
54, 47
53, 60
54, 61
55, 61
55, 60
54, 60
54, 60
46, 40
45, 39
46, 38
46, 37
45, 37
44, 36
45, 36
44, 35
45, 35
45, 35
54, 57
55, 57
56, 58
56, 59
55, 58
56, 57
56, 56
56, 55
57, 56
58, 56
58, 56
54, 48
54, 49
53, 48
54, 48
54, 47
54, 46
54, 46
44, 51
44, 50
44, 49
43, 49
43, 48
43, 49
42, 49
42, 50
42, 50
49, 44
48, 44
49, 45
50, 44
51, 44
52, 44
52, 45
52, 46
51, 46
50, 47
50, 47
55, 55
54, 56
54, 57
53, 58
52, 57
51, 56
50, 56
51, 56
51, 56
30, 55
31, 54
32, 53
33, 54
32, 53
32, 54
31, 53
32, 53
32, 53
55, 84
56, 84
55, 85
55, 84
55, 85
55, 86
56, 87
56, 86
57, 85
56, 85
56, 85
58, 79
58, 78
59, 77
58, 76
59, 77
60, 76
60, 77
59, 78
59, 78
49, 73
48, 74
49, 73
50, 73
51, 73
52, 74
52, 74
53, 61
52, 61
53, 60
52, 61
51, 60
51, 60
50, 38
50, 39
50, 40
49, 41
49, 42
49, 43
50, 43
51, 42
50, 43
50, 43
38, 33
39, 34
40, 33
39, 34
40, 34
39, 33
39, 33
30, 71
30, 72
29, 73
28, 72
28, 73
28, 74
27, 73
28, 73
28, 74
28, 74
38, 65
38, 66
39, 66
38, 67
39, 66
38, 67
37, 66
37, 65
37, 65
26, 58
25, 58
26, 59
26, 60
26, 59
25, 58
24, 58
23, 57
23, 58
24, 58
24, 58
52, 82
51, 83
51, 84
52, 83
51, 82
51, 83
50, 83
50, 83
37, 56
38, 55
39, 55
38, 55
37, 54
36, 55
36, 56
35, 57
36, 57
35, 56
35, 56
37, 59
36, 58
37, 58
38, 57
38, 56
38, 55
38, 55
29, 57
30, 58
31, 58
31, 57
32, 57
32, 56
31, 55
30, 54
29, 54
29, 54
56, 40
57, 39
58, 38
59, 38
59, 37
58, 36
58, 36
54, 48
54, 47
53, 47
54, 47
54, 48
53, 47
54, 46
55, 46
54, 46
54, 46
58, 90
58, 89
58, 88
58, 87
57, 86
56, 87
56, 87
43, 64
42, 64
42, 63
41, 62
42, 61
41, 60
40, 61
39, 62
38, 63
38, 63
37, 66
36, 67
36, 66
37, 65
36, 65
35, 65
35, 66
35, 65
34, 65
34, 65
37, 56
38, 57
39, 56
40, 55
40, 54
41, 53
42, 52
42, 52
27, 73
27, 74
26, 73
27, 74
26, 75
27, 75
28, 75
28, 75
58, 55
57, 54
58, 55
58, 56
57, 57
56, 58
56, 59
55, 60
55, 61
55, 61
45, 34
44, 33
43, 34
42, 35
42, 34
41, 34
42, 35
42, 35
38, 32
38, 31
39, 31
38, 32
39, 33
39, 33
37, 62
37, 61
37, 62
37, 61
38, 60
39, 61
40, 62
39, 62
39, 61
39, 61
29, 55
30, 56
30, 55
30, 56
31, 55
32, 54
31, 55
30, 56
30, 56
54, 47
55, 46
56, 45
57, 45
58, 44
57, 45
56, 44
56, 45
55, 46
55, 46
52, 61
53, 62
54, 62
53, 61
52, 62
52, 63
52, 63
51, 84
50, 83
50, 82
49, 81
50, 82
50, 82
41, 51
42, 52
43, 53
43, 52
44, 51
43, 51
43, 51
50, 42
50, 41
51, 40
50, 41
50, 40
49, 41
50, 41
49, 42
49, 41
49, 41
57, 84
57, 85
58, 84
58, 83
59, 84
60, 83
60, 83
57, 87
58, 88
58, 87
59, 86
60, 85
61, 84
61, 83
62, 82
61, 82
61, 82
34, 56
33, 56
34, 57
35, 58
36, 58
37, 57
37, 56
37, 56
51, 55
50, 56
49, 57
48, 58
48, 59
47, 58
48, 58
48, 59
48, 59
51, 73
52, 74
51, 73
51, 74
52, 73
53, 72
52, 71
52, 70
52, 70
50, 48
49, 48
50, 48
49, 47
50, 48
50, 49
51, 50
51, 51
51, 52
50, 51
50, 51
54, 47
54, 46
55, 45
56, 46
55, 46
56, 46
57, 47
57, 47
31, 53
32, 52
32, 51
31, 50
30, 51
30, 51
57, 35
57, 34
56, 33
55, 33
54, 32
54, 32
23, 58
22, 57
23, 57
22, 58
21, 58
20, 57
20, 58
21, 59
21, 58
20, 59
20, 59
58, 79
58, 78
59, 77
58, 78
57, 79
56, 80
57, 80
56, 81
56, 81
50, 52
51, 51
50, 52
50, 53
49, 54
49, 54
50, 42
51, 43
50, 44
51, 44
51, 43
50, 42
51, 43
51, 43
58, 48
58, 47
59, 48
60, 48
59, 47
60, 47
61, 47
62, 46
62, 46
35, 65
36, 65
37, 66
37, 65
38, 66
38, 66
48, 58
49, 58
50, 59
51, 59
52, 58
53, 58
53, 58
29, 56
30, 56
31, 55
32, 55
33, 54
32, 54
33, 54
34, 54
33, 54
33, 55
33, 55
42, 34
41, 34
42, 35
41, 35
41, 34
41, 35
41, 35
44, 52
45, 53
44, 52
45, 52
45, 53
46, 54
46, 54
37, 57
36, 56
36, 55
36, 56
35, 55
36, 55
36, 54
35, 54
35, 55
34, 56
34, 56
51, 64
52, 63
51, 62
52, 62
51, 61
52, 60
51, 60
51, 60
53, 32
53, 31
52, 31
53, 30
52, 30
52, 30
29, 50
30, 49
29, 50
28, 51
28, 50
28, 49
27, 50
28, 50
28, 50
56, 61
56, 62
57, 61
57, 60
58, 59
59, 60
58, 60
58, 59
57, 60
57, 60
55, 81
56, 82
57, 81
56, 80
57, 79
58, 80
59, 79
59, 79
20, 58
19, 59
20, 58
21, 57
20, 58
20, 59
21, 59
22, 58
23, 58
24, 59
24, 59
62, 81
61, 80
62, 81
62, 82
62, 83
61, 83
60, 83
61, 83
61, 84
60, 84
60, 84
50, 83
50, 82
50, 83
50, 82
49, 83
48, 82
49, 82
48, 82
48, 83
48, 84
48, 84
39, 32
39, 33
39, 32
39, 33
39, 32
39, 31
40, 32
39, 33
39, 34
40, 35
40, 35
52, 71
53, 71
53, 72
54, 71
53, 71
54, 71
54, 70
54, 70
29, 74
28, 74
29, 74
29, 73
28, 74
27, 73
27, 73
42, 51
43, 50
42, 51
41, 51
40, 52
40, 52
40, 61
41, 61
40, 62
41, 62
42, 61
41, 61
41, 62
41, 62
61, 84
62, 84
63, 83
62, 84
61, 84
60, 85
60, 85
54, 47
54, 46
55, 46
54, 45
54, 46
55, 45
54, 44
53, 45
53, 45
26, 72
25, 72
26, 72
25, 73
24, 74
25, 75
26, 75
26, 74
27, 73
26, 73
26, 73
52, 59
53, 59
54, 58
55, 59
56, 58
56, 58
40, 35
40, 34
39, 33
39, 32
39, 31
39, 31
34, 56
35, 55
36, 56
37, 56
37, 57
38, 57
37, 58
37, 57
37, 57
33, 57
33, 56
32, 56
31, 55
31, 56
32, 56
32, 56
39, 34
38, 35
39, 35
38, 34
37, 35
38, 36
38, 36
52, 44
51, 44
52, 45
51, 44
52, 44
51, 44
52, 45
53, 45
52, 46
51, 46
51, 46
28, 51
29, 52
28, 51
29, 52
29, 51
30, 51
29, 52
30, 53
31, 54
32, 53
32, 53
49, 55
50, 55
49, 56
48, 55
48, 54
49, 53
48, 54
48, 55
48, 55
58, 80
57, 80
57, 79
57, 78
58, 79
59, 79
59, 79
39, 67
38, 68
39, 69
40, 68
39, 69
38, 70
39, 70
40, 71
40, 72
40, 73
40, 73
60, 84
59, 84
60, 84
61, 83
60, 84
60, 84
52, 44
53, 44
53, 43
54, 43
55, 42
54, 41
54, 41
53, 31
52, 31
51, 31
52, 31
51, 31
50, 31
49, 32
48, 31
47, 32
47, 32
57, 59
57, 58
57, 59
58, 60
58, 61
59, 62
59, 62
24, 60
25, 61
26, 60
25, 59
24, 59
24, 58
23, 57
24, 57
23, 57
23, 56
23, 56
49, 83
49, 84
49, 85
49, 86
48, 85
47, 84
48, 84
47, 83
47, 83
46, 55
46, 54
47, 53
47, 52
46, 52
47, 51
48, 52
49, 52
49, 52
61, 47
61, 46
60, 46
61, 45
62, 45
61, 46
60, 47
61, 46
62, 45
63, 44
63, 44
54, 59
55, 60
54, 60
55, 59
56, 58
55, 57
56, 58
56, 58
53, 70
53, 69
52, 68
52, 69
52, 68
51, 68
52, 67
51, 68
51, 68
39, 51
39, 50
39, 49
38, 48
38, 47
37, 46
38, 46
38, 46
41, 61
40, 62
39, 62
39, 63
39, 64
38, 64
38, 65
38, 64
38, 64
61, 83
60, 84
61, 83
60, 83
60, 84
59, 85
58, 84
59, 83
58, 82
57, 81
57, 81
61, 83
61, 82
62, 82
63, 83
64, 83
63, 84
64, 84
64, 84
38, 65
39, 64
39, 63
40, 62
41, 62
41, 62
37, 36
36, 36
37, 35
36, 34
37, 33
37, 34
36, 35
37, 35
37, 35
55, 59
55, 60
54, 61
55, 62
54, 61
53, 61
52, 60
53, 61
53, 60
53, 60
24, 57
23, 57
22, 57
23, 58
23, 57
24, 56
23, 57
23, 57
25, 72
26, 71
27, 71
27, 72
26, 72
25, 72
26, 72
26, 72
49, 51
48, 50
49, 51
50, 52
51, 51
50, 52
49, 51
49, 52
49, 52
39, 30
39, 29
40, 28
39, 28
38, 27
38, 28
38, 28
50, 46
49, 47
50, 46
51, 46
52, 46
53, 45
54, 45
53, 44
53, 44
39, 74
39, 73
39, 74
38, 75
38, 76
38, 76
54, 40
53, 40
52, 40
53, 39
54, 38
53, 39
54, 38
54, 38
51, 69
50, 69
51, 68
50, 68
50, 67
50, 66
51, 66
51, 66
57, 82
56, 81
57, 81
56, 82
55, 81
54, 82
53, 83
53, 82
53, 82
60, 62
61, 61
62, 61
61, 61
61, 60
61, 60
38, 47
39, 47
38, 47
39, 47
39, 48
40, 49
39, 48
40, 48
40, 49
39, 50
39, 50
55, 57
56, 56
56, 57
56, 58
56, 59
57, 60
56, 59
56, 60
55, 61
55, 61
60, 80
61, 80
60, 79
60, 80
60, 81
61, 82
61, 82
37, 58
36, 57
35, 58
35, 57
36, 56
36, 55
37, 55
37, 55
32, 54
32, 53
31, 52
30, 52
31, 53
32, 52
32, 51
31, 50
31, 50
48, 82
49, 82
50, 82
51, 82
50, 83
50, 83
48, 32
49, 31
48, 31
47, 31
46, 32
45, 33
44, 33
43, 33
43, 33
31, 57
30, 58
29, 59
28, 59
29, 60
29, 61
29, 61
63, 45
64, 45
63, 45
62, 46
62, 47
63, 46
64, 46
64, 46
49, 55
48, 56
48, 57
49, 57
48, 57
48, 57
49, 84
50, 83
50, 84
49, 84
49, 85
49, 85
25, 73
24, 74
25, 75
25, 74
26, 73
25, 72
26, 71
26, 71
52, 43
51, 42
52, 42
53, 43
52, 44
52, 45
52, 45
22, 56
23, 55
23, 54
24, 55
23, 56
23, 57
23, 57
36, 34
35, 35
36, 36
36, 37
37, 38
36, 39
36, 39
62, 59
61, 58
62, 58
63, 59
62, 58
63, 58
64, 59
64, 59
63, 45
64, 45
64, 44
64, 43
64, 44
64, 45
63, 44
63, 44
49, 56
48, 57
47, 56
47, 57
46, 56
46, 55
46, 55
48, 52
49, 53
49, 54
49, 55
48, 54
47, 54
48, 55
48, 56
49, 55
49, 55
42, 33
42, 34
41, 34
40, 34
39, 33
40, 34
40, 34
41, 61
42, 61
41, 61
42, 61
41, 62
42, 61
41, 61
40, 62
40, 62
52, 65
51, 66
51, 67
51, 66
52, 66
53, 66
52, 66
52, 67
51, 68
51, 68
52, 60
53, 60
54, 59
53, 58
53, 57
54, 58
54, 58
40, 49
41, 50
41, 51
40, 50
41, 51
42, 52
42, 51
41, 50
41, 50
62, 81
63, 82
62, 82
61, 83
61, 82
61, 83
60, 83
60, 83
37, 75
38, 75
38, 76
38, 75
39, 74
38, 74
37, 73
37, 73
31, 49
31, 50
32, 50
33, 51
32, 52
31, 51
32, 52
33, 51
34, 50
34, 50
39, 27
40, 26
41, 25
42, 25
42, 26
41, 25
40, 26
41, 25
41, 25
54, 39
55, 38
56, 37
57, 37
56, 36
56, 37
57, 37
56, 38
56, 37
56, 38
56, 38
38, 56
37, 57
37, 58
38, 57
38, 58
39, 57
39, 57
30, 60
29, 60
28, 60
28, 61
29, 62
29, 61
29, 62
29, 62
65, 83
65, 84
64, 84
65, 83
65, 84
66, 84
67, 83
66, 84
67, 83
67, 83
53, 81
54, 80
55, 79
55, 78
55, 79
56, 78
57, 79
58, 79
58, 79
54, 60
53, 60
54, 60
54, 61
53, 62
54, 61
54, 61
37, 39
38, 39
38, 38
39, 39
38, 38
39, 37
38, 36
38, 35
38, 35
25, 72
26, 71
27, 70
27, 71
27, 72
26, 73
27, 72
27, 72
61, 83
62, 82
63, 82
64, 83
63, 82
64, 81
64, 81
22, 58
23, 57
24, 57
25, 56
24, 57
24, 57
55, 39
54, 40
53, 41
54, 40
53, 39
53, 39
47, 54
47, 53
46, 52
45, 53
46, 52
46, 52
58, 78
57, 79
57, 80
57, 81
57, 82
56, 81
56, 81
52, 46
51, 45
52, 46
53, 46
54, 47
53, 47
54, 46
53, 47
52, 46
52, 46
28, 61
29, 60
30, 61
29, 60
30, 61
30, 62
31, 63
30, 64
29, 65
28, 66
28, 66
38, 73
37, 73
38, 72
38, 71
39, 70
38, 70
37, 69
36, 70
36, 70
67, 82
66, 82
67, 81
68, 81
67, 82
66, 81
66, 81
40, 57
40, 58
41, 57
40, 56
40, 55
41, 56
40, 56
40, 56
41, 26
41, 27
40, 26
41, 27
41, 26
41, 27
40, 27
39, 28
39, 28
53, 58
54, 58
55, 58
54, 59
53, 60
53, 60
33, 50
32, 50
31, 49
32, 49
31, 49
31, 48
32, 47
31, 47
31, 47
65, 60
66, 61
66, 60
65, 61
64, 62
63, 61
63, 61
49, 86
49, 87
50, 87
49, 88
49, 89
50, 89
50, 88
50, 87
49, 87
49, 87
39, 61
40, 61
40, 60
40, 61
39, 61
38, 62
38, 62
63, 45
63, 44
64, 43
63, 44
64, 45
65, 44
64, 43
63, 44
63, 45
64, 44
64, 44
55, 62
56, 62
55, 61
54, 61
55, 61
54, 60
54, 59
55, 59
56, 60
57, 60
57, 60
42, 51
43, 50
44, 50
44, 51
43, 52
43, 53
44, 54
44, 54
50, 56
50, 57
51, 58
52, 59
53, 59
52, 58
53, 58
54, 59
55, 60
55, 60
40, 33
39, 32
38, 32
38, 33
37, 33
37, 33
51, 69
50, 69
49, 70
48, 69
48, 70
47, 70
48, 69
47, 70
47, 70
37, 34
37, 33
37, 34
36, 33
36, 32
35, 32
36, 31
37, 30
36, 31
36, 31
32, 46
33, 47
32, 48
32, 49
32, 48
33, 49
32, 48
31, 48
31, 49
31, 49
53, 40
53, 39
52, 38
53, 38
54, 38
54, 38
47, 71
46, 70
47, 70
46, 70
47, 70
47, 70
43, 54
42, 53
43, 53
42, 54
41, 55
41, 56
41, 57
42, 56
42, 56
39, 56
40, 57
41, 58
42, 59
41, 60
41, 60
29, 67
28, 67
29, 66
28, 66
29, 67
30, 66
30, 66
47, 53
48, 54
49, 54
50, 55
50, 56
51, 57
50, 58
50, 58
65, 80
66, 81
67, 82
68, 82
69, 82
70, 82
70, 81
70, 82
70, 82
52, 60
53, 59
52, 58
51, 59
52, 59
52, 59
63, 44
64, 43
64, 44
63, 43
63, 44
64, 43
64, 42
64, 42
39, 62
39, 63
39, 62
40, 61
39, 62
39, 63
39, 62
39, 62
39, 34
40, 35
39, 36
39, 37
40, 36
40, 36
63, 62
64, 63
64, 62
63, 63
62, 63
63, 62
63, 62
52, 45
53, 45
53, 46
52, 45
52, 46
51, 47
51, 47
57, 59
56, 58
57, 58
56, 57
55, 56
56, 57
56, 56
55, 55
55, 55
63, 81
63, 80
64, 80
64, 79
65, 80
64, 81
65, 80
66, 80
67, 80
66, 80
66, 80
38, 27
39, 28
40, 29
39, 28
39, 29
39, 29
56, 80
57, 80
56, 79
55, 78
54, 79
54, 79
56, 59
57, 60
57, 61
57, 60
57, 61
57, 61
48, 87
48, 86
48, 87
49, 86
48, 87
47, 88
48, 88
48, 88
28, 73
29, 74
28, 74
29, 74
28, 75
27, 76
26, 77
27, 77
27, 77
25, 57
25, 56
26, 57
25, 58
24, 59
25, 60
25, 59
26, 58
25, 57
24, 56
24, 56
35, 69
34, 70
33, 69
34, 70
34, 69
35, 68
36, 69
35, 69
35, 69
40, 62
41, 62
42, 61
42, 60
41, 60
42, 59
42, 60
42, 59
41, 60
41, 60
64, 43
65, 43
64, 42
65, 42
66, 43
65, 44
66, 44
65, 44
65, 44
48, 70
48, 69
49, 70
48, 70
47, 70
48, 71
47, 70
48, 71
48, 71
50, 46
50, 47
51, 48
51, 49
50, 50
51, 51
50, 51
50, 51
35, 68
35, 69
34, 69
35, 69
36, 69
36, 69
23, 56
23, 57
24, 56
25, 56
26, 56
27, 56
28, 55
28, 56
28, 57
28, 57
56, 60
55, 60
54, 60
55, 60
56, 61
57, 60
57, 59
56, 58
57, 59
57, 59
55, 54
55, 55
54, 55
55, 54
56, 54
57, 54
57, 54
35, 30
34, 30
34, 29
33, 28
32, 28
31, 28
32, 27
31, 28
30, 29
29, 29
29, 29
53, 37
54, 37
53, 37
52, 38
51, 38
50, 39
49, 40
50, 39
50, 40
50, 40
38, 30
38, 31
39, 32
40, 32
41, 33
42, 34
42, 34
42, 59
41, 60
42, 61
41, 60
41, 59
41, 60
41, 60
43, 55
44, 54
43, 54
43, 53
44, 54
43, 54
43, 55
43, 56
42, 57
42, 57
64, 62
65, 61
64, 60
64, 59
63, 59
63, 59
70, 81
70, 80
69, 80
70, 79
71, 79
71, 78
71, 78
67, 81
67, 82
68, 82
69, 81
68, 80
69, 80
69, 81
69, 81
31, 66
30, 67
31, 66
31, 65
31, 64
30, 64
29, 65
30, 64
30, 64
26, 78
27, 77
28, 76
29, 77
30, 76
29, 76
28, 76
27, 75
26, 74
26, 74
50, 59
49, 60
50, 59
50, 58
50, 59
50, 60
51, 61
52, 61
51, 62
51, 62
47, 89
46, 89
47, 89
47, 90
48, 90
49, 89
48, 88
48, 89
47, 89
47, 90
47, 90
53, 80
54, 79
54, 80
54, 81
55, 81
56, 80
56, 81
56, 82
56, 82
53, 59
54, 58
55, 58
54, 58
55, 59
56, 59
55, 60
56, 61
57, 60
57, 60
40, 35
40, 36
39, 37
39, 36
40, 36
39, 36
38, 37
39, 38
38, 38
39, 38
39, 38
32, 49
33, 49
34, 49
34, 50
35, 51
36, 51
36, 51
35, 51
34, 52
33, 52
34, 51
33, 51
32, 51
31, 52
30, 52
29, 51
29, 51
48, 89
47, 88
48, 88
48, 89
47, 88
48, 87
48, 86
47, 85
47, 86
47, 86
56, 54
57, 54
58, 55
57, 54
56, 53
56, 53
64, 44
63, 45
63, 46
64, 47
63, 47
64, 46
63, 47
63, 47
28, 30
29, 31
29, 32
30, 33
31, 33
30, 32
30, 32
58, 60
57, 60
58, 59
58, 60
58, 61
59, 60
59, 60
41, 56
41, 55
42, 55
43, 55
42, 54
41, 55
40, 56
41, 56
40, 56
39, 57
39, 57
55, 83
56, 82
57, 82
56, 81
57, 81
57, 81
49, 41
49, 42
48, 43
49, 43
50, 43
50, 44
49, 45
48, 45
48, 45
39, 37
40, 37
41, 38
40, 37
41, 36
40, 35
39, 34
39, 34
68, 81
69, 80
68, 79
67, 78
66, 79
65, 78
64, 78
63, 77
64, 78
64, 77
64, 77
56, 60
55, 59
55, 58
56, 57
56, 58
55, 57
54, 58
54, 58
42, 59
42, 60
41, 60
40, 60
41, 59
41, 59
51, 52
51, 53
52, 54
52, 53
52, 54
51, 55
52, 54
53, 53
53, 53
28, 56
29, 55
30, 54
30, 53
29, 53
30, 54
31, 54
31, 55
31, 55
63, 58
62, 58
61, 57
61, 58
61, 59
60, 59
60, 58
60, 58
41, 35
40, 34
41, 34
41, 33
40, 33
41, 33
40, 33
40, 33
29, 65
29, 66
29, 65
28, 65
27, 64
26, 65
25, 66
24, 67
23, 68
23, 68
72, 77
72, 78
73, 78
73, 77
73, 78
72, 77
72, 78
73, 78
74, 78
74, 78
40, 61
41, 62
40, 62
40, 61
39, 61
39, 61
27, 73
28, 74
29, 73
28, 74
29, 73
29, 73
50, 61
49, 60
50, 60
49, 59
48, 58
49, 59
48, 58
48, 59
49, 59
48, 58
48, 58
35, 68
34, 68
35, 68
36, 68
36, 69
35, 69
36, 68
35, 69
34, 70
35, 69
35, 69
49, 72
50, 72
49, 71
50, 72
49, 72
48, 71
48, 71
58, 61
57, 60
57, 61
58, 62
57, 63
56, 63
56, 64
55, 64
56, 63
56, 63
40, 61
41, 62
41, 63
40, 62
41, 63
41, 63
30, 50
30, 49
29, 48
29, 49
30, 50
30, 51
30, 52
30, 51
30, 51
46, 85
45, 85
46, 86
45, 87
44, 87
44, 88
45, 87
46, 88
47, 88
48, 88
48, 88
30, 31
30, 32
29, 32
30, 32
30, 33
31, 33
30, 32
29, 31
30, 31
30, 31
64, 76
65, 77
64, 76
63, 75
62, 75
62, 74
63, 75
62, 76
62, 76
39, 33
39, 34
38, 33
37, 34
36, 35
36, 36
35, 36
35, 37
34, 37
34, 37
47, 72
47, 71
47, 72
48, 73
47, 73
48, 72
47, 71
48, 71
49, 72
48, 71
48, 71
28, 73
27, 72
28, 73
29, 72
30, 72
30, 71
29, 70
30, 69
30, 70
30, 70
52, 53
51, 53
50, 54
49, 55
48, 56
47, 55
46, 54
46, 54
57, 53
57, 54
58, 53
57, 54
57, 53
57, 53
38, 58
38, 57
37, 56
37, 57
36, 57
35, 58
35, 59
34, 58
35, 57
35, 57
40, 59
41, 60
42, 60
42, 61
41, 61
40, 61
41, 60
41, 60
36, 69
35, 69
36, 70
35, 71
36, 70
36, 69
36, 70
36, 70
22, 68
21, 68
22, 69
22, 68
21, 68
22, 68
23, 69
24, 69
25, 69
25, 69
53, 57
54, 56
53, 55
52, 55
53, 55
52, 55
51, 55
52, 55
51, 55
51, 55
47, 57
48, 56
47, 56
48, 55
47, 54
47, 54
62, 47
63, 47
63, 46
64, 46
65, 47
64, 46
63, 45
62, 46
61, 46
62, 47
62, 47
41, 32
42, 32
41, 31
42, 31
43, 31
42, 31
42, 31
59, 57
60, 58
61, 59
62, 58
62, 59
62, 58
63, 57
64, 57
63, 56
63, 56
48, 44
49, 45
50, 44
50, 45
51, 44
52, 44
51, 43
50, 43
50, 43
66, 69
66, 68
66, 67
65, 67
64, 67
63, 67
64, 67
65, 67
64, 67
64, 67
58, 81
57, 80
57, 81
57, 82
56, 81
57, 81
56, 80
57, 80
57, 80
30, 54
31, 54
32, 54
31, 54
30, 53
30, 53
43, 31
42, 30
41, 30
41, 31
41, 32
42, 33
43, 33
43, 34
42, 35
43, 35
43, 35
46, 53
47, 53
47, 54
46, 54
45, 53
44, 54
45, 53
45, 54
44, 54
44, 54
42, 59
42, 60
41, 61
40, 62
41, 61
41, 60
40, 59
41, 60
42, 61
42, 61
30, 30
31, 30
31, 31
32, 32
33, 32
32, 32
32, 32
61, 48
60, 47
59, 48
60, 49
59, 50
59, 50
56, 62
57, 61
58, 60
57, 59
56, 58
55, 57
56, 56
57, 56
57, 56
47, 88
46, 88
45, 89
46, 88
45, 88
45, 88
61, 75
62, 75
61, 76
61, 77
62, 77
62, 78
62, 77
62, 77
49, 71
50, 70
51, 69
50, 69
51, 68
50, 68
50, 67
50, 66
50, 66
58, 80
57, 79
56, 78
56, 79
57, 79
57, 79
63, 55
62, 55
62, 54
62, 53
63, 53
62, 54
62, 54
47, 55
48, 54
48, 53
48, 54
48, 55
47, 56
47, 55
47, 55
24, 69
25, 69
24, 69
25, 69
26, 68
27, 67
26, 66
25, 66
24, 65
25, 66
25, 66
42, 63
41, 63
40, 62
41, 62
42, 63
42, 64
43, 65
44, 64
43, 64
43, 64
35, 71
36, 72
35, 73
36, 74
36, 73
37, 74
38, 75
38, 75
29, 52
30, 51
29, 51
28, 51
29, 51
30, 50
29, 49
28, 50
28, 50
34, 56
35, 57
36, 58
35, 59
34, 60
35, 59
36, 59
35, 59
36, 58
37, 58
37, 58
30, 69
30, 68
31, 69
30, 70
31, 69
32, 69
32, 69
35, 38
36, 39
37, 38
38, 37
39, 38
38, 37
38, 37
52, 54
53, 53
52, 54
53, 55
52, 54
53, 55
53, 56
52, 57
53, 56
53, 55
53, 55
29, 51
30, 50
31, 50
30, 50
31, 49
32, 49
32, 49
51, 44
52, 43
53, 44
54, 43
54, 44
54, 45
53, 44
53, 43
53, 43
65, 68
64, 69
63, 69
64, 70
63, 71
63, 70
62, 71
62, 71
56, 54
55, 53
54, 54
55, 55
55, 54
56, 54
57, 55
58, 54
57, 53
57, 54
57, 54
26, 66
25, 65
26, 64
25, 65
25, 66
25, 65
25, 65
38, 58
37, 58
38, 58
37, 58
36, 58
36, 58
31, 70
32, 71
32, 70
31, 70
30, 70
30, 71
30, 70
31, 70
32, 71
32, 72
32, 72
28, 51
27, 50
26, 50
27, 50
26, 50
25, 50
24, 51
23, 52
22, 52
22, 52
54, 44
53, 44
52, 43
51, 43
52, 44
51, 44
50, 45
50, 46
50, 46
57, 55
58, 55
57, 54
58, 54
57, 53
58, 54
58, 54
33, 32
33, 31
32, 30
33, 29
32, 29
32, 30
32, 30
49, 67
50, 67
50, 66
49, 66
48, 65
49, 65
49, 64
49, 65
49, 65
62, 55
61, 55
62, 56
62, 55
61, 56
61, 55
61, 55
43, 54
44, 55
45, 54
44, 54
44, 53
44, 52
44, 51
44, 51
57, 55
56, 55
56, 56
55, 55
54, 55
54, 56
54, 56
43, 34
43, 33
42, 34
43, 33
42, 32
43, 32
43, 32
58, 79
57, 78
58, 77
59, 76
58, 75
57, 75
57, 74
56, 73
56, 73
63, 70
62, 71
61, 71
60, 71
61, 70
62, 70
61, 70
61, 70
59, 49
58, 49
57, 49
58, 49
57, 48
56, 48
57, 47
57, 48
57, 49
57, 49
39, 76
40, 77
39, 77
38, 76
38, 75
38, 76
38, 76
46, 54
46, 55
47, 54
48, 53
49, 52
49, 52
32, 48
33, 49
32, 50
31, 49
30, 50
31, 51
30, 51
30, 52
30, 52
63, 77
63, 78
62, 77
61, 78
62, 77
62, 76
63, 76
64, 75
65, 75
64, 74
64, 74
46, 89
47, 90
48, 89
47, 89
46, 89
47, 90
47, 90
41, 61
42, 61
41, 62
41, 61
40, 60
40, 60
38, 38
39, 38
40, 39
40, 38
39, 39
39, 39
54, 54
55, 53
54, 54
53, 55
54, 54
53, 54
52, 54
53, 54
53, 54
44, 64
44, 65
44, 66
45, 66
44, 65
44, 65
48, 53
47, 54
46, 55
46, 56
47, 56
47, 55
48, 55
48, 55
62, 56
63, 55
63, 54
63, 53
62, 54
61, 55
62, 56
63, 57
64, 58
64, 58
52, 54
53, 54
53, 55
52, 54
51, 55
50, 54
50, 54
35, 59
35, 58
36, 57
36, 56
37, 55
37, 54
37, 54
43, 51
42, 50
43, 49
43, 50
42, 51
43, 52
42, 53
42, 52
43, 53
42, 53
42, 53
56, 74
55, 74
56, 74
57, 74
56, 74
55, 75
56, 76
55, 75
55, 76
56, 76
56, 76
48, 89
47, 88
48, 88
47, 89
48, 88
48, 89
47, 90
48, 89
47, 88
46, 88
46, 88
24, 65
23, 65
24, 66
24, 65
24, 66
24, 65
24, 65
38, 39
39, 39
40, 40
39, 39
40, 39
41, 40
41, 41
42, 40
42, 40
42, 31
43, 31
44, 30
45, 29
45, 28
45, 28
55, 56
54, 56
53, 56
52, 57
53, 58
54, 58
55, 59
54, 59
55, 59
55, 60
55, 60
63, 73
62, 72
61, 72
62, 73
61, 72
62, 72
62, 72
49, 64
48, 65
48, 66
48, 65
49, 66
50, 67
49, 66
48, 67
49, 67
48, 68
48, 68
41, 60
41, 59
40, 60
40, 61
39, 62
38, 63
37, 64
36, 65
35, 64
35, 64
56, 50
55, 49
54, 48
54, 49
54, 48
54, 48
50, 47
49, 46
50, 47
49, 48
48, 49
49, 50
50, 51
50, 51
57, 55
56, 56
57, 57
56, 57
56, 58
57, 59
58, 60
57, 61
57, 61
37, 76
36, 75
35, 74
35, 75
34, 75
35, 76
35, 76
33, 29
32, 28
31, 27
30, 26
31, 25
31, 26
31, 25
31, 25
45, 66
44, 66
43, 66
42, 67
41, 68
41, 68
31, 71
32, 71
32, 70
33, 69
32, 69
32, 69
62, 71
61, 71
60, 71
59, 70
58, 71
58, 71
21, 51
22, 51
23, 52
22, 53
22, 54
21, 53
21, 52
22, 52
22, 52
31, 53
32, 54
33, 54
34, 55
35, 54
34, 53
35, 54
34, 55
35, 55
34, 55
34, 55
53, 47
53, 47
54, 48
55, 49
56, 50
55, 49
55, 49
56, 50
57, 49
57, 49
57, 49
51, 52
52, 53
53, 54
54, 55
55, 56
56, 57
56, 57
61, 73
60, 74
61, 74
61, 74
60, 75
60, 74
60, 74
60, 74
35, 56
36, 57
37, 58
38, 59
39, 60
40, 61
41, 62
42, 63
43, 63
43, 63
44, 64
44, 64
23, 53
24, 54
25, 54
25, 54
26, 55
27, 56
28, 57
29, 58
30, 59
30, 59
32, 26
33, 27
32, 27
32, 27
32, 26
32, 26
33, 27
34, 28
35, 29
35, 29
47, 88
47, 88
48, 87
49, 86
50, 85
51, 84
52, 83
53, 83
53, 83
52, 83
52, 83
53, 82
54, 81
54, 81
42, 69
41, 69
41, 69
42, 70
41, 71
41, 71
42, 72
43, 73
44, 74
45, 75
45, 76
45, 76
45, 76
36, 65
37, 66
38, 67
39, 68
40, 69
41, 70
42, 71
43, 71
43, 71
59, 72
60, 73
59, 72
59, 72
60, 73
61, 74
62, 75
63, 76
63, 76
65, 59
65, 60
65, 61
65, 62
65, 63
65, 64
65, 64
36, 75
37, 74
38, 75
38, 75
39, 74
40, 73
40, 73
41, 72
42, 71
41, 71
41, 71
42, 70
42, 70
56, 61
57, 62
58, 63
59, 63
59, 63
60, 64
60, 64
48, 56
48, 56
49, 57
50, 58
51, 59
52, 60
51, 61
51, 61
52, 62
53, 63
53, 63
41, 39
41, 39
42, 40
43, 41
44, 42
45, 43
46, 44
47, 45
48, 46
48, 46
25, 66
26, 67
27, 68
27, 67
27, 67
28, 68
29, 69
29, 69
46, 29
47, 30
48, 31
49, 32
50, 33
51, 34
52, 35
53, 36
53, 35
53, 35
53, 35
57, 75
56, 76
56, 76
57, 75
56, 75
56, 75
57, 74
56, 74
56, 74
56, 74
43, 54
44, 55
46, 57
47, 58
48, 59
49, 60
50, 61
51, 62
52, 63
53, 64
53, 64
53, 64
51, 55
51, 54
51, 54
52, 55
52, 56
52, 57
52, 58
52, 59
52, 60
52, 60
48, 67
48, 67
49, 68
50, 69
51, 70
52, 71
53, 72
52, 73
52, 73
52, 73
56, 62
56, 63
56, 64
56, 65
56, 66
56, 67
56, 68
56, 68
33, 70
33, 70
34, 71
35, 72
36, 73
37, 73
38, 73
39, 73
39, 73
38, 55
37, 54
37, 54
38, 55
39, 56
40, 57
41, 56
41, 56
42, 57
44, 59
45, 60
46, 61
47, 62
48, 63
49, 64
48, 63
48, 63
48, 63
36, 30
37, 31
38, 32
39, 33
40, 34
40, 34
41, 35
42, 36
43, 37
44, 38
44, 38
55, 82
54, 83
54, 83
54, 82
54, 82
55, 83
56, 84
57, 85
58, 86
58, 86
52, 61
52, 61
53, 62
54, 63
55, 64
56, 65
57, 64
57, 64
58, 65
59, 66
60, 65
60, 65
60, 65
40, 74
41, 75
42, 76
43, 77
44, 78
45, 79
45, 79
31, 60
32, 61
33, 62
34, 63
35, 64
36, 65
37, 66
38, 67
38, 67
66, 65
67, 66
66, 65
66, 65
67, 66
66, 67
66, 67
67, 68
68, 69
69, 70
69, 71
69, 71
43, 71
44, 71
44, 71
45, 71
45, 71
46, 71
47, 71
47, 71
54, 64
55, 65
56, 64
56, 64
57, 65
58, 66
59, 67
59, 67
55, 74
55, 74
56, 73
57, 72
58, 72
59, 72
60, 72
61, 72
61, 72
53, 74
54, 75
55, 76
56, 77
56, 77
57, 78
57, 78
52, 65
52, 66
52, 66
52, 67
52, 68
52, 69
52, 70
52, 70
46, 75
47, 74
48, 73
49, 72
50, 71
51, 70
51, 69
51, 69
52, 70
52, 70
54, 36
55, 37
56, 38
57, 39
58, 40
57, 39
57, 39
58, 40
59, 41
61, 43
62, 44
63, 45
64, 46
65, 47
65, 48
65, 49
65, 50
65, 51
65, 52
65, 54
65, 55
65, 56
65, 57
65, 58
65, 58
45, 65
46, 65
46, 65
46, 64
46, 64
47, 65
48, 66
49, 67
50, 68
50, 68
49, 47
50, 48
51, 49
51, 50
51, 51
51, 51
57, 58
58, 59
59, 60
60, 61
61, 62
62, 62
62, 62
62, 62
30, 70
31, 71
32, 72
33, 73
34, 73
34, 72
34, 72
35, 73
35, 73
49, 64
50, 64
50, 64
51, 65
52, 66
53, 67
53, 68
53, 68
53, 67
53, 67
53, 67
44, 72
45, 73
46, 74
47, 75
48, 76
49, 77
49, 78
49, 78
49, 78
56, 69
56, 70
56, 71
56, 70
56, 70
57, 70
57, 70
58, 69
58, 69
57, 70
57, 70
59, 75
58, 76
57, 75
57, 75
56, 75
56, 75
55, 76
54, 77
53, 78
52, 79
51, 80
51, 80
64, 75
64, 75
65, 74
65, 74
64, 75
63, 76
62, 77
62, 77
62, 76
62, 76
61, 77
60, 78
59, 79
59, 79
58, 48
58, 48
57, 49
56, 50
54, 52
53, 53
52, 54
51, 55
51, 56
51, 57
51, 58
51, 59
51, 60
51, 61
51, 62
51, 63
51, 64
51, 65
50, 66
50, 66
50, 66
61, 63
61, 63
61, 64
61, 64
60, 63
60, 63
60, 64
60, 64
59, 63
59, 63
59, 64
59, 64
60, 65
61, 66
61, 66
48, 72
49, 73
48, 73
48, 73
49, 74
50, 75
51, 76
51, 76
58, 66
58, 66
57, 67
57, 67
56, 68
56, 68
57, 69
57, 70
57, 71
57, 71
64, 59
63, 60
62, 61
61, 62
60, 63
59, 64
59, 64
35, 72
35, 72
36, 73
36, 72
36, 72
35, 72
35, 72
36, 73
37, 74
38, 75
38, 75
53, 68
53, 69
53, 70
53, 71
53, 72
53, 73
53, 73
51, 70
51, 70
51, 70
51, 70
51, 70
52, 70
52, 70
51, 70
51, 70
51, 70
51, 70
58, 71
59, 72
60, 73
61, 74
61, 74
62, 75
63, 76
64, 76
65, 76
65, 76
61, 63
60, 64
59, 65
58, 66
57, 67
56, 68
55, 69
54, 70
53, 71
53, 71
52, 52
53, 53
54, 54
55, 55
56, 56
57, 57
58, 58
58, 58
59, 85
60, 84
61, 84
62, 84
61, 85
61, 85
60, 85
60, 85
61, 84
61, 84
62, 84
63, 84
64, 84
64, 84
61, 66
62, 67
63, 68
64, 69
65, 70
66, 71
66, 72
66, 73
66, 74
66, 75
66, 75
51, 67
52, 68
51, 69
51, 69
52, 70
53, 71
53, 71
38, 68
38, 68
39, 69
40, 70
41, 71
42, 72
43, 73
44, 74
44, 74
58, 77
58, 77
59, 78
60, 79
61, 78
61, 78
62, 79
61, 79
61, 79
62, 80
63, 81
64, 82
64, 82
53, 71
54, 72
55, 73
56, 74
57, 75
58, 76
58, 76
46, 80
46, 79
46, 79
47, 80
48, 81
49, 82
49, 82
60, 67
59, 68
58, 69
59, 70
59, 70
58, 71
57, 72
57, 73
57, 74
57, 74
50, 79
51, 80
52, 81
53, 82
52, 83
52, 83
53, 84
54, 84
55, 84
56, 84
56, 84
51, 69
52, 70
51, 69
51, 69
52, 70
51, 69
51, 69
52, 70
51, 71
51, 71
52, 72
53, 72
54, 72
54, 72
58, 80
58, 81
58, 81
57, 80
57, 80
56, 80
55, 80
55, 80
45, 39
46, 40
47, 41
48, 42
49, 43
50, 44
51, 45
52, 46
52, 46
51, 81
51, 81
52, 80
53, 79
54, 78
55, 78
55, 78
61, 73
61, 74
60, 75
60, 75
61, 76
61, 77
61, 78
61, 78
61, 79
61, 79
68, 72
67, 73
66, 74
65, 75
64, 76
64, 76
54, 79
54, 79
54, 78
54, 77
54, 76
54, 75
54, 75
63, 81
62, 80
61, 79
60, 78
59, 77
60, 77
60, 77
59, 76
60, 76
60, 76
60, 76
65, 77
66, 78
67, 78
67, 78
67, 78
67, 78
64, 77
65, 78
65, 78
64, 79
63, 80
62, 81
61, 82
60, 83
59, 84
58, 85
57, 86
57, 86
55, 73
56, 74
57, 75
57, 74
57, 74
58, 75
59, 76
60, 77
61, 77
61, 77
62, 78
62, 78
53, 72
52, 73
52, 73
53, 74
53, 75
53, 76
53, 77
53, 78
53, 79
53, 80
53, 80
39, 76
40, 77
41, 78
42, 79
42, 79
43, 80
43, 80
60, 80
59, 81
58, 82
57, 83
57, 84
57, 85
57, 85
57, 85
58, 75
59, 76
60, 76
60, 76
61, 77
61, 77
61, 78
61, 78
62, 78
62, 78
62, 78
52, 71
51, 71
51, 71
52, 72
51, 72
51, 72
52, 73
53, 74
53, 74
56, 72
56, 73
56, 73
56, 73
56, 73
56, 73
57, 72
57, 72
56, 73
56, 73
55, 85
54, 86
54, 85
54, 85
53, 86
52, 87
53, 86
53, 86
52, 87
51, 87
51, 87
51, 87
51, 87
67, 75
67, 75
68, 74
68, 74
67, 74
66, 74
65, 74
65, 74
54, 74
55, 75
56, 75
57, 75
57, 75
58, 76
58, 76
57, 75
57, 75
57, 75
57, 75
54, 72
55, 73
55, 74
55, 74
56, 75
57, 75
58, 75
58, 75
59, 76
59, 76
59, 75
59, 75
59, 75
59, 75
54, 81
55, 80
55, 80
54, 81
54, 82
54, 82
54, 82
60, 65
61, 66
62, 66
62, 66
62, 65
62, 65
63, 66
64, 67
65, 68
65, 68
48, 82
48, 82
49, 83
48, 84
48, 84
49, 85
50, 86
51, 87
52, 88
53, 88
54, 88
55, 88
55, 88
55, 88
59, 77
60, 78
60, 79
60, 80
60, 81
60, 80
60, 80
60, 81
60, 82
60, 83
61, 84
61, 84
61, 84
53, 47
54, 48
55, 49
56, 49
56, 49
58, 51
59, 52
60, 53
61, 54
62, 55
63, 56
64, 57
65, 58
65, 59
66, 60
66, 60
67, 61
67, 61
67, 61
52, 77
53, 78
54, 79
55, 79
56, 79
57, 79
57, 79
59, 59
58, 59
58, 59
59, 60
60, 61
61, 62
61, 62
63, 85
62, 86
63, 85
63, 85
62, 86
61, 87
60, 88
60, 88
45, 75
46, 74
46, 74
47, 75
48, 76
49, 76
49, 76
50, 77
49, 78
49, 78
50, 79
51, 80
52, 81
52, 81
58, 85
59, 84
60, 83
61, 82
61, 82
62, 81
63, 80
64, 79
65, 78
65, 78
64, 73
64, 72
64, 72
63, 71
62, 70
62, 70
62, 70
62, 70
62, 70
62, 70
62, 70
62, 70
59, 74
59, 74
60, 75
61, 76
62, 77
61, 78
61, 78
60, 78
60, 78
60, 78
68, 60
68, 60
67, 61
66, 62
65, 63
64, 64
63, 65
62, 66
62, 65
62, 65
61, 66
60, 67
60, 67
60, 85
59, 86
58, 87
57, 86
57, 86
58, 85
58, 85
57, 86
56, 87
55, 88
55, 88
63, 77
64, 78
64, 78
65, 77
65, 78
65, 78
66, 77
67, 76
67, 76
61, 79
60, 80
59, 81
58, 81
58, 81
57, 82
56, 83
55, 84
55, 84
57, 74
58, 75
59, 76
60, 76
61, 76
62, 76
63, 76
64, 76
64, 76
54, 87
54, 87
55, 86
56, 85
57, 84
56, 83
56, 83
56, 82
56, 82
57, 81
58, 80
57, 79
57, 79
58, 78
58, 78
55, 76
54, 75
54, 75
55, 76
56, 77
57, 78
58, 79
58, 79
52, 86
51, 86
51, 86
52, 85
51, 85
51, 85
52, 84
51, 83
51, 83
52, 82
53, 81
54, 81
54, 81
55, 80
55, 80
54, 73
54, 72
54, 72
55, 72
55, 72
56, 73
57, 73
58, 73
58, 73
58, 73
61, 76
61, 76
62, 77
63, 78
64, 79
65, 80
64, 80
64, 80
65, 81
65, 81
62, 63
63, 64
64, 65
65, 66
66, 67
66, 68
66, 68
66, 68
59, 87
58, 86
57, 86
57, 86
56, 85
55, 84
55, 83
55, 83
55, 83
55, 84
55, 84
55, 84
55, 81
56, 80
57, 79
58, 79
58, 79
59, 78
60, 77
61, 76
61, 76
66, 78
66, 78
67, 77
68, 76
69, 77
69, 77
70, 76
70, 76
69, 77
69, 77
69, 77
53, 80
54, 79
55, 78
56, 77
57, 76
58, 76
58, 75
58, 75
59, 76
60, 76
59, 75
59, 75
59, 75
56, 74
55, 73
54, 72
53, 71
54, 70
54, 70
53, 70
52, 70
52, 70
52, 69
52, 69
52, 69
66, 69
67, 70
68, 71
69, 72
69, 73
69, 73
54, 79
53, 80
53, 80
54, 79
55, 78
56, 78
57, 78
58, 77
58, 77
59, 78
59, 78
59, 78
58, 84
59, 83
60, 82
61, 81
61, 80
61, 79
61, 78
61, 77
61, 76
62, 76
62, 76
62, 76
44, 81
45, 82
44, 81
44, 81
43, 80
43, 80
44, 81
45, 82
45, 82
57, 78
57, 78
57, 79
57, 79
56, 79
55, 78
55, 78
54, 79
53, 79
52, 79
52, 79
53, 80
54, 81
55, 82
56, 82
56, 82
57, 83
57, 84
57, 84
57, 84
57, 84
57, 84
56, 83
57, 82
57, 82
58, 81
59, 80
60, 79
61, 78
62, 77
63, 76
64, 75
64, 75
70, 76
70, 76
69, 77
69, 76
69, 76
68, 77
67, 78
66, 79
66, 79
68, 74
67, 75
66, 76
65, 77
64, 78
64, 78
66, 75
65, 74
64, 73
63, 72
62, 71
62, 71
62, 71
58, 76
58, 76
59, 77
59, 78
59, 79
59, 80
59, 79
59, 79
59, 80
59, 80
59, 80
60, 81
61, 81
61, 81
62, 82
63, 81
63, 81
63, 82
63, 82
64, 78
63, 78
62, 78
61, 78
60, 78
61, 77
61, 77
62, 77
62, 77
61, 78
61, 78
63, 71
64, 72
65, 73
65, 72
65, 72
65, 73
65, 73
65, 73
65, 73
65, 73
57, 74
56, 75
55, 76
54, 77
54, 78
54, 79
54, 80
54, 80
54, 80
60, 77
59, 78
58, 79
57, 80
56, 80
56, 80
55, 81
54, 82
53, 83
52, 84
51, 85
51, 85
66, 82
65, 83
65, 83
66, 84
67, 85
68, 86
69, 86
69, 86
70, 87
70, 87
61, 68
62, 69
63, 70
64, 71
65, 72
65, 72
65, 69
64, 70
63, 71
62, 71
62, 71
61, 72
60, 73
60, 73
58, 79
58, 79
57, 80
56, 81
55, 82
56, 83
56, 83
55, 84
54, 84
53, 84
53, 84
53, 84
53, 84
52, 70
52, 70
53, 71
54, 72
55, 73
56, 73
56, 73
46, 83
45, 84
45, 84
44, 84
44, 84
45, 85
46, 86
46, 85
46, 85
46, 85
56, 81
57, 82
58, 83
59, 84
60, 85
60, 85
61, 84
62, 84
63, 84
64, 84
64, 84
59, 79
60, 80
61, 81
62, 82
62, 83
62, 84
62, 85
61, 84
61, 84
62, 85
62, 86
62, 86
63, 77
62, 78
61, 79
60, 79
59, 79
58, 79
57, 79
57, 79
57, 79
59, 79
58, 80
57, 80
56, 80
57, 81
57, 81
56, 80
55, 80
54, 80
54, 80
56, 85
57, 86
58, 87
59, 87
59, 87
59, 88
59, 88
56, 87
57, 86
58, 85
59, 84
60, 83
60, 83
62, 77
62, 77
61, 76
61, 76
61, 76
61, 76
61, 76
60, 76
60, 76
61, 76
61, 77
61, 77
61, 76
61, 76
66, 73
66, 73
65, 73
65, 73
66, 73
67, 73
67, 73
66, 73
66, 73
66, 74
66, 74
66, 75
66, 75
66, 74
66, 74
63, 85
64, 84
65, 83
66, 82
66, 81
66, 81
66, 81
65, 80
65, 80
65, 80
64, 77
64, 76
64, 75
63, 74
63, 74
64, 73
64, 72
64, 71
64, 71
64, 71
63, 70
63, 70
63, 70
54, 83
55, 82
56, 82
55, 83
55, 83
56, 82
57, 82
57, 82
56, 80
55, 81
56, 80
56, 80
57, 81
57, 81
56, 82
55, 83
55, 83
59, 72
58, 72
57, 72
56, 72
55, 73
55, 73
54, 73
54, 73
53, 72
52, 72
52, 72
63, 76
62, 77
61, 78
60, 79
59, 80
59, 81
59, 82
59, 82
69, 86
68, 85
67, 84
66, 83
65, 82
64, 81
64, 81
63, 82
63, 82
62, 81
61, 80
61, 80
54, 81
54, 81
54, 80
54, 79
54, 78
54, 77
54, 77
50, 84
50, 84
51, 83
51, 82
51, 82
52, 81
53, 80
54, 79
55, 79
56, 79
56, 79
56, 79
56, 79
59, 84
58, 85
57, 86
56, 87
55, 88
54, 89
53, 90
53, 90
54, 90
54, 90
54, 79
55, 78
55, 78
54, 77
54, 76
54, 75
54, 75
62, 72
62, 72
63, 73
64, 74
65, 75
66, 76
67, 77
68, 78
68, 78
57, 74
57, 75
58, 75
58, 75
59, 74
59, 74
60, 75
60, 75
59, 76
58, 76
58, 76
62, 79
63, 80
64, 80
65, 80
66, 80
67, 80
68, 80
69, 80
69, 80
69, 80
63, 83
62, 82
61, 81
60, 80
59, 79
59, 78
59, 77
59, 76
59, 76
62, 81
62, 81
61, 82
60, 83
59, 84
58, 85
57, 86
56, 85
56, 85
55, 86
54, 87
54, 88
54, 88
54, 88
60, 87
59, 87
59, 87
60, 86
61, 85
62, 85
62, 85
63, 84
64, 83
65, 82
66, 81
66, 81
56, 85
55, 86
54, 86
53, 86
52, 86
52, 86
52, 86
52, 86
51, 85
51, 85
51, 85
65, 78
64, 79
64, 79
63, 78
62, 77
63, 77
63, 77
62, 76
61, 75
61, 74
61, 74
61, 73
61, 73
60, 81
60, 82
60, 82
60, 82
60, 82
60, 82
60, 83
60, 83
60, 82
60, 82
60, 82
47, 84
48, 83
49, 83
49, 83
50, 82
51, 81
52, 80
52, 80
62, 75
63, 74
63, 73
63, 72
63, 71
64, 72
64, 72
64, 71
64, 71
63, 71
63, 71
63, 71
64, 74
63, 75
63, 75
62, 76
61, 77
60, 78
59, 79
58, 80
59, 79
59, 79
59, 79
58, 80
59, 79
59, 79
58, 80
57, 81
56, 81
56, 81
56, 82
56, 83
56, 84
57, 84
57, 84
56, 85
56, 85
56, 82
56, 82
57, 82
58, 82
59, 82
59, 83
59, 83
60, 82
61, 82
62, 82
63, 83
63, 83
63, 83
58, 75
57, 74
56, 75
56, 75
55, 74
54, 75
54, 75
53, 74
53, 73
53, 73
57, 79
58, 79
59, 79
60, 79
61, 79
62, 79
63, 79
63, 78
63, 78
64, 79
64, 80
64, 80
64, 80
66, 80
66, 79
66, 78
66, 77
66, 76
66, 75
66, 75
56, 82
57, 83
57, 83
58, 82
59, 81
60, 80
60, 80
55, 78
56, 79
57, 80
58, 81
59, 80
59, 80
60, 81
61, 82
62, 83
61, 84
61, 84
61, 84
60, 81
60, 80
60, 79
60, 78
60, 77
60, 76
60, 76
53, 73
54, 74
54, 75
54, 75
55, 76
56, 77
57, 78
58, 79
59, 80
59, 80
62, 72
63, 73
63, 73
62, 74
61, 75
60, 75
59, 75
59, 75
62, 74
61, 73
61, 73
62, 74
63, 75
64, 76
64, 77
64, 77
59, 81
59, 82
59, 82
58, 81
57, 80
56, 79
56, 78
56, 77
56, 77
57, 77
56, 78
57, 77
57, 77
56, 78
55, 79
55, 79
55, 79
55, 79
55, 79
55, 79
55, 79
55, 74
56, 73
56, 73
57, 72
57, 73
57, 73
57, 72
57, 72
57, 71
57, 71
57, 71
61, 79
61, 78
61, 78
61, 79
61, 79
61, 78
61, 79
61, 79
61, 78
61, 78
55, 89
55, 88
55, 88
56, 89
57, 89
58, 89
59, 89
60, 89
61, 89
61, 89
62, 71
61, 72
61, 73
61, 74
60, 74
60, 74
61, 74
61, 74
61, 75
61, 76
61, 76
64, 80
63, 80
64, 81
64, 81
63, 80
62, 80
61, 80
61, 80
67, 77
66, 76
66, 75
66, 74
66, 73
67, 72
67, 72
67, 72
68, 81
67, 82
66, 83
66, 84
65, 84
65, 84
66, 85
66, 86
66, 87
66, 87
66, 87
50, 84
50, 84
51, 83
51, 82
51, 82
52, 83
52, 83
51, 82
50, 83
50, 83
51, 82
51, 81
51, 80
51, 79
51, 79
67, 75
68, 75
68, 75
68, 75
68, 75
68, 75
68, 75
53, 81
54, 82
55, 82
55, 82
56, 83
57, 84
58, 85
59, 86
60, 86
60, 86
55, 87
56, 87
57, 87
58, 87
59, 87
59, 87
60, 80
61, 79
61, 78
60, 78
59, 77
58, 78
57, 77
56, 76
56, 76
60, 90
59, 91
58, 91
57, 90
57, 89
58, 90
58, 91
59, 91
58, 91
58, 91
64, 81
65, 80
66, 80
67, 81
68, 80
69, 81
69, 81
60, 79
59, 79
59, 80
58, 80
57, 80
58, 80
59, 79
58, 78
57, 78
57, 78
56, 76
56, 75
55, 74
56, 73
56, 74
57, 75
56, 75
56, 75
67, 87
66, 86
65, 85
65, 84
66, 83
67, 82
67, 82
52, 73
51, 72
52, 73
52, 72
51, 72
50, 72
50, 72
52, 79
53, 79
53, 80
52, 79
52, 78
52, 77
52, 77
58, 74
59, 73
59, 72
60, 73
61, 73
62, 73
61, 74
60, 74
61, 75
60, 75
60, 75
55, 85
56, 84
55, 84
56, 84
55, 85
54, 84
53, 85
52, 86
52, 85
51, 84
51, 84
62, 78
63, 77
63, 76
63, 75
63, 74
63, 74
61, 75
62, 76
63, 75
62, 74
63, 73
63, 74
64, 73
64, 74
64, 74
64, 78
64, 79
64, 80
65, 79
64, 80
65, 81
65, 81
58, 71
59, 70
58, 70
59, 70
58, 71
57, 72
58, 71
57, 72
57, 72
59, 85
58, 84
57, 84
57, 83
56, 84
57, 85
56, 85
57, 86
56, 86
56, 86
58, 86
57, 87
58, 87
58, 88
57, 89
58, 90
58, 90
56, 78
55, 79
56, 79
56, 80
55, 80
56, 80
55, 80
55, 79
56, 80
56, 80
60, 85
59, 86
58, 85
57, 86
58, 86
58, 85
59, 85
59, 85
63, 82
62, 82
62, 83
61, 83
62, 84
61, 85
61, 85
61, 79
62, 79
63, 79
63, 80
64, 79
64, 79
62, 75
62, 74
62, 73
61, 73
61, 72
62, 73
63, 73
63, 73
67, 73
68, 72
69, 71
68, 72
68, 73
69, 72
69, 73
69, 72
70, 72
69, 71
69, 71
66, 76
65, 76
65, 77
65, 76
64, 77
64, 77
69, 75
69, 74
68, 74
69, 75
70, 74
69, 73
69, 72
68, 72
68, 72
51, 77
51, 78
52, 77
53, 77
52, 78
51, 78
50, 79
49, 79
49, 79
51, 83
51, 84
50, 83
51, 82
50, 82
51, 83
52, 83
51, 83
50, 84
50, 84
59, 90
58, 90
58, 89
59, 90
60, 91
60, 91
64, 82
63, 81
63, 82
62, 82
63, 83
64, 84
64, 84
65, 78
65, 79
66, 78
67, 79
68, 80
69, 81
68, 80
67, 79
68, 78
68, 78
70, 80
70, 81
71, 81
72, 81
72, 80
73, 81
72, 80
71, 80
70, 81
70, 81
57, 75
56, 74
55, 73
56, 74
57, 74
58, 73
57, 73
58, 73
58, 73
56, 79
57, 80
58, 80
59, 81
58, 81
58, 81
66, 83
65, 83
65, 84
64, 84
63, 83
64, 83
65, 83
65, 83
63, 75
62, 75
62, 74
63, 75
64, 74
63, 75
63, 75
62, 74
62, 73
63, 74
62, 75
61, 75
61, 76
62, 76
63, 75
64, 76
63, 76
63, 76
56, 81
57, 82
58, 82
59, 83
58, 83
58, 82
57, 81
57, 81
51, 72
50, 72
51, 72
51, 71
50, 72
50, 73
51, 72
51, 73
51, 72
51, 72
55, 74
54, 74
54, 75
53, 76
52, 75
51, 75
52, 74
53, 74
53, 74
65, 77
64, 78
65, 79
64, 80
63, 81
64, 81
64, 80
64, 80
61, 74
62, 74
62, 75
61, 76
62, 77
62, 77
62, 85
61, 86
62, 87
61, 88
62, 87
61, 87
61, 88
62, 88
62, 89
62, 89
60, 84
59, 84
60, 83
60, 84
60, 83
59, 83
59, 83
57, 86
56, 86
57, 87
58, 87
57, 87
56, 87
56, 88
57, 87
57, 87
64, 73
63, 72
64, 71
63, 72
62, 72
61, 73
61, 74
61, 74
69, 72
69, 73
68, 73
69, 73
68, 73
67, 72
67, 73
67, 74
67, 73
67, 73
70, 70
69, 69
68, 70
69, 71
68, 72
68, 72
57, 89
57, 88
56, 89
55, 89
56, 89
56, 89
57, 73
56, 73
57, 74
58, 73
59, 72
58, 71
58, 71
58, 86
59, 85
60, 84
60, 84
61, 83
61, 83
62, 82
62, 82
69, 80
68, 79
67, 78
66, 77
65, 76
64, 75
64, 75
61, 88
60, 87
59, 86
59, 86
58, 85
57, 84
56, 83
56, 83
56, 83
53, 74
53, 74
53, 74
52, 73
52, 73
51, 72
50, 71
50, 71
55, 88
54, 87
53, 86
52, 85
51, 84
50, 83
49, 82
48, 81
48, 81
67, 73
66, 72
65, 71
64, 70
63, 69
62, 68
62, 68
61, 67
61, 67
60, 66
60, 66
67, 71
66, 70
65, 69
64, 68
64, 68
63, 67
62, 66
61, 65
60, 64
60, 64
67, 79
66, 80
66, 80
65, 81
65, 81
65, 81
50, 84
49, 83
48, 82
47, 81
46, 80
46, 80
59, 80
60, 79
61, 78
62, 77
62, 76
62, 75
62, 74
62, 73
62, 72
62, 71
62, 71
59, 83
58, 82
58, 82
58, 82
57, 81
57, 81
62, 75
61, 74
60, 73
59, 72
58, 71
58, 71
65, 83
66, 82
67, 81
68, 80
69, 79
70, 78
70, 78
61, 90
62, 89
63, 88
64, 87
65, 86
66, 85
66, 84
66, 83
66, 83
56, 80
55, 79
55, 79
55, 79
55, 79
55, 79
55, 79
64, 80
63, 79
62, 78
61, 77
60, 76
59, 75
58, 74
58, 74
57, 73
57, 73
60, 73
59, 72
58, 71
58, 71
57, 70
56, 69
56, 69
57, 72
56, 73
56, 74
56, 74
56, 75
56, 76
56, 77
56, 77
57, 72
56, 71
55, 70
54, 69
53, 68
52, 67
51, 66
50, 65
49, 64
48, 63
48, 63
64, 82
63, 81
62, 80
61, 79
60, 78
59, 77
59, 77
63, 75
62, 74
62, 74
61, 73
60, 72
59, 71
58, 70
57, 69
56, 68
56, 68
52, 71
53, 70
54, 69
55, 68
56, 68
57, 68
57, 68
58, 68
58, 68
50, 80
51, 81
52, 82
53, 83
54, 84
55, 85
56, 86
57, 87
58, 88
59, 88
59, 88
62, 77
63, 76
64, 75
65, 74
66, 73
67, 72
67, 72
56, 80
57, 81
58, 81
58, 81
59, 81
60, 81
60, 81
60, 81
61, 81
61, 81
57, 67
56, 66
55, 65
54, 64
53, 63
52, 62
51, 61
50, 60
50, 60
58, 76
58, 76
57, 75
56, 74
55, 73
55, 73
61, 70
60, 69
60, 69
59, 68
58, 67
58, 67
46, 80
45, 79
44, 78
44, 78
43, 77
42, 76
41, 75
40, 74
40, 73
40, 73
59, 65
58, 66
58, 66
57, 67
56, 68
55, 69
54, 70
54, 70
58, 82
59, 83
60, 84
60, 85
60, 86
60, 86
47, 80
46, 79
46, 79
45, 78
44, 77
43, 76
43, 76
43, 75
43, 75
60, 87
60, 87
61, 86
62, 85
62, 84
62, 84
48, 61
49, 60
50, 59
50, 58
50, 57
49, 56
48, 55
47, 54
46, 53
45, 52
44, 51
44, 51
64, 80
64, 80
63, 79
62, 78
61, 77
60, 76
60, 76
69, 77
69, 77
69, 77
68, 76
67, 75
67, 75
57, 70
57, 69
57, 69
57, 68
57, 67
57, 67
57, 66
57, 65
57, 64
57, 64
66, 71
66, 71
65, 70
65, 70
65, 70
65, 70
64, 69
63, 68
62, 67
62, 67
55, 69
54, 70
53, 71
52, 72
51, 73
51, 73
55, 82
54, 81
53, 80
53, 80
53, 80
53, 80
59, 65
58, 64
57, 63
57, 63
56, 62
55, 61
55, 61
55, 61
54, 60
54, 60
55, 76
55, 76
55, 76
55, 76
54, 75
53, 74
52, 73
51, 72
51, 72
57, 68
58, 67
59, 66
59, 65
59, 65
59, 64
59, 63
59, 62
59, 62
57, 73
56, 72
56, 72
55, 71
54, 70
53, 69
52, 68
51, 67
51, 67
63, 74
62, 73
61, 72
61, 72
60, 71
60, 71
59, 70
59, 70
61, 81
60, 80
59, 79
58, 78
58, 78
57, 77
56, 76
55, 75
55, 75
55, 75
49, 70
48, 69
47, 68
46, 67
45, 66
45, 66
45, 66
65, 82
65, 82
64, 81
63, 80
62, 79
61, 78
60, 77
59, 76
59, 76
66, 74
65, 73
64, 72
63, 71
62, 70
61, 69
60, 68
59, 67
59, 67
44, 74
45, 73
45, 72
45, 72
45, 72
45, 72
45, 72
54, 79
55, 78
55, 78
56, 77
57, 76
57, 76
46, 67
47, 68
47, 68
48, 69
49, 70
50, 71
51, 72
52, 73
53, 74
53, 74
51, 61
52, 62
53, 63
54, 64
55, 65
56, 66
57, 67
57, 67
61, 83
60, 82
60, 82
59, 81
59, 81
58, 80
58, 80
50, 72
50, 72
49, 71
48, 70
47, 69
46, 68
45, 67
44, 66
44, 66
60, 80
59, 79
58, 78
57, 77
56, 76
56, 76
54, 60
54, 60
53, 59
52, 58
52, 58
51, 57
50, 56
50, 56
49, 55
48, 54
48, 54
59, 70
58, 71
57, 72
56, 73
55, 74
54, 75
53, 76
52, 76
52, 76
55, 69
55, 69
55, 69
55, 69
56, 68
57, 67
57, 67
59, 75
58, 74
57, 73
57, 73
56, 72
55, 71
54, 70
53, 69
52, 68
52, 68
52, 68
44, 51
44, 51
45, 52
46, 53
47, 54
47, 54
50, 68
50, 68
49, 69
48, 70
47, 71
46, 72
45, 73
44, 74
44, 74
44, 74
44, 74
56, 64
56, 64
55, 64
54, 64
53, 64
52, 64
51, 64
50, 64
50, 64
50, 64
51, 72
51, 72
50, 71
50, 71
50, 71
49, 70
48, 69
48, 69
58, 61
57, 60
56, 59
55, 58
55, 58
55, 58
59, 85
58, 84
57, 83
56, 82
55, 81
54, 80
54, 80
53, 79
52, 78
51, 77
51, 77
58, 75
58, 74
58, 73
58, 72
58, 71
58, 70
58, 70
56, 74
57, 73
58, 72
59, 72
60, 72
61, 72
62, 72
63, 72
64, 72
64, 72
57, 66
56, 65
55, 64
54, 63
53, 62
52, 61
51, 60
50, 59
50, 59
50, 59
61, 68
61, 68
60, 69
59, 70
58, 70
58, 70
39, 72
38, 71
37, 70
36, 69
35, 68
34, 67
34, 67
56, 72
57, 71
58, 70
59, 69
60, 68
60, 67
60, 66
60, 66
44, 74
44, 74
45, 75
46, 76
47, 77
48, 78
48, 78
46, 55
46, 55
46, 55
46, 56
46, 56
46, 57
46, 57
55, 58
54, 57
53, 56
52, 55
51, 54
50, 53
50, 52
50, 52
57, 79
56, 78
56, 78
55, 77
54, 76
53, 75
52, 74
52, 74
58, 66
59, 65
60, 64
61, 63
62, 62
63, 61
64, 60
65, 59
65, 59
51, 63
52, 62
52, 62
52, 62
53, 61
53, 61
54, 60
55, 59
55, 59
52, 68
51, 67
50, 66
49, 65
48, 64
48, 64
47, 63
46, 62
45, 61
45, 59
46, 58
47, 57
48, 56
49, 55
50, 54
50, 53
50, 52
50, 52
57, 67
56, 66
55, 65
54, 64
53, 63
52, 62
51, 61
51, 61
52, 76
51, 75
50, 74
49, 73
49, 73
48, 72
47, 71
46, 70
45, 69
45, 69
52, 73
51, 72
51, 72
50, 71
49, 70
48, 69
47, 68
46, 67
46, 67
57, 76
56, 77
55, 77
54, 77
53, 77
52, 77
52, 77
52, 77
52, 77
52, 77
33, 68
32, 69
31, 70
31, 70
30, 70
30, 70
29, 70
29, 70
29, 70
51, 77
50, 76
49, 75
48, 74
47, 73
47, 73
46, 72
45, 71
45, 71
45, 70
45, 70
59, 69
60, 68
61, 67
61, 67
61, 66
61, 65
61, 65
47, 68
46, 67
46, 67
45, 66
44, 65
44, 65
44, 65
43, 64
42, 63
41, 62
41, 62
59, 67
58, 68
58, 68
57, 69
56, 70
56, 70
55, 71
54, 72
53, 73
53, 73
65, 73
65, 73
66, 74
67, 75
67, 75
67, 75
68, 76
69, 77
69, 77
49, 55
50, 56
51, 57
51, 57
51, 58
51, 58
51, 58
58, 66
57, 65
56, 64
55, 63
54, 62
53, 61
52, 60
51, 59
51, 59
51, 59
49, 58
48, 57
47, 56
46, 55
46, 55
46, 55
44, 71
44, 71
43, 70
42, 69
41, 68
41, 68
40, 67
39, 66
38, 65
37, 64
37, 64
45, 65
46, 64
47, 63
49, 61
50, 60
50, 59
50, 58
50, 57
50, 56
50, 55
50, 54
50, 53
51, 52
52, 51
53, 50
54, 49
54, 49
53, 50
52, 50
51, 50
50, 50
50, 50
50, 50
50, 50
51, 49
51, 49
57, 69
57, 69
56, 68
55, 67
54, 66
53, 65
52, 64
52, 64
56, 76
55, 75
54, 74
53, 73
52, 72
51, 71
51, 71
49, 53
48, 54
47, 55
46, 56
46, 56
47, 55
48, 54
49, 53
50, 52
50, 51
50, 51
49, 77
49, 77
50, 76
51, 75
52, 75
52, 75
51, 76
50, 75
49, 75
48, 75
47, 75
46, 75
45, 75
44, 75
43, 75
43, 75
50, 50
49, 51
49, 51
48, 52
48, 52
47, 53
46, 54
46, 54
47, 53
48, 52
49, 51
50, 50
50, 50
50, 50
50, 50
50, 50
50, 50
50, 50
50, 50
51, 53
52, 54
53, 54
54, 54
55, 54
55, 54
64, 58
63, 57
63, 57
63, 57
62, 56
61, 55
61, 55
52, 60
52, 60
53, 61
54, 62
55, 63
55, 63
50, 60
50, 60
49, 59
48, 58
48, 58
48, 58
47, 57
47, 57
47, 57
51, 73
51, 73
51, 73
50, 72
49, 71
48, 70
47, 69
47, 69
44, 70
43, 71
43, 71
42, 71
41, 71
40, 71
39, 71
38, 71
37, 71
37, 71
47, 56
48, 55
49, 54
50, 53
50, 53
51, 52
51, 52
52, 51
52, 51
44, 69
43, 68
42, 67
41, 66
41, 66
41, 66
68, 76
67, 75
66, 74
65, 73
64, 72
63, 71
63, 71
42, 63
43, 64
44, 65
45, 66
46, 67
46, 67
47, 68
47, 68
47, 68
54, 72
55, 71
56, 70
57, 69
58, 68
59, 67
60, 66
61, 65
62, 64
62, 63
62, 63
45, 66
44, 65
43, 64
42, 63
41, 62
40, 61
40, 61
45, 54
44, 53
43, 52
42, 51
42, 50
42, 49
42, 48
42, 48
42, 47
43, 47
44, 48
45, 49
46, 50
47, 50
48, 50
49, 50
50, 50
50, 50
50, 70
50, 70
49, 69
48, 68
47, 67
46, 66
46, 65
46, 65
51, 58
52, 59
52, 59
52, 59
52, 59
53, 60
54, 61
54, 61
54, 61
51, 63
50, 62
49, 61
48, 60
47, 59
47, 57
48, 56
49, 55
50, 54
50, 53
50, 52
50, 51
49, 50
48, 49
47, 48
47, 48
54, 58
53, 57
53, 56
53, 55
53, 54
53, 54
53, 53
53, 53
60, 66
60, 66
59, 67
58, 68
57, 69
56, 70
56, 70
55, 71
55, 71
38, 63
39, 62
40, 61
40, 61
40, 61
41, 60
41, 60
41, 60
30, 71
31, 72
32, 73
33, 73
34, 73
35, 73
36, 73
37, 73
37, 73
37, 73
54, 64
53, 65
52, 66
52, 66
51, 67
50, 68
49, 69
48, 70
48, 70
47, 57
47, 57
46, 56
46, 54
47, 53
48, 52
49, 51
50, 50
50, 50
50, 50
50, 50
50, 50
49, 49
48, 48
48, 48
48, 48
46, 67
45, 66
44, 65
43, 64
42, 63
41, 62
41, 62
56, 72
57, 72
58, 72
59, 72
60, 72
61, 72
61, 72
61, 72
61, 72
59, 53
58, 52
57, 51
56, 50
55, 50
54, 49
54, 49
53, 48
52, 47
52, 47
42, 74
42, 74
41, 73
40, 72
39, 71
39, 71
38, 70
38, 69
38, 69
54, 61
53, 60
52, 59
52, 59
51, 58
51, 58
51, 58
41, 60
42, 59
44, 57
45, 56
46, 55
47, 54
48, 53
49, 52
50, 51
50, 50
50, 50
51, 51
52, 52
52, 52
52, 52
52, 52
52, 52
52, 52
52, 52
63, 62
64, 61
64, 61
65, 60
66, 59
66, 59
67, 58
67, 58
62, 70
61, 69
60, 68
59, 67
58, 66
57, 65
56, 64
56, 64
47, 64
48, 63
50, 61
50, 60
50, 59
50, 58
50, 57
50, 56
51, 55
52, 54
52, 54
52, 75
51, 74
50, 73
49, 72
48, 71
48, 71
47, 70
47, 68
48, 67
49, 66
50, 65
50, 64
50, 63
50, 62
50, 61
49, 60
48, 59
48, 59
42, 67
43, 68
44, 69
45, 70
46, 71
47, 72
47, 73
47, 73
51, 52
52, 53
52, 53
53, 54
54, 55
55, 56
56, 57
57, 58
57, 58
37, 73
37, 73
38, 74
39, 75
40, 76
41, 77
41, 77
41, 77
41, 60
40, 61
40, 61
39, 62
38, 63
38, 64
38, 64
38, 64
38, 64
51, 49
52, 48
53, 47
53, 47
54, 46
55, 45
55, 45
55, 45
52, 52
52, 53
52, 54
52, 55
52, 56
52, 57
52, 58
52, 59
52, 60
52, 61
52, 61
46, 68
46, 68
45, 67
45, 67
44, 66
43, 65
42, 64
41, 63
41, 63
52, 54
51, 55
50, 56
49, 57
48, 58
48, 58
48, 59
48, 60
48, 60
55, 54
54, 53
53, 52
52, 51
51, 50
51, 50
46, 49
45, 50
44, 51
43, 52
43, 52
43, 52
49, 49
48, 48
48, 47
48, 46
48, 46
48, 45
48, 45
38, 70
39, 69
40, 68
41, 67
42, 66
43, 65
43, 65
44, 64
44, 63
44, 62
44, 62
52, 57
53, 56
54, 55
55, 54
55, 53
55, 53
54, 51
53, 50
52, 50
51, 50
50, 50
50, 50
50, 50
50, 50
50, 50
52, 54
53, 55
54, 56
54, 56
55, 57
56, 58
57, 59
58, 60
59, 61
59, 61
49, 60
50, 61
51, 62
52, 63
53, 64
53, 64
43, 52
42, 51
41, 50
40, 49
39, 48
39, 47
40, 47
41, 48
42, 49
43, 50
44, 50
45, 50
46, 50
47, 50
47, 50
56, 44
57, 43
58, 42
59, 41
60, 40
60, 40
51, 46
50, 45
50, 45
50, 45
49, 44
48, 43
47, 42
46, 41
45, 40
45, 40
60, 71
59, 70
58, 69
58, 69
57, 68
57, 68
56, 67
56, 67
66, 57
65, 56
63, 54
62, 53
61, 52
60, 51
59, 50
58, 50
57, 49
56, 48
54, 48
53, 49
52, 50
51, 50
50, 50
50, 50
50, 50
49, 49
49, 49
46, 72
45, 71
45, 71
44, 70
43, 69
42, 68
42, 68
49, 71
50, 72
50, 72
51, 73
51, 73
52, 74
53, 75
54, 76
55, 77
55, 77
51, 53
51, 54
51, 55
51, 56
51, 57
51, 58
51, 58
48, 45
49, 46
50, 47
51, 48
52, 49
53, 50
53, 50
39, 65
40, 66
41, 67
42, 68
43, 69
44, 70
45, 71
46, 72
47, 73
47, 73
42, 61
44, 59
45, 58
46, 57
47, 56
48, 55
49, 54
50, 53
50, 53
51, 52
51, 52
52, 51
53, 50
54, 49
54, 49
54, 49
52, 60
52, 59
52, 59
52, 58
52, 57
52, 56
52, 55
52, 55
52, 55
48, 60
49, 61
49, 61
49, 61
50, 62
51, 63
52, 64
53, 65
54, 66
55, 67
55, 67
40, 76
39, 75
38, 74
38, 74
37, 73
37, 73
43, 61
44, 60
45, 59
46, 58
47, 57
48, 56
49, 55
50, 54
50, 53
50, 53
49, 52
49, 52
48, 51
47, 50
47, 50
46, 49
45, 48
44, 47
44, 47
45, 63
46, 64
47, 65
48, 66
49, 67
50, 68
50, 68
57, 65
57, 65
58, 66
59, 66
60, 66
60, 66
58, 59
59, 60
60, 61
61, 61
62, 61
62, 61
50, 49
50, 49
50, 49
49, 48
48, 47
47, 46
47, 46
47, 46
47, 49
46, 50
45, 51
44, 52
43, 53
42, 54
41, 55
41, 55
41, 55
39, 68
39, 68
40, 67
41, 66
41, 66
41, 66
56, 76
57, 77
58, 76
57, 77
58, 77
57, 76
57, 76
53, 50
52, 50
52, 51
51, 50
52, 50
51, 51
52, 51
53, 50
54, 51
54, 50
54, 50
63, 62
62, 62
63, 63
63, 64
64, 65
65, 64
64, 63
64, 62
64, 63
65, 64
65, 64
53, 55
54, 55
55, 55
54, 54
53, 53
53, 54
54, 55
54, 56
54, 55
54, 55
51, 68
52, 68
53, 68
53, 69
52, 68
51, 69
50, 70
51, 71
52, 71
53, 70
53, 70
45, 41
45, 40
46, 39
45, 38
44, 37
43, 36
42, 36
41, 37
42, 38
43, 38
43, 38
45, 48
46, 49
47, 50
46, 50
45, 51
45, 51
46, 47
45, 48
45, 49
46, 48
47, 47
46, 47
45, 48
46, 49
47, 48
48, 47
48, 47
54, 51
53, 50
53, 49
53, 50
54, 50
55, 50
54, 49
54, 48
53, 47
54, 48
54, 48
51, 49
51, 50
50, 51
50, 50
50, 51
49, 50
49, 51
49, 51
50, 59
49, 58
50, 58
51, 59
50, 59
50, 60
50, 60
46, 74
47, 73
46, 74
47, 75
48, 74
49, 75
50, 76
49, 76
49, 76
57, 68
58, 67
59, 68
59, 67
59, 68
58, 67
58, 68
57, 68
57, 68
40, 65
41, 65
41, 64
42, 65
43, 66
42, 67
43, 67
44, 67
44, 68
43, 68
43, 68
59, 65
60, 66
61, 66
60, 66
61, 67
60, 67
60, 66
60, 66
52, 63
51, 62
50, 62
51, 62
52, 61
51, 61
50, 62
51, 63
50, 64
49, 64
49, 64
38, 74
39, 73
38, 74
39, 73
40, 73
41, 73
41, 72
41, 73
41, 73
50, 48
50, 47
51, 46
50, 45
51, 44
50, 44
51, 45
51, 46
50, 46
50, 46
48, 49
49, 49
50, 49
51, 49
50, 50
49, 51
49, 51
54, 66
55, 66
54, 66
53, 65
54, 66
55, 65
56, 66
56, 65
56, 65
43, 67
44, 68
43, 69
42, 68
41, 67
41, 66
41, 67
41, 68
40, 69
41, 69
41, 69
58, 60
59, 59
60, 58
61, 57
60, 57
61, 58
60, 58
60, 59
61, 60
61, 60
60, 41
60, 40
59, 40
60, 41
61, 40
60, 40
59, 40
60, 39
60, 39
41, 56
42, 57
43, 57
42, 56
41, 55
41, 55
56, 75
56, 76
57, 76
56, 77
55, 76
54, 75
55, 74
54, 73
53, 72
54, 72
54, 72
55, 49
54, 50
55, 50
54, 50
54, 49
55, 50
56, 49
55, 49
55, 49
42, 73
42, 72
43, 71
42, 72
43, 72
43, 73
44, 74
43, 74
42, 74
43, 75
43, 75
55, 49
54, 48
54, 47
54, 48
53, 48
52, 47
53, 46
52, 46
51, 46
52, 46
52, 46
43, 69
42, 69
43, 69
44, 70
45, 70
46, 71
46, 72
46, 72
49, 47
50, 47
49, 48
48, 48
48, 47
47, 46
48, 45
48, 45
59, 67
58, 67
59, 66
58, 66
57, 67
57, 67
40, 56
39, 57
38, 57
37, 56
37, 57
37, 56
38, 57
38, 57
61, 61
61, 62
62, 62
62, 61
62, 62
61, 61
61, 60
62, 60
62, 61
62, 60
62, 60
50, 59
50, 58
50, 57
50, 58
49, 57
49, 57
48, 76
47, 75
48, 74
47, 75
46, 76
45, 76
46, 75
45, 74
46, 73
45, 72
45, 72
65, 63
66, 62
66, 61
65, 62
64, 61
64, 60
65, 60
66, 60
66, 61
65, 62
65, 62
43, 37
44, 36
43, 35
43, 36
42, 37
43, 36
43, 35
43, 36
42, 35
42, 35
55, 64
54, 63
53, 62
53, 61
54, 61
55, 62
54, 63
54, 64
55, 63
54, 64
54, 64
48, 51
48, 52
49, 53
50, 54
49, 54
49, 53
48, 52
49, 52
49, 52
40, 70
39, 69
40, 70
41, 70
40, 69
39, 69
38, 70
38, 70
58, 67
59, 68
58, 67
58, 68
57, 67
58, 66
58, 65
59, 64
60, 65
60, 65
48, 48
47, 47
46, 47
47, 46
48, 45
48, 45
52, 69
52, 68
52, 67
53, 67
54, 66
53, 66
54, 67
55, 67
54, 66
54, 67
54, 67
49, 52
50, 53
49, 53
49, 54
48, 54
47, 53
47, 52
48, 53
48, 53
48, 64
49, 64
50, 64
51, 64
52, 63
52, 63
60, 40
61, 39
62, 40
61, 40
60, 41
59, 41
58, 41
59, 40
58, 40
59, 39
59, 39
55, 54
55, 55
55, 54
55, 53
54, 53
54, 53
46, 50
47, 51
46, 50
45, 49
46, 48
46, 49
47, 50
48, 50
47, 50
47, 50
39, 70
38, 69
39, 68
38, 67
37, 67
37, 67
54, 54
53, 54
53, 53
54, 53
55, 53
55, 54
55, 53
56, 54
56, 54
63, 59
63, 60
64, 60
64, 61
65, 61
65, 62
65, 61
66, 60
66, 60
50, 58
51, 57
52, 56
53, 57
52, 57
51, 58
52, 59
53, 60
54, 61
54, 61
54, 50
55, 49
54, 50
54, 49
53, 49
52, 50
51, 51
51, 52
51, 52
49, 53
49, 52
49, 51
50, 52
51, 51
51, 50
52, 49
52, 48
51, 47
51, 47
53, 45
52, 44
52, 43
52, 44
52, 45
51, 46
50, 47
50, 48
50, 48
47, 46
47, 45
48, 44
48, 45
47, 45
48, 44
47, 43
47, 43
49, 46
50, 46
49, 46
48, 47
49, 48
50, 49
49, 50
50, 51
50, 51
66, 61
65, 61
66, 62
65, 63
65, 62
66, 61
67, 60
68, 60
69, 60
69, 60
47, 72
46, 71
45, 70
45, 71
44, 72
45, 73
45, 73
37, 58
36, 59
37, 60
38, 60
39, 59
40, 58
40, 59
41, 60
41, 60
61, 65
60, 65
59, 65
60, 64
61, 65
61, 65
60, 40
60, 39
59, 40
60, 41
59, 42
58, 43
58, 44
58, 44
54, 73
55, 72
55, 73
55, 74
54, 73
55, 73
56, 73
56, 73
53, 64
52, 64
52, 63
53, 64
52, 63
53, 62
54, 61
54, 61
48, 49
49, 49
50, 49
49, 50
48, 51
48, 52
47, 52
46, 52
47, 51
47, 51
44, 72
44, 71
43, 70
42, 69
41, 70
41, 70
48, 52
49, 53
48, 52
48, 51
47, 52
47, 51
47, 51
57, 66
57, 65
58, 64
58, 65
59, 65
60, 65
60, 64
60, 64
55, 68
56, 69
56, 68
57, 68
56, 67
55, 68
54, 68
55, 67
55, 66
55, 66
43, 35
43, 34
43, 33
42, 32
42, 31
42, 31
44, 74
43, 74
44, 75
43, 75
44, 76
44, 76
53, 65
54, 64
53, 64
53, 63
52, 63
51, 64
52, 65
53, 65
52, 64
52, 64
43, 77
43, 78
43, 77
42, 78
43, 77
44, 77
43, 78
43, 78
52, 53
53, 52
52, 51
53, 50
52, 50
52, 50
42, 59
41, 58
40, 57
40, 56
39, 57
38, 57
37, 56
36, 55
35, 54
35, 54
49, 48
48, 48
49, 49
48, 48
49, 48
48, 49
48, 49
49, 51
50, 50
50, 49
51, 50
50, 51
49, 52
50, 51
50, 52
51, 52
51, 52
48, 51
49, 52
48, 53
49, 53
49, 54
49, 55
49, 56
49, 56
48, 42
49, 43
48, 43
48, 42
48, 41
49, 42
48, 42
47, 42
47, 42
54, 62
55, 63
54, 64
53, 64
54, 63
54, 64
53, 65
52, 65
51, 64
51, 63
51, 63
61, 65
61, 66
61, 65
60, 64
59, 64
59, 63
59, 62
58, 63
59, 62
60, 61
60, 61
51, 48
50, 49
50, 48
50, 49
49, 49
49, 49
65, 60
64, 60
64, 59
65, 60
65, 61
65, 61
57, 54
57, 55
58, 54
57, 53
56, 53
57, 53
56, 54
55, 53
55, 53
68, 59
67, 60
66, 59
65, 59
64, 59
63, 60
64, 59
64, 58
64, 57
65, 58
65, 58
54, 66
55, 67
54, 68
54, 67
54, 66
53, 66
52, 67
51, 68
50, 69
51, 68
51, 68
60, 64
59, 64
59, 65
59, 64
58, 65
58, 65
51, 63
50, 62
51, 62
52, 61
52, 60
51, 61
52, 62
53, 63
52, 62
51, 61
51, 61
57, 72
56, 71
55, 70
56, 69
57, 70
58, 71
59, 71
59, 70
60, 69
61, 68
61, 68
47, 50
47, 51
46, 52
47, 51
47, 52
47, 51
46, 52
47, 51
47, 51
54, 60
53, 59
54, 59
55, 58
55, 59
54, 60
55, 60
55, 60
36, 68
35, 67
36, 67
35, 66
35, 65
35, 64
35, 64
59, 43
58, 43
57, 43
57, 42
57, 43
56, 43
55, 43
54, 43
55, 43
54, 43
54, 43
42, 71
41, 72
42, 72
42, 71
42, 72
43, 73
42, 73
42, 72
41, 73
41, 72
41, 72
43, 32
42, 31
43, 31
42, 32
42, 31
42, 30
41, 29
40, 28
40, 29
39, 28
39, 28
44, 73
44, 72
45, 72
46, 71
45, 71
46, 72
46, 72
44, 78
43, 78
42, 78
42, 79
42, 78
43, 79
43, 79
55, 59
56, 58
55, 59
56, 60
57, 60
56, 59
56, 60
55, 59
55, 58
55, 59
55, 59
58, 66
57, 65
56, 66
56, 67
55, 68
54, 69
53, 70
54, 69
53, 70
53, 70
36, 64
35, 64
36, 63
35, 64
35, 63
36, 64
37, 64
38, 64
39, 64
39, 64
65, 62
66, 62
66, 61
66, 62
65, 63
64, 62
63, 63
64, 64
64, 64
46, 73
45, 74
44, 73
43, 72
44, 71
44, 70
44, 70
54, 53
53, 54
53, 53
53, 52
54, 53
54, 54
55, 53
54, 54
54, 54
66, 57
66, 58
66, 57
67, 58
66, 58
65, 58
64, 58
64, 58
53, 49
54, 49
53, 49
54, 49
53, 50
52, 50
53, 50
53, 50
47, 49
47, 50
47, 51
48, 52
47, 52
47, 51
48, 51
47, 52
47, 52
55, 43
54, 43
53, 43
54, 42
54, 41
55, 40
56, 41
55, 41
54, 42
54, 42
38, 28
39, 29
39, 28
39, 29
39, 28
39, 27
40, 26
40, 27
40, 27
35, 53
34, 53
33, 54
34, 53
33, 54
33, 54
51, 64
51, 63
50, 62
51, 63
52, 64
51, 63
52, 63
53, 63
53, 63
50, 53
50, 54
49, 55
50, 56
51, 57
52, 56
53, 57
54, 57
54, 57
52, 67
51, 66
51, 65
50, 64
51, 65
51, 65
60, 60
61, 61
62, 61
62, 60
61, 60
61, 59
62, 59
61, 58
61, 58
51, 60
52, 61
53, 62
52, 62
51, 61
52, 60
53, 61
53, 61
49, 55
48, 55
49, 56
48, 57
48, 58
49, 58
48, 58
47, 59
47, 58
47, 58
60, 68
59, 69
58, 68
59, 68
59, 67
59, 67
48, 41
49, 40
48, 40
49, 41
48, 41
48, 42
48, 42
48, 51
47, 51
48, 50
49, 50
48, 51
49, 50
50, 50
50, 51
50, 51
50, 48
51, 48
50, 48
51, 48
50, 49
51, 50
50, 49
49, 48
49, 49
49, 49
41, 73
41, 72
40, 73
39, 72
38, 72
37, 73
38, 73
38, 72
39, 71
39, 71
50, 50
51, 50
52, 50
53, 49
52, 48
53, 47
54, 46
53, 46
53, 46
48, 51
47, 50
47, 49
48, 49
48, 50
48, 51
48, 51
48, 57
47, 57
47, 56
46, 55
47, 54
48, 53
48, 54
48, 54
38, 64
38, 63
38, 64
38, 65
37, 64
36, 65
35, 64
35, 65
35, 65
55, 53
55, 54
55, 55
54, 56
55, 55
55, 54
55, 55
54, 55
55, 54
56, 54
56, 54
63, 65
62, 65
62, 64
61, 63
61, 62
60, 61
59, 60
59, 60
65, 59
66, 60
66, 59
65, 60
65, 61
64, 60
63, 61
62, 60
62, 60
61, 57
61, 58
60, 58
61, 58
62, 59
62, 58
61, 58
61, 59
62, 58
62, 57
62, 57
39, 28
40, 27
39, 26
39, 27
38, 28
37, 29
36, 29
35, 28
35, 27
35, 27
59, 68
60, 67
60, 68
60, 67
61, 67
62, 68
62, 69
62, 69
49, 52
48, 53
48, 52
49, 53
50, 54
49, 53
49, 53
54, 43
55, 44
55, 43
56, 43
57, 44
58, 43
57, 42
58, 43
58, 42
59, 41
59, 41
53, 57
53, 58
52, 57
53, 57
52, 56
51, 55
52, 56
52, 56
52, 61
51, 60
52, 59
53, 60
54, 59
54, 58
55, 59
55, 59
34, 54
35, 54
35, 55
35, 56
36, 55
37, 55
38, 54
38, 55
39, 54
39, 54
44, 71
44, 70
45, 70
46, 71
45, 70
45, 71
44, 71
43, 70
43, 70
54, 59
53, 58
54, 57
54, 58
53, 59
54, 58
54, 58
42, 79
41, 78
40, 79
41, 79
42, 78
42, 78
47, 41
47, 40
47, 39
46, 39
47, 38
47, 37
47, 37
54, 70
54, 71
55, 70
56, 71
57, 71
58, 71
58, 72
57, 71
57, 70
56, 71
56, 71
54, 51
54, 50
55, 49
56, 49
55, 50
54, 51
54, 50
55, 49
54, 48
54, 48
54, 64
55, 63
54, 62
54, 63
55, 64
55, 64
52, 66
51, 67
51, 66
50, 67
51, 66
51, 66
39, 70
40, 71
41, 71
41, 70
40, 71
39, 71
39, 70
40, 69
41, 68
40, 69
40, 69
53, 47
52, 46
51, 47
52, 48
53, 47
52, 46
53, 47
54, 48
54, 49
55, 49
55, 49
50, 66
51, 65
52, 66
51, 67
52, 68
53, 69
54, 70
55, 71
55, 71
48, 37
48, 38
47, 37
46, 36
46, 37
46, 37
38, 54
39, 55
40, 54
41, 53
42, 52
43, 52
43, 51
42, 52
43, 51
44, 51
44, 51
36, 64
35, 63
34, 62
33, 61
34, 62
33, 63
33, 62
33, 62
54, 58
55, 58
56, 57
57, 58
56, 59
55, 59
56, 60
55, 59
55, 59
54, 59
53, 60
52, 59
51, 60
51, 59
51, 58
51, 58
58, 42
57, 42
57, 43
58, 43
58, 42
57, 43
57, 42
58, 41
58, 41
53, 47
53, 46
52, 46
53, 46
54, 47
54, 48
54, 47
54, 46
53, 46
53, 46
42, 79
43, 79
42, 78
41, 78
40, 77
40, 78
40, 77
41, 78
40, 77
40, 77
56, 65
57, 66
56, 65
57, 65
56, 64
56, 65
56, 65
62, 68
62, 67
62, 66
62, 65
62, 66
61, 65
62, 65
63, 65
64, 65
64, 65
44, 69
43, 70
43, 69
43, 70
42, 69
42, 68
43, 69
42, 70
43, 70
43, 70
62, 56
61, 56
60, 57
59, 58
58, 59
59, 60
58, 60
59, 61
59, 60
60, 60
60, 60
61, 60
62, 61
61, 62
61, 61
60, 60
60, 61
60, 60
60, 59
59, 59
60, 59
60, 59
41, 68
42, 67
43, 67
44, 66
43, 66
43, 67
42, 68
41, 69
42, 70
42, 70
58, 61
59, 61
60, 62
59, 63
60, 62
60, 61
60, 61
55, 70
54, 70
54, 69
53, 70
54, 70
53, 70
54, 69
54, 70
54, 69
55, 68
55, 68
53, 56
53, 55
53, 54
54, 53
53, 54
52, 53
53, 52
53, 52
34, 26
34, 27
34, 26
35, 25
36, 25
36, 24
35, 23
35, 23
49, 53
50, 52
49, 52
50, 51
49, 50
50, 49
50, 50
51, 51
52, 51
53, 52
53, 52
48, 50
48, 51
48, 52
48, 51
47, 50
47, 50
56, 55
57, 55
57, 56
58, 56
59, 57
60, 58
60, 58
48, 54
49, 54
50, 53
49, 53
50, 54
51, 53
52, 53
52, 52
52, 52
46, 36
47, 36
48, 36
48, 35
49, 35
49, 36
50, 35
50, 36
50, 35
49, 34
49, 34
35, 24
35, 23
34, 24
35, 24
34, 23
33, 23
32, 24
33, 23
34, 24
34, 24
43, 71
44, 71
44, 72
44, 71
43, 72
43, 71
44, 71
43, 71
43, 71
33, 63
34, 64
33, 64
32, 63
31, 64
31, 63
30, 64
29, 63
29, 63
54, 60
53, 60
53, 59
54, 59
54, 58
54, 59
54, 60
53, 60
54, 59
54, 59
51, 59
52, 58
53, 57
54, 58
54, 59
54, 59
65, 64
65, 65
66, 66
67, 66
67, 67
66, 67
65, 66
64, 65
64, 65
53, 47
52, 48
51, 47
51, 46
51, 45
50, 46
50, 46
56, 64
55, 65
54, 66
54, 67
55, 66
56, 66
55, 65
54, 64
55, 63
54, 64
54, 64
52, 52
51, 53
50, 52
49, 53
50, 54
50, 54
44, 69
44, 68
45, 69
45, 68
45, 67
45, 68
45, 67
44, 67
44, 67
44, 50
44, 51
45, 51
45, 50
46, 49
45, 48
44, 47
43, 47
43, 47
47, 51
48, 51
49, 50
49, 51
48, 51
48, 52
48, 52
51, 52
50, 51
51, 50
52, 51
51, 52
52, 52
53, 52
53, 52
40, 76
40, 75
39, 75
40, 76
41, 76
41, 77
42, 77
42, 78
43, 79
43, 79
54, 50
53, 51
53, 52
52, 51
53, 50
52, 51
53, 50
53, 49
53, 49
59, 61
58, 60
59, 59
59, 60
59, 61
58, 60
58, 60
59, 41
58, 40
57, 40
58, 40
59, 41
60, 40
59, 41
58, 42
58, 42
60, 57
61, 56
61, 57
60, 57
60, 58
59, 58
58, 58
59, 58
59, 58
56, 67
57, 68
58, 67
58, 68
57, 67
57, 66
58, 65
58, 64
58, 64
59, 61
59, 62
60, 62
60, 63
59, 63
60, 63
61, 64
60, 65
60, 66
60, 65
60, 65
61, 59
62, 59
61, 59
61, 58
62, 57
62, 57
54, 51
53, 50
52, 49
51, 49
50, 48
51, 48
50, 47
51, 47
52, 47
51, 47
51, 47
54, 72
55, 72
56, 71
57, 71
57, 72
57, 72
44, 47
43, 47
44, 48
43, 48
42, 48
43, 48
42, 49
43, 48
44, 48
44, 47
44, 47
59, 57
58, 58
59, 58
58, 59
58, 60
58, 59
59, 60
60, 60
61, 60
60, 61
60, 61
57, 43
58, 44
57, 44
58, 43
58, 42
58, 42
50, 47
51, 46
50, 47
51, 46
52, 45
53, 45
53, 46
53, 47
53, 48
54, 48
54, 48
51, 54
52, 55
51, 56
51, 57
51, 56
51, 56
51, 48
51, 49
50, 49
49, 50
48, 51
47, 51
47, 50
48, 49
48, 50
48, 50
29, 64
30, 63
31, 64
31, 63
31, 64
32, 65
32, 64
33, 63
34, 62
33, 63
33, 63
53, 53
52, 52
53, 52
52, 52
53, 52
53, 51
53, 50
54, 51
53, 51
53, 51
54, 50
53, 49
52, 48
53, 49
52, 50
53, 49
52, 48
51, 48
51, 47
51, 47
44, 68
45, 69
46, 70
47, 71
48, 70
48, 69
49, 68
49, 68
57, 61
57, 62
56, 63
55, 64
56, 64
57, 63
56, 64
56, 64
55, 60
56, 60
57, 59
56, 58
57, 58
57, 58
55, 64
56, 65
55, 64
54, 63
53, 64
53, 63
52, 62
51, 63
51, 63
44, 70
45, 69
44, 68
45, 68
46, 68
45, 67
45, 67
56, 72
56, 73
55, 72
54, 73
54, 74
53, 73
53, 73
61, 64
62, 64
63, 64
64, 63
64, 64
64, 64
57, 63
58, 63
59, 64
58, 63
57, 64
56, 63
55, 63
55, 62
55, 62
35, 24
36, 25
36, 24
37, 25
37, 26
38, 26
37, 25
36, 25
36, 25
55, 59
56, 59
55, 58
54, 58
54, 59
54, 59
65, 65
65, 66
64, 66
63, 65
62, 64
63, 63
64, 62
65, 62
65, 62
50, 35
51, 36
50, 37
49, 38
50, 37
50, 38
51, 39
52, 40
51, 41
51, 41
47, 52
47, 51
48, 50
49, 51
50, 51
49, 52
49, 52
61, 56
60, 57
61, 57
62, 56
61, 57
61, 58
60, 58
60, 58
44, 78
44, 77
43, 76
44, 75
43, 75
42, 75
43, 76
44, 75
44, 75
44, 46
45, 47
46, 48
47, 48
48, 49
48, 49
33, 64
32, 63
32, 64
31, 65
32, 66
32, 66
37, 25
38, 25
38, 24
38, 25
38, 26
39, 25
39, 25
59, 62
58, 61
57, 61
58, 60
58, 59
57, 60
57, 59
56, 59
56, 59
57, 59
58, 59
57, 60
58, 60
58, 59
57, 58
57, 59
57, 59
50, 51
49, 51
49, 50
50, 49
49, 49
50, 50
51, 50
51, 51
51, 51
55, 49
56, 48
57, 48
56, 49
57, 49
58, 49
58, 48
59, 49
59, 49
47, 51
48, 50
49, 49
50, 49
51, 48
51, 47
52, 46
52, 45
52, 45
54, 61
55, 61
55, 60
56, 61
55, 60
55, 59
56, 60
55, 60
54, 61
54, 60
54, 60
50, 68
50, 69
49, 69
50, 68
51, 68
51, 67
50, 66
51, 65
51, 66
51, 65
51, 65
43, 74
43, 73
42, 73
41, 73
42, 72
43, 71
44, 71
45, 70
46, 70
46, 71
46, 71
52, 63
51, 63
52, 62
51, 62
52, 61
52, 60
51, 60
52, 59
52, 59
52, 56
53, 57
52, 56
51, 55
51, 56
51, 57
51, 57
53, 74
52, 75
51, 76
52, 77
51, 77
50, 76
50, 76
52, 46
53, 45
53, 46
53, 45
54, 46
55, 45
55, 45
52, 52
53, 53
53, 52
53, 53
53, 52
53, 51
53, 50
53, 49
52, 49
52, 49
51, 42
50, 41
51, 41
51, 42
50, 41
49, 40
48, 39
48, 39
57, 42
58, 43
59, 44
58, 43
57, 43
56, 42
56, 41
56, 42
55, 41
55, 41
53, 59
54, 59
54, 60
53, 59
54, 60
53, 61
52, 62
52, 62
66, 63
67, 62
66, 61
67, 61
67, 60
68, 61
68, 62
68, 62
57, 63
56, 62
57, 63
57, 64
57, 63
57, 63
44, 66
43, 67
43, 66
42, 67
42, 68
42, 67
43, 67
44, 66
43, 66
43, 66
60, 59
59, 58
58, 57
59, 57
60, 57
61, 58
61, 58
65, 63
65, 64
66, 65
67, 66
68, 67
68, 66
68, 67
69, 66
68, 67
68, 67
52, 56
53, 55
52, 54
52, 55
52, 54
51, 54
52, 53
51, 54
50, 53
49, 53
49, 53
38, 25
37, 24
37, 25
37, 24
38, 23
38, 23
67, 66
66, 65
67, 66
66, 67
65, 67
64, 66
63, 65
63, 66
62, 67
63, 66
63, 66
56, 41
55, 42
54, 42
53, 41
52, 40
51, 41
50, 40
49, 41
49, 42
48, 43
48, 43
56, 46
57, 45
56, 46
57, 45
56, 45
57, 44
58, 43
59, 43
59, 43
43, 67
43, 68
43, 69
44, 68
44, 69
45, 68
44, 67
44, 67
33, 67
32, 66
31, 67
30, 68
29, 67
29, 67
51, 66
50, 67
51, 68
50, 67
51, 67
50, 68
50, 68
58, 59
59, 59
60, 60
59, 60
59, 61
60, 61
59, 61
60, 61
59, 60
59, 60
53, 63
53, 64
54, 63
54, 62
54, 63
54, 62
55, 62
54, 61
53, 60
53, 61
53, 61
59, 48
60, 48
59, 49
58, 49
59, 48
58, 47
59, 47
59, 47
45, 70
45, 71
44, 70
44, 69
44, 68
45, 67
44, 68
44, 67
45, 66
46, 65
46, 65
53, 60
54, 59
55, 58
56, 58
57, 57
58, 57
58, 57
55, 60
55, 61
54, 60
53, 59
52, 59
52, 58
51, 59
51, 60
52, 60
52, 60
68, 61
68, 62
67, 61
66, 60
65, 61
64, 62
64, 61
63, 60
63, 60
50, 77
51, 78
52, 78
51, 79
51, 78
51, 77
50, 78
50, 78
51, 46
52, 45
53, 44
53, 43
52, 43
51, 42
51, 41
52, 41
53, 41
52, 40
52, 40
57, 62
58, 61
57, 62
56, 62
55, 63
54, 62
54, 62
52, 52
51, 53
51, 54
50, 55
51, 56
50, 56
51, 56
50, 57
49, 56
50, 57
50, 57
48, 50
49, 49
48, 48
47, 48
48, 47
47, 48
47, 47
46, 46
46, 46
61, 57
61, 58
61, 57
62, 56
63, 55
64, 54
63, 53
63, 54
63, 53
63, 53
49, 40
48, 41
49, 40
50, 39
51, 39
52, 40
52, 40
52, 48
52, 47
51, 48
50, 48
50, 47
50, 47
55, 59
55, 58
56, 59
57, 60
56, 61
55, 62
55, 62
58, 56
57, 56
56, 55
55, 54
55, 55
54, 55
54, 55
48, 42
47, 42
47, 43
46, 43
47, 42
46, 42
47, 41
46, 41
46, 41
62, 53
63, 53
62, 53
63, 53
64, 54
63, 53
63, 53
48, 53
47, 52
46, 52
47, 53
48, 52
47, 51
46, 51
45, 51
45, 51
54, 63
54, 62
54, 61
53, 60
54, 60
54, 60
54, 61
55, 60
56, 61
57, 62
57, 61
58, 61
58, 61
52, 39
51, 39
52, 40
52, 41
53, 42
54, 43
55, 42
54, 41
55, 42
55, 43
55, 43
50, 48
49, 48
49, 49
50, 50
51, 49
50, 48
49, 47
48, 46
48, 47
47, 47
47, 47
45, 64
44, 65
44, 66
43, 67
44, 66
43, 67
43, 67
62, 60
61, 60
60, 60
59, 61
60, 60
60, 60
46, 47
45, 47
44, 47
43, 48
43, 47
44, 47
43, 47
43, 47
58, 61
57, 61
57, 60
56, 59
55, 58
56, 59
55, 60
55, 60
51, 67
52, 67
53, 67
53, 68
54, 68
54, 68
59, 48
59, 47
59, 48
59, 47
60, 47
59, 47
59, 47
45, 67
44, 68
45, 69
44, 69
43, 69
43, 70
44, 71
43, 72
43, 72
51, 60
51, 59
50, 59
51, 58
51, 59
51, 60
51, 60
28, 67
27, 67
27, 66
26, 66
25, 65
24, 64
24, 65
25, 64
25, 64
52, 39
51, 40
52, 40
53, 40
52, 40
52, 39
52, 38
52, 38
59, 44
59, 43
59, 42
60, 43
59, 42
60, 43
59, 42
60, 43
59, 42
59, 42
50, 56
51, 57
52, 58
53, 59
54, 58
53, 57
53, 58
52, 59
51, 59
51, 60
51, 60
49, 77
50, 78
49, 79
50, 79
49, 79
50, 78
51, 79
52, 78
51, 78
51, 77
51, 77
62, 66
62, 65
61, 64
60, 65
59, 65
60, 64
61, 65
61, 65
39, 23
40, 23
40, 24
41, 24
41, 23
41, 23
53, 63
52, 63
53, 62
53, 63
52, 63
52, 62
52, 63
51, 63
51, 63
64, 54
63, 53
62, 53
62, 54
63, 54
63, 55
62, 54
63, 55
62, 56
62, 56
60, 48
61, 48
61, 47
60, 48
61, 48
61, 48
44, 72
44, 73
44, 72
43, 71
42, 72
41, 73
40, 74
40, 74
60, 66
59, 65
58, 64
58, 63
57, 64
58, 65
57, 65
56, 65
56, 64
57, 63
57, 63
46, 46
46, 45
45, 45
44, 46
45, 45
45, 45
42, 23
43, 23
42, 24
42, 23
43, 24
43, 25
42, 26
41, 25
41, 26
41, 25
41, 25
47, 42
46, 41
47, 41
46, 42
47, 41
47, 41
50, 59
50, 58
50, 59
49, 58
50, 57
51, 56
51, 56
59, 43
59, 42
58, 41
59, 42
58, 42
59, 41
60, 40
60, 40
59, 60
59, 61
60, 61
59, 60
58, 59
59, 60
60, 59
60, 59
44, 67
44, 68
44, 67
43, 67
44, 67
45, 66
45, 65
44, 64
45, 63
45, 64
45, 64
26, 63
25, 63
26, 63
25, 64
26, 63
27, 62
26, 63
25, 62
24, 63
23, 64
23, 64
44, 47
44, 46
44, 45
45, 46
46, 47
46, 46
45, 46
44, 47
43, 47
43, 47
54, 69
53, 70
54, 69
55, 69
56, 68
56, 68
54, 61
55, 60
54, 59
54, 60
55, 60
55, 59
54, 60
55, 61
56, 61
56, 61
55, 59
55, 60
54, 61
55, 61
56, 60
56, 60
53, 54
54, 55
55, 54
54, 55
55, 54
55, 53
55, 54
56, 55
55, 56
54, 56
54, 56
50, 62
51, 62
50, 61
49, 60
48, 60
48, 59
49, 58
50, 58
51, 57
52, 56
52, 56
52, 78
53, 77
52, 76
52, 77
52, 76
52, 76
59, 62
58, 63
58, 62
59, 62
58, 62
58, 63
59, 63
60, 63
60, 63
53, 37
54, 37
55, 36
56, 37
57, 37
57, 37
45, 52
44, 51
45, 52
45, 51
44, 50
43, 50
44, 50
44, 50
52, 59
51, 58
52, 59
53, 59
54, 59
53, 60
54, 60
54, 60
56, 43
55, 43
55, 42
55, 43
55, 42
54, 41
55, 41
56, 41
56, 41
46, 46
47, 47
48, 48
49, 49
50, 50
51, 51
52, 52
53, 53
52, 53
52, 53
52, 53
46, 65
47, 66
48, 67
47, 68
47, 68
46, 68
46, 68
47, 69
48, 69
48, 69
49, 70
50, 71
51, 72
51, 72
48, 42
49, 43
50, 44
50, 44
51, 45
52, 46
53, 47
54, 48
55, 49
56, 50
57, 49
57, 49
57, 49
57, 69
58, 70
59, 71
58, 71
58, 71
58, 72
58, 72
59, 73
60, 74
61, 75
62, 76
62, 76
63, 77
63, 77
55, 57
56, 58
57, 59
57, 60
57, 60
58, 61
59, 62
58, 62
58, 62
58, 62
61, 57
60, 58
59, 59
58, 60
57, 61
57, 62
57, 62
55, 62
55, 62
56, 63
57, 64
58, 65
58, 66
59, 65
59, 65
59, 65
41, 26
41, 26
42, 27
43, 28
44, 27
44, 27
45, 28
45, 28
57, 61
58, 62
59, 63
60, 64
60, 65
60, 65
57, 42
58, 43
58, 42
58, 42
59, 41
59, 41
59, 42
59, 43
59, 43
55, 61
56, 62
57, 63
58, 64
59, 65
59, 64
59, 64
59, 64
51, 57
51, 58
51, 59
51, 60
51, 61
51, 62
51, 62
59, 41
59, 41
61, 43
62, 44
63, 45
64, 46
64, 47
64, 48
64, 49
64, 50
64, 51
64, 52
64, 54
64, 55
64, 56
64, 57
64, 58
64, 59
64, 60
64, 61
64, 61
51, 75
51, 74
51, 73
51, 72
51, 71
50, 72
50, 72
51, 71
51, 70
51, 70
24, 65
25, 66
26, 67
27, 68
28, 69
29, 70
29, 70
44, 48
45, 49
46, 50
47, 51
48, 52
47, 53
47, 53
47, 53
60, 49
59, 50
57, 52
56, 53
55, 54
54, 55
53, 56
52, 57
51, 57
51, 57
51, 58
51, 59
51, 60
51, 59
51, 59
51, 59
61, 62
61, 62
60, 63
59, 64
59, 64
58, 65
59, 66
59, 66
58, 67
58, 67
58, 67
41, 75
42, 75
42, 75
43, 76
44, 77
45, 78
45, 78
56, 64
55, 65
54, 66
53, 67
53, 68
53, 69
53, 70
54, 69
54, 69
53, 68
53, 68
53, 69
53, 69
61, 60
62, 61
63, 62
64, 63
64, 64
63, 65
63, 65
64, 64
64, 64
64, 64
56, 37
56, 37
56, 36
56, 36
56, 35
56, 35
56, 36
56, 36
55, 37
54, 38
54, 39
54, 39
45, 51
46, 52
47, 53
48, 54
49, 55
50, 56
51, 57
52, 58
53, 58
53, 58
54, 59
54, 59
52, 56
52, 56
53, 57
54, 58
53, 57
53, 57
54, 58
54, 59
54, 59
55, 60
56, 61
56, 61
60, 66
61, 67
62, 66
62, 66
61, 67
62, 67
62, 67
61, 67
61, 67
62, 67
62, 67
61, 68
61, 69
61, 69
52, 73
53, 74
54, 75
55, 76
56, 77
57, 78
57, 79
57, 80
57, 81
57, 82
57, 82
58, 50
60, 52
61, 53
62, 54
63, 55
64, 56
65, 57
65, 58
65, 59
65, 60
65, 61
65, 62
65, 62
52, 60
53, 61
54, 62
55, 63
56, 64
57, 65
58, 66
59, 67
59, 67
59, 66
58, 67
58, 68
58, 69
58, 70
58, 71
58, 72
58, 71
58, 71
58, 71
52, 71
53, 72
54, 73
55, 74
56, 75
57, 76
58, 77
58, 77
53, 54
54, 55
55, 56
55, 57
56, 58
56, 58
55, 59
55, 59
59, 68
58, 67
58, 67
59, 68
60, 69
61, 69
61, 69
61, 70
61, 71
61, 72
61, 73
61, 73
57, 63
56, 64
55, 65
54, 66
53, 67
53, 66
53, 66
52, 67
51, 68
51, 68
52, 69
52, 70
52, 70
52, 70
65, 65
66, 66
67, 67
68, 68
69, 69
69, 70
69, 71
69, 72
69, 73
69, 74
69, 74
60, 43
60, 43
59, 44
57, 46
56, 47
55, 48
54, 49
53, 50
52, 51
51, 52
51, 53
51, 54
51, 55
51, 56
52, 57
52, 57
51, 58
51, 58
46, 29
47, 30
48, 31
49, 32
50, 33
51, 34
52, 35
53, 36
54, 37
54, 37
46, 79
47, 80
48, 81
49, 82
50, 83
51, 84
52, 85
52, 85
62, 76
61, 75
60, 74
59, 73
58, 72
57, 72
56, 72
56, 71
56, 71
56, 71
55, 60
56, 61
57, 62
58, 63
59, 64
60, 65
60, 66
60, 66
61, 67
61, 68
61, 68
55, 62
56, 63
56, 63
55, 64
54, 65
53, 66
54, 65
54, 65
53, 66
54, 66
54, 66
54, 66
58, 63
59, 64
60, 65
61, 66
62, 67
62, 68
62, 68
62, 68
51, 63
51, 63
52, 64
53, 63
53, 63
54, 64
55, 65
55, 65
65, 62
66, 63
66, 63
65, 64
65, 65
65, 66
65, 67
66, 66
66, 66
65, 67
65, 67
55, 40
55, 41
55, 41
56, 42
57, 43
56, 44
56, 44
57, 45
59, 47
60, 48
61, 49
62, 50
63, 51
64, 52
65, 53
66, 54
67, 55
68, 56
68, 56
48, 54
49, 55
50, 56
51, 55
51, 55
52, 56
53, 57
54, 58
55, 59
55, 59
54, 70
55, 71
56, 72
57, 73
58, 74
58, 75
58, 75
30, 71
31, 72
32, 73
33, 74
34, 75
35, 76
35, 76
58, 65
57, 66
56, 67
55, 68
54, 69
54, 69
64, 68
63, 69
62, 70
61, 71
60, 72
59, 73
58, 74
58, 74
61, 69
61, 69
60, 70
59, 71
58, 72
57, 71
57, 71
56, 72
56, 72
57, 73
57, 73
57, 73
57, 73
55, 38
54, 39
54, 39
55, 40
56, 41
57, 42
56, 41
56, 41
57, 42
58, 43
58, 43
68, 75
69, 75
69, 75
68, 76
67, 77
66, 78
66, 78
62, 70
63, 71
64, 72
64, 73
64, 74
64, 75
64, 75
56, 60
55, 60
55, 60
56, 59
56, 59
57, 60
58, 61
58, 61
62, 69
63, 70
64, 71
64, 72
64, 73
64, 74
64, 75
63, 75
63, 75
64, 76
64, 76
58, 83
58, 83
57, 82
56, 81
55, 80
54, 79
55, 80
55, 80
54, 79
54, 78
54, 78
53, 67
52, 68
52, 69
52, 70
52, 71
52, 72
52, 73
52, 74
53, 73
53, 73
54, 73
54, 73
54, 73
55, 60
55, 61
55, 62
55, 63
55, 63
55, 64
55, 65
55, 65
36, 77
37, 76
37, 76
38, 77
38, 77
39, 78
40, 79
39, 78
39, 78
40, 79
40, 79
57, 76
56, 77
56, 77
55, 78
54, 79
54, 78
54, 78
53, 78
53, 78
54, 78
54, 78
53, 79
53, 80
53, 81
53, 81
59, 77
59, 77
60, 78
61, 79
62, 80
62, 81
62, 82
62, 82
62, 82
56, 66
57, 67
58, 66
58, 66
58, 67
59, 68
59, 68
58, 69
58, 69
51, 84
51, 84
52, 84
52, 84
53, 83
54, 82
55, 81
56, 81
56, 81
57, 80
58, 79
58, 79
53, 71
53, 72
53, 73
53, 73
52, 74
52, 74
53, 75
53, 76
52, 76
52, 76
53, 77
53, 78
53, 78
64, 63
63, 64
62, 65
61, 66
60, 67
59, 68
59, 68
60, 74
59, 75
59, 76
59, 76
60, 75
60, 75
59, 76
59, 76
58, 66
58, 66
59, 67
60, 68
61, 69
62, 68
62, 68
62, 67
62, 67
61, 68
61, 68
60, 69
60, 69
61, 70
61, 70
61, 70
67, 57
66, 58
66, 59
66, 60
66, 61
66, 61
55, 70
55, 69
55, 69
56, 70
57, 71
58, 72
59, 73
59, 73
57, 71
57, 71
58, 70
59, 70
60, 70
61, 70
62, 70
63, 70
63, 70
59, 72
59, 73
59, 73
59, 72
59, 72
59, 73
59, 74
59, 75
60, 74
60, 74
61, 75
61, 75
60, 76
61, 77
61, 77
61, 77
52, 59
53, 60
52, 61
52, 61
53, 61
53, 61
54, 62
55, 63
56, 64
56, 64
67, 79
67, 79
66, 78
65, 77
64, 77
64, 77
64, 77
64, 77
64, 77
57, 65
58, 64
58, 64
59, 65
59, 65
60, 65
60, 65
61, 66
61, 66
59, 62
60, 63
60, 64
60, 64
61, 65
62, 66
63, 67
63, 68
63, 68
64, 69
64, 69
57, 44
56, 45
56, 46
56, 48
56, 49
56, 50
56, 51
56, 52
56, 53
56, 54
57, 54
57, 54
57, 54
58, 74
57, 74
56, 74
55, 74
54, 74
54, 74
59, 78
60, 77
61, 76
62, 75
63, 74
64, 73
65, 72
66, 71
67, 71
67, 71
67, 71
65, 62
64, 62
64, 62
63, 62
63, 62
62, 63
61, 64
61, 64
62, 78
63, 79
64, 80
65, 79
65, 79
66, 80
67, 81
67, 81
56, 74
57, 74
57, 74
56, 75
56, 76
56, 77
56, 78
56, 79
55, 80
55, 80
56, 81
56, 82
56, 82
55, 79
56, 80
56, 79
56, 79
56, 80
56, 81
56, 81
56, 81
56, 81
52, 82
52, 82
53, 81
54, 80
55, 79
56, 78
56, 77
56, 76
56, 75
56, 74
56, 74
63, 83
64, 84
64, 85
64, 85
64, 86
64, 86
65, 85
65, 85
60, 71
59, 72
58, 73
57, 72
57, 72
56, 73
55, 73
54, 73
53, 73
52, 72
52, 72
52, 72
62, 71
61, 72
60, 73
59, 74
58, 75
59, 76
59, 76
59, 76
65, 76
66, 77
66, 76
66, 76
67, 77
68, 78
69, 79
69, 79
59, 75
59, 74
59, 74
60, 75
61, 76
60, 75
60, 75
61, 76
62, 77
63, 78
64, 79
65, 80
65, 80
60, 75
59, 74
59, 74
60, 74
59, 73
59, 73
58, 72
58, 72
59, 73
60, 74
61, 74
62, 74
63, 74
63, 74
55, 74
56, 75
57, 76
58, 77
58, 78
58, 78
58, 78
63, 75
62, 74
61, 73
60, 72
59, 71
59, 71
59, 71
59, 71
59, 71
56, 66
57, 67
58, 68
59, 68
59, 68
59, 69
59, 70
59, 70
58, 69
57, 70
58, 70
58, 70
57, 71
56, 72
56, 71
56, 71
55, 72
56, 73
56, 73
56, 74
56, 74
55, 75
55, 75
41, 78
42, 78
43, 78
44, 78
45, 78
45, 77
45, 77
46, 78
47, 78
48, 78
49, 78
49, 78
54, 79
55, 80
56, 81
57, 81
58, 81
59, 81
60, 81
61, 81
62, 81
62, 81
57, 70
56, 71
56, 72
56, 73
56, 74
55, 73
55, 73
56, 74
56, 75
56, 75
58, 75
58, 75
59, 76
60, 77
61, 78
62, 79
62, 79
62, 80
62, 81
62, 82
62, 83
62, 84
62, 84
61, 80
60, 79
59, 78
58, 77
59, 78
59, 78
58, 77
58, 77
68, 80
68, 80
67, 81
67, 81
68, 80
69, 80
69, 80
70, 79
70, 79
57, 75
57, 75
58, 76
59, 77
60, 78
60, 77
60, 77
61, 76
61, 76
62, 77
63, 78
63, 78
63, 79
63, 79
56, 74
56, 74
57, 75
58, 76
58, 77
59, 76
59, 76
59, 76
50, 79
51, 80
52, 81
51, 82
51, 82
52, 82
53, 82
54, 82
54, 82
68, 78
67, 78
66, 77
66, 77
65, 78
64, 78
64, 78
58, 55
60, 57
61, 58
62, 59
63, 60
63, 61
63, 62
63, 63
63, 64
63, 65
63, 66
63, 67
63, 68
63, 68
55, 81
55, 81
56, 82
56, 82
57, 81
58, 80
58, 81
58, 81
58, 80
58, 80
59, 79
59, 79
58, 77
58, 77
57, 78
56, 79
56, 78
56, 78
57, 78
57, 78
56, 79
55, 80
54, 80
53, 80
54, 79
54, 79
54, 79
66, 72
65, 73
64, 74
63, 75
62, 76
61, 77
61, 77
64, 84
63, 83
62, 82
61, 81
60, 80
60, 80
64, 81
63, 80
63, 80
62, 81
61, 82
60, 83
60, 83
60, 83
63, 69
63, 69
62, 69
62, 69
63, 70
64, 71
65, 72
65, 72
62, 75
62, 76
61, 77
61, 77
62, 78
62, 79
62, 80
62, 81
62, 82
62, 83
62, 83
58, 72
57, 73
56, 74
55, 75
54, 76
53, 77
54, 76
54, 76
54, 76
58, 71
59, 72
59, 72
58, 73
57, 74
56, 74
56, 74
57, 75
57, 75
57, 75
57, 75
57, 75
62, 67
63, 68
64, 69
65, 70
65, 71
65, 71
66, 72
66, 73
66, 74
67, 74
67, 74
67, 74
60, 65
59, 66
58, 67
58, 68
58, 69
58, 69
55, 76
54, 77
54, 76
54, 76
53, 77
53, 77
53, 78
53, 78
53, 73
54, 72
54, 72
55, 73
56, 74
56, 74
55, 75
55, 75
55, 75
63, 76
62, 75
61, 75
60, 75
59, 75
59, 75
57, 81
58, 81
58, 81
58, 81
58, 81
58, 81
58, 81
58, 81
58, 81
57, 82
57, 82
57, 82
55, 75
55, 76
55, 76
56, 77
57, 78
57, 78
58, 79
58, 79
57, 77
58, 76
58, 76
58, 77
58, 77
57, 77
57, 78
57, 78
56, 77
56, 77
57, 76
57, 76
57, 76
59, 81
58, 82
58, 83
58, 83
57, 84
56, 84
56, 84
55, 85
54, 86
54, 86
69, 78
68, 77
67, 76
66, 77
66, 77
65, 76
64, 75
64, 76
64, 76
64, 76
58, 81
59, 80
60, 79
60, 78
60, 77
60, 77
61, 82
60, 81
59, 80
58, 79
58, 80
58, 80
57, 79
56, 78
55, 77
55, 76
55, 76
55, 78
55, 77
55, 76
55, 75
55, 74
55, 74
55, 73
55, 72
55, 71
55, 71
54, 77
53, 77
53, 77
54, 76
55, 75
56, 75
57, 75
58, 75
59, 75
59, 75
60, 75
61, 75
61, 75
60, 80
60, 81
60, 82
60, 83
60, 84
59, 84
59, 84
59, 84
59, 82
58, 81
57, 80
57, 80
57, 80
57, 80
56, 80
56, 80
57, 80
57, 80
55, 83
56, 84
57, 85
57, 86
57, 87
57, 87
57, 87
57, 87
57, 87
63, 79
63, 80
63, 81
63, 80
63, 80
63, 81
63, 82
63, 83
63, 83
56, 75
56, 75
57, 75
56, 76
56, 76
57, 75
57, 75
58, 75
59, 75
60, 74
60, 74
60, 74
60, 76
61, 77
62, 78
63, 79
64, 79
64, 79
65, 80
65, 81
65, 81
62, 76
63, 75
62, 74
62, 74
63, 74
64, 74
65, 74
65, 74
63, 69
63, 69
62, 70
61, 69
61, 69
60, 70
59, 71
58, 72
57, 73
57, 74
57, 75
57, 75
53, 75
52, 74
52, 74
52, 74
52, 74
52, 74
52, 74
52, 73
52, 73
52, 74
52, 74
66, 75
65, 76
66, 76
66, 76
65, 77
64, 78
63, 78
63, 78
62, 79
62, 79
64, 73
63, 74
62, 75
62, 74
62, 74
61, 75
61, 75
61, 85
60, 85
59, 85
59, 85
59, 85
59, 85
60, 85
60, 85
59, 85
59, 85
59, 85
58, 77
59, 76
59, 76
58, 77
57, 77
56, 77
55, 77
55, 77
64, 78
65, 77
65, 76
66, 75
66, 75
66, 74
66, 74
66, 74
57, 68
57, 68
58, 69
59, 70
59, 69
59, 69
60, 68
60, 68
60, 68
56, 76
55, 77
54, 78
54, 79
54, 79
54, 80
54, 80
58, 78
59, 77
59, 77
60, 76
60, 76
59, 75
58, 74
58, 73
58, 72
58, 71
58, 71
58, 71
58, 71
57, 74
57, 74
57, 74
57, 74
58, 75
58, 75
57, 74
57, 74
57, 73
57, 73
57, 73
58, 81
59, 82
60, 83
61, 82
61, 82
62, 83
63, 84
64, 85
64, 85
56, 78
57, 79
58, 80
58, 81
58, 82
58, 82
59, 81
59, 81
59, 81
61, 78
62, 79
63, 80
64, 81
65, 82
66, 83
67, 84
68, 85
68, 85
62, 80
62, 80
61, 79
60, 78
59, 77
58, 77
57, 77
56, 77
56, 77
56, 77
57, 76
57, 76
58, 77
59, 78
60, 79
60, 79
66, 73
66, 73
67, 73
68, 73
68, 73
68, 74
68, 74
67, 73
67, 73
67, 73
67, 73
67, 73
59, 71
59, 71
58, 70
57, 70
56, 70
55, 70
54, 70
55, 70
55, 70
55, 70
62, 74
62, 75
62, 75
62, 76
62, 76
62, 75
62, 75
63, 74
64, 73
65, 72
65, 72
56, 77
56, 77
55, 78
55, 77
55, 77
54, 78
54, 79
54, 79
53, 80
53, 80
54, 79
54, 79
54, 79
59, 69
58, 70
57, 71
56, 72
55, 73
54, 74
54, 75
54, 76
54, 77
54, 78
54, 78
61, 74
61, 74
60, 75
59, 76
58, 77
57, 78
56, 79
56, 79
64, 75
63, 76
62, 77
61, 78
60, 79
59, 80
58, 81
57, 82
56, 82
56, 82
57, 83
57, 83
57, 83
63, 77
62, 78
62, 79
62, 80
62, 81
62, 81
62, 81
54, 70
53, 70
52, 70
51, 70
50, 70
50, 70
55, 87
56, 87
57, 87
58, 87
59, 87
58, 87
58, 87
59, 87
59, 86
59, 86
59, 86
58, 86
59, 85
59, 86
59, 86
60, 85
60, 84
60, 83
60, 82
59, 83
59, 83
60, 82
60, 82
53, 75
54, 75
55, 75
56, 75
57, 75
58, 75
59, 75
60, 75
59, 76
59, 76
60, 75
60, 75
58, 84
57, 84
56, 84
55, 84
56, 84
56, 84
55, 84
54, 84
53, 84
52, 84
52, 84
64, 82
65, 81
66, 80
65, 81
65, 81
66, 80
67, 79
67, 79
55, 81
56, 82
57, 82
58, 82
59, 82
60, 83
60, 83
61, 82
62, 82
63, 82
63, 82
58, 84
58, 84
59, 83
60, 82
61, 81
60, 81
60, 81
61, 80
62, 79
63, 78
63, 77
63, 76
63, 76
61, 73
62, 73
63, 73
64, 73
65, 73
65, 73
65, 80
65, 80
64, 79
63, 78
63, 78
64, 78
63, 78
63, 78
64, 78
64, 78
64, 78
64, 78
64, 78
66, 74
65, 75
64, 76
63, 77
62, 77
62, 77
61, 78
60, 78
60, 78
61, 77
61, 77
60, 76
60, 76
60, 76
60, 85
61, 84
60, 85
60, 85
61, 84
62, 83
63, 82
64, 82
64, 82
55, 78
55, 78
56, 77
57, 77
57, 77
58, 76
57, 76
57, 76
58, 75
59, 74
60, 74
61, 74
61, 74
65, 84
66, 83
67, 82
68, 81
68, 81
68, 80
68, 80
55, 80
56, 81
57, 81
58, 80
58, 80
58, 79
58, 79
58, 80
58, 81
58, 81
64, 75
65, 74
65, 73
65, 73
65, 73
65, 73
65, 73
65, 73
65, 73
57, 76
57, 76
58, 77
57, 76
57, 76
58, 77
57, 78
57, 78
57, 77
57, 77
58, 78
59, 79
59, 79
56, 71
57, 72
58, 73
58, 74
58, 74
59, 75
60, 75
61, 75
62, 75
62, 75
66, 80
66, 80
65, 81
64, 82
63, 83
63, 83
62, 84
61, 85
61, 85
55, 78
56, 78
56, 78
55, 77
54, 76
53, 75
52, 74
51, 73
51, 73
50, 73
50, 73
51, 74
51, 74
51, 74
66, 72
66, 72
67, 73
66, 72
66, 72
67, 73
68, 74
69, 75
69, 76
69, 77
69, 77
60, 82
59, 83
59, 83
60, 84
59, 85
59, 85
60, 85
61, 85
62, 85
62, 85
61, 81
61, 81
62, 82
63, 83
64, 82
64, 82
65, 83
65, 84
65, 85
65, 86
65, 86
64, 71
63, 71
63, 71
62, 71
63, 70
63, 70
62, 71
62, 71
62, 71
62, 71
64, 81
64, 81
63, 80
62, 79
61, 79
61, 79
61, 79
61, 79
61, 79
61, 79
61, 78
61, 78
61, 78
56, 82
55, 81
54, 81
55, 80
55, 80
54, 81
53, 81
52, 81
51, 82
51, 82
52, 81
52, 81
52, 81
61, 80
62, 81
62, 82
62, 82
62, 81
62, 81
63, 82
64, 82
64, 82
65, 83
65, 83
66, 84
67, 85
68, 86
68, 86
59, 76
60, 76
60, 76
59, 77
58, 78
57, 79
56, 80
56, 80
51, 71
52, 72
51, 73
51, 73
52, 74
53, 75
53, 75
53, 75
53, 83
54, 82
54, 81
54, 80
54, 80
54, 79
54, 78
54, 78
65, 79
66, 80
67, 81
68, 82
69, 83
69, 83
69, 83
62, 82
62, 83
61, 83
61, 83
62, 84
62, 85
62, 84
62, 84
62, 85
62, 86
62, 87
62, 87
67, 85
66, 85
65, 85
64, 85
63, 85
64, 86
64, 86
63, 86
63, 86
62, 85
61, 85
60, 85
60, 85
56, 74
55, 73
55, 73
56, 72
56, 72
55, 73
54, 74
53, 75
53, 75
59, 82
58, 82
59, 83
60, 84
60, 83
59, 83
60, 83
61, 83
60, 84
59, 85
59, 85
59, 80
60, 81
59, 81
60, 80
61, 79
62, 79
63, 79
63, 80
64, 80
64, 80
62, 86
63, 85
64, 84
64, 85
65, 86
64, 86
63, 86
63, 86
56, 81
56, 80
55, 80
55, 79
54, 78
54, 79
54, 78
53, 78
53, 77
52, 78
52, 78
67, 86
68, 86
69, 87
68, 87
69, 88
68, 87
67, 88
68, 89
69, 90
70, 90
70, 90
52, 76
52, 75
53, 76
53, 77
52, 77
52, 77
61, 72
61, 71
61, 70
61, 69
60, 69
61, 69
60, 70
61, 70
62, 71
62, 72
62, 72
61, 77
62, 78
61, 77
62, 77
61, 77
60, 78
61, 79
62, 78
62, 78
68, 76
67, 75
68, 75
69, 74
68, 75
67, 76
68, 75
68, 75
51, 81
51, 80
50, 79
51, 78
51, 77
50, 77
49, 78
50, 79
49, 78
48, 77
48, 77
70, 82
69, 82
69, 83
69, 82
70, 82
69, 83
70, 84
71, 83
70, 83
70, 84
70, 84
60, 86
60, 87
59, 87
58, 86
58, 87
59, 88
58, 87
58, 87
69, 79
70, 78
71, 77
70, 78
71, 79
70, 79
70, 78
70, 78
64, 83
63, 84
63, 83
64, 83
64, 84
64, 83
65, 83
65, 83
61, 84
62, 84
63, 83
62, 82
61, 81
61, 82
61, 81
62, 80
62, 79
63, 79
63, 79
52, 76
52, 75
51, 75
52, 74
51, 74
51, 75
52, 74
51, 73
51, 72
50, 73
50, 73
63, 86
64, 85
63, 84
62, 85
61, 86
60, 87
60, 88
59, 89
60, 88
61, 89
61, 89
62, 77
61, 77
62, 77
61, 77
61, 78
61, 79
62, 79
62, 80
62, 80
52, 73
51, 74
50, 73
49, 74
50, 74
49, 73
48, 73
48, 74
49, 73
49, 73
60, 73
61, 72
61, 73
60, 72
60, 71
61, 71
60, 72
59, 71
59, 71
65, 85
65, 84
65, 85
66, 84
66, 83
65, 84
65, 83
65, 83
62, 74
61, 75
62, 74
61, 73
60, 73
60, 73
55, 79
56, 78
56, 77
55, 77
54, 77
54, 77
66, 74
66, 73
66, 74
65, 73
64, 74
63, 75
63, 74
62, 75
61, 76
61, 77
61, 77
61, 71
62, 72
63, 71
63, 72
64, 72
64, 72
53, 77
54, 77
54, 78
53, 78
52, 78
53, 79
54, 78
55, 78
55, 78
62, 89
63, 90
63, 89
62, 88
63, 88
62, 87
63, 86
63, 86
49, 72
48, 71
48, 72
47, 71
47, 70
46, 71
47, 71
48, 72
48, 73
48, 73
70, 83
69, 82
69, 81
69, 82
69, 83
69, 84
70, 85
71, 86
70, 85
70, 85
71, 89
71, 88
70, 87
70, 86
71, 85
70, 85
71, 86
72, 87
72, 87
61, 72
61, 73
62, 74
61, 75
61, 76
61, 76
67, 76
66, 76
65, 75
66, 74
67, 74
66, 74
67, 75
66, 74
66, 74
65, 82
66, 83
66, 82
66, 81
66, 80
67, 79
67, 78
67, 79
67, 78
66, 79
66, 79
63, 80
62, 79
61, 80
60, 80
59, 79
59, 79
51, 78
51, 79
52, 78
51, 78
50, 79
51, 78
52, 78
52, 78
70, 77
70, 76
71, 77
70, 77
69, 78
70, 79
71, 80
71, 79
71, 80
72, 79
72, 79
51, 76
51, 77
52, 76
51, 76
52, 76
52, 75
51, 74
50, 75
51, 75
51, 76
51, 76
63, 79
62, 79
61, 79
60, 79
60, 80
60, 80
66, 84
67, 84
66, 83
67, 82
67, 83
66, 82
66, 82
58, 84
57, 84
58, 85
57, 86
58, 85
58, 85
63, 77
63, 78
62, 79
61, 78
60, 77
60, 78
59, 77
59, 77
57, 86
58, 86
59, 85
59, 84
60, 85
61, 85
60, 84
59, 84
59, 84
63, 85
64, 84
64, 85
65, 86
66, 87
66, 87
49, 73
50, 74
51, 74
52, 74
51, 73
50, 74
51, 73
52, 73
53, 74
53, 75
53, 75
49, 78
49, 77
49, 76
50, 75
49, 74
49, 73
48, 73
48, 72
49, 72
48, 73
48, 73
60, 78
61, 78
62, 79
62, 78
62, 79
63, 79
64, 78
64, 78
60, 72
60, 73
59, 74
60, 74
59, 73
59, 73
64, 80
64, 79
63, 79
63, 80
64, 81
65, 80
65, 80
51, 76
51, 76
52, 75
53, 74
54, 73
55, 72
56, 71
57, 71
57, 71
71, 86
70, 85
69, 84
68, 83
67, 82
66, 81
66, 81
65, 80
64, 79
64, 79
63, 71
62, 70
62, 70
61, 69
61, 69
61, 69
61, 69
59, 79
58, 78
57, 77
56, 76
55, 75
55, 75
55, 75
54, 77
53, 76
52, 75
51, 74
50, 73
50, 73
60, 75
59, 74
58, 73
57, 72
56, 71
55, 70
55, 70
54, 69
54, 69
52, 74
51, 73
50, 72
50, 72
49, 71
48, 70
47, 69
47, 69
59, 79
58, 78
57, 77
57, 77
57, 77
57, 77
57, 77
57, 76
57, 75
57, 74
57, 74
58, 76
57, 75
56, 74
55, 73
54, 72
53, 71
52, 70
51, 69
51, 69
59, 84
60, 83
60, 83
61, 82
62, 81
63, 80
63, 80
66, 74
65, 73
64, 72
64, 72
63, 71
62, 70
62, 70
61, 69
60, 68
60, 68
62, 85
62, 85
62, 85
61, 84
61, 84
61, 84
69, 84
69, 84
69, 84
68, 83
67, 82
66, 81
65, 80
65, 80
65, 78
64, 78
63, 78
62, 78
61, 78
60, 78
59, 78
58, 78
57, 78
56, 78
56, 78
48, 73
47, 74
47, 74
46, 74
45, 74
44, 74
43, 74
42, 74
41, 74
40, 74
40, 74
71, 78
70, 77
70, 77
69, 76
68, 75
68, 75
51, 77
51, 77
50, 76
49, 75
48, 74
47, 73
46, 72
45, 71
45, 71
45, 71
59, 84
59, 83
59, 82
59, 81
59, 80
59, 79
59, 79
65, 81
64, 80
63, 79
63, 79
62, 78
61, 77
61, 77
61, 77
64, 79
63, 78
62, 77
61, 76
60, 75
59, 74
58, 73
58, 73
65, 86
64, 85
63, 84
62, 83
61, 82
60, 81
59, 80
58, 79
58, 79
59, 73
58, 72
57, 71
56, 70
55, 69
55, 69
47, 72
46, 71
45, 70
44, 69
44, 69
44, 69
44, 69
64, 78
63, 77
62, 76
62, 76
61, 75
60, 74
59, 73
58, 72
58, 72
39, 73
38, 72
38, 72
38, 72
38, 72
38, 72
37, 71
36, 71
35, 71
34, 71
34, 71
56, 73
55, 72
54, 71
54, 71
53, 70
53, 70
58, 72
59, 72
60, 72
61, 72
62, 72
63, 72
64, 72
65, 72
66, 72
67, 72
67, 72
57, 78
57, 78
56, 77
55, 76
55, 76
55, 76
57, 71
56, 70
56, 70
55, 69
54, 68
54, 68
53, 67
53, 67
52, 66
52, 66
55, 75
56, 74
57, 73
58, 72
59, 71
60, 70
61, 69
61, 69
60, 80
61, 81
62, 82
63, 83
64, 84
64, 84
64, 84
55, 77
54, 76
53, 75
52, 74
52, 74
52, 74
52, 74
52, 74
63, 78
62, 77
61, 76
61, 76
61, 76
60, 75
60, 75
60, 68
59, 67
58, 66
58, 66
57, 65
56, 64
56, 64
55, 63
54, 62
54, 62
46, 70
47, 69
48, 68
49, 67
49, 67
50, 66
51, 65
51, 65
59, 67
58, 66
57, 65
56, 64
55, 63
55, 63
54, 62
54, 62
66, 81
67, 82
67, 82
67, 83
67, 84
67, 85
67, 86
67, 87
67, 87
47, 68
47, 67
47, 66
47, 65
47, 64
47, 63
47, 63
60, 83
59, 82
58, 81
58, 81
57, 80
56, 79
55, 78
55, 78
55, 78
53, 70
52, 70
51, 70
50, 70
49, 70
48, 70
47, 70
47, 70
57, 72
56, 71
56, 71
55, 70
54, 69
54, 69
67, 74
66, 73
66, 73
66, 73
65, 73
65, 73
64, 73
64, 73
64, 73
52, 68
53, 67
53, 67
54, 66
55, 65
56, 64
57, 63
58, 62
58, 61
58, 61
60, 76
59, 75
58, 74
57, 73
56, 72
56, 72
62, 79
61, 78
60, 77
59, 76
58, 75
58, 75
43, 68
42, 67
41, 66
40, 65
40, 65
40, 65
39, 64
38, 63
38, 63
54, 68
53, 67
52, 66
51, 65
50, 64
50, 62
50, 61
50, 60
50, 59
50, 58
50, 57
50, 56
49, 55
49, 55
50, 73
49, 72
48, 71
47, 70
47, 68
48, 67
49, 66
50, 65
50, 64
50, 63
50, 62
50, 61
50, 61
51, 73
51, 72
51, 71
51, 70
51, 70
51, 70
55, 76
54, 75
53, 74
53, 74
52, 73
52, 73
67, 87
67, 87
66, 86
65, 85
65, 85
65, 85
57, 74
56, 73
55, 72
55, 72
54, 71
54, 71
57, 60
57, 60
56, 59
55, 58
55, 58
55, 58
54, 57
53, 56
53, 56
54, 62
54, 62
55, 61
56, 60
56, 59
56, 58
56, 57
56, 56
56, 56
62, 70
63, 71
64, 72
65, 73
66, 74
66, 74
67, 75
68, 76
68, 76
52, 69
51, 68
50, 67
50, 67
49, 66
48, 65
47, 64
46, 64
46, 64
50, 54
50, 53
50, 53
50, 53
50, 52
50, 51
50, 51
50, 51
59, 74
58, 73
58, 73
57, 72
56, 71
55, 70
54, 69
53, 68
53, 67
53, 66
53, 66
52, 66
52, 66
52, 66
52, 66
53, 67
53, 68
53, 69
53, 70
53, 70
47, 68
48, 67
49, 66
50, 65
50, 64
50, 63
50, 62
49, 61
49, 61
48, 60
48, 60
47, 59
47, 57
48, 56
49, 55
50, 54
50, 53
50, 52
50, 51
49, 50
48, 49
48, 49
49, 60
48, 59
47, 58
47, 58
46, 57
46, 56
46, 55
46, 54
46, 53
46, 52
46, 52
49, 61
50, 60
50, 59
50, 58
50, 57
49, 56
49, 56
49, 55
49, 54
49, 53
49, 52
49, 52
49, 51
49, 50
49, 50
35, 72
35, 73
35, 74
35, 74
35, 75
35, 76
35, 77
35, 77
35, 77
53, 68
53, 68
52, 67
52, 66
52, 66
52, 65
52, 64
52, 64
52, 64
63, 72
63, 72
62, 72
61, 72
60, 72
59, 72
58, 72
58, 72
57, 71
57, 71
58, 70
59, 69
60, 68
60, 68
60, 68
61, 67
61, 66
61, 66
38, 63
38, 63
39, 62
40, 61
40, 61
41, 60
42, 59
44, 57
45, 56
46, 55
47, 54
48, 53
49, 52
50, 51
51, 50
51, 50
51, 67
50, 68
50, 68
49, 69
48, 70
47, 71
46, 72
45, 73
45, 73
67, 72
66, 71
65, 70
64, 69
63, 68
62, 67
61, 66
60, 65
59, 64
58, 63
58, 63
53, 63
52, 64
52, 64
51, 65
50, 66
49, 67
48, 68
47, 69
46, 70
45, 70
45, 70
54, 77
53, 76
52, 75
51, 74
50, 74
49, 74
49, 74
63, 85
63, 85
62, 85
61, 85
60, 85
59, 85
59, 85
58, 85
57, 85
57, 85
57, 85
36, 76
37, 76
37, 76
38, 76
38, 76
39, 76
40, 76
41, 76
42, 76
43, 76
43, 76
59, 62
60, 61
61, 60
62, 59
63, 58
63, 58
55, 55
54, 54
54, 54
53, 53
52, 52
51, 51
51, 51
49, 49
49, 49
49, 49
49, 48
49, 47
49, 46
49, 46
52, 69
52, 69
52, 69
51, 68
50, 67
50, 67
44, 72
43, 71
42, 70
41, 69
40, 68
40, 68
40, 68
39, 67
39, 67
39, 67
39, 67
48, 49
49, 50
50, 51
50, 51
51, 52
52, 53
52, 53
53, 54
54, 55
54, 55
52, 73
51, 72
50, 71
49, 70
48, 69
47, 68
47, 68
50, 49
49, 48
48, 47
47, 46
46, 45
45, 44
44, 43
44, 43
43, 42
42, 41
42, 41
60, 67
59, 68
59, 68
59, 69
59, 70
59, 71
59, 72
59, 72
56, 84
56, 83
56, 82
56, 81
56, 80
56, 80
50, 69
49, 68
48, 67
47, 66
46, 65
45, 64
44, 63
44, 61
45, 60
46, 59
47, 58
48, 57
49, 56
50, 55
50, 55
51, 65
50, 66
49, 67
48, 68
47, 69
46, 70
45, 71
44, 72
43, 73
43, 74
43, 74
50, 73
51, 72
52, 71
53, 70
54, 69
54, 69
45, 51
45, 51
44, 50
44, 50
43, 49
42, 48
42, 48
45, 65
44, 66
43, 67
42, 68
41, 69
40, 70
39, 70
38, 70
38, 70
44, 71
43, 72
42, 73
41, 74
40, 75
40, 75
39, 76
39, 76
54, 70
54, 69
54, 68
54, 67
54, 66
54, 65
54, 65
54, 64
54, 64
57, 71
56, 70
55, 69
54, 68
53, 67
52, 66
51, 65
51, 65
50, 64
50, 64
52, 65
51, 64
50, 64
50, 64
49, 64
49, 64
52, 55
51, 54
50, 53
49, 52
48, 51
47, 50
47, 50
65, 85
64, 84
63, 83
62, 82
61, 81
61, 81
61, 81
67, 75
66, 74
66, 74
65, 73
64, 72
63, 71
62, 70
61, 69
61, 69
49, 52
48, 53
47, 54
46, 55
46, 55
47, 54
48, 53
49, 52
50, 51
49, 52
49, 52
49, 52
49, 52
50, 51
50, 50
50, 50
50, 49
50, 48
50, 47
50, 46
50, 45
50, 44
50, 44
44, 77
45, 78
46, 79
47, 80
48, 81
49, 82
49, 82
46, 51
46, 51
45, 52
44, 53
43, 54
42, 55
42, 55
63, 58
62, 57
61, 56
59, 54
58, 53
57, 52
56, 51
55, 50
54, 49
54, 49
53, 48
53, 48
52, 47
51, 46
51, 46
54, 55
54, 54
54, 53
53, 51
52, 50
51, 50
50, 50
50, 50
50, 50
51, 49
52, 48
53, 47
53, 47
53, 47
50, 67
51, 68
52, 68
52, 68
53, 68
53, 68
54, 68
54, 68
54, 68
41, 42
41, 42
41, 44
42, 45
43, 46
44, 47
45, 48
44, 47
43, 46
43, 46
44, 47
45, 48
46, 49
47, 50
46, 49
45, 48
44, 47
43, 46
43, 46
50, 64
50, 64
49, 65
48, 65
47, 65
46, 65
45, 65
44, 65
43, 65
42, 65
42, 65
48, 69
49, 70
50, 71
51, 72
52, 73
53, 74
53, 74
54, 75
55, 76
56, 77
56, 77
42, 48
41, 49
40, 50
39, 51
38, 52
37, 53
36, 53
36, 53
60, 80
59, 79
59, 79
58, 78
57, 77
56, 76
55, 75
55, 75
55, 68
56, 67
57, 66
58, 65
59, 64
59, 64
59, 64
59, 64
59, 64
50, 52
49, 53
49, 53
48, 54
47, 55
46, 56
46, 56
47, 55
48, 54
49, 53
50, 52
50, 51
50, 50
50, 50
50, 50
50, 50
49, 51
48, 52
48, 52
39, 67
40, 68
40, 68
40, 68
41, 69
42, 70
42, 70
42, 70
43, 71
44, 72
44, 72
37, 69
36, 68
35, 67
35, 67
34, 66
33, 65
33, 65
49, 46
48, 47
48, 47
47, 48
46, 49
46, 49
46, 49
51, 56
52, 57
52, 57
53, 58
54, 59
55, 60
56, 61
57, 62
58, 63
59, 64
59, 64
53, 63
52, 62
51, 61
51, 61
50, 60
50, 60
49, 59
49, 59
58, 73
57, 74
57, 75
57, 76
57, 77
57, 78
57, 78
39, 76
40, 75
41, 74
42, 73
43, 72
43, 72
44, 71
45, 70
47, 68
48, 67
49, 66
50, 65
50, 64
50, 63
51, 62
51, 62
44, 73
44, 73
45, 72
46, 71
47, 70
48, 69
49, 68
50, 67
51, 66
51, 66
60, 70
60, 70
59, 71
58, 72
57, 73
56, 74
55, 75
54, 76
53, 77
53, 77
53, 77
56, 80
55, 79
54, 78
53, 77
52, 76
51, 75
50, 74
50, 74
49, 64
49, 64
48, 63
48, 61
49, 60
50, 59
50, 58
50, 57
50, 56
50, 55
49, 54
48, 53
48, 53
48, 53
43, 56
45, 56
46, 55
47, 54
48, 53
49, 52
50, 53
51, 54
51, 54
52, 55
52, 55
45, 71
46, 70
47, 69
48, 68
49, 68
50, 68
50, 68
51, 68
51, 68
53, 67
53, 67
52, 66
51, 65
51, 65
50, 64
50, 64
50, 62
50, 61
50, 60
50, 59
50, 58
50, 57
50, 56
50, 55
50, 55
34, 64
34, 64
35, 63
35, 63
35, 63
35, 63
36, 62
37, 61
38, 60
39, 59
39, 59
49, 54
50, 55
51, 56
51, 56
52, 57
53, 58
53, 58
54, 59
55, 60
56, 61
56, 61
50, 61
49, 60
48, 59
48, 59
47, 58
46, 57
46, 57
58, 63
58, 63
57, 62
56, 61
55, 60
54, 59
53, 58
53, 58
57, 77
57, 76
57, 75
57, 74
57, 73
57, 72
57, 71
57, 70
57, 70
52, 48
52, 48
52, 48
51, 49
50, 50
50, 50
47, 48
47, 48
48, 47
49, 46
50, 45
51, 44
52, 43
52, 43
53, 43
53, 43
53, 43
51, 45
52, 46
53, 47
54, 48
54, 49
54, 50
54, 51
53, 51
52, 50
51, 50
50, 50
50, 50
50, 50
50, 50
50, 50
51, 51
51, 51
52, 65
52, 64
52, 63
52, 62
52, 62
52, 61
52, 61
50, 60
50, 60
51, 61
52, 62
53, 63
53, 63
58, 63
57, 62
56, 61
56, 61
56, 60
56, 59
56, 58
56, 58
56, 58
56, 58
49, 73
48, 72
47, 71
46, 70
46, 70
46, 70
45, 69
45, 69
43, 46
44, 47
45, 48
46, 49
47, 50
48, 50
49, 50
50, 50
49, 49
48, 48
47, 47
46, 46
46, 46
45, 45
44, 44
43, 43
43, 43
54, 74
53, 73
52, 72
51, 71
50, 70
49, 69
48, 68
48, 68
47, 67
46, 66
46, 66
49, 53
50, 54
51, 55
51, 55
52, 56
53, 57
54, 58
55, 59
56, 60
57, 61
57, 61
49, 82
48, 81
48, 81
47, 80
46, 79
45, 78
44, 77
43, 76
42, 75
42, 75
36, 53
35, 52
35, 52
34, 51
33, 50
32, 49
31, 48
30, 47
29, 46
28, 45
28, 45
57, 78
58, 79
59, 80
60, 81
61, 82
62, 83
63, 84
63, 85
63, 85
63, 85
43, 64
43, 64
44, 63
45, 62
47, 60
48, 59
49, 58
50, 57
50, 56
50, 55
50, 54
50, 53
50, 52
51, 51
51, 51
54, 76
55, 75
56, 74
57, 73
58, 72
58, 72
50, 47
49, 48
48, 49
48, 49
48, 49
47, 50
46, 51
46, 51
46, 51
59, 73
60, 74
61, 75
61, 75
62, 76
62, 76
62, 76
28, 45
29, 46
29, 46
30, 47
31, 48
32, 49
33, 50
34, 51
35, 52
35, 52
53, 56
54, 57
54, 58
54, 59
54, 60
54, 60
54, 61
54, 61
54, 62
54, 62
54, 62
46, 51
47, 52
47, 52
48, 53
49, 54
49, 54
50, 50
49, 49
49, 49
49, 49
48, 48
48, 48
52, 42
51, 41
50, 40
50, 39
50, 39
50, 38
50, 38
58, 62
58, 62
59, 63
60, 64
61, 65
62, 66
63, 67
63, 68
63, 68
50, 50
49, 51
48, 52
48, 52
47, 53
46, 54
46, 54
47, 53
48, 52
49, 51
50, 50
50, 50
50, 50
49, 51
49, 51
49, 51
52, 64
51, 65
50, 65
49, 65
48, 65
47, 65
46, 65
45, 65
44, 65
44, 65
44, 65
57, 59
58, 60
59, 61
60, 62
61, 63
62, 64
63, 65
63, 65
64, 66
64, 66
38, 60
37, 61
36, 62
35, 63
34, 64
33, 65
33, 65
33, 65
32, 65
32, 65
62, 84
61, 83
60, 82
59, 81
58, 80
57, 79
56, 78
55, 77
55, 77
56, 69
55, 68
55, 68
54, 67
53, 66
53, 66
52, 65
52, 65
52, 65
43, 43
44, 42
45, 41
45, 41
46, 40
47, 39
48, 38
49, 37
50, 36
50, 35
50, 35
42, 75
43, 74
44, 73
45, 72
46, 71
47, 70
48, 69
49, 68
50, 67
51, 66
51, 66
47, 56
48, 55
49, 54
50, 53
51, 52
51, 52
51, 62
50, 62
50, 61
50, 60
50, 59
50, 58
50, 57
50, 56
50, 55
50, 54
50, 53
49, 54
49, 54
48, 55
47, 56
47, 56
52, 59
51, 60
50, 61
50, 61
50, 60
50, 59
50, 58
50, 57
50, 56
50, 55
50, 54
49, 55
48, 56
47, 57
47, 57
48, 56
49, 55
50, 54
50, 53
50, 52
50, 51
49, 52
48, 53
48, 53
46, 68
47, 67
48, 66
49, 65
49, 65
49, 65
49, 65
50, 64
50, 64
55, 60
54, 59
53, 58
52, 57
51, 56
50, 55
49, 54
49, 54
49, 56
49, 56
48, 57
47, 58
47, 58
48, 57
49, 56
50, 55
50, 54
50, 53
49, 54
48, 55
47, 56
46, 57
46, 57
52, 52
53, 53
54, 54
55, 55
56, 56
56, 57
56, 58
56, 58
47, 67
48, 68
49, 69
49, 69
50, 70
51, 71
52, 72
52, 72
52, 69
53, 70
54, 71
55, 72
56, 73
57, 74
58, 75
58, 75
59, 76
59, 76
59, 76
48, 52
49, 52
49, 53
48, 52
47, 52
47, 52
51, 64
52, 63
51, 63
52, 63
52, 64
53, 65
53, 65
49, 50
50, 50
51, 49
50, 49
49, 50
50, 50
51, 50
51, 50
49, 39
50, 40
51, 41
52, 41
51, 42
50, 43
51, 43
50, 44
49, 44
48, 43
48, 43
58, 77
57, 76
56, 77
55, 77
56, 77
55, 78
56, 77
57, 76
57, 75
56, 74
56, 74
55, 57
55, 58
56, 58
55, 58
54, 57
54, 58
55, 57
55, 57
52, 73
53, 73
54, 74
53, 73
52, 72
51, 72
52, 71
53, 71
53, 71
65, 66
66, 67
66, 66
67, 65
66, 65
66, 66
66, 66
51, 67
52, 66
53, 65
53, 64
53, 63
54, 62
53, 62
54, 61
54, 61
45, 64
44, 64
43, 63
44, 64
45, 65
44, 64
44, 64
62, 75
62, 76
63, 76
64, 77
65, 78
64, 77
63, 76
64, 75
64, 76
64, 76
31, 65
32, 65
33, 66
34, 65
35, 64
35, 63
35, 62
35, 62
54, 63
55, 63
55, 64
54, 65
53, 64
54, 63
54, 63
64, 69
63, 70
63, 71
64, 71
63, 72
62, 73
62, 73
48, 55
49, 56
48, 56
47, 55
46, 55
46, 56
47, 55
46, 56
46, 55
46, 55
46, 55
47, 55
47, 54
47, 55
46, 56
46, 57
47, 58
47, 58
51, 51
50, 50
51, 51
51, 50
51, 51
51, 51
50, 36
51, 36
50, 36
51, 35
50, 35
51, 35
52, 34
53, 35
53, 34
53, 34
53, 66
52, 65
52, 64
53, 64
54, 64
54, 64
49, 55
48, 56
49, 56
50, 55
49, 55
50, 54
51, 53
50, 52
51, 52
50, 51
50, 51
54, 77
54, 78
55, 78
54, 79
53, 80
52, 81
53, 80
53, 80
47, 58
47, 57
46, 56
46, 57
47, 56
46, 55
47, 56
47, 57
48, 56
49, 55
49, 55
47, 47
48, 47
48, 46
49, 45
49, 46
49, 46
36, 51
37, 50
36, 49
36, 48
36, 49
37, 48
37, 48
51, 50
51, 51
51, 50
50, 51
49, 52
48, 51
49, 52
48, 53
47, 52
46, 53
46, 53
37, 47
36, 46
35, 46
36, 47
37, 47
38, 47
38, 47
55, 63
54, 62
55, 61
55, 60
54, 59
55, 60
54, 59
55, 58
56, 58
56, 58
48, 42
49, 41
48, 42
47, 43
46, 44
45, 45
46, 44
46, 43
46, 43
50, 46
49, 47
49, 48
49, 49
49, 48
48, 48
48, 48
44, 65
45, 65
45, 64
46, 65
45, 65
46, 64
46, 64
55, 75
56, 76
55, 77
54, 77
53, 77
53, 77
54, 65
53, 65
52, 66
51, 65
52, 64
52, 63
53, 62
53, 62
61, 72
62, 73
61, 74
61, 73
60, 74
61, 74
61, 74
46, 53
45, 54
45, 53
45, 54
44, 54
44, 53
43, 53
44, 53
44, 53
65, 76
66, 77
66, 76
66, 77
65, 77
65, 77
45, 54
46, 55
47, 54
46, 54
47, 54
46, 55
46, 54
46, 53
46, 52
45, 51
45, 51
48, 57
49, 56
49, 57
50, 56
49, 55
48, 56
48, 56
53, 63
54, 62
53, 63
53, 62
53, 61
53, 61
56, 58
56, 57
56, 56
55, 55
55, 54
54, 55
55, 55
56, 56
57, 55
58, 54
58, 54
53, 62
52, 61
51, 62
52, 62
53, 61
53, 61
52, 70
53, 70
53, 69
53, 70
54, 70
53, 71
54, 71
54, 70
54, 70
34, 62
35, 63
34, 62
33, 61
33, 62
33, 63
33, 64
34, 63
34, 63
67, 66
68, 67
68, 66
69, 66
68, 66
67, 67
68, 68
69, 67
68, 68
68, 67
68, 67
51, 51
50, 51
49, 52
48, 52
49, 53
48, 52
49, 51
48, 52
49, 52
49, 52
49, 54
48, 53
48, 54
49, 55
50, 54
51, 55
50, 56
50, 56
52, 33
51, 32
50, 31
50, 32
49, 32
48, 32
48, 33
48, 32
48, 32
50, 49
51, 48
50, 47
49, 47
48, 48
47, 49
46, 48
47, 48
48, 48
48, 48
52, 81
53, 80
54, 80
53, 81
52, 80
53, 81
54, 80
55, 81
55, 81
44, 52
45, 51
46, 50
47, 50
48, 51
48, 50
48, 50
57, 54
57, 55
58, 56
57, 55
58, 56
57, 57
57, 57
48, 55
49, 54
50, 53
51, 54
50, 54
51, 54
50, 54
51, 55
50, 56
50, 56
47, 44
48, 45
48, 44
49, 45
48, 45
49, 44
49, 44
52, 61
53, 62
54, 62
53, 61
54, 60
53, 61
53, 61
47, 65
47, 64
48, 63
47, 63
46, 63
45, 62
46, 63
45, 63
46, 63
46, 63
47, 49
47, 50
46, 50
46, 49
46, 50
45, 50
45, 50
54, 61
54, 62
53, 63
54, 63
54, 62
53, 61
53, 60
52, 60
53, 60
54, 61
54, 61
49, 55
50, 56
49, 57
48, 58
47, 59
47, 58
47, 58
49, 49
50, 49
51, 48
52, 49
51, 49
52, 49
51, 48
51, 48
55, 58
54, 57
53, 57
53, 58
52, 59
51, 60
51, 61
50, 61
50, 61
33, 62
32, 62
33, 62
33, 61
33, 60
32, 61
33, 61
34, 61
34, 61
50, 52
50, 53
51, 52
50, 51
49, 51
49, 50
49, 50
61, 73
61, 72
60, 73
59, 73
60, 72
60, 72
45, 53
46, 54
45, 53
44, 54
43, 54
43, 53
43, 52
44, 52
44, 51
44, 51
67, 66
67, 65
68, 66
67, 66
67, 67
66, 66
65, 66
66, 67
67, 67
67, 67
55, 71
55, 72
54, 72
55, 72
56, 73
55, 72
55, 73
54, 72
53, 72
53, 72
38, 46
37, 47
38, 47
38, 48
39, 47
40, 47
39, 48
38, 47
37, 47
36, 48
36, 48
52, 78
53, 78
54, 79
53, 79
54, 78
54, 79
53, 79
53, 79
47, 54
47, 55
48, 55
47, 56
47, 57
47, 58
48, 59
49, 60
49, 60
52, 60
53, 60
53, 61
52, 62
53, 63
52, 62
52, 63
51, 63
52, 62
52, 62
56, 82
57, 83
56, 84
55, 83
55, 84
56, 84
57, 84
57, 84
65, 76
66, 75
66, 74
65, 75
64, 75
64, 75
48, 31
49, 31
50, 31
51, 31
52, 31
52, 30
53, 30
53, 30
51, 47
50, 46
51, 45
52, 46
52, 45
53, 46
54, 47
53, 48
53, 48
56, 83
55, 82
56, 81
56, 82
55, 82
54, 83
55, 82
55, 82
64, 74
63, 75
62, 74
63, 75
64, 76
63, 76
62, 75
61, 76
61, 76
52, 30
53, 30
53, 31
53, 32
52, 31
51, 32
50, 32
50, 33
50, 33
53, 71
52, 71
52, 72
52, 73
51, 73
51, 73
43, 51
44, 50
44, 49
45, 48
45, 49
45, 50
45, 50
47, 49
46, 49
46, 50
47, 51
48, 50
47, 50
48, 49
48, 49
46, 64
47, 64
46, 64
47, 65
48, 66
48, 65
47, 65
47, 65
51, 62
51, 63
50, 64
49, 64
48, 65
49, 64
48, 64
48, 65
47, 65
47, 65
56, 58
55, 58
55, 57
54, 57
55, 56
55, 56
54, 61
53, 60
52, 60
52, 59
51, 59
51, 59
52, 79
53, 80
54, 80
54, 79
55, 80
54, 81
55, 81
54, 81
54, 80
55, 79
55, 79
53, 62
52, 61
51, 62
52, 63
53, 62
52, 62
52, 62
48, 60
49, 60
48, 59
47, 59
47, 58
47, 59
47, 59
46, 51
46, 50
45, 50
44, 51
43, 51
42, 51
41, 51
40, 50
40, 50
51, 61
50, 62
51, 62
50, 62
51, 62
52, 61
52, 61
50, 50
49, 49
48, 50
47, 49
48, 48
49, 49
49, 49
48, 43
47, 43
47, 42
48, 42
47, 43
46, 44
46, 45
46, 45
51, 56
50, 56
49, 55
48, 56
47, 55
47, 54
47, 54
61, 73
62, 74
63, 73
63, 72
64, 72
64, 73
64, 73
68, 66
67, 67
67, 66
66, 66
66, 67
67, 67
68, 66
68, 66
35, 48
34, 48
33, 48
33, 47
32, 46
31, 46
31, 47
32, 47
31, 47
31, 48
31, 48
47, 59
47, 58
47, 59
48, 58
47, 59
48, 58
48, 58
34, 60
34, 61
35, 61
36, 60
35, 60
35, 60
68, 67
68, 66
69, 66
68, 67
67, 68
67, 69
68, 70
67, 69
66, 70
66, 70
54, 57
54, 56
55, 55
56, 54
57, 54
58, 54
57, 54
56, 55
56, 54
56, 54
47, 59
48, 60
47, 59
47, 58
46, 57
47, 57
47, 56
47, 56
50, 50
51, 49
50, 48
51, 47
52, 46
53, 46
52, 47
51, 48
50, 47
51, 48
51, 48
64, 72
64, 73
64, 72
64, 71
64, 72
64, 72
34, 59
33, 58
32, 58
31, 57
31, 58
31, 59
31, 59
45, 45
46, 46
46, 47
47, 47
48, 47
47, 47
47, 47
51, 63
50, 62
51, 63
52, 64
51, 64
52, 63
52, 63
52, 74
53, 74
53, 73
52, 73
51, 74
50, 75
51, 75
52, 76
53, 75
54, 76
54, 76
48, 50
47, 51
46, 52
46, 51
47, 51
48, 51
49, 52
50, 51
49, 50
49, 50
48, 64
47, 65
48, 66
48, 67
48, 68
48, 67
49, 67
49, 68
49, 68
54, 83
55, 84
56, 85
57, 85
57, 86
57, 86
62, 76
61, 76
62, 75
63, 75
64, 76
64, 76
44, 51
43, 51
43, 52
43, 51
44, 51
44, 51
51, 60
51, 61
50, 62
51, 63
50, 64
49, 64
48, 65
48, 66
48, 66
31, 47
32, 46
33, 46
32, 46
33, 45
33, 45
55, 78
55, 79
54, 80
53, 81
54, 82
53, 81
52, 81
52, 81
40, 51
39, 51
39, 52
38, 51
39, 50
40, 50
39, 51
40, 50
41, 51
41, 51
48, 60
47, 59
47, 58
48, 59
48, 58
49, 59
49, 60
50, 61
50, 62
50, 62
52, 58
51, 58
52, 59
51, 59
52, 59
53, 60
52, 60
51, 61
52, 61
51, 61
51, 61
48, 65
48, 64
47, 65
48, 64
47, 63
47, 63
50, 34
51, 35
51, 36
50, 36
51, 35
52, 36
53, 36
54, 35
53, 34
52, 34
52, 34
52, 47
53, 47
53, 46
54, 47
54, 48
53, 48
53, 48
48, 55
49, 55
50, 56
51, 57
50, 56
50, 55
49, 56
49, 56
49, 51
50, 52
49, 52
49, 53
49, 54
49, 55
50, 54
51, 54
51, 54
50, 61
50, 62
49, 61
48, 60
49, 60
49, 61
50, 62
49, 61
49, 61
52, 49
53, 49
53, 48
52, 48
52, 47
51, 46
51, 45
51, 45
50, 56
49, 56
48, 57
47, 58
47, 59
47, 58
48, 59
47, 59
48, 60
48, 60
47, 55
47, 56
48, 57
48, 56
47, 55
48, 54
49, 55
49, 55
48, 67
49, 67
48, 66
49, 67
48, 68
49, 68
50, 67
49, 68
49, 67
49, 66
49, 66
65, 69
64, 68
64, 69
63, 68
62, 68
63, 68
64, 68
64, 68
56, 55
56, 54
55, 53
56, 53
55, 53
54, 54
54, 54
51, 63
51, 62
52, 61
51, 60
52, 61
51, 60
50, 60
50, 61
51, 61
51, 61
56, 85
56, 86
55, 86
55, 85
56, 85
57, 84
57, 83
56, 84
56, 84
30, 58
29, 59
29, 58
28, 57
29, 57
29, 57
48, 47
49, 47
49, 46
48, 47
48, 48
47, 47
47, 48
46, 47
46, 48
46, 48
65, 73
65, 72
64, 72
64, 73
63, 73
64, 74
64, 75
65, 75
65, 75
42, 50
41, 50
42, 49
43, 49
44, 48
44, 49
43, 49
44, 49
44, 48
43, 47
43, 47
33, 44
34, 43
33, 42
34, 43
33, 43
34, 42
34, 42
53, 33
53, 32
53, 31
53, 30
52, 30
52, 31
53, 32
53, 32
55, 75
55, 76
56, 77
55, 78
56, 79
56, 79
44, 50
44, 51
43, 50
44, 50
45, 50
46, 51
46, 50
47, 51
48, 50
48, 50
52, 47
53, 48
52, 49
53, 49
52, 49
51, 49
51, 49
51, 62
50, 61
51, 61
51, 62
50, 62
51, 62
50, 61
50, 60
50, 60
46, 64
45, 64
45, 65
45, 64
46, 64
46, 63
45, 63
45, 62
45, 62
63, 76
62, 77
62, 76
63, 76
64, 76
63, 76
64, 76
63, 77
62, 77
63, 78
63, 78
52, 82
51, 83
51, 82
51, 83
52, 84
52, 84
49, 67
50, 67
50, 66
49, 65
50, 66
49, 67
48, 67
49, 67
50, 68
51, 68
51, 68
51, 83
52, 83
53, 84
53, 85
52, 84
51, 85
50, 86
49, 86
48, 86
48, 86
28, 58
29, 57
28, 56
27, 55
26, 56
27, 57
27, 56
28, 57
28, 57
63, 67
63, 66
62, 67
61, 68
62, 67
62, 66
61, 66
61, 67
60, 66
60, 66
51, 59
52, 58
51, 58
52, 58
53, 59
52, 58
51, 58
50, 57
51, 57
51, 57
52, 44
51, 44
50, 43
49, 44
50, 43
49, 43
48, 44
47, 43
47, 43
62, 79
61, 79
61, 78
60, 78
61, 78
60, 79
59, 80
60, 80
61, 79
61, 79
50, 56
49, 57
48, 56
47, 56
46, 56
47, 57
47, 57
49, 67
48, 67
49, 68
48, 68
47, 67
48, 68
48, 68
51, 48
51, 47
50, 48
50, 49
51, 48
51, 48
53, 54
53, 53
53, 52
54, 53
55, 54
54, 54
54, 54
55, 79
56, 79
55, 80
55, 81
55, 82
55, 83
55, 83
34, 43
35, 44
36, 44
35, 44
36, 43
36, 44
36, 43
36, 43
50, 53
50, 54
51, 55
52, 54
53, 54
54, 54
55, 55
55, 56
55, 56
49, 51
48, 50
48, 49
47, 49
47, 48
47, 49
48, 50
49, 50
50, 50
50, 50
49, 59
48, 60
49, 60
50, 59
51, 59
52, 58
52, 59
52, 58
51, 59
51, 59
46, 47
46, 48
47, 48
46, 47
45, 47
46, 46
46, 47
47, 46
46, 47
46, 46
46, 46
42, 48
42, 47
41, 48
42, 48
43, 48
43, 48
56, 85
57, 85
57, 84
58, 84
59, 84
58, 85
59, 84
59, 84
51, 62
50, 62
51, 62
50, 61
49, 60
48, 59
49, 59
48, 59
48, 60
49, 60
49, 60
46, 62
45, 62
46, 62
45, 62
46, 63
45, 64
46, 65
46, 64
45, 63
46, 64
46, 64
64, 75
63, 75
64, 76
63, 77
63, 78
64, 79
64, 80
63, 81
62, 82
61, 81
61, 81
51, 67
52, 67
51, 68
52, 68
51, 67
51, 66
51, 66
52, 32
51, 32
52, 31
53, 32
54, 32
54, 33
54, 33
48, 60
48, 59
48, 60
49, 61
49, 60
50, 59
50, 60
51, 61
51, 61
50, 61
50, 62
51, 62
51, 61
51, 62
50, 61
50, 61
50, 57
49, 56
49, 55
50, 54
49, 54
49, 55
48, 55
47, 54
46, 55
47, 56
47, 56
52, 59
53, 60
52, 60
52, 59
51, 58
51, 57
51, 57
62, 81
63, 82
62, 83
61, 84
60, 83
59, 83
60, 84
59, 85
59, 86
60, 87
60, 87
37, 43
36, 42
35, 42
34, 42
33, 41
33, 40
34, 41
33, 40
33, 39
32, 38
32, 38
59, 66
58, 65
57, 64
56, 63
57, 64
57, 65
58, 66
58, 65
59, 66
59, 66
47, 46
48, 46
47, 47
46, 48
45, 47
46, 48
46, 47
47, 46
47, 46
46, 57
47, 56
47, 57
47, 56
46, 56
46, 56
49, 51
48, 52
49, 51
50, 51
49, 50
49, 51
48, 50
47, 51
48, 52
49, 51
49, 51
43, 49
42, 49
41, 49
40, 48
41, 48
42, 49
43, 50
44, 50
44, 50
56, 83
57, 83
58, 84
58, 83
57, 82
57, 82
48, 85
49, 84
50, 83
49, 82
48, 82
48, 83
49, 82
48, 82
48, 83
48, 83
48, 44
49, 45
50, 46
49, 45
50, 45
50, 46
49, 45
48, 45
47, 44
47, 44
60, 85
59, 85
58, 84
58, 85
58, 84
57, 83
58, 84
58, 84
60, 80
60, 79
60, 80
60, 81
59, 82
58, 82
57, 81
58, 81
59, 80
58, 80
58, 80
51, 67
50, 68
51, 67
51, 66
52, 65
51, 66
51, 65
51, 65
52, 48
52, 49
51, 49
50, 48
51, 49
50, 48
49, 49
48, 49
48, 49
52, 60
53, 61
53, 62
52, 61
53, 60
53, 59
54, 58
54, 57
54, 56
54, 56
48, 69
48, 68
47, 68
47, 67
46, 67
45, 68
45, 67
46, 66
45, 65
45, 65
27, 56
28, 57
29, 56
30, 55
30, 54
30, 54
53, 33
52, 34
52, 33
52, 34
52, 33
51, 34
52, 34
52, 35
51, 34
51, 34
45, 64
44, 65
45, 64
44, 65
43, 64
42, 65
42, 64
42, 63
42, 63
55, 54
54, 53
53, 53
54, 53
53, 52
53, 51
54, 51
54, 51
54, 55
53, 55
54, 55
55, 56
56, 55
55, 56
56, 57
55, 58
55, 58
41, 64
41, 65
42, 64
41, 63
42, 64
43, 65
42, 65
42, 65
48, 84
47, 85
48, 85
49, 84
50, 83
51, 82
52, 83
51, 83
51, 83
51, 35
50, 34
50, 35
49, 35
49, 34
49, 34
51, 61
50, 61
51, 61
50, 60
50, 59
49, 60
50, 60
49, 59
49, 59
44, 51
44, 52
43, 53
43, 54
42, 53
42, 53
44, 66
45, 67
46, 67
46, 66
46, 67
46, 66
47, 67
46, 68
47, 69
47, 69
31, 55
32, 56
31, 56
32, 56
31, 57
32, 58
31, 57
32, 56
32, 56
59, 84
59, 85
60, 84
61, 84
61, 83
62, 83
61, 83
62, 83
61, 84
60, 85
60, 85
57, 83
56, 83
55, 82
55, 83
56, 82
57, 82
56, 82
56, 81
55, 82
55, 82
46, 43
47, 42
48, 43
48, 44
49, 43
50, 43
50, 42
50, 41
49, 40
48, 41
48, 41
53, 57
54, 58
54, 57
53, 57
52, 56
52, 56
47, 57
48, 57
49, 57
49, 56
50, 56
51, 56
51, 57
52, 58
52, 58
48, 52
47, 51
47, 52
47, 51
46, 50
47, 50
47, 51
47, 51
59, 88
60, 88
59, 89
58, 88
58, 89
59, 88
59, 87
58, 88
57, 89
57, 89
48, 48
48, 47
48, 46
48, 45
48, 44
49, 44
48, 45
48, 46
48, 46
46, 47
45, 47
44, 46
43, 46
42, 47
43, 48
43, 49
43, 50
44, 51
45, 52
45, 52
56, 58
56, 59
55, 59
54, 58
53, 59
54, 60
54, 59
53, 60
53, 60
47, 55
46, 55
47, 56
46, 56
47, 56
47, 55
46, 55
47, 54
46, 53
46, 53
59, 80
58, 79
58, 80
58, 81
59, 81
58, 80
58, 80
53, 51
53, 50
53, 51
54, 50
53, 51
52, 52
52, 52
52, 56
51, 56
51, 55
50, 55
49, 56
48, 55
47, 55
48, 55
47, 56
46, 55
46, 55
50, 65
51, 64
52, 65
53, 65
52, 64
53, 64
53, 64
60, 66
61, 67
61, 68
60, 67
60, 66
61, 66
61, 66
31, 38
30, 39
29, 38
30, 37
29, 37
28, 38
27, 38
27, 37
27, 38
28, 37
28, 37
57, 90
58, 89
57, 90
58, 89
59, 88
59, 89
60, 90
61, 89
61, 89
48, 34
49, 33
49, 34
48, 33
49, 33
48, 34
49, 34
49, 34
52, 57
53, 57
54, 58
53, 57
54, 58
53, 59
53, 60
53, 61
54, 60
54, 60
46, 52
45, 52
44, 52
45, 53
44, 52
43, 51
43, 51
59, 84
60, 83
60, 84
59, 84
59, 83
58, 84
58, 83
59, 83
59, 84
58, 85
58, 85
49, 45
48, 44
48, 43
47, 44
46, 43
45, 43
45, 44
45, 44
58, 79
57, 80
57, 79
56, 79
57, 78
58, 77
59, 76
58, 77
58, 78
58, 78
54, 60
55, 60
55, 59
55, 58
56, 57
56, 57
48, 42
47, 42
47, 43
46, 44
45, 45
46, 46
46, 47
47, 47
47, 46
47, 45
47, 45
43, 52
42, 51
43, 50
44, 51
43, 50
44, 50
44, 50
48, 59
49, 59
49, 60
49, 61
50, 60
49, 60
50, 61
49, 60
48, 60
48, 60
52, 51
52, 50
53, 49
53, 50
53, 49
54, 49
55, 49
56, 50
55, 50
54, 50
54, 50
61, 65
61, 64
60, 64
61, 63
60, 64
60, 65
60, 64
60, 64
54, 64
54, 65
53, 64
53, 65
52, 64
53, 63
53, 64
54, 65
55, 66
54, 67
54, 67
47, 52
47, 53
46, 52
47, 52
46, 53
45, 53
44, 54
43, 54
43, 54
29, 37
28, 36
28, 35
29, 35
30, 36
29, 37
30, 38
30, 37
31, 38
30, 37
30, 37
51, 57
52, 56
52, 57
51, 57
52, 57
51, 58
51, 58
46, 52
45, 51
46, 51
47, 50
46, 50
45, 49
45, 48
45, 48
41, 66
41, 65
40, 65
39, 64
38, 64
39, 65
39, 64
38, 64
38, 65
38, 65
56, 81
55, 80
55, 79
56, 78
55, 78
55, 79
56, 78
56, 78
47, 55
46, 56
47, 57
46, 56
46, 55
46, 54
46, 53
46, 52
46, 52
51, 84
52, 85
53, 86
52, 85
53, 86
53, 86
33, 56
34, 57
35, 56
34, 55
35, 54
34, 53
34, 53
48, 70
48, 69
49, 69
50, 70
49, 69
49, 68
48, 69
47, 68
46, 67
46, 68
46, 68
43, 49
44, 49
43, 49
43, 50
44, 49
44, 49
46, 44
46, 45
47, 46
47, 47
46, 46
45, 46
45, 46
53, 51
52, 51
51, 50
52, 49
51, 48
51, 49
51, 49
33, 52
33, 53
33, 54
34, 54
33, 54
34, 53
34, 54
35, 54
34, 55
34, 55
47, 59
48, 60
49, 60
48, 60
49, 59
48, 58
47, 58
47, 58
49, 35
50, 36
50, 35
49, 35
48, 35
47, 35
46, 36
45, 36
44, 36
44, 36
56, 79
55, 79
54, 80
55, 80
55, 79
56, 80
57, 80
57, 81
57, 81
55, 67
54, 68
55, 69
55, 68
55, 69
56, 69
56, 68
55, 68
54, 68
54, 68
46, 67
47, 67
46, 67
45, 68
45, 67
45, 66
46, 65
46, 65
59, 86
60, 86
61, 86
60, 87
59, 88
60, 88
60, 89
61, 90
61, 90
50, 58
51, 58
52, 57
53, 56
54, 55
55, 55
55, 55
45, 47
46, 48
47, 49
46, 49
47, 50
48, 51
48, 51
31, 37
31, 38
30, 38
30, 39
29, 39
29, 38
30, 37
30, 37
54, 61
54, 60
54, 61
55, 60
54, 60
54, 60
46, 44
47, 43
46, 42
46, 43
45, 42
46, 43
46, 43
44, 52
45, 52
44, 51
45, 51
44, 51
43, 50
43, 49
44, 49
44, 49
38, 66
37, 65
37, 66
37, 65
38, 66
39, 67
39, 66
40, 66
40, 66
42, 53
42, 54
41, 55
40, 54
40, 53
39, 54
38, 54
38, 54
55, 57
56, 58
56, 57
56, 58
57, 58
56, 57
56, 58
57, 58
57, 58
59, 64
59, 65
60, 65
61, 64
61, 63
61, 62
61, 62
52, 87
53, 88
52, 87
53, 86
52, 86
52, 86
60, 89
59, 88
59, 87
60, 86
59, 85
59, 86
60, 87
61, 88
62, 89
62, 89
57, 79
57, 80
56, 79
55, 80
54, 81
55, 82
54, 83
54, 82
54, 82
45, 53
46, 54
45, 54
45, 53
44, 53
43, 53
43, 52
43, 52
58, 81
58, 80
57, 80
57, 79
56, 79
55, 80
55, 80
43, 35
42, 34
42, 33
43, 32
44, 33
43, 32
43, 31
42, 30
42, 30
38, 53
37, 52
36, 51
36, 50
37, 50
37, 51
37, 52
36, 52
37, 51
37, 51
62, 63
61, 64
61, 63
60, 64
61, 63
60, 63
60, 64
60, 65
60, 65
47, 65
47, 64
46, 64
47, 65
47, 64
48, 63
47, 63
46, 62
46, 63
46, 63
31, 38
32, 39
32, 38
31, 38
30, 37
31, 38
32, 37
32, 38
31, 37
30, 36
30, 36
57, 57
56, 58
56, 57
56, 58
56, 59
55, 58
55, 58
47, 43
48, 43
47, 44
48, 43
47, 42
48, 41
48, 42
48, 42
60, 89
59, 90
59, 91
60, 91
59, 92
59, 93
60, 94
61, 93
61, 93
53, 68
53, 69
52, 69
51, 69
52, 68
52, 68
51, 87
52, 87
53, 88
53, 87
52, 87
52, 88
53, 88
54, 87
54, 87
43, 51
42, 50
42, 51
42, 52
43, 52
43, 51
43, 52
43, 52
44, 50
45, 49
45, 48
44, 47
45, 47
45, 47
48, 58
47, 58
47, 57
48, 56
47, 57
47, 57
52, 50
53, 49
54, 48
54, 49
55, 50
56, 49
57, 49
58, 49
58, 49
53, 81
53, 80
52, 81
53, 80
53, 81
54, 82
54, 81
55, 80
54, 79
53, 79
53, 79
61, 89
61, 90
62, 89
62, 90
62, 91
62, 92
62, 91
61, 91
61, 90
60, 90
60, 90
34, 56
35, 57
34, 58
35, 57
36, 58
37, 58
37, 57
37, 57
44, 50
43, 50
42, 49
41, 50
42, 50
41, 50
41, 51
41, 50
42, 51
42, 51
41, 66
40, 65
40, 66
39, 66
40, 66
40, 66
54, 55
53, 55
52, 54
51, 55
51, 54
50, 53
51, 52
50, 51
50, 51
48, 50
49, 50
49, 51
48, 51
49, 52
48, 51
48, 51
45, 45
45, 46
46, 46
46, 47
46, 46
45, 46
45, 45
45, 45
54, 61
53, 60
53, 59
52, 59
52, 58
53, 58
53, 57
53, 56
54, 56
54, 55
54, 55
41, 31
42, 32
41, 31
42, 30
42, 31
42, 31
46, 45
45, 44
44, 43
45, 43
46, 42
47, 42
47, 41
48, 42
49, 41
49, 41
39, 65
40, 64
41, 65
42, 64
43, 64
43, 64
54, 80
54, 81
53, 80
54, 79
53, 78
52, 77
51, 78
50, 79
51, 79
52, 79
52, 79
62, 93
62, 94
62, 95
63, 96
63, 95
64, 94
64, 94
49, 52
50, 53
49, 52
48, 52
48, 51
49, 50
48, 51
49, 50
49, 51
49, 51
45, 46
44, 46
45, 46
45, 47
46, 48
45, 49
46, 50
46, 49
47, 50
47, 50
42, 52
41, 53
42, 52
43, 51
44, 50
44, 49
45, 48
44, 47
44, 47
52, 67
52, 68
51, 67
50, 66
51, 66
50, 66
49, 65
49, 66
49, 66
47, 64
47, 65
48, 64
47, 63
46, 63
45, 63
45, 62
46, 62
45, 63
44, 64
44, 64
54, 58
55, 59
56, 59
55, 59
56, 60
55, 60
56, 59
56, 60
56, 60
52, 79
53, 80
52, 79
51, 79
51, 80
51, 79
50, 78
51, 79
51, 79
30, 37
30, 36
29, 35
28, 35
29, 35
29, 35
43, 51
42, 52
42, 51
41, 52
41, 51
41, 52
41, 51
42, 52
42, 52
61, 90
62, 89
63, 88
63, 89
63, 88
64, 88
63, 87
64, 88
65, 88
65, 88
38, 57
39, 58
38, 59
38, 60
37, 61
38, 60
37, 61
36, 61
36, 61
59, 50
58, 50
59, 49
58, 48
59, 49
60, 48
60, 47
61, 48
60, 47
61, 48
61, 48
36, 52
37, 52
36, 53
35, 53
34, 52
34, 51
34, 52
33, 51
33, 51
48, 41
49, 40
48, 41
49, 41
50, 42
51, 41
51, 40
51, 39
50, 40
51, 41
51, 41
55, 86
55, 85
54, 85
53, 86
54, 86
54, 85
54, 86
55, 85
56, 85
55, 85
55, 85
53, 54
52, 53
52, 52
51, 52
51, 53
51, 54
51, 54
47, 58
46, 57
47, 57
47, 58
46, 57
47, 56
46, 55
47, 55
47, 55
48, 50
49, 50
49, 49
49, 48
48, 47
48, 46
48, 45
49, 45
50, 44
49, 43
49, 43
59, 64
60, 63
60, 62
61, 62
60, 61
60, 62
61, 63
60, 64
60, 64
55, 61
55, 60
56, 60
55, 60
54, 61
53, 61
53, 62
53, 61
54, 61
53, 62
53, 62
48, 51
47, 52
47, 51
48, 51
49, 50
48, 50
49, 50
50, 51
50, 51
50, 67
49, 68
50, 67
49, 66
50, 66
51, 65
50, 65
49, 64
48, 63
48, 63
42, 64
42, 65
43, 64
44, 63
44, 62
43, 63
44, 63
45, 64
46, 65
46, 65
54, 85
54, 86
55, 85
56, 86
56, 87
56, 87
52, 53
53, 53
53, 52
52, 52
53, 53
52, 52
52, 51
52, 51
43, 52
44, 51
43, 50
44, 49
44, 50
45, 49
46, 49
47, 49
47, 49
33, 50
32, 50
33, 50
33, 49
34, 50
33, 51
32, 52
31, 53
32, 53
32, 53
52, 42
51, 42
50, 42
49, 41
50, 42
50, 41
50, 41
37, 62
37, 63
36, 62
35, 61
36, 62
37, 61
36, 61
36, 61
46, 54
47, 54
46, 53
47, 54
47, 53
47, 53
45, 63
44, 62
45, 62
45, 61
45, 62
45, 62
64, 89
64, 88
65, 89
66, 90
67, 90
67, 90
50, 78
49, 79
50, 78
51, 78
51, 79
52, 80
52, 81
52, 80
51, 80
51, 80
50, 41
49, 42
48, 43
48, 42
49, 41
48, 42
47, 41
48, 41
48, 41
44, 48
43, 48
42, 48
43, 47
42, 48
41, 49
41, 50
40, 50
41, 51
41, 51
53, 80
54, 80
55, 79
55, 78
55, 77
54, 78
55, 77
55, 77
48, 52
48, 51
47, 52
48, 52
47, 52
46, 52
47, 52
47, 53
46, 53
46, 52
46, 52
63, 93
63, 92
62, 92
62, 91
63, 90
63, 91
62, 92
63, 91
63, 91
60, 63
59, 62
60, 61
59, 62
60, 62
60, 63
59, 63
58, 64
58, 63
57, 64
57, 64
43, 30
43, 29
44, 30
44, 31
43, 32
43, 32
50, 44
49, 44
50, 43
49, 42
48, 41
48, 42
49, 41
48, 42
48, 43
48, 42
48, 42
61, 47
60, 48
59, 47
58, 47
57, 47
58, 48
59, 48
60, 48
60, 47
59, 48
59, 48
28, 35
29, 35
28, 36
28, 35
29, 34
29, 35
30, 36
31, 36
32, 35
32, 35
47, 40
46, 39
47, 40
46, 40
47, 39
47, 38
46, 37
47, 38
48, 38
49, 37
49, 37
47, 51
48, 51
49, 50
50, 51
51, 50
50, 51
51, 51
51, 51
56, 86
57, 87
57, 86
56, 86
57, 85
58, 84
59, 84
59, 84
52, 63
53, 63
54, 63
54, 64
54, 65
54, 65
51, 50
52, 51
51, 52
52, 52
52, 51
52, 50
53, 49
53, 48
53, 48
51, 52
51, 53
52, 52
51, 52
52, 51
51, 50
52, 49
53, 48
52, 49
51, 48
51, 48
50, 81
51, 82
50, 83
51, 84
50, 83
49, 83
49, 82
49, 83
50, 82
50, 82
42, 51
41, 52
40, 51
41, 50
42, 51
43, 51
44, 51
44, 50
45, 51
45, 51
56, 65
56, 66
55, 66
55, 65
56, 65
57, 66
57, 66
45, 65
45, 64
45, 63
46, 64
45, 64
46, 65
45, 66
44, 66
43, 65
43, 65
36, 60
35, 59
34, 59
34, 60
34, 59
34, 59
54, 76
53, 76
54, 77
54, 78
53, 77
53, 76
52, 75
52, 76
52, 76
49, 64
48, 63
47, 63
48, 63
49, 64
50, 65
51, 64
52, 64
52, 65
52, 65
45, 61
46, 62
47, 63
46, 63
46, 64
45, 63
44, 63
45, 62
44, 62
45, 63
45, 63
68, 89
69, 88
69, 89
68, 89
69, 89
70, 89
70, 88
69, 89
69, 89
64, 91
63, 90
64, 90
63, 89
64, 89
64, 88
64, 87
64, 87
48, 41
49, 41
49, 42
48, 43
48, 42
48, 42
49, 40
49, 39
50, 38
51, 37
52, 37
51, 36
50, 37
50, 37
33, 36
34, 36
34, 35
33, 34
33, 33
32, 32
31, 31
30, 32
30, 31
29, 31
29, 31
60, 47
61, 46
62, 47
61, 47
60, 48
61, 47
61, 46
61, 46
46, 54
45, 53
45, 54
46, 53
45, 52
45, 52
31, 54
32, 54
32, 53
33, 52
34, 51
34, 50
33, 49
33, 49
46, 48
45, 47
46, 48
46, 49
47, 48
47, 49
48, 49
49, 48
49, 48
44, 31
44, 30
45, 29
46, 29
45, 30
46, 31
46, 32
47, 32
47, 31
47, 31
52, 49
51, 48
52, 47
52, 46
53, 46
52, 47
53, 47
53, 46
52, 46
53, 47
53, 47
54, 64
53, 63
53, 62
52, 61
52, 62
53, 61
53, 60
54, 60
53, 61
54, 60
54, 60
49, 41
50, 42
51, 41
50, 41
51, 40
52, 39
52, 39
65, 88
66, 87
66, 86
66, 87
65, 87
66, 87
67, 88
67, 88
49, 36
48, 36
47, 37
46, 38
45, 37
45, 37
56, 66
57, 67
58, 66
59, 66
60, 65
60, 64
61, 63
61, 64
62, 64
62, 64
28, 31
28, 32
27, 31
28, 32
29, 32
28, 31
28, 31
48, 38
49, 38
50, 38
50, 39
50, 40
49, 41
48, 42
47, 42
47, 41
48, 40
48, 40
42, 65
43, 65
44, 66
45, 66
46, 66
47, 65
47, 66
46, 67
46, 68
45, 68
45, 68
48, 49
49, 48
49, 49
50, 49
50, 48
51, 49
52, 50
52, 49
52, 49
46, 50
45, 51
46, 52
45, 51
44, 51
44, 51
68, 89
67, 88
68, 88
68, 87
67, 87
67, 87
32, 48
33, 47
34, 47
35, 46
35, 45
35, 46
36, 46
35, 47
35, 48
36, 49
36, 49
51, 83
52, 84
51, 83
50, 82
49, 82
49, 83
48, 83
48, 82
47, 83
47, 83
61, 47
61, 48
60, 47
60, 46
61, 47
60, 48
60, 49
59, 50
59, 50
46, 53
45, 52
44, 51
44, 50
45, 51
45, 52
44, 53
43, 52
44, 51
44, 51
50, 50
49, 51
48, 50
48, 49
49, 48
49, 48
53, 76
52, 76
52, 77
53, 76
54, 75
54, 74
55, 74
56, 74
56, 75
55, 75
55, 75
46, 62
45, 62
44, 62
45, 63
46, 64
45, 65
45, 64
45, 64
52, 64
53, 65
53, 66
53, 65
52, 66
51, 67
50, 67
50, 67
35, 60
34, 60
33, 60
32, 59
33, 60
33, 60
48, 32
47, 33
48, 34
49, 34
48, 34
47, 34
46, 34
46, 34
58, 83
57, 83
58, 84
59, 85
58, 85
59, 86
59, 86
54, 49
55, 49
56, 50
55, 50
56, 50
57, 49
56, 49
56, 49
46, 37
46, 38
45, 37
44, 38
44, 39
44, 38
45, 39
45, 39
56, 48
57, 47
56, 46
57, 47
58, 48
58, 47
58, 47
36, 50
36, 51
36, 52
36, 51
36, 52
35, 51
36, 50
36, 50
51, 50
50, 50
49, 51
48, 51
47, 50
46, 51
47, 50
48, 50
47, 49
47, 49
33, 59
34, 59
33, 58
34, 59
34, 58
34, 57
34, 57
58, 50
59, 50
59, 49
59, 48
60, 47
61, 47
61, 48
61, 47
60, 46
61, 47
61, 47
61, 65
60, 65
59, 66
58, 67
59, 66
58, 66
57, 65
57, 65
66, 88
67, 87
68, 88
67, 89
68, 89
67, 90
66, 91
66, 90
67, 90
67, 90
44, 65
43, 66
42, 66
43, 66
43, 65
43, 65
44, 67
43, 67
42, 66
41, 65
40, 66
40, 66
50, 66
51, 67
51, 66
51, 67
50, 66
51, 67
50, 67
51, 66
51, 65
51, 65
68, 87
67, 86
68, 85
68, 86
67, 87
68, 88
69, 88
69, 87
70, 88
70, 88
48, 83
48, 82
47, 82
47, 83
48, 83
49, 84
49, 85
50, 84
49, 83
49, 83
48, 39
47, 40
46, 40
47, 39
46, 40
45, 40
46, 40
46, 40
53, 40
52, 39
52, 40
53, 39
52, 40
53, 40
52, 40
52, 39
51, 38
50, 38
50, 38
29, 31
30, 32
29, 31
29, 32
30, 33
30, 33
44, 52
44, 51
43, 50
44, 51
45, 52
45, 51
45, 52
44, 53
45, 52
45, 52
45, 33
46, 32
46, 33
46, 32
45, 32
45, 32
53, 60
53, 59
52, 60
53, 61
53, 60
52, 59
51, 60
52, 61
52, 61
50, 48
49, 49
49, 48
48, 49
48, 50
49, 49
49, 50
50, 51
50, 51
43, 50
44, 50
45, 51
44, 50
45, 51
44, 50
45, 50
44, 50
45, 51
45, 51
52, 48
51, 47
51, 48
52, 48
53, 47
54, 48
54, 48
56, 75
57, 75
57, 74
56, 74
55, 75
56, 74
55, 73
55, 73
59, 87
58, 87
59, 86
58, 87
59, 86
59, 86
52, 66
53, 65
54, 64
53, 65
52, 66
52, 67
51, 68
51, 69
50, 70
50, 71
50, 71
49, 50
50, 51
51, 51
52, 51
51, 52
51, 51
51, 51
71, 89
71, 88
70, 87
69, 88
70, 89
70, 88
71, 88
70, 87
71, 88
71, 88
34, 56
35, 55
34, 55
35, 55
35, 54
36, 53
35, 54
36, 54
35, 54
35, 54
58, 65
59, 65
59, 64
60, 64
60, 65
61, 64
61, 64
49, 82
50, 83
49, 82
48, 83
49, 84
48, 85
48, 85
49, 38
49, 39
48, 38
48, 39
49, 39
48, 40
48, 39
49, 39
49, 40
50, 41
50, 41
45, 33
44, 34
43, 34
43, 35
42, 36
42, 35
41, 36
40, 37
40, 37
57, 48
58, 48
57, 49
56, 49
56, 48
57, 49
57, 48
58, 49
58, 48
58, 48
48, 48
47, 48
48, 47
47, 46
48, 47
47, 46
47, 46
37, 50
37, 49
36, 50
36, 51
36, 52
37, 53
37, 54
37, 54
56, 73
55, 73
56, 72
55, 71
55, 72
55, 72
39, 66
38, 67
37, 68
37, 67
38, 66
38, 65
38, 64
38, 65
37, 65
37, 65
53, 47
52, 48
52, 49
51, 49
50, 49
51, 50
50, 50
50, 50
68, 89
67, 89
66, 90
66, 89
67, 89
68, 88
68, 88
44, 40
43, 41
43, 40
42, 40
42, 41
43, 40
44, 41
45, 42
46, 42
46, 42
46, 39
46, 40
47, 41
47, 40
48, 41
47, 41
46, 40
45, 41
44, 42
44, 42
45, 53
45, 54
45, 53
46, 54
46, 55
47, 55
48, 55
47, 56
47, 56
44, 51
43, 50
44, 51
43, 52
44, 53
45, 53
44, 53
44, 54
43, 53
42, 54
42, 54
31, 32
31, 33
30, 32
30, 33
29, 33
30, 33
31, 32
31, 33
30, 34
30, 34
53, 62
53, 61
52, 62
51, 63
52, 64
53, 65
54, 66
53, 66
52, 65
52, 64
52, 64
61, 48
60, 47
60, 48
59, 48
59, 49
58, 49
59, 50
58, 50
58, 49
57, 49
57, 49
58, 87
58, 88
57, 88
56, 87
55, 88
54, 88
55, 88
55, 88
42, 66
41, 65
42, 65
41, 66
42, 65
41, 65
41, 65
38, 66
38, 65
38, 64
37, 63
36, 62
37, 63
36, 63
36, 63
48, 46
47, 46
48, 45
49, 44
49, 43
48, 42
48, 42
54, 89
54, 88
55, 87
54, 88
54, 89
53, 90
53, 89
53, 89
49, 49
49, 50
49, 51
50, 50
50, 49
50, 49
36, 54
37, 54
36, 55
35, 54
34, 55
34, 55
71, 87
70, 86
69, 86
70, 87
70, 88
71, 89
72, 88
73, 87
73, 87
51, 65
50, 64
51, 63
52, 63
52, 62
53, 61
53, 60
53, 59
53, 58
53, 58
46, 55
47, 56
48, 56
49, 55
49, 54
48, 54
48, 55
48, 55
30, 35
31, 35
30, 34
30, 35
31, 36
31, 36
49, 70
48, 70
48, 69
48, 70
47, 71
48, 70
48, 70
59, 47
58, 47
59, 48
58, 48
58, 47
58, 48
58, 49
58, 49
43, 43
42, 42
41, 42
41, 41
42, 40
43, 40
42, 39
42, 39
67, 87
66, 87
67, 87
66, 86
65, 87
64, 86
65, 85
65, 85
49, 84
50, 84
49, 84
50, 84
49, 83
48, 84
48, 83
48, 82
48, 82
40, 38
39, 38
40, 38
40, 39
41, 38
40, 38
41, 37
40, 38
40, 38
43, 53
44, 54
43, 53
43, 54
42, 54
43, 55
42, 54
42, 55
42, 55
56, 71
57, 71
58, 72
59, 71
58, 70
57, 71
57, 70
57, 69
57, 69
60, 63
59, 63
60, 64
60, 63
61, 62
62, 62
63, 63
64, 62
64, 62
45, 42
44, 42
43, 43
42, 43
43, 42
43, 42
41, 66
42, 66
43, 66
44, 66
45, 66
46, 67
45, 67
45, 67
49, 41
48, 41
49, 40
49, 39
50, 38
49, 39
49, 39
58, 48
59, 48
58, 49
59, 49
60, 48
60, 47
61, 46
62, 47
61, 48
61, 47
61, 47
37, 55
38, 55
39, 56
39, 55
39, 54
38, 53
39, 52
38, 53
38, 53
50, 50
51, 51
50, 51
49, 52
48, 51
47, 50
47, 49
47, 49
42, 40
41, 41
42, 42
43, 42
42, 43
43, 42
42, 43
42, 43
66, 86
65, 86
64, 87
63, 88
63, 89
62, 89
63, 88
63, 87
64, 87
64, 87
53, 88
52, 88
53, 87
54, 88
55, 88
54, 88
53, 87
53, 88
52, 88
52, 88
30, 36
29, 36
30, 35
29, 36
30, 35
30, 35
39, 39
39, 38
39, 39
40, 40
41, 40
41, 41
41, 41
60, 48
60, 49
61, 48
61, 47
62, 46
62, 47
61, 47
61, 47
65, 61
66, 61
67, 61
68, 61
68, 62
67, 61
68, 60
67, 61
68, 62
68, 62
42, 54
43, 53
43, 52
43, 51
44, 50
45, 51
44, 50
44, 51
44, 50
44, 51
44, 51
37, 53
38, 52
37, 53
36, 53
37, 53
38, 53
38, 53
48, 54
47, 54
46, 53
46, 54
45, 53
46, 53
45, 52
45, 52
48, 48
47, 49
46, 48
46, 49
45, 49
46, 50
46, 50
43, 43
42, 42
41, 42
41, 41
41, 42
41, 41
41, 42
41, 41
42, 40
43, 39
43, 39
49, 82
48, 83
48, 82
49, 83
48, 83
47, 84
46, 83
47, 83
46, 83
45, 82
45, 82
49, 49
48, 49
47, 49
48, 48
47, 49
47, 50
46, 51
47, 50
47, 50
47, 71
47, 72
46, 73
47, 73
48, 74
47, 73
46, 73
46, 73
37, 62
37, 63
38, 63
39, 63
38, 63
38, 62
38, 61
39, 62
39, 61
39, 61
34, 54
35, 53
34, 53
35, 52
34, 52
33, 51
34, 51
34, 51
54, 58
55, 57
55, 58
54, 57
55, 56
54, 55
55, 56
54, 56
54, 56
57, 48
58, 47
57, 48
58, 48
58, 47
59, 48
60, 47
59, 48
58, 49
59, 49
59, 49
72, 88
72, 87
71, 86
72, 87
71, 88
72, 89
71, 89
70, 88
70, 87
70, 87
44, 66
44, 67
44, 66
44, 67
44, 68
45, 69
45, 69
50, 39
49, 39
49, 40
48, 40
48, 39
47, 38
48, 38
47, 38
48, 37
48, 37
58, 68
59, 68
60, 68
61, 67
60, 67
60, 68
61, 67
62, 66
61, 67
62, 68
62, 68
47, 43
46, 43
45, 42
44, 43
43, 43
43, 43
44, 40
44, 39
44, 40
44, 41
44, 40
45, 40
45, 40
44, 53
45, 53
46, 54
46, 53
45, 53
46, 53
46, 54
47, 54
47, 54
62, 46
63, 47
62, 46
63, 45
62, 44
62, 45
63, 45
62, 45
62, 45
47, 49
46, 48
46, 47
47, 47
46, 46
45, 47
46, 46
46, 45
47, 46
47, 46
53, 87
53, 88
54, 88
53, 88
53, 87
52, 87
51, 86
50, 85
51, 86
50, 87
50, 87
67, 61
68, 61
69, 61
69, 60
68, 60
69, 61
68, 62
69, 61
69, 61
38, 62
39, 61
40, 62
41, 61
40, 62
39, 61
38, 60
38, 60
44, 68
43, 69
44, 70
43, 69
43, 68
43, 69
44, 69
45, 68
44, 69
45, 68
45, 68
46, 74
45, 74
46, 75
46, 76
45, 75
45, 75
65, 87
64, 87
65, 87
66, 88
67, 88
66, 87
66, 86
67, 86
68, 85
69, 85
69, 85
59, 50
58, 49
59, 49
60, 49
59, 49
58, 50
59, 49
59, 49
42, 42
43, 42
44, 43
45, 43
45, 42
46, 41
47, 42
47, 43
47, 44
47, 44
29, 34
30, 35
30, 36
30, 37
31, 36
32, 37
32, 37
71, 87
71, 88
70, 87
70, 86
69, 86
69, 86
44, 50
45, 50
46, 50
47, 51
46, 51
47, 50
48, 49
49, 50
49, 50
33, 50
34, 49
35, 50
36, 51
36, 52
36, 53
36, 54
35, 53
35, 54
35, 54
46, 81
45, 81
44, 80
44, 79
44, 78
44, 79
43, 80
43, 80
63, 69
64, 70
64, 69
65, 69
65, 68
66, 68
67, 68
66, 67
66, 67
54, 57
55, 56
54, 56
53, 55
52, 55
52, 55
41, 40
40, 40
41, 41
42, 41
41, 41
42, 42
43, 41
43, 41
39, 53
40, 54
40, 53
39, 52
40, 53
41, 52
41, 53
41, 53
43, 42
43, 43
42, 42
41, 42
42, 41
41, 40
41, 40
46, 49
47, 49
46, 49
47, 50
48, 51
49, 52
49, 52
47, 37
46, 38
47, 37
48, 37
48, 38
47, 38
46, 39
45, 40
44, 40
44, 40
49, 51
50, 50
50, 51
50, 50
49, 51
49, 52
50, 51
49, 50
49, 50
48, 45
48, 44
47, 44
48, 44
48, 43
49, 43
48, 44
48, 43
49, 42
49, 42
58, 48
58, 47
59, 47
60, 47
61, 48
61, 47
61, 48
60, 47
61, 48
61, 48
42, 52
42, 51
43, 52
44, 53
44, 52
44, 52
44, 69
45, 69
45, 68
44, 68
45, 69
44, 70
43, 69
44, 68
45, 69
45, 69
41, 41
42, 42
41, 41
40, 40
41, 41
42, 40
43, 39
43, 38
43, 38
67, 66
66, 67
65, 67
66, 67
66, 66
66, 67
66, 68
65, 67
65, 67
51, 86
51, 85
50, 85
50, 84
50, 83
50, 82
50, 82
45, 40
45, 41
46, 42
47, 42
48, 43
49, 44
50, 45
50, 46
51, 47
51, 47
61, 46
62, 46
61, 47
60, 46
61, 47
62, 47
62, 47
45, 39
45, 40
46, 39
46, 38
45, 39
45, 38
44, 39
44, 39
48, 55
47, 55
46, 54
47, 53
46, 52
45, 53
44, 54
45, 54
46, 53
46, 53
48, 50
49, 50
50, 50
49, 51
49, 50
48, 50
48, 51
47, 51
47, 51
44, 75
43, 76
44, 77
43, 76
44, 76
44, 75
44, 76
44, 77
44, 77
33, 38
32, 37
32, 36
33, 35
33, 34
33, 34
48, 47
49, 46
48, 47
47, 47
46, 48
46, 49
47, 50
48, 50
47, 51
47, 51
68, 86
68, 87
69, 88
69, 87
68, 86
67, 86
67, 86
70, 60
69, 61
68, 61
67, 62
67, 61
67, 60
68, 59
67, 60
68, 60
67, 59
67, 59
43, 79
42, 80
43, 80
42, 79
42, 80
42, 80
34, 53
35, 53
34, 52
34, 53
33, 54
33, 53
33, 53
39, 61
40, 61
40, 60
40, 59
39, 58
38, 58
38, 58
70, 85
71, 85
70, 84
69, 85
70, 84
69, 85
69, 84
69, 85
70, 85
71, 84
71, 84
53, 55
54, 56
53, 57
52, 57
51, 56
50, 57
50, 57
43, 42
43, 41
44, 40
43, 40
43, 39
43, 39
44, 37
43, 38
42, 39
41, 40
41, 39
42, 38
41, 39
42, 39
42, 40
43, 39
43, 39
60, 49
59, 50
58, 49
57, 49
57, 48
56, 48
57, 48
56, 49
56, 50
56, 50
45, 54
44, 55
44, 56
43, 55
43, 56
43, 55
44, 54
44, 55
44, 54
44, 54
50, 42
50, 43
51, 43
51, 42
52, 43
53, 44
53, 43
53, 43
32, 34
32, 35
31, 34
31, 33
32, 33
33, 33
32, 33
33, 32
32, 31
33, 30
33, 30
38, 57
39, 57
38, 58
37, 57
36, 56
36, 55
37, 54
37, 53
37, 52
37, 53
37, 53
50, 58
49, 57
49, 56
48, 55
49, 55
50, 55
51, 55
52, 54
52, 54
44, 70
43, 70
42, 69
41, 68
40, 67
39, 66
39, 67
38, 67
38, 67
67, 60
66, 59
65, 60
66, 61
67, 61
67, 60
66, 60
66, 60
66, 68
67, 68
68, 68
67, 69
68, 69
68, 69
51, 83
50, 84
50, 85
50, 86
49, 86
49, 87
49, 87
71, 83
71, 82
70, 83
70, 82
71, 83
71, 83
43, 77
42, 78
43, 79
44, 78
44, 79
44, 79
44, 53
43, 54
42, 55
43, 55
43, 54
44, 53
45, 54
46, 53
45, 53
46, 52
46, 52
43, 40
42, 41
43, 41
44, 42
45, 41
46, 40
47, 39
48, 38
47, 38
47, 39
47, 39
34, 52
35, 53
35, 54
34, 53
33, 52
32, 52
32, 53
32, 53
61, 48
61, 47
60, 47
61, 48
62, 47
63, 47
63, 47
43, 81
43, 82
42, 83
43, 84
43, 85
43, 84
44, 84
44, 84
47, 50
46, 49
47, 49
47, 48
48, 48
48, 47
47, 48
48, 49
48, 49
68, 85
67, 86
68, 86
69, 86
69, 87
70, 87
71, 86
70, 87
71, 88
71, 88
42, 38
41, 39
42, 40
43, 40
44, 41
43, 42
44, 41
43, 41
44, 42
44, 42
48, 50
48, 49
47, 50
47, 51
47, 50
47, 50
50, 47
49, 47
50, 46
51, 45
51, 44
51, 43
51, 44
51, 44
46, 52
46, 51
47, 52
46, 51
47, 52
47, 51
47, 52
47, 52
44, 85
45, 85
46, 84
47, 83
48, 84
48, 84
42, 40
41, 39
40, 38
41, 39
40, 39
41, 40
42, 40
42, 40
44, 53
44, 54
45, 53
44, 52
45, 51
45, 52
45, 53
45, 53
45, 53
46, 54
45, 53
44, 53
45, 53
44, 53
44, 54
44, 54
50, 45
51, 44
50, 43
50, 44
50, 45
50, 44
51, 45
52, 44
52, 45
52, 45
70, 82
71, 83
71, 84
71, 83
72, 84
71, 83
72, 82
71, 81
71, 80
70, 80
70, 80
32, 54
33, 53
34, 54
33, 54
33, 53
32, 53
31, 53
32, 53
32, 53
67, 59
66, 59
67, 59
66, 59
66, 58
67, 58
67, 59
67, 59
69, 70
68, 71
68, 72
67, 73
68, 73
68, 72
69, 72
68, 72
68, 71
68, 71
64, 47
65, 47
64, 46
63, 46
62, 47
63, 46
63, 46
53, 54
54, 53
53, 52
52, 51
53, 51
53, 50
54, 51
54, 51
33, 31
34, 32
35, 32
34, 32
34, 31
35, 32
34, 32
34, 33
33, 34
33, 34
48, 38
49, 39
48, 40
48, 41
47, 40
47, 40
44, 78
43, 77
42, 76
43, 75
43, 74
43, 74
37, 67
38, 66
37, 66
36, 66
37, 65
38, 65
38, 66
39, 65
39, 64
39, 64
47, 50
48, 50
47, 50
46, 49
46, 48
46, 48
47, 51
48, 50
48, 51
48, 52
47, 53
47, 52
47, 52
54, 43
53, 43
52, 43
53, 44
54, 45
53, 46
52, 46
53, 46
53, 46
55, 49
55, 50
54, 51
54, 50
55, 49
54, 48
54, 47
54, 46
54, 47
54, 47
38, 54
37, 54
38, 55
37, 54
37, 53
37, 53
48, 51
49, 51
50, 52
49, 51
48, 50
48, 51
48, 51
50, 86
50, 85
51, 86
51, 87
50, 88
49, 88
50, 88
51, 88
51, 88
70, 88
71, 89
72, 89
72, 88
71, 87
72, 87
71, 86
71, 86
45, 41
46, 41
45, 41
44, 41
45, 41
44, 41
44, 41
64, 45
63, 44
63, 45
64, 45
63, 44
64, 45
64, 44
63, 44
64, 43
64, 44
64, 44
66, 59
67, 60
68, 60
68, 59
69, 58
68, 57
68, 56
67, 57
66, 57
65, 56
65, 56
32, 54
33, 54
33, 53
33, 52
34, 53
35, 53
35, 54
34, 55
34, 56
34, 56
43, 40
42, 39
42, 40
43, 40
44, 41
43, 40
43, 39
43, 39
45, 48
46, 47
46, 46
47, 45
46, 45
46, 45
40, 64
41, 64
40, 64
41, 64
42, 64
42, 64
52, 46
51, 47
51, 48
51, 49
50, 50
50, 51
50, 51
42, 74
41, 75
42, 74
42, 75
43, 76
43, 76
49, 83
48, 82
48, 83
47, 84
48, 84
49, 85
49, 84
49, 83
49, 83
44, 54
43, 54
44, 54
44, 55
43, 55
44, 55
44, 54
43, 54
43, 54
48, 41
47, 42
47, 41
47, 42
46, 41
46, 41
52, 47
53, 46
53, 47
54, 46
53, 45
53, 45
44, 55
43, 54
44, 53
43, 53
42, 52
43, 51
44, 50
43, 51
43, 51
69, 79
69, 78
68, 77
68, 76
68, 77
67, 78
68, 78
69, 77
69, 77
53, 51
54, 51
55, 50
56, 50
56, 49
55, 49
55, 49
32, 33
32, 32
32, 33
33, 34
34, 34
33, 35
33, 36
33, 37
34, 37
33, 38
33, 38
49, 52
48, 53
48, 52
48, 53
49, 53
49, 53
43, 41
43, 40
43, 39
44, 40
43, 39
44, 40
43, 41
44, 42
43, 41
42, 42
42, 42
71, 85
70, 85
69, 86
69, 85
69, 86
69, 85
70, 85
69, 86
68, 86
68, 87
68, 87
68, 70
69, 71
70, 70
69, 70
70, 71
69, 72
69, 71
68, 70
69, 70
69, 70
52, 87
52, 86
53, 85
52, 84
51, 85
51, 86
51, 85
51, 85
37, 52
37, 51
36, 51
35, 52
36, 51
37, 51
37, 50
36, 51
36, 52
36, 52
47, 53
46, 53
47, 53
47, 52
46, 51
45, 50
45, 49
45, 49
53, 47
53, 46
52, 47
51, 48
50, 48
51, 47
51, 46
50, 46
49, 46
49, 46
45, 48
44, 48
43, 49
44, 50
44, 49
43, 50
43, 50
50, 50
51, 49
50, 48
51, 47
51, 46
51, 45
51, 46
52, 47
52, 47
66, 57
66, 58
67, 58
67, 59
68, 58
68, 59
68, 59
69, 69
70, 70
69, 69
70, 70
70, 69
70, 69
63, 43
63, 44
63, 45
63, 44
63, 43
64, 42
64, 42
43, 50
42, 50
41, 50
40, 49
39, 48
40, 47
41, 48
40, 47
41, 47
41, 47
34, 57
33, 57
34, 57
33, 58
32, 58
33, 59
32, 58
31, 58
32, 58
32, 58
49, 52
48, 51
48, 52
49, 52
48, 51
47, 51
47, 50
47, 51
47, 51
44, 40
44, 41
43, 40
42, 40
42, 39
42, 40
42, 39
43, 38
42, 39
42, 40
42, 40
37, 53
36, 53
37, 54
36, 54
35, 54
34, 54
35, 55
34, 56
33, 57
33, 56
33, 56
43, 41
44, 40
45, 41
46, 41
45, 42
45, 43
45, 43
44, 77
43, 78
43, 77
44, 77
43, 76
44, 76
43, 76
44, 75
44, 76
44, 76
47, 45
47, 44
48, 45
47, 44
48, 44
47, 44
46, 44
45, 45
45, 44
45, 43
45, 43
48, 82
47, 83
46, 83
47, 83
48, 83
49, 83
48, 83
48, 83
32, 39
33, 38
32, 38
32, 39
33, 39
32, 38
33, 37
32, 38
32, 38
41, 63
41, 64
42, 63
42, 64
43, 63
44, 63
45, 62
44, 63
44, 63
42, 54
41, 55
42, 55
42, 56
42, 57
42, 57
52, 86
52, 85
51, 85
50, 86
51, 85
51, 86
51, 85
51, 85
56, 50
55, 50
56, 50
57, 49
56, 48
56, 49
55, 50
54, 51
53, 50
53, 50
70, 76
69, 76
69, 77
69, 76
70, 75
69, 74
68, 75
69, 74
68, 74
68, 74
48, 47
49, 47
50, 46
49, 47
50, 46
51, 45
50, 45
49, 46
50, 47
49, 48
49, 48
69, 87
68, 87
68, 88
67, 89
68, 89
67, 88
68, 87
69, 87
69, 87
52, 45
51, 44
52, 44
51, 43
50, 42
49, 42
49, 42
47, 41
47, 42
47, 43
46, 42
47, 43
47, 43
49, 82
50, 81
51, 80
51, 81
51, 81
52, 80
53, 81
53, 81
52, 80
52, 80
52, 51
52, 52
52, 52
52, 53
52, 54
52, 55
52, 56
52, 57
52, 58
52, 59
52, 59
48, 44
49, 44
49, 44
50, 45
51, 46
52, 47
51, 48
51, 48
52, 49
53, 50
54, 51
54, 51
69, 70
68, 71
67, 72
66, 73
65, 74
64, 75
63, 75
62, 75
62, 75
46, 44
47, 45
48, 46
49, 47
50, 48
51, 49
52, 50
52, 50
50, 49
51, 50
50, 51
50, 51
49, 50
49, 50
50, 51
51, 52
50, 53
50, 53
49, 53
49, 53
50, 54
51, 55
51, 55
48, 52
49, 53
50, 54
51, 55
52, 56
52, 56
46, 44
47, 45
48, 46
49, 47
50, 48
51, 49
51, 49
52, 50
53, 51
53, 51
68, 86
67, 85
66, 84
65, 83
65, 82
65, 82
64, 81
63, 80
62, 79
61, 78
60, 77
60, 77
42, 48
43, 49
44, 50
45, 51
46, 52
45, 51
45, 51
46, 52
46, 52
32, 59
32, 59
33, 60
34, 61
35, 62
35, 61
35, 61
36, 62
37, 63
38, 64
39, 65
39, 65
67, 74
66, 74
65, 74
65, 74
64, 74
63, 74
62, 74
61, 74
60, 74
59, 74
59, 75
59, 75
59, 75
43, 41
44, 42
45, 43
46, 44
47, 45
47, 45
67, 60
66, 61
65, 62
64, 63
63, 64
62, 65
61, 66
60, 67
60, 67
53, 48
54, 49
55, 50
57, 52
58, 53
59, 54
60, 55
61, 56
62, 57
63, 58
64, 59
65, 60
66, 61
67, 62
67, 62
44, 51
45, 52
46, 53
46, 52
46, 52
47, 51
47, 51
48, 52
49, 53
49, 53
32, 56
32, 56
33, 57
34, 58
33, 57
33, 57
32, 56
32, 56
32, 56
45, 64
46, 65
47, 66
48, 67
49, 68
50, 67
50, 67
51, 68
51, 68
50, 43
49, 44
49, 44
50, 45
50, 46
50, 46
51, 45
51, 45
52, 46
53, 47
53, 47
45, 75
46, 74
46, 74
47, 73
48, 72
49, 72
49, 72
44, 59
45, 60
46, 61
47, 62
48, 63
49, 64
50, 64
50, 64
51, 63
51, 63
52, 64
53, 65
54, 66
55, 67
56, 68
55, 67
55, 67
55, 67
33, 39
35, 41
36, 42
37, 43
38, 44
39, 45
40, 46
41, 47
42, 48
43, 49
44, 50
45, 51
46, 52
47, 52
47, 52
48, 51
48, 51
49, 52
50, 53
50, 53
52, 84
53, 83
54, 82
54, 81
54, 81
55, 81
56, 81
56, 81
63, 43
62, 44
62, 44
63, 45
62, 44
62, 44
63, 45
63, 45
57, 80
58, 79
58, 78
58, 78
59, 77
60, 76
59, 76
59, 76
60, 75
61, 75
61, 75
60, 76
61, 77
62, 78
61, 79
61, 79
62, 80
63, 81
64, 82
64, 82
52, 69
53, 70
54, 71
55, 72
56, 73
57, 74
58, 75
58, 75
48, 46
49, 47
50, 48
51, 49
52, 50
52, 50
62, 74
62, 74
61, 73
60, 72
59, 71
59, 70
59, 70
59, 70
56, 53
57, 54
58, 55
58, 56
58, 57
58, 58
58, 59
58, 60
58, 61
58, 60
58, 60
58, 61
58, 62
58, 61
58, 61
57, 62
57, 62
58, 63
58, 63
59, 77
59, 77
58, 78
57, 79
56, 80
56, 81
56, 82
56, 83
56, 84
55, 85
55, 85
55, 84
55, 84
55, 84
33, 57
34, 58
35, 59
36, 60
37, 61
38, 62
38, 62
53, 57
54, 58
55, 59
56, 60
56, 59
56, 59
56, 59
51, 54
52, 55
53, 56
54, 57
55, 58
56, 59
56, 58
56, 58
57, 59
58, 60
58, 60
53, 79
54, 78
54, 79
54, 79
55, 78
56, 77
57, 76
58, 77
58, 77
58, 77
66, 63
65, 64
64, 65
63, 66
62, 67
61, 68
60, 69
59, 70
58, 71
58, 71
53, 60
54, 61
54, 61
55, 62
56, 63
57, 64
56, 63
56, 63
57, 64
57, 64
56, 68
57, 69
57, 69
58, 70
59, 70
60, 70
60, 70
59, 71
59, 71
60, 70
60, 70
47, 53
48, 54
49, 55
50, 56
51, 57
51, 57
53, 52
53, 53
52, 54
52, 54
53, 55
53, 56
53, 56
50, 54
51, 55
52, 56
53, 57
54, 58
55, 59
56, 60
56, 61
56, 61
56, 61
62, 46
63, 46
63, 46
62, 47
61, 48
61, 50
61, 51
61, 52
61, 53
61, 54
61, 55
61, 56
61, 57
61, 58
61, 59
61, 59
50, 73
51, 74
52, 75
52, 76
52, 76
53, 76
52, 75
52, 75
52, 74
52, 74
53, 75
54, 76
55, 76
55, 76
52, 56
53, 57
54, 58
55, 59
56, 60
57, 61
58, 62
59, 63
58, 63
58, 63
58, 63
59, 68
59, 69
59, 70
59, 71
59, 72
59, 73
59, 74
59, 74
38, 66
38, 66
39, 67
39, 66
39, 66
39, 65
39, 65
38, 65
38, 65
39, 66
40, 67
40, 67
41, 68
42, 69
42, 69
54, 48
55, 49
56, 50
57, 49
57, 49
58, 50
60, 52
61, 53
62, 54
63, 55
64, 56
65, 57
66, 58
66, 58
53, 51
55, 53
56, 54
57, 55
58, 56
59, 57
60, 58
61, 59
62, 60
62, 61
62, 62
62, 63
62, 64
61, 65
61, 65
62, 66
62, 67
62, 68
62, 68
57, 62
58, 63
59, 64
60, 65
60, 64
60, 64
60, 64
56, 75
57, 74
57, 73
57, 73
56, 72
56, 72
55, 71
55, 71
56, 72
57, 73
58, 73
58, 73
57, 73
57, 73
60, 71
61, 72
62, 73
63, 74
64, 75
65, 76
66, 77
66, 77
59, 72
60, 73
61, 74
62, 75
63, 76
64, 77
64, 77
60, 58
60, 58
61, 59
62, 60
63, 61
64, 62
65, 63
65, 64
65, 65
65, 66
65, 66
63, 81
62, 80
61, 79
60, 78
59, 77
58, 76
58, 76
55, 60
54, 61
53, 62
54, 63
54, 63
53, 64
52, 63
52, 63
52, 63
53, 51
55, 53
56, 54
57, 55
58, 56
59, 57
60, 58
61, 59
62, 60
63, 61
64, 62
65, 63
65, 64
64, 63
64, 63
64, 63
54, 57
55, 58
55, 59
55, 60
55, 61
55, 62
55, 62
56, 63
56, 63
56, 63
58, 65
58, 66
57, 66
57, 66
58, 67
58, 68
58, 69
58, 70
58, 70
59, 64
60, 65
61, 66
62, 67
63, 68
64, 69
65, 70
66, 71
67, 72
66, 71
66, 71
66, 71
59, 63
59, 63
58, 64
57, 63
57, 63
56, 62
56, 62
55, 63
54, 64
53, 65
53, 66
53, 66
60, 76
59, 77
58, 78
57, 78
57, 78
56, 79
55, 78
55, 78
55, 78
56, 83
56, 82
56, 82
57, 83
57, 83
56, 82
56, 82
56, 82
56, 83
56, 83
57, 83
57, 83
57, 83
59, 76
60, 77
61, 78
62, 78
63, 78
64, 78
64, 78
63, 79
63, 79
63, 79
59, 61
60, 62
61, 63
62, 62
62, 62
63, 63
63, 64
63, 65
63, 66
63, 67
63, 68
63, 68
60, 73
60, 73
61, 74
61, 75
61, 76
61, 77
61, 78
61, 78
61, 69
60, 70
59, 71
58, 72
57, 73
56, 74
55, 75
54, 76
54, 76
52, 57
52, 57
53, 58
54, 59
55, 60
56, 61
57, 61
57, 61
58, 62
59, 63
60, 64
60, 64
59, 76
60, 75
60, 74
60, 74
60, 75
60, 75
60, 74
60, 74
60, 74
65, 59
64, 60
63, 61
62, 62
61, 63
60, 64
60, 64
43, 70
44, 70
45, 70
46, 70
47, 70
48, 69
48, 69
49, 70
50, 70
49, 69
49, 69
49, 69
39, 62
39, 62
41, 64
42, 65
43, 66
44, 67
45, 68
46, 69
47, 70
48, 71
49, 72
50, 73
51, 74
52, 75
53, 74
53, 74
53, 75
53, 76
53, 77
53, 77
59, 71
58, 70
58, 70
58, 71
58, 72
58, 73
58, 74
58, 75
58, 75
61, 65
62, 66
62, 67
62, 68
62, 69
63, 68
63, 68
63, 68
63, 78
62, 79
61, 80
61, 80
60, 81
60, 81
59, 80
59, 80
60, 80
60, 80
62, 77
62, 77
61, 76
60, 75
61, 76
61, 76
60, 75
60, 75
56, 79
57, 80
58, 80
59, 79
59, 79
60, 80
61, 80
61, 80
61, 80
51, 64
51, 65
51, 66
51, 67
51, 68
51, 69
51, 70
51, 71
51, 71
56, 82
55, 81
54, 82
54, 82
53, 81
52, 80
51, 79
50, 78
50, 78
50, 78
61, 65
62, 66
62, 66
63, 66
63, 66
64, 67
65, 68
66, 69
66, 69
66, 69
60, 65
60, 66
60, 65
60, 65
59, 64
59, 64
60, 65
60, 65
54, 67
55, 68
56, 69
56, 70
56, 70
57, 71
58, 72
58, 72
59, 71
60, 72
59, 71
59, 71
60, 72
61, 73
61, 73
66, 78
66, 78
67, 79
68, 79
68, 79
68, 78
68, 78
68, 79
68, 79
68, 79
59, 77
60, 78
61, 79
62, 80
63, 81
64, 82
65, 82
66, 82
67, 82
67, 82
67, 82
67, 71
67, 71
66, 72
65, 73
64, 74
63, 75
63, 75
48, 69
48, 69
49, 70
49, 70
50, 71
51, 72
52, 73
53, 74
54, 75
55, 76
55, 76
64, 80
65, 81
66, 82
65, 83
65, 83
66, 82
66, 82
65, 83
65, 83
66, 82
66, 82
61, 75
62, 76
63, 77
64, 78
65, 79
66, 80
66, 81
66, 82
66, 83
66, 83
63, 64
62, 65
62, 65
61, 66
62, 66
62, 66
61, 67
60, 68
59, 69
60, 69
60, 69
59, 70
58, 71
58, 71
64, 69
64, 69
65, 70
66, 71
67, 71
67, 71
68, 72
68, 73
67, 73
67, 73
66, 73
66, 73
65, 72
65, 72
65, 72
57, 64
58, 65
59, 66
60, 65
60, 65
61, 66
62, 67
62, 67
64, 67
63, 68
63, 69
63, 70
64, 70
64, 70
64, 70
55, 75
56, 75
57, 75
58, 75
59, 75
59, 75
59, 75
59, 75
59, 75
59, 74
60, 73
61, 72
62, 71
63, 70
64, 70
65, 70
66, 70
66, 70
54, 76
55, 75
56, 76
56, 76
57, 75
57, 74
57, 74
57, 74
58, 74
59, 75
60, 76
61, 77
61, 77
62, 78
62, 78
65, 83
64, 84
63, 85
62, 86
61, 86
61, 86
60, 86
60, 86
60, 86
60, 74
59, 75
58, 76
57, 77
58, 76
58, 76
57, 77
57, 78
57, 78
66, 81
65, 80
64, 80
64, 80
63, 79
62, 78
63, 78
63, 78
62, 77
62, 77
67, 70
68, 71
68, 72
68, 73
68, 74
68, 75
68, 75
60, 74
61, 73
60, 73
60, 73
61, 72
60, 72
60, 72
60, 72
59, 79
58, 80
58, 80
57, 79
56, 78
55, 77
54, 77
54, 77
54, 76
54, 76
54, 77
53, 77
52, 77
51, 77
50, 77
50, 77
51, 77
51, 77
51, 77
59, 71
60, 71
61, 71
62, 71
61, 71
61, 71
62, 71
62, 71
60, 79
59, 78
58, 77
57, 76
58, 76
58, 76
57, 75
57, 75
56, 75
56, 75
55, 76
54, 76
54, 76
54, 76
54, 76
54, 76
54, 76
54, 76
66, 73
66, 73
65, 74
65, 75
65, 75
66, 74
66, 74
67, 73
67, 73
67, 73
59, 74
58, 73
57, 72
56, 72
56, 72
56, 71
56, 71
61, 64
61, 64
60, 65
59, 66
60, 67
60, 67
59, 68
59, 68
57, 71
57, 71
56, 72
55, 73
54, 74
53, 75
52, 76
52, 76
51, 72
51, 72
51, 73
51, 73
52, 74
53, 75
54, 75
55, 75
56, 76
56, 76
56, 75
56, 75
55, 75
56, 76
56, 76
56, 76
67, 71
68, 72
68, 72
69, 73
70, 74
70, 75
70, 75
65, 70
66, 70
67, 70
68, 70
69, 70
68, 69
68, 69
68, 70
68, 70
68, 70
61, 79
60, 80
59, 81
58, 82
57, 81
57, 81
56, 82
55, 81
55, 81
54, 82
54, 83
54, 84
54, 84
64, 69
63, 69
63, 69
64, 70
65, 71
66, 72
66, 73
66, 74
66, 75
66, 75
51, 79
52, 80
53, 81
54, 82
55, 82
56, 81
56, 81
57, 82
58, 82
59, 82
60, 82
60, 82
60, 82
61, 68
60, 69
61, 68
61, 68
60, 69
60, 69
59, 70
58, 70
57, 70
56, 70
55, 70
55, 70
65, 82
64, 81
63, 80
62, 79
63, 79
63, 79
63, 79
67, 80
66, 81
65, 82
64, 83
63, 84
62, 84
61, 84
60, 84
60, 84
62, 76
61, 77
60, 78
59, 79
58, 80
57, 81
56, 82
56, 81
56, 81
55, 82
55, 83
55, 83
69, 76
68, 77
67, 77
67, 77
66, 78
65, 79
65, 79
55, 75
56, 74
57, 74
58, 74
58, 74
59, 74
60, 74
61, 74
62, 74
63, 74
64, 74
64, 74
55, 72
54, 73
53, 74
53, 74
53, 74
53, 74
53, 74
53, 74
53, 74
57, 75
58, 74
59, 74
59, 74
59, 74
59, 74
59, 74
59, 74
59, 74
58, 74
58, 74
58, 74
56, 71
57, 72
58, 73
59, 74
60, 75
61, 76
62, 77
62, 77
59, 84
59, 84
59, 84
59, 84
60, 84
60, 84
59, 84
59, 84
59, 84
59, 84
60, 83
60, 83
60, 83
53, 75
53, 75
54, 74
55, 73
56, 72
57, 71
57, 71
61, 87
61, 87
60, 86
60, 85
60, 84
60, 83
60, 82
60, 81
60, 80
60, 80
67, 71
67, 72
67, 73
67, 74
67, 75
67, 76
67, 77
67, 78
67, 79
67, 79
56, 82
56, 82
57, 81
58, 81
59, 81
60, 81
61, 81
61, 81
59, 73
58, 74
57, 74
56, 74
56, 73
56, 73
56, 74
56, 74
55, 74
56, 75
56, 75
55, 74
54, 74
54, 74
53, 75
53, 75
54, 76
55, 77
56, 78
57, 79
58, 80
58, 81
58, 81
59, 82
60, 83
61, 84
61, 84
60, 69
59, 69
59, 69
60, 70
60, 70
61, 71
62, 72
63, 73
64, 74
65, 75
66, 76
66, 76
58, 76
59, 77
58, 76
58, 76
58, 77
58, 77
59, 78
59, 79
59, 80
59, 80
59, 80
55, 83
56, 82
57, 82
58, 82
59, 82
60, 82
60, 82
52, 78
53, 78
53, 78
54, 79
55, 78
55, 78
56, 79
56, 79
61, 76
60, 75
60, 75
60, 75
60, 75
60, 75
60, 75
60, 75
60, 75
60, 75
60, 75
67, 74
66, 74
65, 73
65, 73
64, 74
65, 73
65, 73
64, 74
64, 74
63, 72
64, 73
65, 74
65, 75
65, 76
65, 76
66, 74
65, 75
66, 74
66, 74
65, 75
64, 76
63, 77
62, 78
61, 79
61, 79
60, 81
60, 81
59, 80
59, 79
59, 79
59, 79
59, 79
59, 79
59, 79
59, 79
65, 76
66, 76
66, 76
65, 77
64, 78
65, 78
65, 78
64, 79
63, 80
62, 81
62, 82
62, 82
56, 79
55, 80
54, 81
54, 82
55, 83
55, 83
54, 84
54, 84
62, 78
61, 77
60, 76
59, 75
58, 74
57, 74
57, 74
57, 74
57, 74
57, 74
61, 83
61, 83
60, 82
60, 81
60, 80
60, 80
60, 80
60, 80
60, 80
60, 80
55, 75
56, 76
55, 76
55, 76
56, 76
57, 76
58, 76
58, 76
60, 80
59, 79
60, 79
60, 79
59, 78
58, 77
57, 76
57, 76
66, 80
65, 79
65, 79
64, 79
64, 79
65, 80
66, 80
66, 80
67, 81
68, 81
68, 81
58, 72
59, 71
59, 71
59, 72
59, 73
59, 74
59, 75
59, 76
59, 77
59, 77
63, 81
64, 80
64, 79
64, 78
64, 77
64, 78
64, 78
64, 77
64, 77
62, 80
61, 80
61, 80
62, 81
63, 82
63, 82
64, 83
63, 83
63, 83
64, 84
64, 84
55, 78
55, 78
56, 78
56, 78
57, 79
57, 79
58, 80
58, 80
59, 79
60, 78
61, 77
61, 78
61, 78
60, 77
60, 77
61, 77
61, 77
55, 85
55, 85
55, 86
55, 86
56, 85
57, 84
58, 83
59, 82
59, 81
59, 81
59, 81
65, 74
65, 74
64, 75
64, 75
63, 76
62, 77
61, 78
60, 79
59, 80
59, 80
59, 79
58, 79
57, 79
56, 79
55, 79
54, 79
53, 79
52, 79
51, 79
51, 79
65, 75
66, 74
66, 74
67, 75
66, 76
66, 76
67, 77
68, 78
68, 78
61, 76
62, 75
62, 75
61, 74
60, 73
60, 72
60, 72
59, 73
58, 73
57, 73
57, 73
60, 80
60, 80
59, 79
59, 78
59, 77
59, 78
59, 78
59, 77
60, 77
60, 77
60, 77
66, 78
65, 78
64, 78
63, 78
62, 78
61, 78
60, 78
61, 79
61, 79
60, 78
60, 78
58, 75
58, 75
59, 76
60, 77
61, 78
62, 79
62, 79
54, 75
55, 76
56, 77
57, 78
58, 79
59, 80
59, 80
61, 82
62, 81
63, 80
64, 79
65, 78
65, 77
65, 77
65, 77
65, 75
64, 74
63, 73
62, 74
62, 74
63, 73
63, 73
63, 73
60, 85
60, 84
60, 84
59, 85
59, 86
59, 86
60, 86
60, 86
59, 86
59, 86
58, 86
58, 86
58, 86
64, 75
63, 74
62, 73
61, 73
60, 73
59, 73
58, 73
58, 73
59, 74
58, 75
58, 75
57, 74
56, 73
55, 72
55, 72
59, 75
58, 75
58, 75
59, 76
59, 76
60, 77
61, 78
62, 79
63, 79
64, 79
65, 79
65, 79
58, 81
58, 80
58, 80
59, 79
59, 79
58, 80
57, 81
57, 81
56, 82
55, 83
55, 83
59, 79
58, 80
57, 80
56, 80
55, 80
54, 80
54, 80
54, 81
54, 81
54, 80
54, 80
63, 76
63, 77
63, 77
62, 76
63, 77
63, 77
62, 76
61, 76
60, 75
60, 75
61, 76
61, 76
61, 76
69, 82
69, 82
68, 83
67, 84
66, 85
65, 85
65, 85
60, 77
60, 77
61, 76
62, 76
63, 76
64, 76
64, 75
64, 75
65, 74
65, 74
66, 75
66, 75
64, 78
63, 77
62, 76
61, 75
60, 75
60, 75
59, 75
58, 75
57, 75
58, 75
58, 75
57, 75
57, 75
54, 82
53, 81
52, 80
51, 79
51, 78
51, 78
51, 78
51, 78
51, 78
66, 78
67, 79
68, 80
67, 81
67, 81
68, 82
68, 83
68, 83
60, 81
61, 82
62, 83
63, 83
64, 83
63, 82
63, 82
63, 82
52, 78
53, 77
54, 77
53, 77
53, 77
52, 77
52, 77
53, 77
54, 77
55, 77
56, 77
56, 77
59, 85
60, 84
60, 83
60, 83
61, 82
62, 81
63, 80
64, 80
64, 80
65, 79
64, 80
64, 80
64, 80
59, 77
58, 78
58, 78
59, 79
60, 79
60, 79
61, 80
61, 81
61, 82
61, 83
62, 82
62, 82
61, 83
61, 83
58, 77
59, 78
60, 79
61, 80
62, 81
63, 82
64, 83
65, 84
65, 84
59, 74
60, 75
61, 76
62, 77
62, 77
63, 78
63, 78
64, 79
64, 79
61, 81
62, 81
62, 81
62, 82
62, 82
62, 83
62, 83
62, 83
62, 83
62, 83
62, 83
62, 83
62, 74
62, 75
62, 76
62, 77
63, 77
63, 77
62, 78
62, 79
62, 79
60, 82
61, 83
62, 84
62, 85
62, 85
63, 85
64, 85
65, 85
66, 85
67, 85
67, 85
58, 72
58, 72
59, 73
60, 74
60, 75
60, 76
60, 77
60, 78
60, 78
67, 78
67, 78
66, 77
66, 78
66, 78
65, 77
64, 77
63, 77
62, 77
62, 77
59, 76
58, 76
57, 76
57, 76
56, 76
56, 76
55, 76
54, 76
53, 76
52, 76
52, 76
60, 78
61, 77
61, 77
60, 78
60, 79
60, 80
59, 79
59, 79
60, 80
60, 81
60, 82
59, 81
59, 81
59, 81
54, 73
54, 73
55, 74
56, 75
57, 76
58, 77
58, 78
58, 79
59, 80
59, 80
59, 80
63, 80
64, 81
65, 82
66, 83
67, 84
68, 85
69, 86
69, 87
69, 87
65, 83
66, 82
67, 81
68, 80
69, 79
69, 78
69, 77
69, 77
59, 79
59, 79
60, 80
61, 81
62, 82
63, 83
64, 84
65, 85
65, 85
61, 77
62, 78
62, 79
62, 78
63, 79
63, 79
53, 75
53, 74
52, 75
53, 74
53, 73
54, 74
53, 74
54, 75
54, 75
63, 79
64, 79
63, 79
62, 78
63, 78
64, 77
65, 77
65, 78
65, 77
65, 76
65, 76
68, 76
67, 76
66, 76
65, 76
66, 75
66, 74
65, 75
64, 76
65, 75
64, 75
64, 75
68, 86
69, 85
68, 86
69, 85
70, 86
70, 85
70, 85
60, 80
61, 79
62, 80
62, 79
61, 78
60, 78
60, 78
63, 83
63, 82
62, 83
63, 83
64, 82
63, 81
62, 82
62, 82
61, 83
60, 83
61, 82
60, 83
59, 83
59, 84
60, 85
59, 84
59, 85
60, 85
60, 85
68, 85
69, 85
68, 85
68, 84
69, 83
70, 84
71, 84
70, 85
70, 85
61, 77
62, 77
62, 78
62, 79
63, 79
64, 78
65, 78
65, 77
64, 78
64, 78
58, 74
59, 73
58, 73
57, 72
58, 72
58, 71
59, 70
60, 69
59, 69
58, 70
58, 70
55, 78
56, 79
57, 80
56, 81
56, 82
55, 81
55, 81
61, 75
61, 76
62, 77
63, 76
62, 77
62, 78
63, 77
62, 77
63, 76
63, 77
63, 77
64, 84
63, 84
62, 84
62, 83
63, 84
64, 85
65, 85
65, 86
65, 86
53, 81
54, 81
53, 82
52, 83
53, 82
54, 82
55, 82
54, 83
55, 83
56, 84
56, 84
63, 80
64, 81
63, 82
62, 81
61, 82
60, 83
61, 84
60, 85
60, 84
60, 84
65, 74
66, 74
66, 75
67, 75
68, 74
67, 73
66, 74
67, 75
67, 75
65, 86
64, 85
63, 84
64, 85
64, 86
65, 87
64, 86
63, 86
64, 85
64, 85
63, 78
63, 77
64, 78
65, 78
64, 79
64, 79
51, 79
52, 78
53, 79
54, 78
55, 78
55, 79
55, 78
55, 78
62, 82
63, 81
63, 80
63, 81
62, 82
62, 81
63, 80
64, 79
64, 78
64, 78
67, 82
68, 83
67, 82
67, 83
67, 82
66, 81
65, 81
65, 81
59, 81
58, 80
59, 80
58, 81
58, 82
57, 82
57, 83
58, 82
58, 82
64, 84
63, 85
63, 84
62, 83
61, 82
62, 81
63, 82
62, 82
63, 81
63, 81
64, 76
63, 76
62, 77
61, 77
62, 78
63, 79
63, 80
62, 80
61, 79
61, 79
57, 81
58, 80
58, 81
59, 81
60, 80
59, 79
59, 78
59, 78
63, 74
63, 73
62, 74
62, 73
63, 73
64, 74
63, 73
64, 73
65, 74
65, 74
57, 70
57, 71
58, 70
59, 69
59, 68
59, 67
59, 66
59, 67
58, 67
58, 67
61, 85
61, 86
62, 86
61, 86
62, 86
61, 86
61, 87
60, 88
59, 87
59, 87
65, 85
66, 84
65, 85
66, 85
67, 84
67, 84
64, 86
63, 86
64, 85
63, 86
62, 85
63, 85
63, 85
61, 77
62, 76
63, 76
63, 77
63, 78
62, 78
62, 77
61, 78
61, 78
63, 77
62, 76
61, 76
60, 75
60, 76
60, 76
59, 84
60, 85
59, 84
59, 83
59, 84
58, 85
59, 84
58, 84
57, 85
57, 85
64, 80
64, 79
63, 79
64, 80
65, 79
65, 80
65, 80
66, 74
67, 75
68, 76
67, 75
68, 76
68, 77
69, 78
69, 78
63, 80
63, 79
63, 80
63, 81
62, 80
61, 80
61, 80
66, 82
67, 81
67, 82
66, 81
67, 80
68, 81
68, 80
67, 81
67, 81
62, 81
62, 80
63, 79
62, 78
63, 77
62, 76
63, 77
63, 77
69, 85
69, 86
70, 85
69, 85
70, 85
70, 85
55, 83
56, 83
57, 83
56, 83
55, 82
55, 82
54, 80
55, 79
56, 78
57, 77
58, 77
57, 76
58, 75
58, 74
58, 75
58, 75
62, 77
61, 78
61, 77
62, 77
63, 78
63, 78
55, 74
55, 75
54, 74
55, 75
54, 75
55, 74
56, 75
56, 76
56, 76
63, 79
63, 78
62, 78
61, 79
60, 78
59, 77
59, 77
55, 77
56, 78
55, 79
55, 78
54, 78
54, 78
63, 78
63, 79
62, 79
63, 80
64, 79
64, 78
63, 78
63, 79
64, 78
64, 78
69, 86
69, 85
69, 84
69, 83
69, 82
68, 83
68, 83
59, 68
60, 69
61, 70
62, 71
63, 72
64, 73
65, 74
66, 75
67, 76
67, 76
66, 80
65, 79
65, 79
64, 78
63, 77
62, 76
61, 75
60, 74
60, 74
60, 74
57, 74
56, 73
55, 72
54, 71
53, 70
53, 70
52, 69
52, 69
52, 69
52, 69
64, 76
65, 75
66, 74
66, 74
66, 74
66, 74
55, 75
54, 74
54, 74
53, 73
52, 72
51, 71
51, 71
67, 82
66, 81
65, 80
64, 79
63, 78
62, 77
61, 76
61, 76
61, 76
61, 78
61, 78
61, 78
60, 79
59, 80
58, 81
57, 82
56, 83
56, 83
57, 85
56, 84
55, 83
54, 82
53, 81
52, 80
52, 80
51, 79
51, 79
54, 81
53, 80
52, 79
51, 78
50, 77
49, 76
48, 75
47, 74
46, 73
45, 72
45, 72
68, 79
67, 80
66, 81
65, 82
64, 83
64, 83
63, 83
62, 83
62, 83
58, 86
57, 85
56, 84
55, 83
54, 82
54, 82
58, 77
57, 76
56, 75
55, 74
54, 73
54, 73
66, 73
66, 72
66, 71
66, 70
66, 69
66, 68
66, 67
66, 66
66, 66
62, 84
62, 84
61, 83
60, 82
59, 81
58, 80
57, 79
56, 78
55, 77
55, 77
60, 78
59, 77
58, 76
57, 75
56, 74
55, 73
54, 72
53, 71
52, 70
52, 70
62, 77
61, 76
60, 75
59, 74
58, 73
57, 72
56, 71
56, 70
56, 70
67, 84
67, 84
66, 83
65, 82
65, 82
65, 82
65, 82
64, 81
64, 81
64, 81
59, 75
58, 74
57, 74
57, 74
57, 74
56, 74
56, 74
55, 74
55, 74
55, 74
54, 78
55, 77
56, 76
56, 76
57, 75
58, 74
59, 73
60, 72
61, 71
61, 71
58, 76
57, 75
56, 75
55, 75
54, 75
54, 75
70, 85
70, 85
69, 84
68, 83
67, 82
66, 81
66, 81
66, 79
67, 79
68, 79
68, 79
68, 79
68, 79
68, 79
68, 79
60, 79
60, 79
59, 78
58, 77
58, 77
57, 76
56, 75
56, 75
64, 78
64, 78
63, 77
62, 76
61, 75
61, 75
67, 78
66, 77
65, 76
64, 75
63, 74
62, 73
62, 73
63, 80
63, 80
62, 79
61, 78
60, 77
59, 76
59, 76
60, 74
59, 73
58, 72
57, 71
56, 70
56, 70
55, 69
54, 68
54, 68
60, 70
59, 69
58, 68
57, 67
56, 66
55, 65
54, 64
53, 63
53, 63
60, 75
59, 74
58, 74
57, 74
56, 74
55, 74
54, 74
54, 74
65, 80
64, 79
63, 78
62, 77
62, 77
62, 77
61, 76
61, 76
60, 75
59, 74
59, 74
55, 69
54, 69
53, 69
52, 69
51, 69
51, 69
50, 69
49, 69
48, 69
47, 69
47, 69
61, 82
60, 81
59, 80
58, 79
57, 78
57, 78
56, 77
56, 77
51, 68
51, 68
50, 67
49, 66
48, 65
47, 64
47, 64
47, 64
46, 63
45, 62
45, 62
54, 76
53, 75
52, 74
51, 73
50, 72
49, 71
49, 71
48, 70
47, 69
46, 68
46, 68
50, 78
49, 77
49, 77
49, 77
48, 76
47, 75
46, 74
45, 73
45, 73
55, 76
54, 77
53, 78
52, 79
51, 80
51, 80
50, 81
50, 81
61, 73
61, 73
62, 72
62, 72
63, 71
64, 70
64, 70
64, 70
50, 70
49, 69
48, 68
47, 67
46, 66
45, 65
44, 64
43, 63
43, 61
44, 60
45, 59
46, 58
47, 57
48, 56
49, 55
48, 54
48, 54
53, 81
52, 80
51, 79
50, 78
49, 77
49, 77
48, 76
48, 76
47, 75
46, 74
46, 74
67, 76
66, 75
66, 75
66, 75
65, 74
64, 74
64, 74
44, 71
43, 70
42, 69
41, 68
40, 67
39, 66
38, 65
37, 64
37, 64
65, 73
64, 72
63, 71
62, 70
61, 69
60, 68
59, 67
59, 67
58, 66
58, 66
58, 66
55, 82
54, 81
53, 80
52, 79
51, 78
51, 78
55, 74
55, 74
56, 73
57, 72
58, 71
59, 70
60, 69
61, 68
62, 67
62, 67
55, 76
56, 77
57, 78
57, 78
58, 79
59, 79
60, 79
61, 79
62, 79
62, 79
53, 72
52, 71
51, 70
50, 69
49, 68
48, 67
47, 66
46, 65
45, 64
45, 64
66, 66
65, 67
64, 68
63, 69
63, 69
62, 70
61, 71
61, 71
51, 69
50, 68
50, 68
50, 68
49, 67
49, 67
50, 68
51, 69
52, 70
53, 71
54, 72
54, 72
38, 63
39, 62
40, 61
40, 61
41, 60
41, 60
41, 60
41, 60
42, 59
44, 58
45, 57
46, 56
47, 55
48, 54
48, 54
48, 68
48, 68
49, 67
50, 66
50, 66
51, 65
52, 64
52, 64
44, 63
44, 63
43, 64
42, 65
41, 66
40, 67
39, 68
38, 68
38, 68
38, 68
53, 67
53, 67
52, 66
52, 66
51, 65
50, 64
50, 64
50, 62
50, 61
50, 60
50, 59
50, 58
50, 57
50, 56
50, 55
50, 54
49, 55
49, 55
49, 53
50, 52
51, 51
52, 50
53, 49
53, 49
54, 48
54, 48
54, 48
53, 49
52, 50
51, 50
50, 50
50, 50
50, 50
50, 50
50, 50
46, 74
47, 75
48, 75
49, 75
49, 75
50, 75
51, 75
52, 75
53, 75
53, 75
45, 67
45, 67
44, 66
43, 65
42, 64
41, 63
40, 62
39, 61
38, 60
38, 60
58, 75
58, 75
57, 74
56, 73
55, 72
55, 72
53, 73
52, 72
51, 71
50, 70
49, 69
48, 68
47, 67
46, 66
45, 65
45, 65
52, 64
52, 64
51, 65
51, 65
50, 66
49, 67
48, 68
48, 68
58, 75
57, 75
56, 75
55, 75
54, 75
54, 75
53, 75
52, 75
51, 75
51, 75
62, 73
61, 72
60, 71
59, 70
58, 69
57, 68
57, 68
55, 76
54, 75
54, 75
53, 74
52, 73
52, 73
45, 73
44, 72
43, 71
42, 70
42, 70
42, 70
63, 73
62, 72
61, 71
60, 70
59, 69
58, 68
57, 67
56, 66
55, 65
54, 64
54, 64
50, 77
49, 76
48, 75
48, 75
47, 74
46, 73
45, 72
44, 71
43, 70
42, 69
42, 69
62, 70
63, 69
64, 68
65, 67
66, 66
66, 66
67, 65
67, 65
63, 69
62, 68
61, 67
60, 66
59, 65
59, 65
58, 64
57, 63
56, 62
56, 62
63, 68
64, 69
64, 70
64, 71
64, 71
64, 71
51, 82
52, 83
53, 84
54, 85
55, 86
55, 86
56, 87
57, 88
58, 89
58, 89
44, 63
44, 61
45, 60
46, 59
47, 58
48, 57
49, 56
50, 55
50, 54
50, 53
50, 53
49, 52
48, 51
47, 50
46, 49
45, 48
44, 47
44, 47
57, 67
56, 68
56, 68
56, 68
55, 69
54, 70
53, 71
52, 72
51, 72
50, 72
50, 72
63, 78
64, 77
64, 77
65, 76
66, 75
67, 74
67, 74
53, 71
52, 70
51, 69
51, 69
51, 69
51, 69
51, 69
50, 68
50, 68
49, 67
49, 67
46, 64
47, 63
47, 63
49, 61
50, 60
50, 59
50, 58
50, 57
50, 56
50, 55
50, 54
50, 53
50, 53
51, 52
52, 51
53, 50
54, 49
54, 49
54, 49
51, 63
50, 62
49, 61
48, 60
47, 59
47, 59
45, 48
46, 49
47, 50
48, 51
49, 52
50, 53
50, 53
49, 55
50, 56
50, 56
51, 57
52, 58
53, 58
54, 58
55, 58
55, 58
66, 66
65, 67
64, 68
64, 68
64, 68
64, 68
63, 69
62, 70
61, 71
60, 72
60, 72
49, 67
50, 66
51, 65
51, 65
52, 64
52, 64
52, 64
51, 49
52, 48
53, 47
54, 46
55, 45
55, 45
50, 72
49, 71
48, 70
47, 69
46, 68
45, 67
45, 67
56, 62
57, 61
58, 60
59, 59
60, 58
61, 57
61, 57
52, 74
52, 74
51, 73
51, 73
50, 72
49, 71
49, 71
63, 72
62, 73
61, 74
61, 74
60, 75
59, 76
58, 76
57, 76
56, 76
56, 76
54, 64
53, 63
52, 62
51, 61
50, 60
50, 60
49, 59
49, 59
48, 58
48, 58
54, 71
53, 70
53, 70
52, 69
51, 68
50, 67
50, 67
49, 66
49, 66
49, 55
49, 55
50, 56
51, 57
52, 58
52, 58
41, 68
40, 67
39, 66
39, 65
39, 65
39, 65
57, 88
56, 87
55, 86
54, 85
53, 84
53, 84
66, 75
66, 75
66, 75
65, 76
64, 77
63, 78
62, 79
61, 80
60, 81
59, 82
59, 82
42, 70
41, 71
40, 71
40, 71
39, 71
38, 71
38, 71
51, 75
50, 74
49, 73
48, 72
47, 71
47, 71
51, 72
50, 71
49, 70
48, 69
48, 69
47, 68
46, 67
45, 66
45, 66
45, 66
45, 66
56, 67
55, 66
54, 65
53, 64
52, 63
51, 62
50, 61
49, 60
49, 60
39, 67
39, 66
39, 66
39, 65
39, 65
39, 65
39, 59
40, 58
40, 58
41, 57
42, 56
43, 55
43, 55
55, 45
54, 44
54, 44
53, 43
53, 43
52, 42
51, 41
50, 40
49, 39
48, 38
48, 38
58, 81
58, 81
57, 80
57, 80
56, 79
56, 79
56, 79
55, 78
55, 78
39, 72
39, 72
40, 73
41, 74
42, 75
42, 75
44, 66
44, 66
43, 65
43, 64
43, 63
43, 63
59, 71
58, 70
57, 69
56, 68
56, 68
55, 67
54, 66
53, 65
52, 64
52, 64
62, 58
63, 59
63, 59
64, 60
64, 60
64, 60
64, 60
65, 61
65, 61
48, 65
47, 64
47, 64
47, 64
46, 63
45, 62
45, 62
49, 71
48, 70
48, 69
48, 69
48, 68
48, 68
48, 68
48, 67
48, 66
48, 65
48, 65
50, 61
51, 62
51, 62
52, 63
53, 64
54, 65
54, 65
49, 59
50, 60
50, 60
51, 61
52, 62
53, 63
53, 63
54, 64
55, 65
55, 65
47, 71
47, 71
48, 70
49, 69
49, 69
50, 68
50, 68
51, 67
52, 66
52, 66
52, 66
51, 54
52, 55
53, 56
54, 57
55, 58
55, 58
56, 59
57, 60
58, 61
58, 61
45, 66
46, 65
47, 64
48, 63
50, 61
50, 60
50, 59
50, 58
50, 57
50, 56
50, 55
50, 54
50, 53
50, 52
51, 53
52, 54
53, 55
53, 55
53, 55
57, 75
58, 74
59, 74
60, 74
60, 74
61, 74
62, 74
62, 74
62, 74
62, 74
52, 64
51, 63
50, 62
50, 62
50, 62
49, 61
49, 61
48, 60
48, 60
48, 60
55, 58
54, 59
53, 60
52, 61
52, 62
52, 63
52, 64
52, 64
40, 64
41, 63
43, 61
44, 60
45, 59
46, 58
47, 57
48, 56
49, 55
50, 54
50, 53
50, 53
51, 52
52, 51
53, 50
53, 50
48, 68
47, 69
46, 70
45, 71
44, 72
44, 72
42, 54
41, 53
40, 52
40, 52
39, 51
38, 50
38, 50
40, 66
41, 67
42, 68
43, 69
44, 70
45, 71
46, 72
47, 73
48, 74
49, 75
49, 75
53, 50
52, 51
51, 52
50, 53
49, 54
48, 55
48, 55
47, 56
46, 57
46, 57
47, 57
48, 56
49, 55
50, 54
50, 53
50, 52
49, 51
48, 50
47, 49
46, 48
46, 48
45, 47
44, 46
44, 46
45, 47
46, 48
47, 49
48, 50
49, 50
50, 50
49, 49
49, 49
51, 59
50, 60
50, 60
50, 60
49, 61
49, 61
50, 60
50, 59
50, 58
50, 57
50, 56
50, 55
50, 54
50, 53
49, 54
48, 55
48, 55
47, 56
47, 56
52, 83
52, 83
51, 82
51, 81
51, 80
51, 80
54, 77
53, 76
52, 75
52, 75
51, 74
51, 74
45, 60
46, 59
47, 58
48, 57
49, 56
50, 55
50, 54
49, 54
48, 54
47, 54
46, 54
46, 54
39, 49
40, 48
40, 48
41, 47
41, 47
43, 47
44, 48
45, 49
46, 50
47, 50
48, 50
49, 50
50, 50
50, 50
50, 50
51, 49
51, 49
52, 48
53, 47
53, 47
45, 71
46, 70
47, 69
48, 68
48, 68
49, 67
49, 67
52, 66
53, 65
54, 64
54, 64
55, 63
56, 63
56, 63
57, 63
57, 63
50, 79
50, 79
49, 78
48, 77
47, 76
46, 75
46, 75
41, 74
40, 73
39, 72
38, 71
37, 70
36, 69
36, 69
53, 64
52, 63
51, 62
51, 62
50, 61
49, 60
49, 60
57, 60
56, 59
56, 59
55, 58
54, 57
53, 56
52, 55
52, 55
51, 55
50, 55
50, 55
48, 48
48, 48
47, 47
46, 46
45, 45
44, 44
44, 44
64, 62
63, 63
62, 64
61, 65
60, 66
59, 67
58, 68
58, 68
49, 75
48, 74
47, 73
47, 73
47, 73
47, 73
51, 63
50, 62
49, 61
48, 60
47, 59
47, 57
48, 56
49, 55
50, 54
50, 53
50, 52
50, 51
50, 50
50, 50
50, 50
49, 49
48, 48
48, 48
52, 51
51, 52
50, 53
49, 54
48, 55
47, 56
46, 57
46, 57
48, 57
49, 58
50, 59
51, 60
52, 61
53, 62
53, 62
53, 55
52, 54
51, 53
50, 52
49, 51
48, 50
47, 49
46, 48
45, 47
44, 46
44, 46
43, 64
43, 65
43, 66
43, 67
43, 67
43, 67
43, 67
43, 67
43, 67
49, 39
50, 40
51, 41
52, 42
53, 43
54, 44
54, 45
54, 45
46, 55
47, 54
48, 53
49, 52
50, 51
50, 50
50, 50
50, 50
50, 50
50, 50
49, 49
48, 48
47, 47
46, 46
46, 46
45, 45
44, 44
44, 44
48, 60
49, 59
50, 58
50, 57
50, 56
50, 55
50, 54
50, 53
50, 52
49, 53
48, 54
47, 55
46, 56
46, 56
47, 55
48, 54
49, 53
50, 52
50, 51
50, 50
49, 51
48, 52
48, 52
61, 73
60, 72
59, 71
59, 71
58, 70
57, 69
56, 68
56, 68
47, 66
47, 66
46, 67
45, 68
45, 68
45, 68
45, 68
44, 69
44, 69
56, 64
56, 63
56, 62
56, 62
56, 61
56, 61
51, 63
51, 63
51, 63
50, 62
50, 62
50, 61
50, 60
50, 59
50, 59
46, 75
46, 75
46, 75
47, 74
48, 73
48, 73
49, 72
49, 72
49, 72
49, 72
47, 53
47, 52
47, 51
47, 50
47, 49
47, 48
47, 47
47, 46
47, 45
47, 45
53, 46
52, 47
51, 48
51, 48
51, 49
51, 49
51, 49
51, 50
51, 50
56, 64
55, 65
54, 66
54, 67
54, 68
54, 69
54, 70
54, 70
54, 71
54, 71
49, 51
49, 51
49, 51
50, 50
50, 50
51, 49
52, 48
52, 48
52, 48
52, 48
57, 67
57, 67
56, 66
56, 66
55, 65
54, 64
53, 63
52, 62
51, 61
50, 60
50, 60
54, 48
55, 49
56, 50
56, 50
55, 50
54, 50
53, 50
52, 50
53, 51
53, 51
54, 63
55, 64
55, 64
56, 65
57, 66
57, 66
58, 67
59, 68
59, 68
56, 68
55, 67
54, 66
53, 65
52, 64
52, 64
51, 63
50, 62
50, 62
49, 61
49, 61
50, 66
51, 65
52, 64
53, 63
53, 63
53, 63
53, 63
56, 61
55, 62
54, 63
54, 63
53, 64
52, 65
52, 65
46, 55
47, 54
48, 53
49, 52
50, 51
50, 50
50, 50
50, 50
49, 49
48, 48
47, 47
47, 47
46, 46
45, 45
45, 45
45, 43
45, 43
46, 42
47, 41
48, 40
49, 39
50, 38
50, 38
47, 73
46, 72
45, 71
45, 71
44, 71
44, 71
43, 71
43, 71
37, 68
38, 67
38, 66
38, 65
38, 64
38, 64
38, 64
38, 64
38, 64
38, 64
38, 64
49, 56
48, 57
48, 57
47, 58
47, 58
48, 57
49, 56
50, 55
50, 54
50, 53
50, 53
50, 53
50, 73
49, 72
49, 72
49, 72
49, 72
48, 71
47, 70
47, 68
48, 67
49, 66
50, 65
50, 64
50, 63
50, 62
50, 61
50, 60
50, 59
50, 58
50, 57
50, 56
50, 55
50, 55
45, 45
46, 44
47, 43
48, 42
48, 42
49, 41
50, 40
51, 39
51, 39
52, 38
52, 38
42, 66
42, 66
41, 65
40, 64
39, 63
38, 62
38, 62
48, 59
48, 59
47, 58
46, 57
46, 55
47, 54
48, 53
49, 52
50, 51
49, 50
48, 49
48, 49
47, 48
46, 47
46, 47
49, 60
49, 60
50, 59
50, 58
50, 57
50, 56
50, 55
50, 54
50, 53
49, 54
48, 55
48, 55
47, 56
47, 56
47, 56
44, 44
45, 45
46, 46
47, 47
48, 48
48, 48
49, 49
50, 50
51, 51
52, 52
52, 52
45, 68
45, 68
46, 67
47, 66
48, 65
49, 64
50, 62
50, 61
50, 60
50, 59
50, 58
50, 57
50, 56
51, 57
51, 57
47, 49
46, 50
45, 51
44, 52
43, 53
42, 54
41, 55
41, 55
41, 55
53, 72
53, 71
52, 71
53, 70
52, 70
53, 71
53, 71
52, 51
51, 50
51, 49
52, 48
52, 49
52, 49
51, 49
50, 48
51, 49
52, 50
53, 49
53, 49
45, 46
45, 45
46, 45
45, 45
44, 45
43, 46
43, 46
60, 68
61, 67
62, 66
61, 66
62, 66
61, 66
60, 67
60, 66
59, 66
59, 67
59, 67
48, 72
48, 73
49, 73
48, 74
47, 73
47, 74
46, 73
47, 74
46, 73
46, 73
51, 55
51, 54
51, 55
50, 55
51, 56
51, 55
51, 55
52, 62
53, 63
54, 63
53, 64
54, 64
55, 64
55, 63
54, 62
54, 62
42, 55
41, 56
42, 57
42, 56
42, 55
42, 56
42, 56
52, 39
53, 38
54, 37
55, 37
54, 36
54, 37
55, 37
54, 38
53, 37
52, 37
52, 37
39, 62
38, 63
37, 64
36, 65
35, 64
34, 65
35, 65
35, 65
48, 60
49, 61
50, 61
50, 62
49, 61
50, 60
50, 60
47, 46
48, 47
49, 47
50, 47
51, 47
51, 47
52, 57
51, 56
50, 56
49, 56
49, 55
48, 55
48, 54
47, 55
47, 54
47, 53
47, 53
37, 65
38, 65
37, 65
37, 66
36, 65
36, 65
51, 66
50, 66
49, 67
50, 68
51, 69
51, 69
43, 70
43, 69
44, 70
44, 71
45, 70
45, 70
50, 54
51, 55
52, 56
52, 57
52, 56
51, 55
50, 54
49, 55
49, 56
50, 55
50, 55
53, 52
54, 53
53, 54
53, 55
54, 56
55, 55
55, 56
55, 56
49, 61
49, 60
50, 60
49, 61
48, 60
49, 59
49, 59
49, 39
50, 40
50, 39
51, 40
51, 41
52, 40
53, 39
54, 39
54, 40
54, 40
47, 44
46, 44
47, 43
47, 44
47, 45
47, 45
47, 55
48, 54
47, 53
46, 53
46, 54
47, 54
48, 53
48, 53
53, 53
52, 52
52, 51
53, 52
53, 51
54, 51
53, 50
54, 50
53, 51
53, 52
53, 52
51, 48
51, 49
52, 48
51, 47
52, 47
51, 48
50, 47
50, 48
49, 47
49, 47
49, 60
50, 60
51, 61
50, 61
51, 60
51, 60
50, 56
49, 55
50, 56
49, 55
49, 54
49, 55
50, 55
51, 56
51, 56
55, 55
55, 54
54, 54
55, 54
54, 54
55, 53
56, 53
57, 54
57, 54
54, 41
55, 41
55, 40
56, 41
55, 42
56, 41
55, 40
56, 40
56, 40
51, 38
50, 39
50, 38
49, 39
48, 38
49, 38
50, 38
51, 38
52, 38
52, 38
45, 72
45, 71
44, 72
44, 73
45, 72
44, 73
45, 73
46, 73
47, 74
47, 75
47, 75
43, 56
42, 57
42, 56
43, 55
44, 56
43, 56
42, 56
42, 56
53, 48
52, 49
53, 49
52, 48
52, 49
53, 49
54, 48
54, 47
53, 46
53, 45
53, 45
55, 63
56, 62
57, 62
56, 62
57, 62
56, 61
55, 62
54, 61
54, 62
55, 61
55, 61
52, 71
53, 70
52, 69
51, 70
50, 69
50, 69
51, 68
50, 68
49, 67
48, 67
47, 67
46, 66
46, 66
53, 51
54, 51
53, 51
52, 51
52, 52
52, 53
53, 53
53, 53
47, 53
46, 54
45, 53
46, 53
45, 53
44, 53
44, 53
34, 66
34, 65
35, 64
34, 63
34, 62
33, 63
34, 62
34, 62
36, 64
35, 64
34, 64
33, 63
34, 64
34, 64
59, 68
58, 68
59, 68
60, 69
59, 68
58, 67
58, 66
58, 67
58, 67
48, 46
49, 47
48, 46
49, 45
49, 46
48, 47
49, 48
48, 47
48, 47
54, 49
54, 50
53, 50
52, 50
52, 51
52, 50
52, 50
49, 54
48, 55
49, 55
50, 55
49, 56
49, 56
46, 70
45, 69
44, 70
45, 71
44, 72
45, 73
46, 74
46, 74
46, 52
46, 53
45, 52
46, 53
45, 54
44, 55
44, 55
44, 47
45, 47
45, 46
44, 47
45, 48
46, 48
47, 49
47, 48
47, 49
46, 48
46, 48
48, 59
47, 58
48, 58
47, 58
47, 59
48, 58
47, 57
47, 56
47, 57
46, 56
46, 56
50, 55
49, 56
50, 55
51, 56
51, 57
50, 58
49, 59
49, 60
50, 59
50, 59
47, 48
48, 48
49, 47
48, 47
47, 48
47, 48
47, 65
48, 64
48, 63
47, 63
47, 64
47, 64
33, 63
32, 64
31, 63
32, 64
31, 64
30, 64
31, 63
30, 62
31, 61
31, 60
31, 60
53, 38
54, 37
54, 38
55, 37
56, 37
55, 37
54, 38
54, 38
51, 70
52, 70
53, 70
53, 71
54, 70
54, 70
50, 55
49, 56
48, 57
47, 57
48, 58
47, 59
47, 59
45, 74
46, 73
47, 74
48, 73
48, 72
48, 72
50, 47
50, 46
49, 45
49, 44
48, 43
47, 44
47, 44
42, 57
41, 56
40, 57
39, 56
40, 57
41, 58
42, 57
41, 57
41, 58
42, 57
42, 57
45, 47
44, 47
43, 48
43, 47
43, 46
42, 47
41, 47
42, 47
43, 46
42, 47
42, 47
35, 62
36, 63
37, 62
36, 63
35, 64
34, 63
33, 63
33, 63
58, 68
59, 68
58, 67
58, 68
57, 69
57, 69
53, 49
54, 49
55, 49
54, 50
55, 50
54, 49
53, 50
53, 50
47, 55
46, 56
46, 55
47, 55
48, 56
49, 56
50, 57
49, 57
49, 57
46, 76
47, 75
46, 76
46, 77
46, 76
46, 76
54, 45
54, 46
54, 47
54, 46
55, 45
55, 44
55, 43
54, 44
53, 43
53, 43
50, 61
51, 61
51, 62
52, 61
53, 62
54, 61
54, 61
57, 55
56, 56
57, 57
57, 58
56, 58
55, 59
54, 60
54, 60
52, 52
52, 51
51, 50
52, 51
51, 52
51, 52
57, 41
56, 40
57, 40
56, 39
56, 40
55, 39
55, 38
56, 37
57, 37
57, 37
45, 53
44, 52
43, 51
44, 51
43, 52
43, 52
44, 54
45, 53
44, 52
43, 53
44, 53
45, 54
46, 55
46, 54
46, 54
56, 61
55, 62
54, 61
55, 61
54, 61
53, 60
53, 60
32, 64
31, 65
30, 66
29, 67
28, 66
27, 65
28, 65
28, 65
32, 60
33, 59
34, 59
34, 58
35, 58
36, 59
35, 59
35, 59
48, 57
47, 57
48, 57
47, 58
48, 58
49, 57
48, 58
49, 57
49, 56
50, 55
50, 55
51, 60
52, 61
52, 62
51, 63
50, 62
51, 62
50, 62
51, 61
50, 60
50, 60
43, 48
44, 49
45, 48
46, 49
45, 50
45, 49
45, 48
46, 49
46, 48
46, 48
50, 53
51, 52
52, 51
51, 50
52, 51
53, 50
54, 49
53, 50
53, 50
47, 58
47, 59
48, 59
48, 58
48, 57
48, 58
49, 57
49, 57
55, 62
56, 63
55, 62
56, 63
57, 62
56, 62
55, 61
55, 61
53, 61
52, 61
53, 61
53, 62
54, 62
54, 61
55, 61
54, 60
54, 59
54, 59
45, 75
45, 76
44, 76
45, 76
45, 75
45, 75
42, 53
43, 53
43, 52
42, 51
43, 51
43, 51
57, 38
57, 37
57, 38
58, 37
58, 38
58, 39
58, 40
59, 40
60, 41
60, 41
42, 56
43, 56
43, 57
43, 56
43, 55
43, 56
44, 56
43, 55
42, 56
42, 56
54, 69
55, 70
55, 69
54, 68
53, 67
52, 66
52, 65
52, 65
53, 49
54, 48
54, 47
54, 48
53, 49
52, 50
53, 49
53, 49
53, 42
53, 43
54, 43
53, 42
53, 41
53, 41
53, 37
53, 36
52, 37
53, 38
53, 39
52, 40
53, 41
53, 41
46, 48
45, 49
44, 50
43, 51
43, 50
43, 50
46, 53
45, 53
44, 53
43, 52
43, 53
44, 54
44, 54
48, 43
48, 42
47, 41
48, 42
47, 42
48, 43
48, 42
47, 41
48, 41
48, 40
48, 40
47, 73
46, 72
45, 73
46, 72
45, 71
44, 70
44, 70
47, 65
46, 65
45, 66
44, 67
45, 68
45, 67
45, 66
45, 66
53, 59
54, 58
55, 59
56, 60
57, 59
58, 58
57, 59
56, 58
56, 57
56, 58
56, 58
57, 68
58, 69
57, 69
56, 68
55, 69
54, 69
55, 69
56, 68
56, 67
56, 67
50, 57
51, 57
50, 56
49, 55
49, 56
49, 56
54, 41
55, 40
55, 39
55, 38
54, 39
55, 38
56, 38
56, 38
53, 66
52, 66
51, 66
50, 65
51, 66
50, 66
50, 67
50, 67
53, 60
53, 59
53, 60
54, 61
55, 62
55, 61
55, 60
55, 59
55, 59
49, 59
48, 59
47, 58
46, 57
47, 56
47, 56
53, 49
54, 49
54, 50
55, 49
55, 50
54, 50
54, 49
54, 48
53, 49
54, 50
54, 50
29, 64
30, 65
29, 66
28, 65
28, 64
28, 65
28, 65
42, 51
41, 50
40, 49
41, 49
41, 50
40, 50
39, 50
39, 51
38, 51
37, 50
37, 50
59, 41
60, 40
61, 40
61, 41
60, 40
59, 41
58, 40
59, 41
59, 41
43, 54
44, 55
44, 54
43, 53
42, 52
41, 52
41, 51
40, 52
40, 52
44, 69
44, 70
45, 69
44, 68
45, 68
44, 69
44, 68
44, 68
57, 66
58, 65
58, 66
57, 66
56, 66
56, 67
55, 66
54, 67
54, 67
54, 49
53, 50
53, 51
52, 50
53, 50
54, 50
54, 51
53, 52
52, 53
52, 53
46, 66
45, 66
44, 66
45, 65
44, 65
44, 64
44, 64
36, 60
35, 61
34, 61
35, 62
34, 62
34, 62
46, 76
46, 75
45, 74
44, 73
44, 74
43, 73
42, 72
42, 71
42, 70
42, 70
42, 51
43, 52
44, 51
45, 50
46, 51
45, 51
46, 50
45, 51
44, 51
44, 51
41, 56
41, 55
41, 54
40, 54
41, 54
40, 55
40, 56
41, 57
42, 57
42, 57
50, 56
51, 56
52, 56
51, 57
50, 58
51, 57
51, 57
53, 40
52, 41
53, 42
52, 41
52, 40
51, 41
51, 41
46, 47
47, 47
46, 47
45, 46
45, 45
46, 45
46, 45
55, 57
54, 57
55, 58
54, 57
53, 58
52, 57
53, 58
52, 58
53, 57
53, 57
48, 41
49, 41
48, 40
49, 41
50, 41
49, 41
49, 41
54, 60
55, 61
56, 60
57, 60
56, 60
57, 60
56, 59
57, 58
56, 59
56, 59
39, 53
39, 54
39, 53
38, 54
37, 55
37, 56
38, 55
38, 56
37, 57
36, 56
36, 56
60, 41
60, 40
60, 41
59, 41
59, 42
60, 41
61, 40
62, 40
61, 41
61, 41
48, 42
48, 41
48, 42
48, 41
47, 42
46, 43
45, 42
45, 41
45, 41
55, 37
54, 37
54, 36
53, 35
52, 36
51, 37
51, 36
50, 36
50, 37
49, 37
49, 37
55, 50
54, 51
55, 50
54, 49
55, 50
54, 51
53, 50
52, 51
53, 51
53, 51
41, 71
40, 71
39, 70
38, 70
38, 71
38, 72
38, 73
38, 73
38, 50
38, 51
39, 52
40, 51
40, 50
39, 51
39, 51
43, 69
43, 70
42, 71
43, 70
42, 71
41, 72
41, 71
40, 72
40, 72
50, 41
51, 41
52, 40
51, 41
52, 40
52, 40
57, 60
58, 61
58, 60
57, 61
58, 61
59, 62
60, 61
60, 61
50, 66
51, 65
52, 64
53, 63
54, 64
53, 63
53, 63
27, 66
27, 65
27, 66
26, 66
25, 66
25, 65
25, 65
52, 58
53, 58
54, 58
54, 57
53, 57
52, 56
51, 56
51, 56
41, 56
41, 55
42, 55
41, 54
42, 55
41, 54
40, 53
40, 54
41, 55
41, 55
50, 57
49, 57
48, 57
47, 56
46, 57
47, 58
48, 59
48, 60
49, 60
48, 59
48, 59
53, 68
52, 68
51, 68
50, 67
51, 68
50, 67
49, 67
48, 67
49, 67
49, 67
44, 50
45, 50
46, 50
46, 51
47, 52
46, 53
45, 54
44, 55
44, 55
33, 63
32, 64
33, 65
33, 66
34, 67
35, 66
36, 65
35, 66
34, 66
35, 67
35, 67
52, 57
52, 58
51, 58
50, 57
49, 56
48, 57
49, 57
49, 57
54, 58
53, 59
54, 59
55, 60
56, 61
56, 62
57, 61
58, 62
58, 62
45, 63
44, 62
45, 63
45, 62
46, 62
45, 61
45, 62
45, 63
45, 64
45, 63
45, 63
53, 52
53, 51
52, 50
52, 49
52, 50
53, 50
53, 50
45, 45
46, 44
45, 43
44, 42
43, 42
44, 42
43, 41
43, 41
48, 56
49, 56
50, 56
50, 57
49, 57
48, 58
47, 59
48, 58
49, 57
50, 56
50, 56
34, 66
34, 65
35, 66
34, 65
33, 65
34, 64
34, 65
33, 65
34, 65
35, 66
35, 66
47, 59
48, 59
49, 59
50, 60
49, 60
50, 59
51, 59
50, 60
51, 59
51, 59
54, 51
53, 52
53, 51
54, 50
54, 49
53, 49
54, 50
54, 50
62, 40
62, 39
61, 40
60, 40
61, 39
61, 38
60, 37
59, 36
59, 37
59, 38
59, 38
58, 61
58, 62
58, 63
58, 64
57, 65
57, 65
42, 54
42, 55
41, 55
40, 54
40, 55
41, 56
40, 57
39, 56
39, 56
46, 40
47, 39
46, 38
46, 37
46, 36
46, 37
47, 38
47, 38
45, 64
46, 64
45, 65
44, 64
45, 65
46, 66
46, 65
45, 66
45, 66
43, 54
42, 55
42, 56
41, 56
42, 56
42, 56
39, 74
40, 73
41, 72
40, 72
40, 71
41, 70
41, 70
61, 61
61, 62
60, 63
59, 62
60, 63
59, 62
59, 62
40, 51
41, 52
41, 51
40, 50
39, 49
38, 50
38, 49
39, 49
39, 49
44, 40
44, 41
44, 42
45, 42
46, 41
45, 41
46, 41
46, 42
46, 42
24, 66
25, 66
24, 67
24, 66
23, 65
22, 64
23, 63
22, 64
21, 63
21, 63
54, 62
54, 61
53, 61
53, 62
54, 62
54, 62
49, 38
50, 37
51, 38
50, 38
51, 39
51, 39
49, 57
49, 58
49, 59
48, 58
47, 58
47, 57
48, 58
47, 57
47, 57
51, 40
50, 40
51, 40
51, 39
51, 40
50, 41
50, 40
50, 40
40, 71
39, 72
39, 73
39, 72
39, 73
40, 74
41, 73
41, 72
40, 72
40, 72
36, 55
36, 54
35, 54
34, 53
34, 52
33, 53
32, 52
31, 53
31, 54
30, 53
30, 53
54, 51
53, 51
52, 52
52, 51
51, 51
50, 52
50, 51
51, 51
50, 52
50, 52
49, 58
48, 59
48, 60
49, 61
48, 60
48, 59
49, 60
49, 59
48, 58
48, 58
52, 55
51, 56
51, 57
51, 56
52, 55
53, 55
54, 54
54, 54
50, 66
50, 67
49, 68
50, 69
51, 69
51, 68
52, 68
52, 68
49, 41
48, 40
49, 39
50, 40
51, 39
50, 39
49, 40
50, 40
51, 39
51, 40
51, 40
55, 53
56, 54
56, 55
57, 55
58, 56
59, 57
60, 58
59, 59
59, 60
59, 60
49, 52
49, 53
48, 52
48, 53
48, 54
49, 54
50, 53
49, 52
49, 52
39, 57
38, 57
37, 57
36, 56
37, 56
37, 57
37, 57
20, 63
19, 64
20, 63
19, 64
19, 65
19, 64
19, 65
19, 65
39, 48
39, 47
38, 46
37, 47
36, 47
36, 47
39, 71
38, 70
39, 71
40, 71
40, 72
41, 71
41, 70
41, 70
52, 39
51, 39
50, 38
50, 39
49, 39
50, 39
49, 39
49, 39
52, 58
51, 58
52, 57
53, 58
53, 59
54, 59
55, 59
55, 59
58, 63
59, 64
58, 63
58, 62
58, 63
57, 63
58, 64
57, 64
57, 64
34, 65
34, 66
33, 66
34, 65
33, 66
32, 67
32, 67
45, 41
45, 40
45, 39
45, 40
44, 40
45, 41
45, 41
49, 57
48, 58
48, 59
49, 58
50, 57
49, 56
48, 55
47, 54
47, 54
58, 64
59, 65
58, 64
58, 65
58, 64
57, 65
58, 64
59, 64
59, 64
54, 63
53, 63
52, 62
53, 62
53, 61
52, 62
52, 62
47, 56
47, 57
47, 58
48, 57
49, 57
50, 56
51, 55
51, 55
60, 37
61, 37
60, 36
60, 37
61, 37
62, 37
61, 36
60, 37
60, 37
51, 69
51, 70
50, 71
50, 70
51, 71
51, 71
48, 39
47, 39
48, 38
47, 37
47, 38
47, 37
48, 38
48, 38
54, 49
54, 50
55, 49
55, 50
55, 49
56, 48
56, 49
55, 49
55, 49
42, 71
41, 70
40, 70
40, 71
41, 70
41, 71
41, 70
41, 69
41, 70
40, 71
40, 71
30, 52
31, 53
30, 52
31, 52
31, 53
32, 54
31, 55
31, 55
44, 65
43, 64
43, 63
42, 64
43, 65
44, 65
44, 65
43, 57
42, 56
43, 57
42, 57
41, 56
41, 55
41, 54
40, 54
40, 53
40, 54
40, 54
20, 64
21, 63
22, 63
23, 63
22, 64
22, 65
21, 64
20, 64
19, 65
20, 64
20, 64
32, 56
31, 56
30, 57
30, 56
29, 56
29, 57
30, 57
29, 58
28, 57
29, 57
29, 57
59, 36
60, 37
59, 38
58, 39
58, 38
57, 37
56, 36
57, 35
57, 36
57, 36
47, 37
48, 36
49, 36
48, 35
49, 36
50, 37
50, 37
53, 62
53, 63
52, 64
52, 65
53, 65
52, 66
52, 65
52, 65
52, 72
51, 71
51, 72
50, 71
51, 71
50, 70
50, 69
50, 70
49, 70
49, 70
56, 50
56, 49
55, 50
54, 51
53, 52
52, 52
51, 53
50, 54
50, 54
55, 60
56, 60
56, 61
57, 61
56, 61
57, 60
57, 59
56, 58
55, 57
56, 58
56, 58
36, 57
35, 58
36, 57
35, 56
34, 57
33, 58
33, 57
33, 57
31, 66
32, 67
32, 68
32, 67
31, 66
31, 67
31, 68
32, 67
32, 66
32, 66
43, 64
42, 64
42, 65
42, 66
43, 67
44, 68
43, 69
42, 70
43, 69
44, 69
44, 69
50, 55
50, 56
49, 56
49, 57
49, 56
50, 57
50, 58
51, 59
51, 60
51, 61
51, 61
39, 70
38, 69
37, 68
37, 69
37, 70
38, 70
38, 70
37, 48
36, 49
35, 50
36, 50
37, 49
36, 49
37, 48
36, 47
36, 46
36, 46
58, 63
57, 62
56, 62
55, 61
56, 62
57, 61
57, 62
57, 62
51, 41
52, 40
51, 41
50, 40
51, 40
51, 40
56, 64
55, 64
54, 63
55, 64
54, 63
54, 63
59, 59
58, 59
59, 60
58, 61
59, 61
60, 61
60, 60
59, 60
59, 60
50, 51
49, 52
50, 52
49, 52
49, 51
50, 50
49, 51
49, 50
48, 51
48, 51
47, 53
46, 54
46, 55
46, 54
45, 53
45, 52
46, 52
47, 51
47, 51
44, 40
44, 39
45, 40
44, 40
45, 41
46, 40
47, 40
47, 40
50, 40
50, 39
50, 38
49, 39
48, 38
48, 38
40, 55
41, 54
40, 53
39, 53
39, 54
38, 55
38, 56
37, 56
36, 56
35, 55
35, 55
42, 69
42, 68
41, 67
42, 66
43, 67
42, 67
41, 68
42, 68
42, 68
48, 39
47, 39
48, 40
47, 40
48, 39
49, 38
48, 37
47, 36
46, 35
45, 34
45, 34
49, 50
49, 49
48, 50
48, 51
48, 50
48, 49
49, 48
48, 47
49, 46
49, 46
29, 56
28, 56
27, 56
26, 56
26, 57
26, 57
56, 62
57, 62
56, 62
57, 61
56, 60
55, 60
55, 61
54, 60
54, 60
45, 69
44, 68
45, 67
46, 66
45, 67
46, 66
45, 66
46, 67
47, 68
48, 69
48, 69
46, 50
46, 49
45, 49
44, 49
43, 49
42, 50
42, 51
41, 52
41, 51
40, 52
40, 52
36, 45
35, 46
35, 45
34, 44
34, 45
34, 45
55, 64
55, 65
56, 64
55, 64
56, 65
55, 64
54, 64
53, 64
53, 64
49, 36
48, 35
47, 35
47, 34
48, 35
47, 36
46, 37
46, 37
56, 57
57, 56
57, 55
58, 56
57, 55
57, 54
58, 53
58, 54
58, 53
58, 53
33, 65
33, 66
33, 65
33, 64
34, 64
34, 63
34, 62
33, 62
34, 63
34, 63
50, 41
49, 41
49, 42
49, 43
48, 43
48, 44
47, 44
47, 44
51, 66
50, 65
50, 66
49, 65
49, 66
48, 66
47, 67
46, 68
45, 69
45, 68
45, 68
38, 69
38, 68
37, 68
37, 67
36, 66
36, 67
35, 67
34, 67
34, 67
49, 39
48, 40
49, 41
49, 42
48, 43
47, 42
46, 41
46, 40
47, 40
47, 40
43, 67
44, 66
45, 67
45, 68
45, 67
45, 68
44, 68
43, 67
44, 67
44, 67
49, 71
49, 72
50, 73
50, 72
49, 72
50, 71
49, 72
50, 73
51, 73
50, 72
50, 72
58, 37
57, 36
58, 35
57, 34
56, 33
56, 34
57, 33
57, 33
49, 53
48, 53
47, 54
48, 54
47, 55
46, 54
46, 55
46, 56
47, 57
48, 58
48, 58
34, 56
34, 57
33, 56
32, 56
31, 56
32, 56
32, 57
31, 58
32, 59
32, 59
60, 60
59, 61
58, 62
57, 61
56, 61
55, 61
54, 61
54, 61
19, 63
18, 63
18, 62
17, 63
18, 62
17, 63
17, 63
32, 58
32, 57
31, 57
32, 58
33, 57
34, 56
35, 57
36, 57
36, 57
51, 62
51, 63
52, 62
51, 63
52, 64
52, 65
52, 65
18, 63
18, 62
17, 63
18, 63
17, 63
18, 63
18, 63
47, 45
48, 46
49, 46
48, 47
48, 48
49, 48
48, 49
48, 49
41, 51
42, 50
41, 50
42, 50
41, 50
41, 49
42, 50
43, 49
44, 49
44, 49
55, 60
54, 59
55, 59
56, 58
55, 59
56, 59
56, 59
33, 46
34, 46
34, 47
34, 46
35, 45
35, 45
51, 71
51, 72
50, 73
50, 74
50, 75
50, 75
45, 38
44, 37
45, 36
45, 35
46, 35
46, 36
47, 35
48, 36
49, 35
50, 35
50, 35
43, 66
42, 65
41, 65
40, 64
41, 63
41, 64
41, 63
40, 64
40, 64
50, 46
50, 47
49, 46
50, 45
51, 45
52, 45
51, 45
50, 45
51, 46
51, 46
53, 61
53, 60
54, 61
55, 62
54, 61
53, 61
53, 61
47, 41
48, 40
48, 39
47, 38
48, 38
48, 38
48, 68
49, 68
50, 67
51, 67
51, 66
50, 66
51, 67
50, 68
50, 69
51, 70
51, 70
54, 64
53, 65
54, 65
54, 64
53, 63
54, 63
54, 64
54, 65
53, 66
53, 66
34, 64
34, 65
35, 65
34, 65
35, 64
36, 63
35, 62
35, 62
44, 68
44, 69
43, 69
44, 69
43, 68
43, 68
26, 58
25, 57
25, 56
25, 57
25, 56
26, 56
26, 55
26, 56
27, 55
27, 55
45, 33
44, 33
45, 33
46, 34
46, 35
46, 36
45, 37
44, 36
44, 37
45, 36
45, 36
33, 68
32, 69
31, 69
30, 70
31, 71
30, 71
31, 71
31, 71
53, 64
54, 64
53, 65
53, 64
54, 64
54, 65
53, 64
54, 65
53, 65
53, 65
47, 57
47, 56
48, 57
47, 56
47, 57
47, 58
48, 57
48, 58
48, 58
57, 34
56, 35
55, 36
55, 35
54, 35
55, 34
56, 33
55, 34
56, 34
57, 35
57, 35
37, 57
36, 57
37, 57
38, 56
39, 57
40, 57
40, 58
40, 58
57, 53
58, 53
57, 54
58, 55
58, 56
57, 55
57, 54
57, 55
56, 54
56, 54
32, 60
33, 61
34, 60
34, 61
34, 60
35, 59
35, 59
49, 76
50, 75
49, 75
48, 74
48, 73
47, 74
47, 74
52, 64
51, 63
52, 63
51, 62
50, 61
49, 60
50, 61
51, 60
51, 60
47, 49
48, 50
49, 51
49, 52
50, 52
49, 53
49, 54
49, 53
49, 52
48, 53
48, 53
36, 63
36, 64
36, 65
36, 64
35, 64
35, 64
47, 37
46, 36
47, 37
47, 38
47, 39
48, 39
48, 40
48, 40
32, 72
33, 72
33, 73
33, 72
34, 72
33, 73
33, 73
34, 46
34, 45
35, 44
36, 44
35, 44
34, 45
35, 44
35, 44
51, 47
51, 48
50, 48
51, 47
50, 48
50, 48
51, 71
51, 70
52, 71
51, 70
51, 69
51, 68
51, 68
53, 62
52, 63
52, 62
51, 61
52, 61
51, 62
52, 62
53, 61
54, 60
54, 60
41, 59
42, 60
42, 59
42, 60
42, 59
41, 58
40, 57
40, 57
57, 53
58, 53
57, 54
58, 54
57, 54
57, 53
56, 54
56, 54
42, 68
41, 69
40, 70
40, 69
41, 68
40, 69
41, 69
40, 68
40, 68
34, 58
33, 59
34, 59
35, 58
36, 59
36, 58
36, 59
35, 58
36, 59
36, 59
19, 62
20, 62
19, 62
20, 63
20, 62
19, 63
19, 64
20, 65
21, 65
22, 64
22, 64
54, 65
55, 66
56, 65
57, 66
58, 65
57, 64
57, 64
56, 60
55, 59
56, 60
57, 59
56, 58
57, 57
57, 57
49, 58
50, 57
49, 58
48, 57
49, 56
49, 55
49, 54
50, 55
51, 54
51, 53
51, 53
44, 35
43, 34
42, 34
41, 35
41, 36
40, 36
41, 36
41, 36
56, 36
57, 35
57, 36
58, 36
57, 37
58, 37
59, 37
59, 36
59, 35
58, 36
58, 36
26, 55
27, 56
28, 57
27, 58
26, 59
25, 60
24, 60
24, 60
40, 65
41, 64
41, 65
40, 64
41, 64
42, 63
43, 64
44, 63
44, 64
45, 63
45, 63
50, 34
51, 35
50, 34
50, 35
49, 34
49, 33
49, 32
49, 33
48, 34
48, 34
45, 48
46, 48
47, 49
48, 50
47, 50
48, 51
49, 51
48, 51
48, 51
22, 65
23, 64
22, 65
21, 64
21, 65
20, 65
20, 64
20, 64
25, 61
26, 62
26, 63
25, 64
24, 65
24, 65
37, 58
36, 59
35, 58
34, 59
35, 60
36, 60
35, 60
35, 61
35, 61
51, 54
50, 55
51, 55
52, 54
53, 53
53, 53
39, 56
40, 55
39, 55
39, 54
38, 54
38, 54
34, 43
33, 43
32, 42
32, 43
33, 43
33, 42
33, 42
46, 64
45, 64
44, 63
45, 64
44, 65
45, 65
45, 64
46, 63
45, 62
45, 62
55, 60
54, 61
55, 60
54, 61
54, 60
54, 60
57, 65
56, 64
55, 64
54, 63
55, 63
54, 64
53, 64
53, 64
48, 41
47, 41
46, 42
45, 43
44, 43
44, 43
48, 73
49, 74
48, 73
47, 73
48, 73
47, 74
47, 75
47, 74
46, 74
46, 74
57, 58
58, 57
58, 56
59, 57
58, 58
59, 57
58, 57
58, 56
57, 57
58, 58
58, 58
57, 54
57, 53
56, 53
55, 54
54, 53
54, 53
51, 48
52, 48
51, 48
52, 47
53, 48
52, 47
52, 47
57, 35
56, 34
55, 33
56, 34
56, 35
55, 35
56, 36
55, 35
55, 35
49, 54
49, 53
48, 53
48, 52
48, 53
47, 52
48, 51
48, 51
48, 52
48, 51
47, 50
46, 50
45, 49
46, 49
45, 48
45, 48
50, 60
51, 61
50, 61
51, 60
50, 59
51, 59
51, 60
50, 61
50, 60
50, 60
33, 72
34, 71
33, 72
33, 71
32, 72
32, 73
32, 73
52, 68
52, 67
51, 68
52, 69
52, 70
52, 71
53, 70
54, 71
54, 71
41, 37
40, 37
39, 37
39, 36
39, 37
40, 37
39, 38
39, 38
47, 34
46, 34
45, 34
46, 35
46, 34
46, 34
41, 67
42, 68
42, 69
41, 69
40, 69
41, 69
41, 70
42, 71
42, 70
43, 71
43, 71
34, 64
35, 65
36, 66
37, 65
37, 66
36, 66
35, 66
35, 66
47, 75
48, 76
49, 77
50, 78
51, 79
52, 78
52, 78
53, 79
54, 80
54, 80
53, 48
54, 49
55, 50
55, 49
55, 49
56, 50
56, 52
56, 53
56, 54
56, 55
56, 56
56, 57
56, 58
56, 59
56, 59
45, 34
45, 34
45, 35
45, 35
46, 36
47, 37
48, 38
48, 38
48, 38
34, 43
35, 44
36, 45
36, 45
37, 46
38, 47
39, 48
38, 48
38, 48
39, 49
40, 50
41, 51
41, 51
39, 55
40, 56
41, 57
42, 56
42, 56
43, 57
45, 59
46, 60
47, 61
48, 62
49, 63
50, 64
51, 65
52, 66
53, 67
54, 68
54, 69
54, 69
54, 69
49, 52
50, 53
51, 54
52, 55
53, 56
54, 57
54, 57
40, 39
41, 40
42, 41
43, 42
44, 43
45, 44
46, 45
46, 45
51, 61
52, 62
53, 63
54, 64
55, 65
56, 66
56, 66
20, 65
20, 65
22, 67
23, 68
24, 69
25, 70
26, 71
27, 72
28, 73
27, 74
27, 74
28, 75
29, 76
29, 76
54, 54
55, 55
56, 56
57, 57
58, 58
59, 59
60, 60
61, 61
62, 62
62, 62
33, 74
34, 75
35, 76
36, 77
35, 78
35, 78
35, 78
35, 78
34, 77
34, 77
35, 78
35, 78
35, 78
55, 54
56, 55
57, 56
58, 57
59, 58
59, 59
59, 59
60, 60
61, 61
62, 62
62, 62
53, 71
53, 71
52, 71
52, 71
53, 72
53, 71
53, 71
52, 70
52, 70
53, 71
52, 71
52, 71
53, 72
54, 73
55, 74
55, 74
45, 44
46, 45
47, 46
48, 47
49, 48
50, 49
49, 49
49, 49
50, 50
51, 51
52, 52
52, 52
45, 49
45, 49
46, 50
47, 51
48, 52
49, 53
48, 52
48, 52
48, 52
36, 67
37, 68
37, 67
37, 67
38, 68
39, 69
40, 70
40, 69
40, 69
41, 69
41, 69
41, 69
54, 65
54, 65
54, 66
54, 67
54, 68
54, 69
54, 70
54, 70
36, 62
37, 63
38, 64
39, 65
39, 64
39, 64
40, 65
39, 64
39, 64
40, 65
40, 65
54, 36
53, 37
52, 38
51, 39
50, 40
50, 41
50, 42
50, 42
25, 66
26, 67
27, 68
28, 69
29, 70
30, 71
29, 71
29, 71
30, 72
31, 73
31, 73
46, 63
47, 64
48, 64
48, 64
49, 65
50, 66
51, 67
51, 67
57, 59
56, 60
55, 61
54, 62
55, 62
55, 62
55, 62
44, 71
44, 71
45, 72
46, 73
47, 74
48, 75
48, 75
55, 61
56, 62
57, 63
58, 64
59, 65
60, 66
60, 66
47, 74
47, 74
48, 75
49, 76
48, 75
48, 75
49, 76
50, 77
50, 77
53, 70
52, 71
51, 72
51, 73
51, 74
51, 75
51, 76
51, 77
51, 77
61, 67
62, 68
63, 69
64, 70
64, 71
65, 72
65, 72
64, 73
64, 74
64, 74
64, 75
64, 75
55, 58
56, 59
56, 58
56, 58
57, 59
58, 60
59, 61
59, 61
42, 70
43, 71
42, 71
42, 71
43, 72
44, 73
45, 74
46, 75
45, 76
45, 76
45, 76
52, 68
53, 69
54, 70
55, 71
56, 72
56, 72
57, 67
57, 68
57, 69
57, 70
57, 71
57, 72
57, 73
57, 73
36, 77
37, 76
38, 75
39, 74
40, 74
41, 74
42, 74
43, 74
43, 74
53, 53
53, 54
53, 54
53, 55
53, 55
54, 56
55, 57
56, 58
57, 59
57, 59
54, 63
54, 64
54, 65
53, 64
53, 64
54, 65
54, 66
54, 67
54, 66
54, 66
54, 67
54, 67
41, 66
40, 66
40, 66
41, 67
40, 67
40, 67
40, 68
40, 68
41, 69
42, 70
41, 69
41, 69
42, 70
43, 71
43, 71
32, 72
33, 72
34, 72
33, 72
33, 72
34, 72
35, 72
34, 72
34, 72
35, 72
36, 72
36, 72
37, 72
37, 72
42, 52
43, 51
43, 51
44, 52
45, 53
46, 52
46, 52
47, 53
48, 54
49, 55
50, 56
51, 57
51, 57
49, 39
50, 40
50, 41
50, 42
50, 43
50, 42
50, 42
50, 42
57, 60
58, 61
59, 62
60, 63
61, 64
62, 65
63, 66
63, 66
47, 46
48, 47
49, 48
50, 49
51, 50
52, 51
52, 52
52, 52
51, 43
52, 44
53, 45
54, 46
56, 48
57, 49
58, 50
59, 51
60, 52
61, 53
62, 54
63, 55
64, 56
65, 57
66, 57
66, 57
67, 56
67, 56
68, 57
69, 56
69, 56
69, 56
54, 79
54, 79
55, 78
56, 77
57, 76
58, 75
59, 74
59, 74
56, 73
57, 73
58, 73
58, 73
58, 73
58, 73
57, 73
57, 73
57, 74
57, 74
58, 73
58, 73
55, 71
56, 71
57, 71
58, 71
59, 71
59, 71
61, 63
61, 62
61, 62
61, 63
60, 62
60, 62
61, 63
61, 64
61, 65
61, 65
63, 63
64, 64
65, 65
66, 66
67, 67
68, 68
68, 69
68, 70
68, 71
67, 70
67, 70
67, 70
30, 77
31, 78
32, 79
33, 80
33, 80
33, 80
33, 80
33, 80
49, 53
48, 52
48, 52
47, 52
47, 52
48, 53
49, 54
50, 55
51, 56
51, 55
51, 55
52, 56
52, 56
52, 78
52, 79
52, 80
51, 79
51, 79
52, 80
52, 81
52, 81
34, 81
35, 82
35, 83
35, 83
36, 84
38, 86
39, 87
40, 88
41, 89
42, 89
43, 89
44, 89
45, 89
46, 89
47, 89
47, 90
47, 90
48, 89
48, 89
48, 89
44, 73
45, 72
46, 71
47, 71
48, 71
49, 71
50, 71
51, 71
52, 71
52, 71
52, 71
53, 53
54, 54
55, 55
56, 56
57, 57
56, 57
56, 57
57, 58
56, 58
56, 58
56, 58
56, 60
55, 61
54, 62
55, 62
55, 62
54, 63
53, 64
52, 65
52, 65
53, 65
53, 65
52, 65
52, 65
52, 65
53, 57
54, 58
55, 59
56, 60
57, 61
56, 61
56, 61
57, 62
57, 62
58, 63
59, 64
59, 64
44, 72
44, 71
44, 71
45, 72
46, 73
45, 73
45, 73
46, 74
47, 75
48, 76
48, 76
58, 72
57, 73
56, 74
57, 75
57, 75
56, 76
55, 77
55, 78
55, 78
55, 78
58, 72
58, 72
57, 73
56, 74
56, 75
56, 76
56, 77
56, 78
56, 78
60, 75
61, 76
62, 77
62, 78
62, 79
62, 80
62, 80
62, 80
62, 80
51, 78
52, 79
53, 78
53, 78
54, 79
55, 80
54, 80
54, 80
55, 81
56, 82
57, 83
58, 84
58, 84
66, 71
65, 72
64, 72
64, 72
63, 73
62, 74
61, 75
60, 76
59, 77
58, 76
58, 76
58, 76
53, 67
53, 67
54, 68
55, 69
56, 70
57, 71
58, 72
59, 73
60, 74
60, 74
46, 75
47, 74
48, 75
48, 75
49, 74
50, 73
51, 72
52, 71
53, 70
53, 70
62, 66
62, 66
61, 67
60, 68
59, 69
58, 70
57, 71
56, 72
55, 73
54, 74
53, 75
53, 75
59, 74
60, 75
61, 76
62, 77
63, 78
62, 78
62, 78
62, 78
68, 57
68, 57
67, 56
67, 56
66, 57
65, 58
64, 59
63, 60
62, 61
61, 62
61, 62
62, 67
61, 68
62, 68
62, 68
61, 69
60, 70
59, 69
59, 69
59, 69
51, 43
52, 44
53, 45
54, 46
56, 48
57, 49
58, 50
59, 51
60, 52
62, 54
63, 55
64, 56
65, 57
66, 58
66, 59
66, 60
66, 61
66, 62
66, 63
66, 65
66, 66
66, 67
66, 68
66, 69
66, 70
66, 71
65, 70
65, 70
65, 70
38, 71
39, 70
39, 71
39, 71
40, 70
41, 69
41, 69
42, 70
43, 70
44, 70
45, 70
46, 70
46, 70
63, 74
62, 74
61, 74
60, 74
59, 74
58, 74
57, 74
56, 73
56, 73
57, 73
57, 73
56, 74
56, 74
58, 62
58, 63
58, 64
58, 63
58, 63
58, 64
57, 63
57, 63
58, 64
58, 65
58, 65
55, 73
54, 74
55, 75
55, 75
54, 76
53, 77
52, 78
52, 78
52, 58
53, 59
54, 60
55, 61
56, 62
57, 63
58, 64
59, 65
60, 66
61, 67
61, 67
55, 59
54, 60
53, 61
52, 62
51, 63
50, 64
50, 65
50, 66
50, 67
50, 68
50, 68
57, 75
56, 75
56, 75
57, 75
58, 75
57, 75
57, 75
57, 75
54, 77
54, 77
55, 78
54, 78
54, 78
55, 79
56, 80
57, 81
58, 82
58, 82
53, 79
54, 80
55, 81
56, 82
56, 83
56, 83
49, 88
50, 87
51, 86
51, 85
51, 84
51, 83
51, 82
51, 81
52, 82
52, 82
52, 82
64, 71
63, 72
62, 73
61, 74
60, 75
59, 76
59, 77
59, 78
58, 78
58, 78
58, 78
58, 65
57, 66
56, 67
56, 67
55, 68
56, 68
56, 68
55, 69
54, 70
55, 70
55, 70
55, 70
61, 75
62, 76
63, 77
64, 78
63, 78
63, 78
64, 79
65, 80
65, 81
65, 81
53, 66
54, 67
55, 68
56, 69
57, 70
57, 71
57, 72
57, 73
57, 73
57, 77
58, 76
59, 75
60, 74
60, 74
61, 74
60, 75
60, 75
61, 74
62, 74
63, 74
63, 74
61, 77
61, 77
62, 76
63, 75
63, 74
63, 74
64, 75
64, 75
52, 71
51, 72
50, 73
49, 73
49, 73
50, 74
50, 75
50, 76
50, 76
57, 66
56, 67
56, 67
56, 68
56, 68
57, 67
57, 67
56, 68
56, 69
56, 70
56, 70
59, 76
59, 76
58, 75
58, 75
59, 74
59, 74
60, 75
60, 75
61, 76
61, 76
61, 81
61, 81
60, 80
59, 79
58, 78
57, 77
56, 76
56, 75
56, 75
56, 75
56, 75
56, 75
53, 76
53, 76
53, 77
53, 78
53, 79
53, 80
53, 81
53, 81
61, 68
61, 68
61, 67
61, 67
60, 66
60, 66
59, 67
59, 68
59, 69
60, 68
60, 68
59, 69
59, 70
59, 71
59, 71
47, 71
48, 72
49, 73
49, 72
49, 72
50, 73
50, 73
53, 80
53, 80
54, 79
54, 78
54, 77
54, 76
54, 76
55, 77
55, 77
54, 76
54, 76
54, 76
61, 63
61, 64
61, 65
61, 66
61, 67
61, 68
61, 69
61, 70
61, 70
53, 72
54, 73
55, 74
56, 75
57, 76
57, 77
57, 78
57, 79
57, 80
57, 81
57, 81
60, 70
61, 71
62, 72
62, 73
62, 74
62, 75
62, 76
62, 77
62, 77
57, 84
56, 84
55, 84
55, 84
55, 84
54, 83
54, 83
55, 84
55, 84
55, 84
49, 75
50, 74
51, 73
52, 72
53, 71
54, 71
55, 71
55, 71
56, 72
56, 72
55, 73
56, 74
56, 74
55, 75
54, 76
54, 75
54, 75
53, 76
53, 76
57, 76
57, 76
57, 76
57, 76
57, 76
57, 76
57, 76
57, 76
60, 71
59, 72
58, 73
59, 74
59, 74
58, 75
58, 75
60, 72
61, 73
62, 74
63, 75
64, 75
65, 75
65, 75
64, 74
64, 74
64, 74
53, 83
54, 84
53, 84
53, 84
54, 85
54, 85
53, 86
53, 86
54, 87
55, 87
56, 87
57, 87
58, 87
58, 87
61, 78
61, 79
61, 78
61, 78
61, 79
61, 80
61, 80
60, 77
59, 78
58, 79
58, 80
58, 81
58, 82
58, 83
58, 83
57, 82
57, 82
58, 83
58, 83
49, 72
49, 72
50, 73
51, 74
52, 75
53, 76
52, 77
52, 77
53, 78
52, 77
52, 77
52, 77
56, 80
56, 79
56, 79
55, 78
54, 77
53, 76
53, 76
59, 79
60, 80
61, 81
62, 81
62, 81
63, 82
64, 83
65, 84
66, 84
66, 84
66, 84
55, 77
56, 78
57, 78
58, 78
58, 77
58, 77
59, 78
60, 78
61, 78
61, 78
64, 76
65, 77
65, 77
65, 78
65, 78
64, 79
64, 80
65, 80
65, 80
64, 80
63, 79
63, 79
64, 80
64, 80
56, 71
57, 71
57, 71
56, 70
56, 70
55, 71
55, 71
54, 71
54, 71
55, 72
55, 72
55, 72
50, 75
51, 74
51, 74
50, 75
50, 75
50, 75
50, 75
65, 82
65, 83
65, 84
65, 84
65, 83
65, 83
65, 84
65, 84
65, 84
65, 84
65, 84
65, 84
51, 69
52, 70
53, 71
54, 72
54, 73
54, 73
54, 73
54, 73
64, 75
63, 74
63, 74
64, 75
65, 76
64, 76
64, 76
65, 77
65, 77
54, 82
55, 83
56, 84
55, 83
55, 83
56, 84
56, 84
56, 85
57, 85
57, 86
57, 86
58, 85
57, 84
57, 84
58, 85
59, 85
60, 85
61, 85
61, 85
55, 71
54, 72
53, 73
52, 74
51, 75
50, 76
50, 76
57, 81
56, 80
55, 79
54, 78
53, 77
52, 76
51, 75
51, 74
51, 73
51, 73
56, 71
56, 72
56, 73
56, 74
56, 75
56, 76
56, 76
57, 76
58, 77
58, 78
58, 78
59, 79
60, 80
60, 80
57, 82
58, 81
59, 80
60, 79
61, 78
61, 78
55, 73
56, 73
57, 73
58, 73
59, 73
60, 73
60, 73
62, 78
62, 78
61, 79
60, 80
59, 81
58, 82
57, 83
57, 83
57, 83
67, 83
67, 83
67, 83
67, 83
66, 83
66, 83
66, 83
66, 84
66, 84
65, 85
64, 86
64, 87
65, 88
65, 88
64, 87
64, 87
64, 87
64, 87
57, 76
56, 75
56, 75
57, 75
57, 75
56, 76
55, 76
54, 76
53, 76
53, 76
53, 76
53, 76
55, 77
54, 78
55, 79
55, 79
56, 78
56, 78
55, 79
55, 80
55, 80
55, 80
53, 78
52, 77
52, 77
53, 78
53, 79
53, 80
53, 81
53, 82
52, 83
52, 83
53, 84
53, 84
53, 84
64, 76
63, 75
62, 74
61, 74
61, 74
60, 73
59, 73
58, 73
58, 73
54, 73
53, 74
52, 75
52, 76
52, 77
52, 77
62, 84
63, 83
64, 82
65, 81
66, 80
67, 79
67, 78
66, 79
66, 79
66, 79
51, 77
52, 77
53, 77
54, 77
55, 77
56, 77
56, 77
52, 74
51, 73
51, 73
52, 74
53, 75
54, 76
54, 76
55, 77
56, 78
57, 79
57, 79
54, 77
55, 78
55, 78
56, 79
57, 80
58, 81
58, 82
58, 82
59, 83
60, 84
61, 85
62, 86
62, 86
59, 86
60, 86
61, 86
61, 86
61, 86
61, 86
61, 86
61, 86
61, 86
65, 75
65, 75
65, 74
65, 74
66, 75
66, 75
67, 76
68, 77
69, 78
68, 77
68, 77
68, 78
68, 78
68, 78
60, 81
60, 80
60, 80
59, 81
59, 82
59, 83
59, 84
59, 85
59, 85
59, 81
58, 82
57, 83
56, 84
55, 85
54, 86
54, 87
54, 87
50, 74
50, 73
50, 72
50, 71
50, 70
50, 70
50, 70
50, 70
63, 79
62, 78
61, 78
60, 77
60, 77
59, 78
58, 78
57, 78
57, 78
54, 77
55, 78
56, 79
57, 80
57, 80
57, 80
57, 80
57, 80
56, 81
56, 81
57, 80
57, 80
62, 79
63, 79
63, 79
63, 80
63, 80
64, 81
65, 80
65, 80
65, 80
56, 77
56, 78
56, 78
56, 78
56, 78
57, 77
57, 77
57, 77
59, 83
59, 83
60, 84
61, 85
62, 86
63, 86
64, 86
65, 86
65, 86
66, 87
66, 87
66, 87
56, 83
56, 82
56, 83
56, 83
56, 82
56, 82
57, 82
57, 82
56, 82
56, 82
56, 82
56, 82
56, 82
65, 80
66, 80
66, 80
65, 81
65, 81
66, 82
66, 82
65, 83
65, 84
64, 85
64, 85
65, 86
65, 87
65, 87
57, 79
57, 79
57, 80
57, 81
57, 82
57, 83
57, 83
58, 82
58, 82
57, 82
57, 82
57, 82
56, 82
56, 82
56, 82
53, 78
52, 78
52, 78
53, 79
54, 80
55, 81
56, 82
57, 83
57, 83
55, 78
55, 79
55, 80
55, 81
55, 82
55, 83
55, 84
55, 84
55, 86
55, 85
55, 84
55, 83
55, 82
55, 82
58, 76
58, 75
58, 75
59, 74
60, 73
61, 73
62, 73
63, 72
63, 72
64, 73
65, 73
65, 73
54, 77
54, 78
54, 79
54, 80
54, 81
54, 82
54, 83
54, 84
54, 85
54, 84
54, 84
54, 84
54, 83
55, 82
56, 83
56, 83
57, 82
58, 81
58, 80
58, 80
59, 79
60, 78
61, 78
61, 78
61, 78
58, 84
57, 83
57, 84
57, 84
56, 83
55, 82
54, 81
55, 81
55, 81
54, 80
54, 80
57, 83
57, 84
57, 84
58, 85
59, 86
60, 87
61, 88
62, 87
62, 87
62, 87
66, 82
66, 81
65, 80
65, 80
64, 81
64, 81
65, 80
66, 79
66, 78
65, 79
65, 79
65, 79
61, 74
62, 75
63, 76
64, 77
64, 78
64, 79
64, 80
64, 80
56, 79
57, 78
58, 78
58, 78
58, 79
58, 79
59, 78
60, 77
61, 78
61, 78
62, 77
62, 77
58, 84
59, 85
60, 86
61, 87
62, 88
61, 88
61, 88
62, 89
63, 90
63, 91
63, 91
63, 91
64, 81
63, 82
62, 83
61, 84
60, 85
60, 85
61, 86
61, 86
60, 85
60, 85
60, 85
60, 85
57, 74
56, 75
55, 76
56, 75
56, 75
57, 76
57, 76
57, 76
57, 79
57, 78
57, 77
56, 78
56, 78
57, 77
57, 77
62, 87
62, 88
62, 88
62, 88
62, 88
62, 88
58, 79
59, 79
59, 79
59, 79
59, 79
59, 79
59, 79
63, 86
62, 86
62, 86
63, 85
63, 85
62, 84
63, 85
63, 85
62, 86
62, 86
61, 85
61, 85
65, 86
64, 87
64, 87
63, 86
62, 85
61, 84
61, 84
51, 71
52, 72
53, 73
53, 72
53, 72
54, 73
54, 73
67, 77
67, 77
66, 76
65, 77
65, 77
64, 76
63, 75
63, 75
62, 76
62, 76
62, 76
61, 85
60, 84
59, 83
58, 82
57, 81
57, 80
57, 80
56, 79
56, 78
56, 77
57, 77
57, 77
57, 77
63, 79
62, 78
61, 77
60, 77
60, 77
61, 76
61, 75
61, 74
61, 73
61, 73
59, 84
58, 83
57, 82
57, 83
57, 83
56, 84
56, 84
57, 83
57, 83
56, 82
55, 81
54, 80
54, 80
55, 79
56, 78
57, 77
58, 76
59, 75
59, 75
55, 85
56, 86
56, 87
56, 87
56, 87
56, 87
60, 79
59, 80
58, 81
57, 82
57, 83
57, 84
56, 83
56, 83
57, 84
57, 84
57, 84
57, 84
56, 85
56, 85
56, 85
56, 85
56, 85
65, 72
65, 72
65, 72
65, 72
65, 72
65, 72
58, 76
58, 76
59, 75
58, 76
58, 76
59, 75
58, 75
58, 75
58, 75
60, 84
59, 83
60, 84
60, 84
59, 83
60, 83
60, 83
59, 82
58, 81
58, 80
58, 79
58, 79
62, 90
62, 89
62, 89
61, 88
60, 87
59, 86
58, 86
57, 86
56, 86
56, 86
60, 85
59, 86
58, 87
59, 86
59, 86
58, 87
58, 88
58, 89
58, 89
58, 88
58, 88
58, 89
58, 89
61, 87
60, 86
59, 85
58, 84
57, 84
57, 84
62, 75
62, 75
61, 76
60, 75
60, 75
59, 76
59, 76
58, 77
57, 78
56, 79
55, 80
55, 80
55, 83
54, 84
54, 84
54, 85
54, 86
54, 87
54, 87
54, 88
54, 88
55, 74
56, 74
57, 74
58, 74
59, 74
60, 74
61, 73
61, 73
61, 74
61, 74
54, 85
54, 86
54, 86
54, 86
53, 85
53, 85
54, 86
54, 85
54, 85
54, 85
66, 80
67, 81
66, 82
66, 82
65, 83
65, 83
66, 84
67, 85
68, 86
68, 87
68, 87
68, 87
68, 87
61, 78
60, 79
59, 80
58, 81
57, 82
57, 82
56, 81
57, 80
58, 79
59, 78
58, 79
58, 79
59, 78
60, 79
60, 79
61, 78
61, 78
61, 86
60, 85
60, 84
61, 83
61, 83
60, 82
60, 81
60, 80
60, 80
56, 77
56, 77
57, 76
58, 75
59, 74
60, 73
61, 72
62, 71
63, 71
63, 71
63, 71
58, 80
59, 81
59, 81
58, 82
57, 82
57, 82
56, 83
55, 84
54, 85
53, 86
52, 87
52, 87
64, 86
63, 86
62, 86
61, 86
60, 86
60, 86
56, 77
56, 78
56, 79
57, 78
57, 78
56, 79
56, 80
55, 80
55, 80
56, 81
56, 82
56, 82
53, 89
53, 90
54, 89
53, 88
54, 88
54, 87
54, 87
57, 87
57, 86
58, 87
58, 88
57, 89
57, 89
59, 87
58, 86
59, 87
60, 87
61, 86
62, 85
62, 84
63, 85
63, 85
59, 79
60, 79
59, 80
58, 81
59, 82
59, 82
62, 73
61, 72
62, 72
61, 71
60, 72
60, 72
62, 73
62, 74
61, 74
61, 75
61, 74
62, 74
61, 73
62, 74
61, 74
62, 74
62, 74
58, 88
59, 89
60, 90
61, 89
61, 90
62, 89
62, 89
56, 83
55, 82
54, 83
53, 82
52, 83
52, 83
62, 77
61, 76
61, 77
60, 77
59, 78
60, 77
60, 78
60, 78
59, 81
58, 81
58, 80
57, 79
56, 80
56, 79
56, 78
56, 79
56, 79
66, 72
65, 73
64, 74
65, 73
66, 73
65, 72
65, 73
64, 73
64, 73
57, 75
56, 76
55, 76
55, 77
56, 76
57, 75
57, 75
57, 85
56, 84
56, 85
55, 85
54, 84
54, 83
55, 84
56, 83
56, 83
54, 86
54, 87
54, 86
53, 87
53, 86
52, 85
52, 85
57, 85
56, 84
56, 85
56, 86
55, 86
54, 85
53, 84
53, 85
52, 85
51, 84
51, 84
54, 79
55, 80
56, 81
57, 82
57, 81
57, 82
56, 83
56, 83
53, 81
52, 81
51, 82
50, 83
49, 84
48, 83
47, 83
48, 83
49, 83
49, 83
69, 88
69, 87
70, 86
71, 86
72, 87
71, 87
70, 86
71, 85
71, 85
56, 83
55, 84
56, 83
56, 84
57, 84
58, 83
58, 83
57, 86
58, 86
58, 85
59, 85
60, 85
61, 84
60, 85
59, 84
60, 84
60, 84
58, 75
57, 74
57, 73
58, 72
59, 73
58, 73
57, 73
58, 72
58, 72
57, 84
57, 85
58, 84
59, 84
58, 85
58, 86
57, 86
58, 86
58, 85
58, 85
63, 72
64, 73
65, 73
66, 73
65, 74
65, 74
51, 88
50, 87
49, 88
50, 88
50, 87
49, 88
48, 89
48, 89
59, 85
58, 84
59, 85
60, 85
61, 84
60, 85
59, 86
59, 85
59, 85
57, 84
57, 85
56, 84
57, 85
56, 86
55, 86
55, 86
55, 83
56, 82
57, 82
58, 83
58, 84
57, 83
56, 82
56, 82
64, 74
64, 75
63, 74
62, 73
61, 74
62, 74
62, 74
55, 79
55, 78
56, 79
57, 80
56, 79
56, 79
59, 72
60, 72
59, 72
58, 71
57, 71
57, 71
60, 71
59, 71
59, 70
58, 70
57, 70
56, 70
56, 71
57, 72
58, 73
57, 74
57, 74
57, 84
56, 85
57, 85
58, 85
59, 86
59, 86
59, 77
60, 78
61, 79
60, 80
59, 79
60, 78
60, 78
59, 81
60, 81
61, 82
62, 83
61, 84
60, 84
59, 83
59, 84
59, 84
49, 88
50, 88
51, 87
51, 88
51, 89
50, 88
50, 89
50, 88
51, 89
50, 89
50, 89
58, 74
58, 73
59, 72
58, 71
57, 72
57, 71
57, 71
64, 85
63, 84
64, 83
65, 84
65, 83
66, 83
65, 82
66, 82
65, 82
66, 81
66, 81
58, 82
58, 83
58, 82
57, 83
58, 83
58, 82
59, 81
58, 82
58, 82
48, 83
47, 83
48, 84
48, 85
49, 86
49, 85
49, 85
53, 86
54, 86
53, 85
53, 84
52, 84
52, 83
52, 83
58, 88
57, 89
57, 88
56, 87
55, 87
54, 86
55, 87
55, 87
62, 88
63, 88
64, 87
63, 88
62, 87
62, 87
53, 86
53, 87
52, 86
51, 86
50, 87
51, 87
52, 88
51, 87
51, 87
71, 86
70, 86
70, 87
70, 86
70, 85
71, 85
70, 85
71, 84
71, 83
72, 82
72, 82
61, 74
60, 74
61, 73
60, 72
60, 73
61, 73
61, 72
60, 71
61, 72
61, 72
51, 83
52, 84
52, 85
51, 84
52, 83
51, 84
50, 84
51, 83
52, 84
52, 85
52, 85
50, 85
49, 84
49, 83
50, 82
51, 82
50, 82
50, 83
50, 82
50, 82
65, 73
64, 72
65, 72
65, 73
65, 72
66, 72
65, 73
66, 74
67, 74
67, 74
59, 77
58, 76
58, 76
58, 76
58, 76
57, 75
57, 75
58, 73
58, 73
59, 72
60, 71
61, 71
62, 71
63, 71
64, 71
65, 71
65, 71
58, 70
59, 69
60, 68
61, 67
62, 66
62, 66
63, 65
63, 65
63, 65
63, 64
63, 64
65, 80
64, 79
63, 78
63, 78
62, 77
61, 76
61, 76
60, 75
60, 75
60, 86
61, 87
62, 88
62, 88
63, 89
64, 89
65, 89
66, 89
67, 89
67, 89
67, 89
50, 86
50, 86
50, 86
50, 86
49, 85
48, 84
47, 83
47, 83
47, 83
50, 89
49, 88
48, 87
47, 86
46, 85
45, 84
44, 83
43, 82
42, 81
41, 80
41, 80
56, 88
57, 89
58, 90
59, 91
60, 91
60, 91
51, 82
50, 81
50, 81
49, 80
48, 79
47, 78
47, 78
66, 73
65, 72
65, 72
64, 71
63, 70
63, 70
62, 69
61, 69
61, 69
58, 83
58, 83
58, 83
57, 82
56, 81
55, 80
55, 80
59, 86
58, 85
57, 84
56, 83
55, 82
54, 81
54, 81
57, 71
57, 70
57, 69
57, 68
57, 67
57, 66
57, 66
57, 65
57, 65
57, 64
57, 64
55, 81
55, 81
54, 80
53, 79
53, 79
52, 78
51, 77
51, 77
60, 71
59, 70
59, 70
58, 69
57, 68
56, 67
56, 67
56, 67
57, 81
57, 81
56, 80
55, 79
55, 79
54, 78
54, 78
54, 78
53, 77
53, 77
53, 77
48, 84
48, 84
47, 83
47, 83
46, 82
45, 81
44, 80
44, 80
71, 81
70, 80
69, 79
68, 78
68, 78
68, 78
61, 86
60, 85
59, 84
58, 83
57, 82
56, 81
56, 81
54, 85
53, 84
52, 83
51, 82
50, 81
49, 80
48, 79
48, 79
53, 86
54, 87
54, 87
54, 87
54, 87
54, 87
54, 87
54, 87
51, 83
51, 83
52, 84
53, 85
54, 86
55, 87
56, 88
56, 88
63, 73
64, 72
65, 71
66, 70
67, 69
68, 68
69, 67
69, 67
56, 79
55, 78
54, 77
53, 76
53, 76
52, 75
52, 75
64, 70
63, 69
62, 68
61, 67
60, 66
59, 65
59, 65
46, 77
45, 76
44, 75
44, 75
43, 74
43, 74
67, 79
66, 80
65, 81
64, 81
63, 81
63, 81
62, 81
61, 81
61, 81
41, 80
40, 79
39, 78
38, 77
37, 76
36, 75
36, 75
36, 75
55, 80
54, 79
53, 78
52, 77
52, 76
52, 75
52, 74
52, 74
53, 77
54, 76
55, 75
56, 74
57, 73
57, 73
57, 73
57, 64
56, 63
56, 63
56, 63
56, 63
56, 63
62, 63
61, 62
60, 61
60, 61
60, 61
60, 61
59, 60
59, 60
59, 60
60, 91
59, 90
59, 90
58, 89
57, 88
56, 87
55, 86
54, 85
54, 85
48, 82
49, 81
50, 80
50, 80
51, 79
52, 78
53, 77
53, 77
53, 77
55, 68
54, 69
53, 70
52, 71
52, 71
51, 72
50, 73
50, 73
55, 80
56, 79
56, 79
57, 78
58, 77
59, 76
60, 75
60, 75
51, 74
51, 74
50, 73
49, 72
49, 72
49, 72
49, 71
49, 70
49, 70
43, 79
42, 78
41, 77
40, 76
39, 75
39, 75
39, 75
68, 68
67, 69
66, 70
65, 71
65, 71
65, 71
50, 76
49, 75
48, 74
48, 74
48, 74
47, 73
46, 72
45, 71
44, 70
44, 70
44, 70
56, 74
56, 74
55, 73
54, 72
53, 71
52, 70
51, 69
50, 68
49, 67
48, 67
48, 67
53, 86
53, 86
53, 86
52, 85
52, 85
51, 84
51, 84
61, 69
60, 70
59, 71
58, 72
57, 73
56, 74
55, 75
55, 75
55, 87
54, 86
53, 85
52, 84
51, 83
50, 82
50, 82
50, 82
49, 81
49, 81
49, 81
55, 80
55, 80
54, 79
54, 79
53, 78
52, 77
52, 77
52, 77
66, 88
65, 87
65, 87
64, 86
63, 85
63, 85
59, 74
58, 73
58, 73
57, 72
56, 71
56, 71
56, 71
56, 71
47, 78
46, 77
45, 76
44, 75
43, 74
42, 73
41, 72
40, 71
39, 71
39, 71
52, 76
51, 75
51, 75
50, 74
49, 73
49, 73
60, 66
61, 67
62, 68
63, 69
63, 69
63, 69
49, 74
48, 75
47, 75
46, 75
46, 75
46, 75
37, 74
38, 73
39, 72
39, 72
39, 72
40, 71
40, 71
51, 76
50, 75
49, 74
48, 73
47, 72
46, 71
45, 70
45, 70
45, 70
44, 69
44, 69
57, 64
58, 65
59, 66
60, 67
61, 68
61, 68
62, 69
63, 70
64, 71
64, 71
62, 84
61, 83
60, 82
59, 81
58, 80
57, 79
56, 78
55, 77
55, 77
40, 70
41, 69
42, 68
43, 67
44, 66
45, 65
46, 64
47, 63
49, 61
50, 60
50, 59
50, 58
50, 57
50, 56
50, 55
50, 55
57, 73
57, 73
56, 72
55, 71
55, 70
55, 69
55, 68
55, 68
54, 85
55, 84
56, 83
57, 82
57, 82
57, 82
58, 81
59, 80
59, 80
56, 76
56, 77
56, 77
56, 77
56, 77
56, 77
56, 77
61, 74
61, 74
61, 73
61, 72
61, 72
61, 72
61, 71
61, 71
38, 76
37, 77
36, 78
35, 78
34, 78
33, 78
32, 78
32, 78
55, 72
54, 72
53, 72
52, 72
51, 72
51, 72
50, 83
49, 82
48, 81
47, 80
46, 79
45, 78
45, 78
61, 81
60, 80
60, 80
59, 79
58, 78
57, 77
57, 77
44, 70
43, 69
42, 68
41, 67
40, 66
40, 66
39, 65
38, 64
38, 64
47, 66
46, 65
45, 64
44, 63
44, 61
45, 60
46, 59
47, 58
48, 57
47, 58
47, 58
48, 57
49, 56
50, 55
50, 54
50, 53
49, 54
49, 54
64, 70
63, 69
62, 68
62, 68
61, 67
60, 66
59, 65
58, 64
57, 63
57, 63
51, 73
50, 72
49, 71
48, 70
47, 69
46, 68
45, 67
45, 67
44, 73
44, 73
45, 73
45, 73
46, 73
47, 73
47, 73
47, 73
47, 73
58, 61
57, 62
57, 62
56, 63
55, 64
54, 65
53, 66
52, 67
51, 68
51, 68
51, 68
48, 69
48, 69
47, 68
47, 67
47, 67
47, 67
47, 66
47, 65
47, 65
50, 80
51, 79
52, 78
53, 77
54, 76
55, 75
55, 75
56, 74
56, 74
57, 73
57, 73
47, 74
47, 73
47, 73
47, 72
47, 71
47, 70
47, 69
47, 69
48, 74
47, 75
47, 75
46, 76
45, 77
45, 77
44, 78
43, 79
42, 79
41, 79
41, 79
48, 66
48, 66
49, 67
49, 67
50, 68
51, 69
52, 70
52, 70
53, 71
54, 72
54, 72
43, 68
42, 67
42, 66
42, 66
42, 65
42, 64
42, 63
43, 61
44, 60
45, 59
46, 58
47, 57
46, 56
46, 56
46, 68
47, 69
48, 70
49, 71
50, 72
50, 72
40, 71
39, 70
38, 69
37, 68
36, 67
35, 66
35, 66
52, 73
53, 74
54, 75
54, 75
55, 76
56, 77
57, 78
58, 79
58, 80
58, 80
39, 65
40, 66
41, 67
41, 67
42, 68
43, 69
44, 70
45, 71
46, 72
47, 73
47, 73
48, 53
47, 52
46, 51
45, 50
44, 49
43, 48
43, 48
60, 72
60, 72
59, 73
58, 74
57, 75
56, 76
56, 76
56, 67
56, 67
57, 66
58, 65
59, 64
59, 64
59, 63
59, 62
59, 61
59, 61
57, 77
57, 76
57, 75
57, 74
57, 73
57, 73
46, 72
45, 71
44, 70
44, 70
43, 69
43, 69
32, 78
33, 77
34, 76
35, 75
35, 75
36, 74
37, 73
37, 73
58, 79
58, 79
57, 78
56, 77
55, 76
54, 75
53, 74
52, 73
51, 72
51, 72
62, 68
62, 68
61, 67
60, 66
60, 66
59, 65
59, 65
58, 64
58, 64
58, 64
54, 76
53, 75
52, 74
51, 73
50, 72
49, 71
48, 70
47, 69
46, 68
46, 68
50, 55
49, 56
48, 57
47, 58
47, 58
48, 57
49, 56
50, 55
50, 54
50, 53
50, 52
50, 51
50, 50
50, 50
49, 51
49, 51
48, 52
47, 53
47, 53
47, 53
57, 73
57, 73
58, 74
59, 75
60, 76
60, 77
60, 78
60, 78
55, 76
54, 75
53, 74
52, 73
51, 72
50, 71
49, 70
49, 70
48, 69
47, 68
47, 68
52, 67
52, 66
52, 66
52, 65
52, 64
52, 63
52, 63
52, 63
52, 62
52, 61
52, 61
45, 78
44, 77
44, 77
43, 76
42, 75
42, 75
42, 75
41, 74
40, 73
39, 72
39, 72
65, 70
65, 70
66, 69
67, 68
68, 67
68, 67
56, 62
55, 61
54, 60
53, 59
52, 58
52, 58
49, 73
48, 74
47, 75
46, 76
45, 76
45, 76
45, 76
47, 67
47, 67
48, 66
49, 65
50, 64
51, 63
52, 62
53, 61
53, 61
53, 61
51, 59
50, 59
49, 59
48, 59
47, 59
47, 58
48, 57
49, 56
50, 55
50, 54
50, 54
57, 65
56, 66
56, 66
55, 67
54, 68
54, 68
46, 72
45, 71
44, 70
43, 69
42, 68
42, 68
42, 68
41, 79
40, 78
40, 78
39, 77
38, 76
38, 76
37, 75
36, 74
35, 73
35, 73
69, 68
70, 69
70, 70
70, 71
70, 72
70, 73
70, 74
70, 74
56, 72
55, 71
55, 71
54, 70
53, 69
53, 69
53, 69
52, 68
51, 67
50, 66
50, 66
48, 68
49, 67
50, 66
51, 65
52, 64
53, 63
54, 62
54, 61
54, 60
54, 60
54, 60
46, 54
47, 53
48, 52
49, 51
50, 50
50, 50
50, 50
50, 50
49, 49
49, 49
48, 48
47, 47
47, 47
51, 60
51, 60
51, 60
50, 59
49, 58
49, 58
61, 77
62, 76
63, 75
64, 74
65, 73
65, 73
46, 67
45, 66
44, 65
43, 64
42, 63
41, 62
40, 61
40, 61
59, 61
58, 60
57, 59
57, 59
57, 59
56, 58
56, 58
40, 71
41, 70
42, 69
42, 68
42, 68
42, 67
42, 67
42, 66
42, 65
42, 65
59, 79
59, 79
59, 79
60, 78
60, 78
61, 77
62, 76
63, 75
63, 75
37, 73
36, 72
35, 71
35, 71
34, 70
34, 70
34, 70
55, 75
55, 75
55, 75
54, 74
53, 73
52, 72
51, 71
50, 70
49, 69
49, 69
36, 65
37, 64
38, 63
39, 62
40, 61
40, 61
40, 61
41, 60
41, 60
51, 72
51, 72
51, 72
51, 72
50, 71
49, 70
49, 69
49, 69
44, 70
45, 71
46, 72
46, 72
47, 73
48, 74
48, 74
55, 73
56, 74
57, 75
57, 75
58, 76
59, 77
59, 77
59, 77
48, 52
48, 52
48, 52
49, 51
50, 50
51, 49
51, 49
44, 49
44, 49
44, 49
44, 49
44, 49
44, 49
44, 49
44, 49
44, 49
44, 49
65, 73
64, 72
63, 72
62, 72
61, 72
60, 72
59, 72
58, 72
58, 72
57, 72
57, 72
48, 68
47, 67
46, 66
45, 65
44, 64
44, 64
44, 64
44, 64
53, 61
52, 62
51, 63
51, 63
51, 63
50, 64
49, 65
48, 65
48, 65
43, 66
44, 67
45, 68
47, 68
48, 67
49, 66
50, 65
50, 64
50, 63
50, 62
50, 61
50, 60
51, 61
52, 62
53, 63
53, 63
63, 75
62, 74
62, 74
61, 73
60, 72
59, 71
58, 70
57, 69
56, 68
56, 68
41, 62
42, 63
43, 64
43, 64
44, 65
45, 66
46, 67
46, 67
46, 75
47, 74
48, 73
49, 72
49, 72
50, 71
51, 70
52, 69
53, 68
54, 67
54, 67
60, 78
61, 79
62, 80
63, 81
63, 82
63, 83
63, 84
63, 85
63, 86
63, 86
49, 65
48, 64
47, 63
46, 62
45, 61
45, 59
46, 58
47, 57
48, 56
49, 55
50, 54
50, 53
50, 52
50, 51
50, 50
50, 50
55, 67
56, 66
57, 65
58, 64
59, 63
60, 62
61, 61
62, 60
63, 59
64, 59
64, 59
48, 48
49, 49
50, 50
50, 50
50, 50
51, 51
51, 51
33, 69
33, 69
32, 68
31, 67
30, 66
29, 65
29, 64
29, 63
29, 62
29, 62
56, 58
55, 57
54, 56
53, 55
52, 54
51, 53
51, 53
43, 69
44, 70
45, 71
46, 72
46, 72
46, 72
53, 61
52, 60
51, 59
50, 58
49, 57
48, 56
47, 55
46, 54
45, 53
44, 52
44, 52
44, 49
43, 48
42, 47
42, 47
43, 48
44, 49
45, 50
46, 50
47, 50
48, 50
49, 50
50, 50
50, 50
49, 49
49, 49
49, 49
49, 49
41, 60
40, 59
40, 58
40, 57
40, 56
40, 55
40, 54
40, 53
40, 52
40, 52
40, 52
52, 50
53, 51
53, 51
53, 51
52, 50
51, 50
50, 50
50, 50
50, 50
51, 51
52, 52
52, 52
49, 53
48, 52
47, 51
46, 50
45, 49
44, 48
44, 48
44, 48
44, 48
34, 72
33, 71
33, 71
32, 70
31, 69
30, 68
29, 67
29, 67
69, 73
68, 72
67, 71
67, 71
66, 70
65, 69
65, 69
64, 68
64, 68
64, 68
64, 68
49, 75
50, 75
51, 75
52, 75
53, 75
53, 75
54, 75
55, 75
55, 75
49, 69
48, 68
47, 67
46, 66
45, 65
45, 65
45, 65
50, 59
50, 59
51, 60
52, 61
52, 61
52, 61
52, 61
52, 61
56, 71
55, 70
54, 69
53, 68
53, 68
52, 67
51, 66
51, 66
54, 62
54, 62
55, 61
56, 60
57, 59
57, 59
58, 58
58, 57
58, 57
58, 56
58, 56
50, 50
49, 51
48, 52
47, 53
46, 54
46, 54
47, 53
48, 52
49, 51
50, 50
50, 50
50, 50
50, 50
50, 50
51, 51
52, 52
53, 53
54, 54
55, 55
56, 56
57, 57
58, 58
59, 59
59, 59
46, 67
45, 66
44, 65
44, 65
43, 64
43, 64
62, 85
61, 84
60, 83
59, 82
58, 81
57, 80
57, 80
30, 61
31, 60
32, 59
33, 58
34, 57
34, 57
35, 56
36, 55
36, 55
53, 66
52, 65
52, 65
51, 64
50, 62
50, 61
50, 60
50, 59
50, 58
49, 57
48, 56
47, 55
46, 54
45, 53
45, 53
56, 76
57, 77
57, 77
58, 78
59, 79
60, 80
61, 81
61, 81
55, 69
54, 70
54, 70
53, 71
52, 71
51, 71
50, 71
49, 71
49, 71
39, 51
38, 50
37, 49
36, 48
35, 47
34, 46
33, 45
33, 45
64, 68
63, 67
63, 67
63, 67
62, 66
61, 65
60, 64
59, 63
58, 62
58, 62
58, 62
63, 60
62, 61
62, 61
61, 62
60, 63
59, 64
59, 64
58, 65
58, 65
50, 52
49, 51
48, 50
48, 50
47, 49
46, 48
45, 47
44, 46
44, 46
45, 47
46, 48
47, 49
48, 50
49, 50
50, 50
50, 50
49, 49
49, 49
45, 71
44, 70
43, 69
42, 68
41, 67
40, 67
39, 67
38, 67
37, 67
37, 67
45, 63
46, 62
48, 60
49, 59
50, 58
50, 57
50, 56
50, 55
50, 54
51, 53
52, 52
53, 51
54, 50
54, 50
54, 50
50, 50
49, 49
49, 49
48, 48
47, 47
47, 47
47, 47
47, 47
44, 64
44, 64
43, 63
43, 63
43, 61
44, 60
45, 59
46, 58
47, 57
48, 56
47, 55
46, 54
45, 53
44, 52
44, 52
45, 51
46, 50
47, 49
48, 48
49, 47
49, 47
50, 46
50, 46
50, 46
43, 47
43, 47
44, 48
45, 49
46, 50
47, 50
46, 49
45, 48
44, 47
43, 46
43, 46
47, 64
46, 63
45, 62
45, 60
46, 59
47, 58
48, 57
49, 56
50, 55
50, 54
50, 53
50, 52
50, 51
49, 50
48, 49
48, 49
47, 48
46, 47
46, 47
46, 47
51, 60
51, 60
51, 60
50, 59
50, 59
50, 59
49, 58
48, 58
48, 58
47, 58
47, 58
52, 52
51, 51
51, 51
50, 50
50, 50
49, 49
48, 48
47, 47
47, 47
30, 68
30, 68
31, 69
31, 69
31, 69
32, 70
33, 71
33, 71
33, 72
33, 72
33, 72
47, 46
47, 47
46, 46
47, 45
47, 46
47, 46
44, 47
45, 46
45, 47
46, 48
46, 49
46, 50
46, 50
55, 50
56, 49
55, 50
54, 50
53, 49
52, 50
52, 49
53, 50
54, 50
54, 50
57, 61
58, 60
58, 59
57, 60
56, 59
56, 60
56, 61
56, 61
58, 58
58, 59
57, 59
58, 58
57, 57
58, 58
59, 59
59, 60
58, 59
58, 58
58, 58
42, 65
43, 65
44, 65
43, 64
42, 64
41, 64
40, 65
41, 66
40, 65
40, 65
46, 46
47, 47
48, 47
49, 47
50, 48
51, 47
52, 46
52, 46
34, 45
34, 44
35, 44
34, 43
33, 43
33, 44
34, 45
35, 46
35, 46
61, 82
60, 82
59, 83
58, 82
58, 83
58, 83
58, 66
57, 66
58, 67
57, 67
58, 66
58, 66
44, 52
45, 53
46, 54
45, 53
45, 54
46, 54
47, 54
47, 55
47, 55
50, 70
51, 70
51, 71
52, 72
51, 72
50, 73
50, 73
51, 51
52, 51
51, 50
52, 51
51, 50
51, 51
51, 51
57, 55
58, 54
57, 53
58, 54
58, 53
58, 54
58, 55
58, 56
57, 55
57, 54
57, 54
47, 48
46, 49
46, 48
47, 47
48, 48
48, 48
48, 49
48, 48
47, 48
48, 49
48, 50
47, 51
46, 51
45, 50
46, 50
46, 50
51, 45
50, 44
49, 45
49, 44
48, 43
48, 44
49, 43
49, 43
52, 65
53, 65
54, 64
53, 63
54, 62
53, 62
53, 61
53, 61
43, 52
43, 53
44, 52
45, 53
44, 53
44, 53
48, 59
48, 60
49, 59
49, 58
50, 59
50, 58
50, 59
50, 59
58, 79
59, 80
60, 79
61, 79
60, 80
59, 81
58, 82
58, 82
35, 54
34, 55
33, 56
33, 55
32, 55
32, 55
33, 71
32, 72
33, 71
34, 72
34, 73
34, 72
34, 72
38, 68
38, 69
39, 69
38, 68
39, 68
39, 68
49, 48
49, 49
48, 50
49, 51
48, 50
49, 51
50, 50
50, 50
58, 81
57, 81
56, 81
56, 82
57, 81
56, 80
55, 80
56, 81
55, 81
55, 81
38, 67
39, 67
38, 67
38, 68
37, 67
37, 67
57, 55
58, 56
57, 57
58, 57
57, 56
56, 57
56, 56
56, 55
57, 55
58, 55
58, 55
31, 54
31, 55
31, 56
32, 57
31, 57
30, 57
31, 57
31, 56
32, 57
32, 57
56, 60
55, 59
55, 60
55, 61
55, 60
55, 60
43, 52
43, 51
42, 51
43, 52
44, 52
44, 53
44, 52
44, 52
49, 74
50, 75
51, 76
51, 75
52, 75
52, 76
52, 77
51, 78
50, 77
50, 77
55, 49
54, 48
54, 49
54, 48
55, 49
56, 50
56, 49
55, 49
54, 50
55, 50
55, 50
47, 49
46, 48
45, 49
44, 49
43, 48
42, 49
42, 49
35, 73
36, 72
35, 72
34, 73
33, 72
34, 73
34, 73
34, 45
35, 44
36, 43
35, 42
34, 43
35, 42
34, 42
35, 43
35, 42
35, 42
57, 84
57, 83
57, 82
58, 82
57, 81
57, 80
57, 80
53, 60
53, 61
52, 60
51, 60
51, 61
51, 60
51, 59
51, 59
59, 67
59, 66
60, 65
59, 65
58, 64
58, 64
47, 49
48, 49
48, 48
49, 48
50, 47
49, 47
50, 48
50, 48
59, 59
59, 60
59, 59
58, 60
58, 59
58, 59
50, 50
50, 49
51, 48
50, 47
49, 46
50, 46
49, 45
49, 46
50, 45
49, 45
49, 45
41, 64
41, 65
40, 66
39, 65
40, 64
39, 63
39, 63
50, 42
49, 41
49, 42
49, 41
50, 42
50, 43
50, 42
50, 42
49, 59
50, 59
51, 60
51, 59
50, 60
49, 61
49, 61
48, 45
47, 45
48, 45
48, 46
49, 47
48, 46
48, 45
48, 45
46, 54
47, 54
46, 54
45, 54
44, 54
44, 55
44, 56
43, 57
43, 56
43, 56
53, 47
53, 48
54, 48
53, 48
52, 48
52, 48
59, 59
58, 58
58, 59
59, 59
60, 60
61, 59
60, 60
59, 60
60, 60
60, 60
34, 72
35, 73
36, 74
37, 74
36, 74
37, 74
36, 75
35, 74
36, 74
36, 75
36, 75
55, 80
55, 81
55, 80
56, 79
55, 80
55, 79
55, 80
56, 79
56, 80
56, 80
48, 45
47, 45
46, 44
47, 43
48, 42
48, 41
49, 40
50, 40
50, 40
54, 51
53, 51
54, 50
54, 51
54, 50
54, 50
48, 44
48, 43
47, 43
48, 44
49, 44
48, 44
48, 45
48, 45
56, 61
57, 61
56, 61
57, 61
56, 62
55, 62
55, 62
58, 54
58, 55
57, 55
57, 56
56, 55
56, 56
56, 55
55, 56
56, 55
57, 55
57, 55
36, 43
35, 44
35, 45
36, 45
35, 44
34, 45
33, 44
32, 44
32, 44
57, 65
58, 64
57, 65
56, 66
55, 65
56, 64
56, 64
52, 59
52, 60
52, 59
52, 60
53, 60
53, 59
52, 58
51, 59
51, 59
56, 80
57, 81
58, 81
58, 80
59, 79
58, 80
59, 80
59, 81
59, 82
58, 81
58, 81
42, 50
43, 50
44, 50
45, 51
45, 52
44, 51
44, 50
44, 50
51, 49
50, 48
51, 47
52, 47
53, 47
53, 47
40, 64
41, 64
41, 63
41, 64
40, 65
40, 64
39, 64
39, 64
43, 57
42, 57
41, 57
42, 56
41, 55
41, 54
41, 55
40, 56
40, 56
50, 76
49, 75
50, 74
49, 73
48, 73
48, 73
49, 50
49, 49
48, 48
47, 47
46, 46
46, 46
48, 60
49, 60
48, 60
48, 59
47, 58
47, 58
49, 49
49, 50
49, 51
48, 52
48, 51
49, 52
49, 51
49, 52
48, 52
48, 52
31, 56
31, 55
32, 56
32, 55
33, 55
33, 54
33, 53
33, 54
34, 54
34, 54
43, 51
42, 50
42, 51
42, 50
43, 49
44, 50
43, 50
43, 49
43, 48
43, 48
37, 66
37, 67
36, 68
37, 69
38, 70
37, 70
36, 71
35, 70
36, 70
36, 70
49, 43
48, 44
49, 45
49, 44
48, 44
48, 45
48, 46
48, 47
47, 46
47, 46
33, 43
34, 42
33, 43
34, 44
35, 44
34, 43
33, 43
33, 42
33, 42
41, 56
41, 57
42, 57
42, 56
43, 55
43, 54
43, 54
45, 51
44, 50
45, 50
44, 50
44, 51
43, 51
43, 51
52, 47
53, 46
52, 47
51, 46
51, 45
51, 46
52, 45
53, 45
53, 45
47, 52
48, 51
49, 51
48, 52
47, 51
48, 51
49, 51
50, 51
49, 52
49, 52
42, 48
41, 47
41, 48
40, 47
41, 47
42, 47
43, 47
44, 47
44, 47
49, 44
49, 45
48, 44
49, 44
48, 43
48, 43
56, 65
57, 66
57, 67
57, 68
58, 67
59, 68
60, 68
61, 67
61, 67
37, 74
36, 73
37, 72
37, 71
38, 72
38, 71
38, 72
37, 72
38, 72
38, 72
49, 73
48, 73
48, 72
49, 71
50, 70
50, 70
57, 80
57, 81
57, 80
58, 81
57, 80
56, 80
56, 79
56, 79
45, 46
45, 45
45, 46
46, 47
45, 47
46, 47
47, 47
47, 47
48, 57
49, 58
50, 57
51, 56
51, 55
51, 54
52, 55
52, 55
35, 71
36, 72
36, 73
35, 74
36, 75
37, 74
36, 74
35, 73
35, 73
46, 45
45, 45
46, 45
45, 45
45, 46
44, 45
45, 45
45, 46
45, 47
45, 47
50, 58
49, 57
48, 57
49, 58
48, 59
48, 58
47, 59
48, 60
48, 60
53, 50
53, 51
53, 52
52, 53
51, 52
50, 52
51, 51
51, 52
50, 53
51, 54
51, 54
57, 81
56, 81
55, 81
56, 81
56, 82
56, 82
38, 65
38, 64
37, 63
37, 64
38, 63
37, 62
36, 61
35, 62
36, 61
37, 61
37, 61
61, 59
61, 60
61, 61
62, 60
61, 61
61, 61
34, 53
34, 54
33, 55
33, 54
34, 55
35, 55
35, 55
56, 62
55, 61
55, 60
54, 60
55, 60
56, 59
56, 58
56, 58
56, 55
55, 54
54, 54
53, 55
53, 54
52, 54
52, 53
52, 53
50, 39
51, 38
51, 39
52, 39
51, 38
50, 39
50, 39
46, 47
45, 47
44, 48
43, 47
43, 48
42, 47
42, 48
42, 49
43, 48
43, 48
45, 46
44, 45
44, 44
45, 44
44, 45
45, 46
44, 45
44, 46
44, 46
62, 68
61, 67
60, 67
59, 66
60, 67
60, 67
36, 55
37, 55
36, 56
35, 57
34, 57
34, 57
50, 69
49, 69
48, 68
48, 67
49, 68
50, 68
50, 67
50, 68
50, 69
50, 69
47, 46
47, 47
47, 46
48, 45
47, 46
48, 45
47, 45
47, 46
46, 47
46, 48
46, 48
32, 43
33, 44
34, 44
35, 43
34, 42
35, 42
35, 43
35, 43
56, 80
57, 79
58, 80
59, 81
58, 80
57, 80
57, 80
50, 53
51, 53
52, 52
51, 52
52, 53
51, 53
51, 53
38, 60
39, 59
38, 58
39, 57
39, 56
38, 57
37, 56
38, 57
39, 56
39, 56
47, 59
47, 58
48, 57
49, 57
49, 56
50, 55
50, 55
51, 54
51, 53
51, 52
51, 51
50, 52
51, 52
50, 52
49, 51
49, 51
55, 81
56, 80
55, 79
56, 79
56, 80
56, 81
56, 82
55, 83
55, 83
47, 44
48, 45
47, 44
47, 45
46, 45
47, 45
47, 45
48, 53
47, 52
46, 52
46, 53
46, 54
46, 54
55, 59
54, 58
55, 58
56, 58
57, 57
56, 56
55, 56
54, 57
55, 56
56, 55
56, 55
61, 60
60, 60
59, 60
60, 60
59, 59
60, 60
60, 61
61, 62
61, 63
61, 63
51, 55
52, 55
51, 54
50, 55
51, 56
50, 57
51, 56
52, 55
52, 55
52, 45
53, 44
52, 44
51, 44
52, 44
52, 43
52, 44
51, 44
51, 44
51, 39
52, 38
52, 39
53, 38
53, 37
53, 37
37, 73
37, 74
36, 73
37, 73
36, 74
35, 75
36, 76
37, 75
37, 75
43, 50
42, 49
43, 48
44, 48
44, 49
43, 48
43, 48
34, 72
33, 71
34, 72
34, 73
33, 72
33, 73
34, 73
34, 73
43, 55
43, 54
42, 55
43, 54
43, 55
42, 56
43, 57
44, 56
43, 57
43, 56
43, 56
44, 47
45, 48
46, 47
46, 48
47, 49
47, 49
33, 72
32, 72
31, 72
31, 73
31, 74
32, 75
32, 75
47, 46
48, 45
48, 44
49, 45
48, 46
49, 46
49, 46
51, 69
52, 69
53, 69
54, 69
54, 70
53, 70
54, 69
54, 70
53, 70
53, 69
53, 69
47, 54
48, 54
48, 53
47, 54
48, 53
48, 53
35, 42
36, 43
36, 44
36, 43
36, 42
37, 43
36, 42
37, 43
36, 43
36, 43
50, 56
49, 57
50, 56
49, 57
50, 57
50, 57
52, 43
53, 44
52, 45
51, 44
52, 45
52, 44
52, 44
45, 47
44, 46
44, 47
45, 48
44, 47
44, 47
38, 76
39, 76
38, 75
37, 75
38, 76
39, 77
39, 77
44, 49
44, 50
44, 51
45, 52
45, 53
44, 53
44, 54
44, 54
52, 54
52, 53
51, 53
52, 54
51, 55
51, 56
51, 56
52, 38
53, 37
52, 36
53, 36
53, 35
52, 34
52, 35
51, 35
51, 34
52, 34
52, 34
54, 84
53, 85
54, 85
53, 84
54, 85
55, 84
55, 84
39, 57
40, 57
39, 57
38, 56
39, 56
40, 57
41, 58
42, 59
42, 60
42, 60
58, 81
57, 82
58, 82
57, 82
57, 83
57, 82
57, 82
57, 56
57, 57
58, 57
58, 56
59, 57
59, 57
45, 47
46, 47
45, 48
44, 48
43, 48
42, 49
43, 49
42, 48
42, 47
43, 46
43, 46
48, 51
47, 50
46, 50
47, 50
46, 50
47, 51
47, 51
33, 56
33, 57
34, 56
33, 55
32, 55
31, 56
32, 57
32, 58
33, 59
33, 59
52, 52
51, 52
50, 51
51, 52
52, 52
52, 53
52, 53
44, 55
44, 54
45, 54
46, 54
45, 53
44, 52
45, 52
45, 53
46, 52
46, 52
60, 63
59, 64
60, 65
59, 66
60, 65
60, 64
60, 65
61, 64
61, 64
60, 68
60, 67
59, 67
60, 68
61, 67
62, 68
62, 68
53, 54
53, 55
54, 56
55, 57
54, 56
54, 55
54, 56
55, 56
54, 57
54, 57
43, 53
43, 52
43, 53
43, 54
43, 53
42, 52
42, 52
53, 44
53, 45
52, 45
53, 46
54, 46
53, 45
53, 44
54, 44
55, 44
55, 44
62, 69
61, 70
61, 69
61, 68
61, 69
60, 70
59, 71
60, 71
60, 71
33, 60
32, 61
32, 62
33, 62
32, 63
31, 64
31, 64
60, 58
60, 59
60, 60
59, 61
60, 61
60, 61
60, 65
61, 64
60, 63
61, 64
62, 65
63, 66
64, 67
63, 67
62, 68
62, 68
47, 52
46, 52
46, 53
45, 54
46, 55
47, 55
46, 54
46, 54
41, 61
41, 62
40, 61
39, 61
40, 62
40, 62
40, 76
41, 76
41, 75
41, 74
41, 75
40, 75
41, 76
41, 76
44, 46
44, 45
45, 46
45, 45
46, 46
47, 45
48, 44
49, 43
49, 42
48, 41
48, 41
56, 83
55, 82
55, 81
55, 80
56, 79
56, 80
55, 80
55, 79
55, 79
33, 76
33, 75
32, 76
31, 75
32, 74
32, 74
56, 83
55, 84
55, 83
54, 82
55, 81
56, 82
56, 81
57, 81
57, 82
57, 82
50, 58
51, 59
51, 58
50, 57
51, 58
51, 58
45, 53
46, 54
47, 55
46, 54
47, 53
48, 54
48, 54
52, 69
53, 70
54, 70
54, 71
54, 70
53, 69
53, 69
46, 48
47, 47
48, 46
48, 47
49, 46
49, 46
35, 44
34, 43
35, 44
34, 45
34, 44
33, 44
34, 45
35, 45
36, 44
36, 44
48, 45
48, 46
47, 47
46, 47
45, 46
46, 46
45, 45
46, 44
47, 45
48, 46
48, 46
50, 56
51, 55
51, 56
52, 55
53, 56
54, 56
53, 56
54, 57
54, 56
53, 57
53, 57
53, 33
53, 32
54, 33
53, 32
53, 31
53, 31
49, 53
48, 52
49, 53
50, 52
51, 53
51, 54
52, 55
53, 54
53, 53
53, 53
44, 48
44, 47
45, 46
44, 46
44, 47
45, 48
44, 47
44, 46
44, 46
49, 41
50, 40
49, 39
48, 39
49, 40
48, 39
48, 39
53, 57
53, 56
54, 57
55, 58
55, 59
54, 58
53, 59
53, 59
32, 75
33, 76
32, 75
31, 75
32, 75
32, 74
32, 74
35, 45
35, 46
34, 46
33, 47
32, 46
33, 47
32, 46
31, 47
30, 47
30, 46
30, 46
40, 77
39, 76
38, 76
39, 75
38, 74
38, 73
37, 72
38, 73
38, 73
45, 47
44, 48
45, 48
44, 49
45, 48
45, 47
46, 46
45, 46
45, 45
44, 46
44, 46
63, 68
62, 68
61, 68
62, 68
63, 69
63, 70
63, 70
56, 78
56, 77
57, 78
58, 78
59, 77
58, 78
57, 79
56, 80
56, 81
56, 81
47, 55
46, 54
47, 55
48, 55
47, 56
47, 56
41, 53
41, 54
41, 55
40, 55
39, 55
40, 56
40, 55
41, 56
41, 55
40, 55
40, 55
47, 45
48, 45
47, 44
46, 45
47, 44
46, 45
47, 44
46, 44
45, 45
46, 45
46, 45
59, 71
59, 70
58, 71
59, 71
58, 70
58, 71
58, 71
49, 47
50, 48
51, 49
50, 49
50, 50
50, 51
50, 52
50, 51
49, 50
49, 50
52, 32
51, 33
51, 34
50, 33
51, 32
52, 31
51, 31
52, 30
53, 31
53, 31
56, 82
55, 81
54, 81
55, 81
56, 80
56, 81
56, 80
57, 80
58, 80
57, 81
57, 81
52, 70
51, 69
50, 70
50, 71
51, 70
50, 69
49, 70
49, 70
54, 56
53, 55
52, 55
51, 56
52, 56
53, 56
53, 55
53, 55
47, 53
47, 52
48, 53
47, 53
48, 54
49, 53
49, 53
50, 59
50, 60
49, 61
50, 62
50, 61
50, 61
54, 44
55, 45
54, 45
54, 44
54, 45
55, 46
56, 46
57, 47
56, 46
56, 46
54, 53
53, 54
53, 53
52, 53
53, 53
53, 52
53, 52
41, 62
41, 63
40, 64
41, 65
42, 64
42, 64
30, 65
29, 66
28, 66
27, 67
28, 66
29, 67
29, 67
61, 61
62, 60
63, 61
63, 60
63, 59
64, 59
64, 60
64, 59
65, 59
65, 59
49, 52
50, 52
51, 52
50, 51
49, 50
49, 51
50, 50
51, 49
50, 48
51, 48
51, 48
52, 55
51, 56
51, 55
50, 55
49, 56
48, 56
48, 55
49, 55
49, 55
46, 56
46, 55
45, 54
46, 53
45, 53
44, 52
44, 52
41, 64
42, 63
41, 64
42, 63
41, 62
40, 61
40, 61
63, 69
64, 69
64, 68
64, 67
63, 67
62, 67
61, 67
60, 66
61, 67
61, 67
45, 44
44, 45
43, 46
44, 47
43, 46
44, 46
45, 47
45, 48
45, 48
66, 58
66, 59
65, 60
66, 59
65, 59
66, 59
66, 60
67, 59
68, 59
67, 59
67, 59
43, 46
42, 47
41, 48
41, 47
41, 48
40, 47
40, 47
41, 54
41, 53
40, 53
40, 54
41, 55
40, 56
41, 55
42, 56
41, 57
41, 56
41, 56
57, 70
56, 71
57, 72
58, 73
59, 74
58, 75
57, 76
56, 77
56, 77
48, 40
47, 41
48, 40
49, 39
50, 39
50, 40
50, 40
58, 80
59, 79
60, 80
61, 81
60, 81
61, 82
61, 82
33, 75
34, 74
35, 75
34, 74
35, 73
34, 73
33, 73
34, 72
35, 73
35, 73
37, 74
36, 75
36, 74
37, 73
38, 74
38, 75
37, 74
38, 75
38, 75
54, 53
55, 53
54, 54
55, 53
56, 54
56, 54
53, 60
53, 59
53, 60
53, 61
54, 61
55, 62
56, 61
56, 61
29, 66
30, 67
31, 66
30, 65
31, 66
30, 67
30, 67
51, 60
52, 61
53, 60
52, 59
53, 58
52, 57
53, 57
54, 56
55, 57
55, 57
50, 51
50, 52
51, 53
52, 53
51, 54
50, 55
50, 55
52, 31
53, 31
54, 32
55, 31
54, 32
55, 31
55, 32
55, 33
54, 33
54, 33
50, 71
50, 72
49, 73
48, 72
47, 71
47, 71
29, 47
29, 46
30, 47
31, 48
32, 47
32, 48
33, 48
32, 48
32, 48
57, 81
57, 82
58, 82
59, 83
58, 83
57, 84
56, 85
57, 84
56, 85
57, 85
57, 85
55, 45
55, 44
54, 43
53, 42
52, 42
51, 41
50, 40
49, 40
49, 40
42, 57
43, 57
42, 57
41, 57
42, 57
42, 56
42, 56
41, 61
40, 61
39, 60
38, 61
37, 62
38, 62
37, 62
36, 62
37, 62
37, 62
39, 47
38, 48
37, 49
38, 48
38, 49
39, 50
38, 50
38, 50
60, 81
59, 81
59, 82
60, 83
61, 82
62, 81
63, 80
64, 81
63, 80
64, 79
64, 79
39, 76
38, 76
37, 77
38, 77
37, 78
38, 77
39, 76
40, 76
39, 75
39, 74
39, 74
55, 33
54, 32
55, 33
56, 34
57, 34
58, 34
58, 34
45, 52
46, 53
45, 54
46, 53
45, 54
44, 54
45, 53
45, 52
44, 51
44, 51
57, 86
56, 85
55, 86
54, 87
55, 86
55, 86
55, 78
56, 79
57, 80
57, 79
58, 78
59, 78
58, 77
59, 78
59, 77
58, 77
58, 77
50, 41
51, 41
52, 42
52, 41
52, 40
53, 39
54, 40
54, 40
56, 60
57, 59
57, 58
57, 57
57, 58
56, 58
57, 57
56, 58
55, 59
54, 59
54, 59
44, 49
44, 48
45, 48
44, 49
43, 50
44, 51
44, 51
49, 54
49, 53
49, 52
48, 52
47, 52
47, 51
48, 50
49, 51
49, 52
49, 52
50, 56
50, 57
51, 58
52, 58
53, 58
54, 59
53, 58
54, 58
55, 58
54, 57
54, 57
66, 60
65, 60
66, 59
65, 59
64, 58
65, 59
65, 59
56, 57
57, 57
57, 56
56, 56
56, 55
55, 55
54, 54
53, 55
52, 54
53, 53
53, 53
32, 49
32, 48
33, 48
34, 49
33, 49
34, 48
34, 47
34, 48
35, 49
35, 50
35, 50
50, 41
51, 41
50, 41
50, 42
50, 43
49, 42
48, 41
47, 41
46, 42
45, 43
45, 43
29, 66
29, 65
30, 66
29, 65
28, 65
28, 64
28, 64
51, 47
51, 46
50, 45
51, 44
50, 45
50, 46
51, 47
52, 48
52, 48
61, 68
61, 69
60, 69
59, 68
59, 69
60, 70
60, 70
55, 54
55, 55
56, 55
57, 56
58, 55
57, 56
57, 57
56, 56
56, 56
47, 70
48, 69
47, 70
48, 71
47, 70
48, 69
48, 69
35, 74
36, 73
37, 73
38, 72
37, 72
36, 72
35, 71
36, 71
36, 71
45, 51
46, 52
45, 52
44, 53
43, 54
44, 54
44, 55
45, 54
45, 54
44, 50
43, 49
42, 48
43, 48
42, 49
41, 50
40, 51
41, 50
42, 49
41, 49
41, 49
29, 64
28, 65
29, 66
30, 67
31, 67
30, 68
31, 67
31, 67
55, 39
54, 38
54, 37
53, 37
52, 36
53, 37
53, 37
46, 44
47, 45
48, 46
47, 47
46, 46
45, 45
44, 45
44, 45
55, 58
56, 59
57, 59
57, 58
57, 59
58, 60
59, 59
58, 58
59, 59
59, 59
59, 71
59, 70
58, 69
59, 69
60, 69
59, 69
59, 69
52, 47
51, 48
52, 47
51, 48
52, 48
53, 49
52, 50
53, 50
54, 50
53, 51
53, 51
64, 78
65, 79
64, 79
63, 80
63, 81
64, 81
63, 80
64, 80
65, 81
65, 81
64, 60
63, 60
63, 59
63, 60
64, 61
64, 60
64, 61
64, 60
63, 60
63, 60
37, 50
38, 50
39, 50
38, 50
38, 51
37, 51
38, 50
37, 50
38, 49
39, 48
39, 48
38, 61
39, 60
38, 61
39, 62
39, 61
39, 62
39, 62
54, 58
54, 57
54, 56
54, 55
54, 56
53, 57
54, 56
55, 57
54, 57
54, 57
55, 87
55, 86
56, 85
57, 85
56, 86
56, 87
56, 87
59, 35
59, 36
58, 35
59, 36
60, 35
61, 34
62, 33
63, 32
64, 31
63, 31
63, 31
55, 56
54, 57
54, 56
55, 56
56, 56
55, 55
56, 56
55, 56
55, 56
36, 70
37, 70
38, 69
39, 70
38, 69
38, 69
42, 57
41, 57
42, 56
41, 55
40, 54
41, 53
42, 52
41, 53
41, 53
49, 69
50, 68
49, 69
50, 70
49, 71
50, 70
49, 69
49, 70
49, 70
59, 77
58, 76
57, 77
58, 78
59, 79
58, 79
58, 78
58, 79
57, 80
57, 80
40, 74
41, 74
41, 75
42, 75
41, 75
40, 74
40, 73
40, 73
48, 53
48, 54
48, 53
49, 52
48, 53
49, 53
48, 53
48, 54
48, 55
47, 56
47, 56
53, 52
52, 51
53, 52
52, 51
51, 51
51, 50
52, 51
52, 51
36, 50
35, 51
36, 50
36, 49
36, 48
36, 47
37, 48
36, 48
37, 48
38, 47
38, 47
37, 48
36, 49
36, 48
36, 47
36, 46
35, 47
34, 46
33, 45
33, 45
50, 71
49, 72
48, 71
49, 72
50, 72
50, 73
51, 72
50, 73
50, 73
45, 45
46, 45
46, 44
46, 45
46, 44
47, 44
48, 43
48, 43
38, 70
37, 71
38, 70
37, 70
36, 69
37, 68
37, 68
58, 69
59, 69
60, 68
60, 67
59, 67
59, 66
59, 66
62, 59
63, 59
64, 58
65, 58
64, 57
63, 57
63, 56
63, 56
53, 52
52, 53
52, 54
53, 54
52, 54
53, 55
53, 55
38, 63
38, 62
38, 61
39, 62
39, 61
39, 61
53, 51
52, 52
51, 52
51, 51
52, 50
53, 51
53, 51
53, 36
53, 35
54, 35
54, 36
53, 35
52, 35
51, 34
50, 35
49, 35
49, 35
46, 56
46, 57
46, 56
47, 57
48, 58
48, 59
48, 58
49, 57
50, 58
50, 58
55, 86
54, 86
54, 87
55, 87
54, 87
54, 88
55, 89
54, 89
54, 88
55, 88
55, 88
41, 50
40, 50
39, 51
38, 51
39, 50
38, 50
38, 49
38, 48
38, 48
54, 58
54, 57
55, 58
54, 57
53, 56
54, 55
53, 56
52, 57
52, 58
52, 58
57, 79
56, 79
55, 78
54, 77
55, 77
54, 77
54, 78
54, 78
42, 52
43, 51
42, 50
41, 50
40, 51
40, 50
41, 51
40, 50
40, 50
54, 55
54, 54
55, 53
55, 54
56, 54
57, 55
57, 56
58, 56
58, 56
46, 53
45, 52
44, 51
45, 51
45, 50
46, 51
45, 51
44, 52
45, 52
45, 53
45, 53
39, 49
38, 48
37, 49
38, 49
39, 49
38, 48
38, 49
38, 49
40, 72
39, 72
40, 72
41, 71
42, 71
42, 71
66, 81
67, 80
67, 81
66, 81
65, 80
64, 81
65, 82
66, 81
66, 82
66, 82
63, 32
62, 33
63, 34
64, 35
63, 36
63, 37
63, 37
31, 68
30, 67
30, 68
31, 67
30, 68
30, 68
59, 60
60, 60
59, 61
58, 62
59, 63
60, 62
60, 61
60, 61
53, 50
52, 51
52, 50
53, 49
52, 50
51, 50
52, 51
51, 50
52, 49
52, 49
48, 35
47, 34
47, 33
48, 33
47, 34
48, 34
47, 34
47, 33
47, 33
37, 49
37, 48
37, 47
37, 46
36, 47
35, 46
34, 47
34, 48
34, 47
34, 47
63, 38
62, 38
61, 39
60, 40
61, 39
60, 40
60, 41
59, 41
59, 40
59, 40
29, 67
28, 66
28, 65
29, 64
28, 63
27, 63
26, 63
27, 64
26, 65
25, 65
25, 65
39, 50
40, 49
41, 49
41, 50
42, 49
43, 48
44, 48
45, 47
46, 48
46, 48
59, 57
58, 57
57, 58
56, 59
57, 60
58, 61
57, 60
57, 60
34, 44
35, 44
34, 43
33, 43
32, 44
33, 45
33, 45
51, 58
52, 57
52, 58
53, 59
53, 60
54, 61
54, 60
53, 59
53, 59
53, 79
52, 78
53, 79
52, 78
53, 79
52, 79
53, 79
54, 80
55, 79
55, 79
38, 67
37, 68
36, 67
36, 66
37, 66
37, 66
60, 62
59, 63
59, 62
60, 61
59, 60
58, 60
58, 60
42, 72
41, 73
40, 74
39, 74
40, 73
39, 73
39, 73
44, 54
44, 55
43, 55
44, 56
43, 56
44, 56
43, 57
43, 56
44, 56
44, 56
52, 56
51, 56
52, 57
51, 57
51, 56
51, 55
50, 54
51, 55
51, 54
51, 53
51, 53
49, 44
48, 44
48, 43
49, 43
48, 44
48, 44
51, 59
52, 58
51, 58
50, 59
50, 60
49, 60
49, 60
40, 62
39, 62
40, 62
40, 61
40, 60
39, 59
39, 60
39, 59
39, 59
63, 55
62, 56
63, 57
62, 57
63, 56
63, 56
59, 67
60, 68
61, 67
60, 67
60, 68
59, 67
59, 66
58, 65
57, 66
56, 65
56, 65
65, 81
64, 80
65, 81
64, 81
64, 82
63, 83
62, 83
61, 83
61, 83
49, 74
49, 73
50, 74
50, 75
50, 76
49, 76
50, 77
50, 78
50, 79
51, 79
51, 79
55, 87
55, 86
54, 85
55, 85
55, 84
55, 83
55, 84
55, 84
39, 51
39, 52
40, 51
39, 51
38, 52
38, 51
37, 52
37, 53
38, 52
38, 52
37, 65
38, 65
37, 66
36, 67
35, 66
35, 66
39, 52
39, 51
38, 52
37, 52
36, 51
36, 51
54, 79
54, 78
54, 77
54, 76
53, 76
54, 75
54, 75
38, 73
39, 72
40, 71
39, 70
40, 71
41, 71
41, 71
34, 45
35, 46
35, 45
34, 45
33, 45
32, 45
33, 44
32, 44
33, 44
33, 44
35, 47
34, 48
35, 48
34, 47
34, 48
33, 47
32, 46
32, 47
31, 47
31, 47
62, 84
62, 83
62, 84
63, 85
64, 85
63, 86
62, 85
62, 85
47, 44
46, 44
47, 43
48, 44
47, 43
47, 44
48, 45
47, 46
48, 45
48, 45
60, 40
61, 40
61, 41
60, 41
59, 42
59, 43
60, 43
59, 42
59, 43
58, 43
58, 43
59, 61
58, 62
57, 63
58, 64
58, 65
59, 65
59, 65
52, 79
51, 80
51, 81
51, 80
50, 79
51, 78
52, 77
52, 78
51, 79
51, 79
45, 48
46, 49
45, 48
44, 48
43, 48
43, 48
50, 54
49, 54
48, 53
47, 52
46, 51
45, 52
46, 51
46, 51
56, 60
55, 59
54, 59
55, 59
56, 58
56, 59
57, 58
57, 58
50, 59
49, 58
48, 57
49, 58
48, 59
48, 59
54, 83
54, 82
53, 81
52, 80
53, 79
52, 80
53, 81
54, 82
55, 82
54, 83
54, 83
53, 58
53, 57
53, 56
54, 57
54, 56
55, 57
55, 57
52, 48
51, 48
52, 47
51, 46
50, 45
51, 45
51, 46
51, 47
52, 48
53, 47
53, 47
48, 33
47, 33
46, 34
46, 35
46, 36
46, 36
56, 66
55, 66
54, 65
53, 65
52, 66
53, 65
52, 64
53, 63
53, 63
40, 59
39, 59
40, 59
39, 58
38, 57
38, 56
38, 56
43, 57
42, 57
41, 57
40, 57
39, 58
38, 57
37, 58
37, 57
38, 56
38, 56
62, 56
61, 57
61, 58
62, 59
62, 58
61, 59
62, 60
61, 61
60, 61
59, 62
59, 62
26, 65
27, 65
26, 64
27, 64
26, 64
26, 65
26, 65
27, 66
27, 67
27, 66
28, 65
28, 64
29, 64
28, 64
28, 64
43, 49
44, 50
43, 51
44, 52
45, 51
44, 51
45, 52
46, 53
46, 53
32, 45
33, 46
33, 45
33, 46
32, 46
33, 45
33, 45
41, 72
40, 71
40, 70
41, 71
42, 70
41, 69
42, 70
41, 70
42, 69
42, 69
47, 51
46, 52
45, 53
46, 54
45, 54
46, 54
46, 55
45, 54
44, 55
44, 55
59, 61
58, 60
59, 61
59, 60
59, 59
59, 59
56, 56
55, 56
54, 57
53, 57
54, 57
55, 58
56, 58
55, 58
54, 58
54, 58
39, 55
39, 56
39, 57
39, 58
39, 57
38, 58
38, 59
37, 58
36, 57
35, 56
35, 56
57, 59
58, 60
59, 61
58, 60
57, 59
58, 59
58, 59
53, 48
54, 49
53, 50
52, 51
52, 52
52, 52
62, 84
63, 84
63, 85
63, 86
64, 87
64, 87
53, 76
53, 75
54, 74
55, 73
55, 72
54, 72
54, 73
55, 72
55, 72
49, 60
50, 61
51, 60
51, 59
50, 59
50, 59
31, 46
30, 46
31, 46
31, 47
31, 46
30, 47
30, 48
30, 48
47, 35
46, 36
45, 36
46, 37
47, 36
48, 35
47, 34
48, 33
47, 33
46, 33
46, 33
54, 63
53, 64
52, 64
51, 64
52, 64
52, 65
52, 65
37, 57
36, 56
37, 56
38, 56
37, 57
38, 58
38, 58
57, 43
57, 44
58, 43
59, 44
59, 43
58, 43
59, 42
58, 43
58, 43
60, 65
61, 65
60, 66
60, 65
59, 65
59, 65
36, 52
37, 52
37, 53
37, 54
38, 55
39, 54
38, 53
38, 53
35, 65
36, 65
36, 66
35, 66
36, 66
37, 66
37, 66
55, 83
55, 82
54, 82
53, 83
54, 83
54, 84
55, 85
54, 86
53, 87
53, 88
53, 88
51, 78
52, 79
53, 79
53, 80
54, 80
53, 81
53, 82
54, 82
55, 81
54, 80
54, 80
49, 44
48, 45
47, 45
48, 44
48, 45
48, 45
58, 60
57, 60
58, 61
58, 60
57, 60
56, 60
57, 61
56, 60
56, 60
44, 56
43, 57
42, 57
41, 56
42, 57
42, 57
49, 60
48, 60
47, 59
48, 59
48, 58
48, 58
57, 42
56, 41
55, 41
54, 41
53, 40
52, 41
53, 41
54, 41
54, 41
39, 58
39, 57
38, 57
37, 57
36, 56
36, 56
63, 86
63, 85
64, 86
65, 87
65, 88
65, 87
66, 86
65, 85
65, 86
66, 87
66, 87
47, 32
46, 33
47, 32
48, 33
47, 32
48, 33
47, 34
46, 33
46, 32
45, 31
45, 31
55, 71
56, 72
55, 71
54, 70
55, 69
54, 68
54, 68
54, 81
55, 81
55, 80
55, 79
56, 78
57, 79
56, 80
56, 80
52, 53
51, 53
51, 54
51, 55
52, 55
51, 54
50, 53
49, 52
49, 52
54, 57
55, 57
54, 58
55, 57
56, 57
57, 58
56, 59
55, 58
54, 58
53, 58
53, 58
43, 70
42, 70
42, 69
41, 68
42, 69
42, 69
60, 58
61, 57
62, 57
61, 58
61, 59
60, 58
61, 59
62, 60
61, 60
61, 60
47, 53
46, 52
47, 52
48, 51
47, 50
48, 50
48, 49
49, 48
48, 47
48, 47
36, 57
37, 57
36, 56
35, 56
34, 57
33, 58
34, 57
34, 58
35, 58
36, 58
36, 58
60, 65
60, 64
59, 63
58, 62
57, 62
58, 61
57, 60
57, 60
49, 45
49, 46
49, 45
49, 44
49, 45
49, 46
50, 45
50, 45
52, 88
51, 87
50, 88
49, 88
48, 88
47, 88
48, 89
48, 88
47, 88
47, 88
33, 46
32, 47
31, 46
30, 47
29, 47
29, 47
37, 67
38, 66
37, 67
36, 67
35, 68
35, 67
35, 68
34, 69
33, 70
33, 70
30, 49
29, 49
30, 49
30, 48
29, 49
29, 50
29, 49
30, 49
30, 49
38, 52
37, 51
36, 51
37, 50
37, 49
37, 48
38, 48
38, 49
38, 48
38, 48
53, 65
52, 66
53, 67
52, 68
52, 69
51, 70
52, 71
51, 72
52, 72
52, 72
28, 63
28, 62
29, 62
30, 61
29, 60
29, 60
53, 40
54, 40
55, 39
56, 39
55, 40
54, 39
53, 40
54, 41
54, 41
55, 79
54, 80
53, 81
54, 81
55, 82
55, 83
54, 82
53, 82
54, 82
55, 83
55, 83
51, 45
52, 45
52, 44
53, 43
54, 42
55, 42
56, 43
56, 43
28, 46
27, 45
26, 45
27, 46
26, 47
26, 47
29, 61
30, 61
30, 62
31, 61
30, 62
30, 61
29, 62
29, 63
30, 63
30, 63
46, 88
47, 89
48, 89
48, 88
48, 89
48, 88
48, 88
52, 71
53, 72
52, 73
52, 74
51, 75
52, 75
51, 74
51, 74
31, 48
30, 47
29, 46
28, 46
28, 45
29, 46
30, 47
30, 47
46, 31
45, 32
45, 33
46, 34
46, 35
45, 36
46, 36
46, 36
37, 59
37, 60
36, 61
35, 62
35, 63
36, 62
35, 61
35, 60
34, 59
34, 58
34, 58
62, 61
61, 60
60, 59
61, 59
61, 60
62, 60
61, 59
61, 58
60, 57
60, 57
37, 57
38, 58
37, 57
37, 56
36, 56
35, 55
35, 56
36, 57
35, 56
35, 55
35, 55
50, 53
49, 54
50, 55
49, 54
50, 55
49, 55
50, 56
49, 57
48, 57
48, 57
52, 59
53, 58
54, 58
53, 58
52, 59
51, 58
51, 58
33, 69
33, 70
34, 69
34, 68
33, 69
34, 69
34, 70
34, 70
54, 67
55, 68
55, 67
56, 67
57, 68
58, 67
57, 66
56, 65
56, 64
56, 63
56, 63
43, 70
43, 69
42, 68
41, 69
40, 68
39, 68
38, 68
37, 67
36, 66
36, 67
36, 67
47, 59
48, 59
47, 58
48, 59
47, 58
48, 58
48, 57
48, 57
67, 87
66, 87
66, 86
67, 87
66, 86
66, 87
66, 87
58, 60
57, 59
58, 58
58, 59
57, 58
57, 58
48, 46
48, 47
47, 48
48, 47
48, 48
47, 47
48, 48
47, 49
48, 48
49, 48
49, 48
39, 48
38, 47
39, 48
39, 49
38, 48
39, 47
38, 48
39, 49
40, 49
41, 49
41, 49
41, 56
41, 55
40, 56
41, 55
41, 56
41, 57
41, 57
55, 61
55, 62
56, 62
55, 62
56, 63
57, 63
56, 62
57, 62
58, 62
59, 61
59, 61
29, 48
28, 49
29, 48
30, 49
31, 50
32, 50
31, 50
32, 50
33, 49
33, 50
33, 50
52, 57
53, 56
52, 57
52, 56
53, 57
52, 57
53, 58
53, 59
53, 58
53, 58
36, 68
37, 68
37, 67
36, 68
35, 69
36, 69
35, 70
34, 70
35, 69
34, 70
34, 70
50, 73
51, 72
50, 71
49, 72
48, 72
47, 71
46, 70
45, 70
46, 70
45, 71
45, 71
36, 55
35, 56
35, 57
35, 58
34, 57
34, 58
34, 58
54, 42
53, 43
53, 44
53, 43
53, 42
54, 41
53, 42
54, 41
55, 40
55, 39
55, 39
54, 82
55, 81
54, 82
53, 82
53, 83
54, 84
53, 85
53, 86
53, 85
53, 84
53, 84
31, 64
32, 64
33, 63
34, 62
35, 61
35, 62
36, 61
37, 61
37, 62
38, 61
38, 61
42, 56
43, 56
43, 57
42, 57
41, 57
40, 57
39, 56
40, 57
40, 57
26, 46
27, 46
27, 47
26, 46
25, 46
24, 46
23, 47
23, 47
47, 35
46, 36
45, 36
46, 35
47, 34
47, 34
33, 57
34, 56
34, 55
33, 55
32, 56
33, 57
32, 56
32, 57
33, 56
33, 57
33, 57
56, 62
56, 61
55, 60
54, 61
55, 61
55, 60
55, 59
54, 59
55, 58
55, 58
59, 58
60, 59
61, 58
62, 58
63, 59
62, 60
62, 61
61, 62
61, 62
48, 56
49, 56
50, 56
50, 55
50, 56
50, 56
48, 58
48, 59
48, 58
48, 59
47, 58
48, 57
49, 57
48, 57
47, 58
47, 59
47, 59
42, 49
41, 49
42, 50
41, 50
40, 51
39, 51
38, 51
37, 51
37, 50
38, 50
38, 50
65, 88
66, 88
65, 88
65, 89
64, 90
65, 91
66, 90
67, 91
67, 91
49, 49
50, 50
49, 50
50, 49
49, 48
49, 47
49, 47
48, 89
48, 88
48, 89
47, 88
48, 88
49, 88
49, 89
48, 90
47, 90
46, 89
46, 89
58, 58
57, 57
56, 57
55, 58
56, 58
55, 57
56, 56
56, 56
55, 43
54, 42
55, 42
56, 41
57, 42
58, 42
57, 43
57, 43
34, 71
35, 70
34, 69
34, 68
33, 68
34, 68
35, 67
36, 68
35, 67
35, 67
60, 60
59, 59
58, 59
59, 59
60, 58
60, 57
60, 57
53, 85
54, 85
55, 86
56, 87
55, 88
56, 87
57, 88
58, 89
58, 90
58, 90
48, 58
49, 57
48, 58
47, 59
47, 58
48, 57
47, 58
48, 59
48, 59
57, 57
57, 56
56, 56
56, 57
56, 58
55, 57
56, 58
56, 58
35, 66
36, 66
36, 65
37, 65
36, 65
36, 66
37, 65
36, 65
36, 65
32, 50
31, 51
30, 50
29, 51
29, 52
30, 51
30, 51
54, 58
53, 57
52, 58
53, 58
54, 59
53, 59
53, 60
52, 59
53, 59
52, 58
52, 58
56, 43
56, 42
57, 42
57, 43
56, 42
57, 43
56, 43
56, 43
45, 70
46, 70
45, 71
46, 72
46, 73
47, 74
47, 74
52, 58
52, 57
51, 57
52, 58
53, 58
53, 58
34, 57
35, 58
35, 57
34, 58
33, 59
34, 60
34, 60
39, 49
39, 48
40, 47
40, 48
39, 48
38, 47
37, 47
38, 47
38, 47
56, 40
57, 39
57, 38
58, 37
57, 37
57, 36
58, 36
58, 35
58, 35
50, 46
50, 45
51, 46
50, 46
49, 47
49, 48
48, 49
47, 48
48, 48
49, 49
49, 49
61, 63
60, 64
59, 65
58, 64
59, 65
60, 65
61, 65
60, 66
61, 67
61, 67
24, 48
25, 49
24, 50
23, 50
23, 49
24, 48
24, 48
68, 90
67, 89
66, 90
65, 90
64, 91
64, 90
63, 91
64, 90
65, 91
66, 91
66, 91
39, 60
40, 59
39, 58
39, 59
40, 60
39, 61
39, 62
38, 63
39, 64
38, 64
38, 64
34, 57
34, 56
34, 55
33, 56
34, 57
35, 57
36, 58
36, 57
36, 57
40, 56
41, 57
42, 56
41, 55
42, 55
43, 56
42, 55
41, 55
41, 56
41, 56
48, 33
48, 32
47, 31
48, 31
47, 32
47, 33
46, 32
47, 32
48, 31
48, 31
49, 57
50, 57
49, 57
48, 57
47, 56
46, 57
47, 58
48, 58
47, 57
47, 58
47, 58
45, 89
46, 88
45, 87
46, 86
47, 86
48, 85
48, 86
48, 86
61, 57
62, 56
62, 55
63, 56
62, 55
63, 55
63, 55
33, 69
32, 69
32, 68
31, 69
30, 68
29, 67
30, 67
30, 67
39, 48
39, 49
38, 49
38, 50
39, 50
40, 51
40, 51
48, 73
47, 72
46, 73
45, 72
45, 73
46, 72
45, 71
46, 70
47, 71
47, 72
47, 72
47, 85
48, 86
47, 85
47, 84
48, 83
49, 82
48, 82
49, 82
50, 82
51, 81
51, 81
47, 31
48, 31
49, 32
48, 33
47, 33
46, 32
45, 31
46, 30
46, 30
53, 58
53, 59
54, 59
54, 58
53, 57
54, 57
54, 56
54, 56
58, 89
59, 90
59, 89
60, 88
60, 87
61, 88
61, 89
61, 89
25, 47
26, 47
27, 47
26, 48
27, 49
26, 50
26, 50
66, 92
65, 92
64, 91
64, 92
63, 91
63, 92
63, 92
46, 57
46, 56
47, 55
47, 56
47, 55
47, 54
48, 54
47, 55
47, 54
47, 54
62, 55
62, 54
63, 53
62, 54
62, 55
63, 54
63, 53
63, 53
31, 68
32, 67
33, 66
32, 65
31, 66
31, 66
57, 57
56, 56
56, 55
56, 56
55, 55
56, 56
55, 57
56, 56
56, 56
34, 59
35, 59
36, 58
37, 58
38, 57
37, 57
37, 56
38, 57
37, 58
37, 58
54, 57
53, 57
52, 58
51, 59
50, 59
51, 59
51, 58
50, 58
50, 58
49, 59
48, 58
48, 59
48, 58
49, 59
50, 60
49, 60
49, 60
41, 57
40, 56
40, 57
39, 57
38, 58
38, 57
39, 57
38, 57
37, 57
38, 58
38, 58
62, 67
61, 67
60, 66
60, 65
61, 65
60, 65
59, 66
58, 66
58, 65
59, 65
59, 65
31, 51
32, 51
33, 50
33, 49
33, 50
34, 51
33, 50
34, 49
34, 49
37, 63
38, 64
37, 63
36, 62
37, 61
38, 62
39, 63
39, 62
39, 63
38, 62
38, 62
37, 57
37, 56
38, 56
37, 55
36, 56
36, 55
37, 56
36, 55
36, 56
36, 57
36, 57
57, 36
57, 35
57, 34
56, 35
56, 34
55, 34
55, 35
55, 35
50, 49
51, 49
52, 50
53, 49
52, 50
51, 49
50, 50
51, 50
52, 49
51, 50
51, 50
37, 64
38, 63
39, 63
40, 64
39, 64
38, 65
39, 66
39, 67
39, 67
55, 44
56, 45
55, 46
54, 46
53, 46
52, 46
53, 47
53, 48
53, 48
47, 53
46, 54
45, 54
45, 53
44, 53
44, 53
60, 88
59, 89
58, 88
59, 89
58, 90
58, 89
57, 89
58, 88
57, 89
58, 89
58, 89
63, 91
64, 90
64, 91
63, 90
62, 89
62, 88
63, 89
63, 88
62, 87
63, 87
63, 87
27, 49
28, 50
29, 51
29, 50
28, 49
29, 49
30, 49
30, 49
30, 66
29, 66
29, 65
28, 66
29, 66
30, 65
29, 64
29, 64
54, 48
54, 49
53, 50
52, 50
51, 49
50, 50
49, 50
50, 49
50, 48
50, 48
48, 60
49, 61
50, 61
49, 60
48, 60
49, 61
49, 60
49, 60
38, 57
37, 56
36, 57
36, 56
36, 55
35, 55
35, 55
38, 61
37, 61
36, 62
37, 63
37, 64
36, 64
36, 65
36, 65
35, 50
36, 51
36, 50
35, 49
36, 50
36, 51
35, 52
35, 51
34, 51
33, 51
33, 51
55, 55
56, 54
57, 55
56, 55
55, 56
55, 56
39, 51
40, 51
39, 51
39, 52
39, 51
38, 52
37, 53
36, 53
36, 54
37, 54
37, 54
48, 71
48, 70
49, 69
50, 68
50, 67
51, 67
52, 68
53, 67
53, 67
53, 57
54, 57
54, 58
55, 58
55, 59
54, 59
53, 60
53, 61
52, 60
52, 60
52, 81
51, 82
52, 82
52, 81
53, 82
52, 83
51, 84
52, 85
53, 84
52, 85
52, 85
40, 66
40, 65
39, 66
40, 67
39, 67
39, 66
38, 65
38, 65
47, 30
47, 31
47, 32
46, 31
47, 30
47, 29
46, 28
46, 28
63, 54
62, 54
63, 53
64, 54
63, 53
63, 53
56, 35
56, 36
55, 35
54, 35
53, 36
53, 35
53, 36
53, 35
53, 35
37, 57
38, 57
37, 57
37, 58
36, 58
36, 57
35, 57
35, 57
60, 66
61, 66
60, 65
61, 64
60, 63
61, 62
62, 62
61, 63
61, 63
51, 51
51, 52
50, 53
51, 54
52, 54
52, 55
51, 55
50, 56
51, 56
51, 55
51, 55
36, 58
35, 57
36, 56
35, 56
36, 55
37, 54
36, 53
35, 52
35, 52
49, 59
48, 59
47, 58
48, 58
49, 57
48, 56
47, 56
46, 55
47, 54
47, 54
31, 48
30, 49
31, 48
30, 47
29, 48
30, 49
31, 48
31, 47
30, 48
30, 48
53, 85
53, 86
52, 86
53, 87
53, 86
52, 86
51, 87
51, 87
35, 53
36, 52
36, 53
35, 52
36, 53
37, 53
36, 53
36, 53
29, 65
30, 64
31, 64
32, 65
33, 65
33, 64
33, 64
36, 56
36, 55
35, 54
36, 53
36, 54
37, 54
36, 54
37, 54
38, 54
37, 53
37, 53
53, 34
53, 33
54, 33
53, 32
52, 32
52, 33
52, 34
53, 35
53, 35
45, 54
46, 53
45, 52
44, 53
43, 52
43, 51
43, 50
42, 51
43, 52
43, 52
47, 28
48, 28
49, 29
48, 28
47, 28
48, 27
48, 28
47, 28
47, 28
32, 51
33, 50
33, 51
34, 51
35, 50
34, 51
34, 51
60, 63
59, 64
60, 64
60, 65
60, 64
61, 65
61, 66
60, 66
61, 66
61, 67
61, 67
54, 68
55, 68
56, 67
56, 68
57, 67
57, 66
58, 66
58, 66
53, 61
52, 60
52, 61
51, 61
52, 60
52, 59
52, 60
52, 61
51, 62
52, 62
52, 62
55, 57
54, 56
53, 56
54, 57
55, 57
56, 57
57, 58
58, 57
57, 58
58, 58
58, 58
64, 54
63, 53
63, 54
62, 54
62, 53
62, 54
63, 53
63, 53
36, 54
37, 55
37, 56
38, 56
37, 55
36, 54
35, 54
36, 54
36, 53
36, 52
36, 52
38, 53
39, 54
40, 54
41, 54
40, 55
40, 54
41, 53
40, 54
40, 54
52, 54
51, 55
50, 56
49, 56
50, 55
49, 56
50, 55
50, 55
63, 86
62, 85
61, 85
61, 86
62, 85
61, 84
60, 85
60, 85
51, 49
51, 48
51, 47
51, 46
50, 45
50, 46
51, 45
51, 46
52, 45
53, 45
53, 45
48, 59
47, 59
48, 60
49, 61
50, 60
51, 59
50, 59
50, 59
39, 65
39, 66
40, 65
41, 66
40, 66
39, 66
40, 65
41, 65
40, 66
40, 65
40, 65
59, 88
58, 87
57, 88
56, 89
55, 88
55, 88
46, 53
47, 52
48, 53
48, 52
49, 51
49, 51
37, 64
37, 63
36, 63
37, 64
36, 64
35, 64
35, 64
49, 56
48, 56
49, 55
49, 54
50, 55
51, 54
52, 53
52, 54
52, 54
44, 53
44, 52
45, 51
44, 50
45, 49
45, 48
45, 48
50, 52
51, 51
51, 52
52, 51
51, 51
51, 51
56, 87
55, 87
54, 86
53, 87
52, 88
52, 88
34, 65
34, 66
33, 66
33, 67
32, 66
31, 67
31, 68
31, 68
30, 47
31, 46
30, 47
31, 46
30, 47
29, 48
30, 49
30, 49
40, 53
40, 52
39, 52
39, 53
40, 54
41, 54
40, 53
39, 54
39, 55
39, 55
52, 34
51, 34
51, 35
50, 34
51, 33
51, 34
51, 35
52, 35
52, 36
53, 37
53, 37
50, 86
51, 85
52, 84
52, 85
52, 84
53, 84
53, 84
47, 29
47, 30
46, 31
47, 31
46, 30
45, 31
44, 30
43, 31
43, 31
54, 44
55, 44
54, 43
54, 42
55, 41
55, 41
57, 57
56, 57
56, 56
55, 55
56, 55
57, 55
57, 56
56, 55
57, 55
56, 54
56, 54
41, 64
40, 65
40, 66
41, 66
40, 67
40, 68
39, 69
38, 70
38, 70
60, 66
59, 66
58, 65
59, 64
60, 64
60, 64
61, 86
62, 85
62, 86
62, 87
61, 87
61, 86
60, 86
60, 86
33, 50
32, 49
33, 50
33, 49
33, 48
34, 49
34, 49
35, 54
36, 55
37, 56
38, 55
38, 56
38, 57
39, 57
38, 56
38, 56
37, 51
36, 50
35, 51
34, 50
33, 51
32, 52
33, 53
34, 54
33, 54
33, 54
49, 58
49, 59
49, 60
49, 61
49, 60
49, 61
49, 61
38, 54
37, 55
38, 55
37, 55
38, 56
37, 57
38, 58
39, 58
39, 57
39, 57
58, 67
59, 67
59, 68
60, 67
59, 67
59, 68
60, 69
59, 69
60, 69
60, 69
51, 62
52, 63
53, 62
52, 63
53, 62
54, 61
53, 61
53, 61
36, 64
36, 63
35, 64
34, 65
35, 66
35, 67
35, 67
62, 54
63, 54
64, 54
63, 53
62, 54
61, 55
62, 54
62, 55
63, 56
63, 56
39, 56
40, 55
41, 56
40, 56
41, 57
41, 57
38, 55
39, 56
39, 55
38, 56
37, 55
36, 56
35, 57
34, 56
34, 56
39, 56
38, 56
38, 55
37, 55
38, 54
37, 53
37, 53
52, 50
53, 51
52, 50
52, 49
53, 48
53, 49
53, 50
54, 51
54, 51
54, 84
53, 83
54, 82
55, 82
56, 82
57, 83
56, 82
55, 81
55, 81
56, 40
55, 39
54, 39
53, 40
53, 41
53, 41
59, 63
60, 62
61, 62
62, 62
62, 61
61, 62
61, 62
29, 48
29, 47
30, 46
30, 47
29, 47
28, 47
29, 48
28, 47
27, 46
26, 47
26, 47
52, 60
51, 59
52, 59
52, 58
53, 57
52, 56
52, 56
51, 53
50, 54
50, 53
51, 52
51, 51
50, 51
49, 50
48, 51
48, 51
37, 71
36, 70
35, 71
34, 70
34, 71
34, 71
51, 88
50, 88
49, 88
50, 88
49, 89
50, 89
49, 88
49, 88
42, 31
42, 30
43, 29
43, 28
43, 29
42, 29
42, 28
42, 28
59, 86
59, 85
60, 86
59, 87
58, 86
57, 85
56, 84
57, 84
56, 85
56, 85
54, 36
53, 36
54, 36
54, 35
55, 36
56, 37
56, 38
56, 38
35, 50
36, 49
35, 48
34, 48
33, 49
34, 50
34, 49
35, 50
35, 49
35, 48
35, 48
30, 68
31, 67
31, 68
32, 68
31, 68
31, 68
55, 55
55, 54
56, 53
57, 54
56, 54
57, 53
58, 53
58, 54
58, 53
58, 53
44, 49
43, 48
42, 48
41, 48
42, 47
43, 47
44, 46
43, 47
44, 46
44, 47
44, 47
61, 68
60, 68
59, 69
58, 69
59, 69
58, 69
59, 70
58, 70
59, 69
59, 69
33, 55
32, 56
33, 57
33, 56
34, 56
35, 55
34, 54
33, 53
33, 53
62, 56
63, 56
62, 55
62, 56
62, 55
61, 56
62, 57
62, 56
61, 57
60, 57
60, 57
50, 62
51, 61
52, 62
52, 61
51, 61
52, 61
53, 60
54, 61
55, 62
55, 62
34, 68
33, 67
34, 68
35, 68
34, 68
33, 69
33, 69
48, 88
47, 88
48, 89
47, 90
48, 90
49, 89
49, 88
50, 87
51, 86
50, 85
50, 85
53, 51
54, 50
53, 49
53, 50
53, 49
54, 49
54, 48
54, 48
56, 80
56, 81
57, 81
56, 82
55, 81
56, 82
57, 82
56, 81
57, 81
57, 81
52, 41
51, 40
50, 41
49, 42
50, 41
51, 40
51, 40
61, 61
61, 60
60, 61
59, 60
60, 61
59, 62
59, 63
60, 64
59, 65
58, 65
58, 65
57, 54
56, 53
57, 53
57, 54
58, 55
58, 56
58, 55
57, 54
56, 55
56, 55
59, 70
58, 71
58, 70
58, 71
58, 70
58, 70
55, 38
54, 37
55, 36
54, 35
53, 35
54, 34
55, 35
56, 36
57, 37
57, 37
35, 49
34, 49
35, 49
35, 48
34, 47
34, 48
34, 48
55, 63
55, 64
54, 63
55, 64
55, 63
55, 63
61, 57
62, 57
62, 58
61, 59
61, 58
60, 59
60, 59
35, 56
36, 57
37, 57
38, 57
39, 57
40, 56
39, 56
39, 57
39, 57
42, 27
43, 26
44, 27
44, 26
44, 25
44, 25
27, 48
28, 47
27, 47
26, 48
25, 48
24, 49
24, 50
24, 49
25, 50
25, 50
34, 52
35, 53
34, 53
33, 53
32, 54
33, 54
32, 54
31, 55
30, 55
30, 54
30, 54
32, 68
32, 69
33, 69
33, 68
32, 69
32, 69
36, 52
35, 53
36, 54
37, 53
36, 52
36, 51
36, 51
43, 47
44, 46
44, 45
45, 44
46, 45
46, 46
46, 46
35, 71
34, 72
33, 72
32, 72
32, 73
32, 73
52, 55
53, 55
54, 55
53, 54
53, 55
53, 54
53, 53
52, 52
53, 51
54, 50
54, 50
56, 86
56, 85
57, 86
58, 87
59, 88
59, 88
47, 52
48, 53
47, 53
48, 54
49, 53
50, 53
50, 54
51, 53
52, 53
53, 54
53, 54
30, 69
31, 68
30, 68
31, 68
32, 67
32, 68
32, 67
33, 66
32, 65
32, 65
42, 57
41, 57
40, 58
41, 57
40, 56
39, 57
40, 58
41, 57
41, 57
32, 74
33, 74
33, 73
33, 72
33, 71
32, 72
31, 72
30, 71
29, 70
30, 70
30, 70
33, 65
34, 66
33, 66
32, 65
33, 66
34, 67
33, 66
33, 67
32, 67
32, 67
57, 55
57, 54
58, 54
57, 53
58, 54
57, 54
57, 55
57, 55
50, 39
51, 40
50, 40
49, 40
50, 41
49, 40
48, 39
48, 40
48, 40
24, 50
25, 51
26, 51
25, 50
24, 50
23, 51
22, 52
21, 52
21, 52
42, 56
42, 55
42, 56
43, 57
44, 56
43, 55
43, 55
56, 62
55, 61
56, 60
56, 59
55, 58
56, 58
57, 58
57, 58
29, 53
28, 52
28, 53
29, 53
28, 53
28, 54
29, 54
28, 53
29, 53
30, 53
30, 53
59, 58
58, 58
58, 59
58, 60
58, 59
57, 58
57, 58
53, 51
54, 51
53, 51
52, 51
53, 51
52, 50
51, 50
51, 50
57, 64
56, 64
55, 63
56, 62
57, 61
57, 61
47, 46
46, 45
46, 44
46, 43
45, 43
44, 43
44, 44
45, 44
46, 44
46, 44
44, 24
44, 23
45, 22
44, 22
45, 23
45, 22
44, 21
45, 21
45, 21
35, 48
34, 48
35, 48
35, 47
34, 46
34, 46
59, 87
59, 88
59, 87
60, 86
59, 86
60, 87
59, 88
58, 87
58, 87
31, 68
31, 69
32, 69
33, 68
32, 67
33, 67
34, 68
34, 68
54, 54
54, 53
53, 52
54, 51
53, 50
54, 51
53, 52
54, 53
53, 52
53, 52
54, 49
54, 48
53, 49
54, 49
53, 48
52, 47
52, 48
51, 49
51, 49
35, 52
36, 52
35, 53
34, 52
34, 53
33, 54
34, 53
33, 52
34, 52
34, 52
58, 36
59, 35
58, 36
57, 35
57, 34
56, 35
57, 35
57, 35
51, 84
51, 83
50, 82
51, 82
51, 81
51, 82
51, 82
38, 56
39, 55
39, 54
39, 55
39, 54
39, 53
39, 53
57, 70
58, 70
58, 69
59, 68
58, 69
58, 70
59, 71
59, 71
56, 82
55, 83
56, 82
55, 83
56, 83
56, 82
56, 83
57, 82
56, 83
56, 83
60, 72
61, 73
62, 74
63, 74
63, 74
64, 75
65, 76
65, 76
59, 88
59, 88
60, 87
61, 86
62, 85
62, 85
63, 84
64, 84
65, 84
66, 84
66, 84
58, 56
59, 57
60, 58
61, 59
62, 60
63, 61
63, 62
63, 63
63, 64
63, 64
47, 45
48, 46
49, 47
49, 46
49, 46
50, 47
51, 48
52, 49
52, 49
53, 50
53, 50
40, 54
41, 55
42, 56
43, 57
45, 59
46, 60
47, 61
48, 62
49, 63
50, 64
50, 64
58, 60
58, 60
59, 59
59, 59
58, 60
58, 60
59, 61
60, 62
61, 63
61, 63
31, 71
32, 72
33, 73
34, 74
35, 73
35, 73
35, 73
35, 47
35, 47
36, 48
37, 49
38, 50
39, 51
40, 52
41, 53
42, 54
43, 55
43, 55
58, 59
59, 60
60, 61
61, 62
62, 63
63, 64
64, 65
64, 65
44, 56
43, 55
43, 55
44, 56
46, 58
47, 59
48, 60
49, 61
50, 62
51, 63
52, 64
53, 65
54, 66
55, 67
55, 67
35, 69
36, 70
37, 71
38, 72
39, 72
40, 72
41, 72
41, 72
35, 53
36, 54
37, 55
38, 56
39, 57
39, 57
51, 81
51, 81
52, 82
53, 83
53, 84
53, 84
53, 84
49, 41
48, 42
48, 42
49, 43
50, 44
51, 45
51, 44
51, 44
52, 45
53, 46
54, 47
56, 49
57, 50
57, 51
57, 52
57, 53
57, 53
51, 50
51, 50
52, 51
53, 52
54, 53
55, 54
56, 55
57, 56
58, 57
58, 57
22, 53
23, 54
24, 55
25, 56
26, 57
27, 58
28, 59
29, 60
30, 61
30, 61
33, 68
34, 69
35, 70
36, 71
37, 72
38, 73
39, 74
40, 75
41, 76
42, 77
42, 77
56, 59
56, 60
56, 60
55, 59
55, 59
56, 60
56, 60
55, 61
55, 61
56, 84
56, 84
57, 83
57, 82
57, 81
56, 81
56, 81
56, 81
58, 36
59, 37
59, 37
60, 38
61, 38
61, 38
62, 39
64, 41
64, 42
64, 43
64, 44
64, 45
64, 46
64, 46
52, 50
52, 50
53, 51
55, 53
56, 54
57, 55
57, 56
57, 57
57, 58
57, 59
57, 60
57, 61
57, 62
57, 63
57, 64
57, 64
46, 22
46, 23
46, 23
46, 24
46, 24
47, 25
48, 26
49, 27
51, 29
52, 30
53, 31
53, 32
53, 33
53, 34
53, 35
53, 36
53, 37
53, 38
53, 39
53, 40
53, 41
53, 41
31, 54
32, 55
33, 55
33, 55
34, 56
34, 56
35, 57
36, 58
35, 59
35, 59
36, 60
37, 61
37, 61
53, 53
53, 54
52, 55
52, 55
53, 56
53, 57
53, 58
53, 58
52, 51
53, 51
53, 51
52, 52
51, 53
52, 54
52, 54
51, 55
51, 55
38, 62
39, 63
40, 64
41, 65
42, 66
42, 66
54, 83
55, 82
56, 81
57, 80
58, 79
58, 79
51, 65
52, 66
53, 67
54, 68
55, 69
55, 69
56, 70
57, 71
58, 72
58, 72
43, 77
43, 77
44, 76
45, 75
46, 75
47, 75
48, 75
49, 75
49, 75
58, 54
60, 56
61, 57
62, 58
63, 59
64, 60
65, 61
66, 62
67, 63
68, 64
68, 66
68, 67
68, 68
68, 69
68, 70
68, 71
68, 72
68, 73
68, 74
67, 75
67, 75
67, 75
40, 58
41, 59
42, 60
44, 62
45, 63
46, 64
47, 65
48, 66
49, 67
50, 68
51, 69
52, 70
53, 71
54, 72
55, 73
55, 74
55, 75
56, 76
56, 76
55, 76
55, 76
36, 74
37, 74
36, 74
36, 74
36, 73
36, 73
37, 74
37, 73
37, 73
38, 74
39, 74
39, 74
39, 74
63, 47
61, 49
60, 50
59, 51
59, 52
59, 53
59, 54
59, 55
59, 56
59, 57
59, 58
59, 59
59, 60
59, 61
59, 61
52, 42
53, 43
53, 43
52, 44
51, 45
50, 46
50, 47
50, 48
50, 49
51, 50
51, 50
51, 50
56, 68
57, 69
58, 70
59, 70
60, 70
61, 70
62, 70
62, 70
63, 66
63, 65
63, 65
62, 66
61, 67
60, 68
59, 69
58, 70
57, 71
57, 72
57, 72
57, 58
56, 59
55, 60
54, 61
53, 62
53, 63
53, 63
52, 64
52, 65
52, 66
52, 66
56, 65
55, 66
56, 65
56, 65
55, 66
54, 67
53, 68
53, 69
53, 70
53, 71
53, 71
62, 64
63, 64
63, 64
64, 65
64, 65
64, 66
64, 66
63, 67
64, 67
64, 67
63, 68
63, 68
42, 73
43, 74
44, 75
45, 76
46, 77
47, 78
47, 78
31, 62
32, 63
33, 64
34, 65
35, 66
36, 67
37, 68
38, 69
38, 68
38, 68
39, 69
39, 69
44, 56
46, 58
47, 59
48, 60
49, 61
50, 62
51, 63
52, 64
53, 65
54, 66
55, 67
56, 66
56, 66
55, 66
55, 66
55, 66
66, 75
67, 75
66, 76
66, 76
67, 75
68, 75
67, 75
67, 75
68, 75
68, 75
65, 83
64, 82
63, 81
62, 81
61, 81
61, 81
62, 82
62, 82
61, 83
61, 83
61, 83
64, 65
65, 64
65, 64
65, 63
65, 63
64, 64
64, 65
64, 66
63, 65
63, 65
63, 65
55, 62
55, 63
55, 64
55, 65
55, 66
55, 67
55, 68
55, 69
55, 69
55, 80
55, 80
56, 79
57, 78
57, 77
57, 77
56, 77
56, 77
57, 76
56, 75
56, 75
57, 74
57, 74
58, 73
58, 73
54, 59
55, 60
56, 61
57, 62
58, 63
58, 63
57, 64
57, 63
57, 63
57, 64
57, 64
67, 76
68, 75
68, 75
67, 76
66, 77
65, 78
64, 79
63, 80
62, 81
61, 82
60, 83
60, 83
56, 77
56, 78
56, 79
56, 80
56, 81
56, 81
40, 75
41, 76
42, 77
43, 78
44, 78
45, 77
45, 77
45, 77
60, 62
60, 63
60, 64
60, 65
60, 66
60, 66
61, 65
61, 65
60, 66
60, 66
51, 56
51, 57
51, 58
51, 59
51, 60
50, 59
50, 59
51, 60
51, 60
56, 65
55, 66
56, 65
56, 65
55, 66
54, 67
54, 68
54, 69
55, 70
55, 70
54, 70
54, 70
54, 70
64, 69
65, 70
66, 71
67, 72
66, 73
66, 73
67, 74
68, 75
69, 76
69, 76
61, 71
60, 72
60, 72
59, 73
58, 74
57, 75
57, 75
56, 76
55, 77
54, 76
54, 76
54, 76
62, 82
63, 81
64, 81
64, 81
65, 80
66, 79
66, 79
40, 70
41, 71
41, 71
42, 70
42, 70
43, 71
44, 72
45, 73
45, 73
52, 51
53, 52
54, 51
54, 51
56, 53
56, 54
56, 55
56, 56
56, 57
56, 58
56, 59
56, 60
56, 61
56, 62
56, 62
58, 71
58, 70
58, 70
58, 70
58, 70
58, 70
58, 70
56, 70
57, 71
58, 72
59, 73
60, 74
61, 75
61, 75
54, 67
53, 68
52, 69
52, 70
52, 71
52, 70
52, 70
52, 71
52, 71
59, 80
60, 80
60, 80
60, 80
60, 80
60, 80
60, 80
60, 80
60, 80
63, 66
63, 66
63, 67
63, 68
64, 69
64, 69
63, 69
63, 69
63, 70
63, 70
46, 79
46, 79
47, 80
48, 81
49, 82
48, 83
48, 83
48, 83
59, 72
60, 71
60, 71
59, 71
59, 71
60, 71
60, 71
60, 71
54, 72
54, 73
54, 74
54, 73
54, 73
53, 73
53, 73
54, 74
54, 75
54, 75
57, 71
57, 71
58, 72
57, 72
57, 72
58, 72
59, 71
59, 71
60, 72
59, 71
59, 71
60, 72
61, 72
61, 72
53, 67
54, 68
54, 69
53, 69
53, 69
54, 70
54, 69
54, 69
54, 69
50, 76
51, 77
52, 78
51, 79
51, 79
52, 78
53, 78
52, 77
52, 77
52, 77
67, 76
66, 76
66, 76
67, 77
66, 76
66, 76
67, 77
67, 78
67, 79
67, 80
67, 80
67, 80
42, 65
42, 65
43, 66
44, 67
45, 66
45, 66
46, 67
47, 68
48, 69
48, 69
55, 74
55, 74
54, 73
54, 72
54, 71
54, 70
54, 70
54, 70
46, 72
47, 72
48, 72
49, 72
50, 72
51, 72
51, 72
53, 78
54, 79
55, 80
55, 81
54, 82
54, 82
54, 81
54, 81
53, 80
53, 80
53, 80
46, 78
47, 79
48, 80
49, 81
50, 82
51, 83
51, 83
62, 73
63, 74
64, 75
65, 76
65, 76
65, 75
65, 75
66, 76
67, 77
68, 78
68, 78
69, 79
70, 80
70, 80
70, 80
59, 67
58, 68
57, 69
57, 69
56, 70
56, 71
56, 71
55, 70
56, 71
57, 72
58, 73
59, 74
60, 75
61, 76
61, 76
66, 81
65, 82
64, 83
63, 84
62, 85
61, 86
60, 87
60, 88
60, 88
57, 80
58, 79
59, 79
59, 79
60, 78
61, 79
61, 79
62, 78
62, 77
62, 76
62, 76
52, 61
53, 60
53, 60
53, 59
53, 59
54, 60
55, 61
55, 61
53, 72
54, 73
55, 74
55, 75
55, 75
55, 76
55, 77
55, 78
55, 79
55, 80
56, 79
56, 79
56, 79
62, 76
63, 77
64, 78
65, 79
65, 80
65, 81
65, 82
64, 82
64, 82
65, 83
64, 83
64, 83
64, 83
57, 63
58, 64
59, 65
59, 65
60, 66
61, 67
62, 68
63, 69
63, 69
49, 70
50, 71
51, 72
52, 72
52, 72
51, 73
51, 74
51, 75
52, 74
52, 74
53, 75
53, 75
52, 76
52, 76
62, 71
61, 72
60, 73
59, 74
58, 75
58, 76
58, 77
58, 78
58, 78
58, 71
58, 71
59, 72
59, 72
59, 71
59, 71
58, 71
58, 71
58, 71
55, 71
56, 72
56, 72
57, 73
56, 72
56, 72
57, 73
58, 73
58, 73
58, 73
61, 72
61, 71
61, 71
60, 71
60, 71
60, 70
60, 70
61, 71
62, 72
62, 71
62, 71
63, 72
64, 73
65, 74
65, 74
59, 79
58, 78
58, 79
58, 79
57, 78
56, 77
55, 76
54, 75
53, 74
52, 73
52, 73
65, 80
66, 81
66, 81
65, 82
66, 81
66, 81
65, 82
64, 83
64, 83
55, 76
55, 76
56, 75
57, 74
58, 73
59, 72
60, 71
60, 72
60, 72
61, 71
61, 71
59, 82
58, 81
59, 82
59, 82
58, 81
58, 81
57, 80
57, 80
68, 75
67, 74
66, 74
65, 74
65, 74
65, 73
65, 73
64, 74
63, 73
63, 73
63, 73
49, 84
50, 85
51, 86
52, 87
52, 87
53, 86
53, 86
52, 87
52, 87
56, 79
55, 78
54, 77
54, 76
54, 76
53, 75
52, 75
53, 75
53, 75
52, 75
51, 75
51, 75
57, 72
56, 73
55, 74
54, 75
54, 74
54, 74
53, 75
52, 75
52, 75
52, 76
52, 77
52, 78
52, 78
62, 70
61, 71
62, 72
62, 72
61, 73
60, 74
59, 75
59, 75
63, 74
63, 75
63, 76
63, 77
63, 77
63, 78
63, 79
63, 80
63, 81
63, 81
63, 82
63, 83
63, 83
61, 87
61, 87
60, 86
59, 85
58, 86
58, 86
57, 85
56, 84
55, 83
55, 83
63, 82
62, 81
62, 82
62, 82
61, 81
60, 80
60, 79
60, 79
59, 78
58, 77
58, 77
57, 70
57, 70
58, 71
59, 72
59, 73
59, 74
59, 75
59, 76
59, 76
57, 79
58, 80
58, 80
57, 81
56, 82
57, 81
57, 81
57, 82
57, 82
56, 83
56, 83
63, 82
62, 82
62, 82
61, 81
61, 81
60, 80
59, 79
60, 78
60, 78
59, 77
59, 77
52, 82
53, 81
54, 80
55, 79
56, 78
56, 78
64, 75
65, 75
65, 75
64, 76
63, 77
62, 76
62, 76
62, 77
62, 77
62, 77
57, 78
58, 77
59, 76
60, 75
61, 74
62, 73
63, 72
63, 72
64, 72
64, 72
65, 73
65, 73
52, 71
52, 72
52, 72
53, 71
54, 71
54, 70
54, 70
54, 70
56, 62
57, 63
58, 64
59, 65
60, 66
60, 67
60, 67
60, 67
69, 81
68, 82
68, 83
68, 84
68, 85
68, 85
68, 86
68, 87
68, 87
68, 87
68, 87
57, 74
56, 75
55, 76
54, 77
53, 78
53, 79
53, 80
53, 81
53, 81
53, 86
54, 85
55, 84
56, 83
57, 82
57, 81
58, 81
58, 81
57, 80
57, 79
57, 79
63, 77
62, 76
62, 76
61, 77
61, 77
62, 78
62, 77
62, 77
63, 78
64, 78
64, 78
65, 79
65, 79
62, 72
62, 73
62, 74
62, 75
62, 76
62, 76
62, 76
53, 77
54, 78
55, 79
56, 80
57, 81
57, 81
57, 81
53, 74
52, 74
52, 74
53, 75
54, 76
55, 77
56, 78
57, 78
57, 78
58, 79
59, 80
59, 81
59, 81
54, 80
55, 80
56, 80
57, 80
58, 80
59, 80
59, 80
61, 77
61, 77
60, 78
60, 79
60, 79
59, 80
60, 81
60, 81
61, 80
61, 80
60, 81
59, 82
58, 83
57, 83
57, 83
55, 71
56, 72
57, 73
58, 74
58, 75
58, 75
59, 76
60, 77
61, 77
61, 77
51, 76
51, 76
50, 77
50, 77
51, 76
51, 75
52, 76
52, 76
51, 75
51, 75
59, 78
59, 78
60, 77
61, 76
62, 75
63, 74
64, 73
63, 73
63, 73
64, 72
65, 72
65, 72
65, 72
60, 76
59, 75
58, 75
57, 75
57, 76
57, 76
56, 75
55, 75
54, 75
53, 75
52, 75
52, 75
61, 78
60, 79
59, 80
58, 81
57, 81
57, 81
56, 82
55, 83
55, 84
55, 85
55, 85
59, 68
58, 69
59, 68
59, 68
58, 69
57, 70
56, 71
56, 72
56, 72
56, 72
55, 71
56, 72
57, 73
58, 74
59, 75
60, 76
60, 76
61, 77
60, 77
60, 77
60, 77
66, 72
67, 71
67, 70
67, 70
67, 70
67, 70
67, 70
67, 70
56, 84
55, 85
54, 85
53, 85
52, 85
52, 85
52, 85
53, 84
53, 84
53, 84
63, 77
64, 78
65, 79
64, 80
64, 80
65, 80
66, 80
67, 80
67, 80
60, 76
60, 76
60, 77
59, 78
59, 78
60, 79
60, 80
60, 80
64, 78
63, 77
62, 76
61, 77
61, 77
60, 76
59, 75
59, 75
59, 75
59, 75
59, 75
60, 75
60, 75
61, 74
61, 74
62, 75
62, 75
61, 74
61, 74
62, 75
63, 76
62, 75
62, 75
62, 75
58, 78
59, 77
60, 76
60, 76
61, 75
62, 74
63, 73
64, 72
65, 71
65, 71
65, 72
65, 72
65, 72
56, 80
55, 79
56, 78
56, 78
55, 77
55, 76
55, 75
55, 74
55, 74
69, 88
69, 88
70, 87
70, 86
70, 85
70, 84
70, 83
70, 82
70, 82
57, 79
58, 80
59, 81
60, 82
61, 83
62, 84
63, 85
64, 86
64, 86
64, 86
64, 86
58, 79
57, 79
56, 80
56, 80
57, 79
57, 79
57, 79
57, 79
57, 79
57, 82
58, 81
57, 81
57, 81
58, 80
59, 81
59, 81
60, 80
61, 79
62, 78
62, 78
63, 77
64, 76
64, 76
64, 84
64, 85
63, 84
63, 84
64, 85
64, 86
64, 87
64, 88
63, 89
63, 89
63, 89
54, 80
55, 79
56, 78
57, 77
58, 77
59, 77
60, 77
60, 77
60, 77
53, 79
54, 80
53, 79
53, 79
54, 80
54, 80
54, 80
54, 80
54, 80
54, 80
54, 80
58, 82
57, 83
56, 84
55, 85
54, 86
53, 86
53, 86
53, 86
56, 82
57, 83
57, 83
57, 82
57, 81
57, 80
57, 79
56, 80
56, 80
57, 79
57, 79
58, 76
57, 75
57, 75
57, 75
57, 75
56, 76
56, 76
56, 76
56, 78
56, 77
56, 76
56, 75
55, 76
55, 76
55, 76
64, 73
63, 74
62, 75
61, 75
60, 75
60, 75
60, 75
60, 75
60, 75
61, 75
61, 75
61, 75
66, 71
65, 72
64, 73
63, 74
62, 75
62, 76
62, 77
62, 78
62, 79
62, 80
62, 80
55, 84
55, 83
55, 82
55, 82
55, 82
55, 82
56, 81
56, 81
56, 80
56, 80
56, 80
64, 88
65, 88
65, 88
66, 87
66, 86
66, 86
66, 85
66, 85
67, 84
67, 84
57, 77
58, 78
57, 79
57, 79
58, 80
59, 80
59, 80
59, 80
61, 76
60, 76
60, 76
61, 75
61, 76
61, 76
62, 75
62, 75
52, 76
53, 77
54, 78
55, 79
56, 80
57, 81
58, 82
59, 83
58, 82
58, 82
59, 83
59, 83
53, 79
53, 79
52, 80
51, 81
50, 81
50, 81
49, 82
49, 82
50, 83
50, 83
50, 83
58, 80
59, 81
59, 81
59, 81
58, 81
58, 81
59, 81
59, 81
59, 81
59, 81
59, 82
59, 82
59, 82
69, 81
68, 82
68, 82
67, 82
67, 82
66, 81
65, 80
64, 79
63, 78
64, 79
64, 79
63, 78
63, 78
61, 81
61, 82
61, 83
61, 82
61, 82
61, 83
61, 83
61, 83
61, 83
66, 81
65, 82
64, 83
63, 84
63, 85
64, 85
64, 85
63, 86
63, 86
57, 73
58, 73
58, 73
59, 74
60, 75
60, 76
60, 76
61, 76
60, 77
61, 78
61, 78
60, 79
59, 80
58, 81
57, 82
57, 82
59, 78
58, 79
57, 79
56, 79
55, 79
55, 79
63, 75
62, 74
61, 73
60, 72
59, 71
58, 70
57, 70
56, 70
56, 70
55, 70
54, 70
54, 70
64, 73
63, 74
62, 75
61, 76
61, 76
61, 76
52, 87
52, 87
53, 86
54, 85
55, 84
56, 85
56, 85
57, 84
58, 83
59, 82
59, 82
60, 82
61, 82
61, 82
63, 86
64, 85
64, 85
63, 86
62, 86
62, 86
61, 86
61, 86
62, 86
62, 86
56, 75
57, 76
58, 76
59, 76
60, 75
60, 75
59, 74
59, 74
59, 74
54, 85
55, 86
55, 86
55, 85
55, 85
56, 85
56, 85
55, 86
55, 86
55, 86
60, 76
61, 77
62, 78
63, 79
64, 80
65, 81
64, 80
64, 80
64, 80
53, 74
54, 74
55, 74
56, 74
56, 73
56, 73
57, 74
57, 74
62, 77
61, 76
60, 76
59, 76
58, 76
57, 76
56, 76
56, 75
56, 75
56, 74
56, 74
56, 74
61, 79
61, 78
61, 77
61, 76
60, 76
60, 76
61, 75
61, 74
61, 74
61, 74
61, 74
58, 81
59, 80
59, 80
58, 81
57, 82
56, 83
55, 83
54, 83
53, 83
52, 83
52, 83
58, 75
59, 75
59, 75
60, 76
61, 77
62, 78
63, 79
64, 80
64, 80
63, 85
63, 85
64, 84
65, 83
66, 82
67, 82
68, 82
69, 82
69, 82
61, 77
62, 77
63, 77
64, 77
63, 76
63, 76
63, 77
63, 77
64, 77
65, 77
66, 77
67, 77
67, 77
54, 80
54, 80
53, 79
53, 78
53, 77
53, 76
53, 75
53, 74
53, 74
53, 74
60, 74
60, 74
61, 75
61, 75
60, 74
60, 74
60, 74
60, 74
59, 75
59, 75
60, 74
60, 74
58, 82
57, 81
56, 80
56, 79
55, 80
55, 80
56, 79
56, 78
56, 77
56, 77
56, 85
57, 84
58, 83
59, 82
59, 81
59, 81
60, 80
61, 79
62, 78
63, 77
63, 77
60, 75
60, 75
61, 76
62, 77
63, 78
64, 78
64, 78
62, 85
61, 84
60, 83
60, 82
60, 81
60, 81
60, 75
59, 74
58, 74
57, 74
56, 73
56, 73
56, 74
57, 75
57, 75
56, 74
56, 74
56, 74
56, 74
56, 75
57, 74
58, 73
59, 72
59, 72
59, 72
59, 72
59, 72
58, 81
59, 82
59, 82
60, 81
60, 80
60, 79
60, 78
61, 77
61, 77
60, 76
60, 76
63, 81
62, 82
61, 83
61, 84
61, 84
60, 83
60, 83
59, 82
59, 82
59, 82
62, 84
62, 83
62, 83
63, 84
64, 85
65, 85
64, 85
64, 85
65, 85
66, 85
66, 85
55, 71
56, 72
55, 73
55, 73
55, 72
55, 72
56, 73
57, 74
57, 74
51, 84
52, 85
53, 85
54, 85
55, 85
55, 85
57, 79
57, 80
57, 80
57, 79
57, 78
57, 77
57, 76
57, 75
56, 75
56, 75
57, 74
57, 74
60, 81
61, 80
62, 79
63, 78
64, 77
65, 76
65, 76
62, 83
62, 84
63, 85
63, 85
62, 85
62, 85
63, 85
63, 85
62, 86
62, 85
62, 85
62, 85
63, 76
64, 77
65, 77
66, 76
66, 76
67, 77
67, 77
67, 77
68, 76
68, 76
67, 77
67, 77
66, 85
65, 86
64, 87
63, 88
62, 88
61, 88
61, 88
61, 88
51, 82
51, 81
52, 80
51, 80
52, 81
52, 82
51, 82
50, 82
51, 81
51, 81
64, 79
63, 80
62, 81
61, 80
60, 80
60, 81
59, 82
59, 82
61, 75
61, 76
62, 75
62, 74
63, 73
63, 73
60, 80
60, 81
61, 81
62, 80
61, 80
61, 81
62, 82
62, 81
61, 82
60, 83
60, 83
61, 75
62, 76
63, 77
62, 78
61, 78
61, 79
61, 80
60, 80
61, 81
62, 80
62, 80
68, 83
67, 83
68, 82
68, 83
69, 83
69, 84
70, 84
69, 85
69, 85
60, 82
59, 83
59, 84
58, 83
57, 83
57, 83
64, 77
65, 77
64, 77
65, 78
65, 79
66, 80
66, 80
57, 76
56, 75
55, 76
56, 75
55, 76
56, 76
56, 76
52, 74
52, 75
53, 74
54, 75
54, 76
53, 77
53, 78
52, 77
52, 77
56, 73
56, 74
56, 73
56, 74
55, 73
55, 72
56, 72
55, 72
55, 72
59, 75
58, 75
59, 75
60, 76
61, 75
60, 76
60, 75
61, 74
61, 74
63, 85
63, 86
63, 85
62, 84
63, 84
63, 83
62, 84
63, 83
62, 84
62, 84
64, 77
64, 76
65, 75
66, 75
67, 74
66, 75
66, 74
65, 75
65, 75
66, 78
65, 77
66, 78
65, 79
64, 80
64, 80
59, 71
58, 71
59, 72
60, 71
59, 70
59, 70
56, 84
55, 85
56, 85
55, 86
55, 87
56, 88
55, 87
56, 87
57, 86
56, 87
56, 87
57, 74
58, 75
57, 75
57, 74
56, 73
55, 73
54, 74
55, 75
55, 75
67, 78
66, 79
65, 79
65, 80
64, 81
64, 80
64, 79
64, 78
65, 79
65, 79
57, 75
58, 75
59, 74
60, 74
61, 75
60, 76
59, 77
59, 77
57, 75
58, 75
57, 74
58, 74
58, 73
59, 74
60, 75
61, 76
61, 76
66, 86
67, 86
66, 86
65, 86
64, 85
63, 85
62, 86
62, 86
60, 89
60, 88
59, 87
59, 86
59, 87
60, 88
61, 87
60, 87
61, 88
61, 89
61, 89
66, 77
65, 76
65, 75
64, 76
64, 75
63, 74
63, 74
52, 82
53, 81
52, 81
51, 81
52, 80
52, 81
51, 81
52, 81
53, 80
53, 80
51, 77
50, 77
51, 78
51, 77
50, 77
51, 78
50, 77
50, 78
51, 77
51, 77
64, 75
65, 75
66, 75
65, 75
66, 75
66, 75
60, 84
59, 83
58, 83
57, 82
58, 82
57, 83
56, 84
57, 85
56, 84
56, 84
61, 86
60, 86
61, 86
62, 85
63, 84
64, 85
65, 86
66, 87
66, 87
55, 77
56, 77
55, 76
55, 77
55, 76
56, 75
56, 74
56, 74
63, 72
62, 71
61, 72
61, 73
60, 72
60, 73
60, 74
60, 73
60, 73
63, 84
62, 85
62, 86
61, 85
61, 86
60, 87
59, 87
58, 87
57, 87
57, 87
62, 89
61, 89
61, 90
62, 90
63, 91
62, 91
62, 91
58, 81
59, 82
59, 83
58, 83
59, 84
58, 84
58, 85
58, 85
60, 77
61, 76
62, 76
63, 76
63, 75
64, 75
65, 75
64, 75
65, 74
65, 73
65, 73
65, 79
64, 80
65, 79
66, 80
65, 79
65, 78
65, 79
64, 79
65, 79
65, 79
62, 75
61, 74
62, 74
61, 73
62, 73
63, 72
62, 71
62, 71
62, 75
62, 74
61, 75
60, 74
60, 75
60, 75
55, 74
55, 73
54, 74
54, 75
53, 76
54, 75
54, 74
54, 73
54, 73
56, 86
57, 87
58, 87
59, 87
58, 86
58, 86
64, 78
65, 79
64, 80
65, 79
64, 79
63, 80
63, 79
62, 78
61, 78
61, 78
54, 73
53, 72
52, 71
52, 70
53, 69
53, 69
66, 76
65, 75
66, 74
66, 75
67, 75
68, 74
67, 73
66, 72
66, 72
58, 84
58, 83
59, 82
58, 81
59, 82
58, 82
57, 83
58, 82
57, 81
57, 81
61, 80
61, 79
62, 79
63, 78
64, 77
65, 77
66, 76
66, 77
67, 77
67, 77
63, 81
62, 80
62, 79
61, 78
61, 77
61, 78
61, 77
61, 77
70, 84
69, 85
69, 84
69, 83
69, 82
70, 81
71, 82
71, 82
60, 69
60, 68
61, 67
61, 66
62, 67
62, 66
63, 67
62, 68
63, 68
63, 68
50, 76
49, 75
48, 74
47, 73
46, 72
45, 71
44, 70
43, 69
42, 68
42, 68
71, 82
70, 81
69, 80
68, 79
67, 78
67, 78
66, 77
66, 77
56, 80
55, 79
54, 78
53, 77
52, 76
51, 75
51, 75
55, 73
54, 72
53, 71
52, 70
51, 69
51, 69
51, 69
51, 69
50, 68
49, 67
49, 67
66, 72
65, 71
65, 71
64, 70
63, 69
63, 69
63, 69
63, 68
63, 67
63, 66
63, 66
65, 79
64, 79
63, 79
62, 79
61, 79
60, 79
59, 79
58, 79
57, 79
57, 79
61, 92
60, 93
59, 94
59, 94
58, 95
58, 95
57, 96
57, 96
57, 96
62, 67
61, 66
60, 65
59, 64
59, 64
58, 63
57, 62
56, 61
56, 61
57, 85
56, 84
55, 83
55, 83
54, 82
53, 81
53, 81
52, 80
51, 79
51, 79
67, 86
67, 85
67, 85
67, 84
67, 83
67, 82
67, 81
67, 80
67, 80
64, 72
63, 71
62, 70
62, 70
61, 69
60, 68
59, 67
58, 66
58, 66
58, 66
58, 66
60, 77
59, 76
58, 75
58, 75
57, 74
57, 74
57, 74
55, 83
54, 82
53, 81
53, 80
53, 79
53, 78
53, 77
53, 77
53, 77
53, 77
61, 77
60, 76
59, 75
58, 74
57, 73
56, 72
55, 71
54, 70
53, 69
53, 69
52, 81
51, 82
50, 83
49, 83
48, 83
47, 83
47, 83
47, 83
53, 72
52, 71
51, 70
50, 69
49, 68
48, 68
47, 68
46, 68
46, 68
46, 68
46, 68
62, 71
61, 70
60, 69
59, 68
58, 67
57, 66
57, 66
57, 66
57, 66
52, 68
51, 67
50, 66
49, 65
48, 64
47, 63
46, 62
45, 61
45, 59
46, 58
47, 57
48, 56
49, 55
50, 54
50, 53
50, 52
50, 52
50, 52
57, 84
56, 83
55, 82
55, 81
55, 80
55, 80
55, 79
55, 78
55, 78
67, 76
68, 77
69, 78
69, 78
70, 79
70, 79
70, 80
70, 80
59, 74
59, 74
58, 73
57, 72
56, 71
55, 70
54, 69
54, 69
59, 72
58, 71
58, 71
58, 71
57, 70
56, 69
55, 68
55, 68
66, 78
65, 79
64, 79
64, 79
64, 79
63, 79
63, 79
63, 79
58, 88
59, 89
59, 89
60, 90
60, 90
61, 91
62, 92
63, 92
64, 92
64, 92
41, 67
41, 67
40, 66
39, 65
39, 65
39, 64
39, 63
39, 63
45, 67
44, 66
43, 65
42, 64
41, 63
41, 63
40, 62
39, 61
38, 60
38, 60
50, 74
49, 73
48, 72
47, 71
46, 70
45, 69
45, 69
44, 68
44, 68
48, 84
49, 85
50, 86
50, 86
51, 87
51, 87
57, 62
58, 63
59, 64
60, 65
61, 66
61, 66
61, 66
62, 67
62, 67
62, 78
61, 78
61, 78
60, 78
59, 78
59, 78
54, 70
55, 71
56, 72
57, 73
58, 74
58, 74
57, 79
57, 79
56, 78
56, 78
55, 77
55, 77
56, 95
56, 95
54, 93
53, 92
52, 91
51, 90
50, 89
50, 88
50, 87
50, 86
50, 85
49, 84
49, 84
48, 83
47, 82
47, 82
47, 82
68, 79
69, 78
69, 78
70, 77
71, 77
72, 77
72, 77
59, 67
59, 67
60, 68
61, 69
62, 70
63, 71
64, 72
65, 73
66, 74
66, 74
52, 80
53, 80
54, 80
55, 80
56, 80
57, 80
57, 80
53, 68
52, 67
51, 66
50, 66
50, 66
49, 66
48, 66
47, 66
47, 66
47, 66
50, 52
51, 53
51, 53
52, 54
52, 54
52, 55
52, 55
52, 55
54, 67
53, 66
52, 65
52, 65
52, 65
52, 65
69, 79
68, 79
67, 79
66, 79
66, 79
65, 79
65, 79
65, 79
65, 79
50, 68
51, 69
52, 70
53, 71
54, 72
55, 73
56, 74
56, 74
55, 78
56, 79
57, 80
58, 81
59, 82
59, 82
59, 82
60, 83
60, 83
63, 91
62, 90
61, 89
60, 88
59, 87
58, 86
57, 85
57, 85
65, 76
64, 75
64, 75
63, 74
62, 74
61, 74
60, 74
59, 74
59, 74
57, 74
56, 73
55, 72
54, 71
54, 71
54, 71
54, 71
54, 71
62, 65
61, 64
60, 63
60, 63
60, 63
60, 63
56, 65
55, 64
55, 64
54, 63
54, 63
53, 62
53, 62
52, 61
51, 60
50, 59
50, 59
53, 76
53, 75
53, 74
53, 74
53, 73
53, 72
53, 72
58, 73
57, 72
56, 71
56, 70
56, 69
56, 68
56, 68
48, 67
49, 68
49, 68
50, 69
51, 70
52, 71
53, 72
53, 72
57, 73
56, 72
55, 71
54, 70
53, 69
52, 68
52, 68
52, 86
53, 85
54, 84
54, 84
54, 84
55, 83
55, 83
56, 82
57, 81
58, 80
58, 80
56, 79
55, 78
54, 77
54, 77
53, 76
52, 75
52, 75
53, 64
54, 63
55, 62
56, 61
57, 60
57, 60
52, 73
51, 74
50, 75
50, 76
50, 77
50, 78
50, 78
50, 78
50, 78
57, 73
58, 72
58, 72
59, 71
59, 71
60, 70
61, 69
62, 68
62, 68
63, 67
63, 67
72, 77
72, 77
71, 78
71, 78
70, 79
69, 80
69, 80
68, 81
68, 81
68, 81
37, 61
36, 62
35, 63
34, 64
33, 65
33, 65
56, 84
55, 83
54, 82
53, 81
52, 80
51, 79
50, 78
50, 78
65, 79
64, 78
63, 77
62, 76
62, 76
62, 76
61, 75
60, 74
59, 74
58, 74
58, 74
46, 81
46, 81
45, 80
45, 80
45, 80
44, 79
43, 78
42, 77
42, 77
42, 77
59, 62
58, 61
58, 61
57, 60
56, 59
55, 58
54, 57
53, 56
52, 55
52, 55
50, 59
50, 59
51, 58
52, 57
53, 56
54, 55
55, 54
56, 53
56, 53
56, 51
55, 50
54, 50
53, 50
52, 50
51, 50
50, 50
50, 50
50, 50
50, 50
62, 68
62, 68
62, 69
62, 70
62, 71
62, 72
62, 73
62, 73
40, 62
41, 61
42, 60
42, 60
42, 60
42, 60
56, 78
57, 79
58, 80
59, 80
59, 80
60, 80
61, 80
61, 80
59, 78
58, 77
57, 76
57, 76
56, 75
56, 75
45, 67
46, 66
47, 65
48, 64
50, 62
50, 61
50, 60
50, 59
50, 58
51, 57
51, 57
65, 73
64, 72
64, 72
63, 72
62, 72
61, 72
60, 72
59, 72
58, 72
58, 72
53, 54
54, 53
53, 51
52, 50
51, 50
50, 50
50, 50
50, 50
50, 50
51, 49
51, 49
51, 49
51, 49
53, 70
52, 69
51, 68
50, 67
49, 66
49, 66
60, 83
59, 82
58, 81
57, 80
56, 79
56, 79
56, 79
53, 56
54, 57
55, 58
56, 59
57, 60
57, 60
55, 67
54, 66
53, 65
52, 64
52, 64
52, 64
44, 58
45, 57
46, 56
47, 55
48, 54
49, 53
50, 52
50, 51
50, 50
50, 50
51, 49
52, 48
52, 48
53, 47
54, 46
55, 45
55, 44
55, 43
55, 42
55, 42
49, 51
48, 52
47, 53
46, 54
46, 54
47, 53
48, 52
49, 51
50, 50
50, 50
49, 51
48, 52
47, 53
47, 53
59, 73
59, 73
59, 72
59, 71
59, 71
59, 70
59, 69
59, 68
59, 68
42, 77
42, 77
43, 76
44, 75
44, 75
45, 75
45, 75
64, 68
64, 68
65, 69
66, 70
66, 71
66, 72
66, 73
66, 74
66, 74
66, 74
49, 77
48, 76
47, 75
46, 74
45, 73
44, 72
43, 71
43, 71
43, 71
67, 80
66, 79
65, 78
65, 78
64, 77
63, 76
62, 75
62, 75
61, 74
60, 73
60, 73
56, 79
55, 78
54, 77
54, 77
53, 76
53, 76
52, 50
53, 51
53, 51
52, 50
51, 50
50, 50
50, 50
51, 51
52, 52
52, 52
49, 77
48, 76
47, 75
46, 74
46, 73
46, 72
46, 72
33, 65
34, 64
35, 63
35, 63
35, 63
36, 62
37, 61
37, 61
59, 79
59, 79
60, 78
61, 77
62, 76
63, 75
63, 75
55, 76
54, 77
54, 77
53, 78
52, 79
52, 79
51, 80
50, 81
49, 82
48, 82
48, 82
53, 74
54, 73
55, 72
56, 71
56, 71
57, 70
58, 69
58, 69
61, 80
61, 80
60, 79
59, 78
58, 77
57, 76
56, 75
55, 74
54, 73
53, 72
53, 72
56, 61
55, 62
54, 63
54, 63
53, 64
53, 64
61, 72
60, 71
59, 70
59, 70
58, 69
57, 68
56, 67
56, 67
48, 65
47, 64
46, 63
45, 62
45, 60
46, 59
47, 58
48, 57
49, 56
50, 55
50, 54
49, 53
48, 52
48, 52
47, 51
47, 51
47, 51
54, 73
55, 74
55, 74
56, 75
57, 76
58, 77
58, 77
51, 58
51, 58
51, 58
51, 58
51, 58
51, 59
51, 59
51, 67
51, 67
51, 67
51, 66
51, 66
51, 66
58, 72
57, 71
56, 70
55, 69
54, 68
53, 67
53, 67
57, 76
56, 75
56, 75
55, 74
54, 73
54, 73
53, 72
53, 72
46, 50
45, 49
44, 48
43, 47
43, 47
44, 48
45, 49
46, 50
47, 50
46, 49
45, 48
44, 47
44, 47
50, 58
50, 58
49, 57
48, 57
47, 57
46, 57
46, 56
47, 55
48, 54
49, 53
50, 52
49, 53
48, 54
47, 55
47, 55
53, 64
52, 65
51, 66
50, 67
49, 68
49, 68
48, 69
47, 70
47, 70
46, 71
46, 71
54, 43
53, 44
53, 44
52, 45
52, 45
51, 46
51, 46
49, 83
50, 84
51, 85
52, 86
53, 87
53, 87
52, 73
51, 74
50, 74
49, 74
48, 74
47, 74
46, 74
46, 74
46, 74
46, 74
55, 68
54, 69
53, 70
53, 70
52, 71
51, 72
50, 73
50, 73
50, 73
59, 72
58, 71
57, 71
56, 71
55, 71
54, 71
53, 71
52, 71
52, 71
54, 66
55, 65
56, 64
57, 63
58, 62
59, 61
59, 61
37, 61
38, 62
39, 63
39, 63
40, 64
40, 64
40, 64
62, 76
61, 77
60, 78
59, 79
59, 79
58, 79
57, 79
56, 79
55, 79
54, 79
54, 79
44, 72
45, 73
46, 74
47, 75
47, 75
48, 76
48, 76
56, 59
55, 58
54, 57
53, 56
53, 56
52, 55
51, 54
51, 54
50, 65
49, 64
48, 63
48, 63
48, 61
49, 60
50, 59
50, 58
50, 57
50, 56
50, 55
49, 54
48, 53
47, 52
46, 51
46, 51
52, 64
51, 63
50, 62
49, 61
49, 61
48, 60
48, 60
48, 54
49, 55
50, 56
51, 57
52, 58
52, 58
52, 58
53, 59
53, 59
51, 51
50, 50
49, 49
48, 48
47, 47
47, 47
44, 74
43, 73
42, 72
42, 72
41, 71
40, 70
39, 69
38, 68
37, 67
36, 66
36, 66
57, 68
56, 67
56, 67
55, 66
54, 65
53, 64
52, 63
52, 63
52, 63
66, 74
66, 74
65, 73
64, 72
63, 71
63, 71
58, 67
57, 66
56, 65
56, 65
55, 64
54, 63
53, 62
52, 61
52, 61
51, 60
51, 60
47, 71
48, 70
49, 69
50, 68
50, 68
50, 68
52, 75
52, 75
51, 74
50, 73
49, 72
48, 71
48, 71
47, 70
47, 70
53, 72
54, 73
55, 74
56, 75
57, 76
58, 77
58, 78
58, 78
37, 67
38, 68
38, 68
39, 69
39, 69
40, 69
41, 69
42, 69
43, 69
44, 69
44, 69
54, 86
54, 86
54, 86
55, 85
56, 84
57, 83
58, 82
59, 82
60, 82
61, 82
61, 82
51, 70
50, 69
49, 68
48, 67
48, 66
48, 66
59, 61
59, 62
59, 62
59, 63
59, 64
59, 65
59, 66
59, 67
59, 67
47, 73
48, 72
48, 72
49, 71
50, 70
51, 69
52, 68
52, 68
48, 48
49, 49
50, 50
50, 50
51, 51
51, 51
52, 52
52, 52
53, 53
54, 54
54, 54
50, 53
49, 52
48, 51
48, 51
47, 50
46, 49
45, 48
44, 47
43, 46
43, 46
48, 71
48, 71
49, 72
49, 72
49, 72
50, 73
51, 74
51, 74
51, 74
53, 78
53, 78
52, 77
52, 77
52, 77
51, 76
51, 76
46, 51
45, 50
44, 49
44, 49
43, 48
42, 47
42, 47
43, 48
44, 49
45, 50
46, 50
46, 50
46, 50
47, 55
48, 54
48, 54
49, 53
50, 52
50, 52
50, 52
39, 63
38, 62
38, 62
37, 61
36, 60
36, 60
64, 70
65, 69
66, 68
67, 67
68, 66
67, 64
66, 63
65, 62
64, 61
63, 60
62, 59
61, 58
60, 57
60, 57
61, 58
61, 58
51, 69
52, 70
53, 71
54, 72
55, 72
55, 72
56, 72
56, 72
49, 72
48, 71
47, 70
47, 70
47, 68
48, 67
49, 66
50, 65
50, 64
50, 63
50, 62
50, 61
50, 60
50, 59
50, 59
49, 58
49, 58
48, 57
48, 57
52, 47
52, 47
52, 48
52, 48
52, 49
52, 50
52, 51
52, 51
52, 58
51, 57
51, 57
50, 56
50, 56
49, 55
48, 54
47, 53
46, 52
46, 52
46, 52
53, 64
54, 65
55, 66
56, 67
57, 68
58, 69
58, 69
59, 70
60, 71
60, 71
49, 75
49, 75
50, 74
51, 73
52, 72
53, 71
54, 70
55, 69
56, 68
56, 68
56, 68
51, 60
51, 60
52, 59
53, 58
54, 57
55, 56
55, 56
47, 72
48, 73
48, 73
48, 73
49, 74
49, 74
48, 60
49, 59
50, 58
51, 57
52, 56
53, 55
53, 55
53, 55
54, 54
55, 53
55, 53
44, 47
43, 46
43, 46
44, 47
45, 48
46, 49
47, 50
48, 50
49, 50
50, 50
50, 50
49, 49
48, 48
48, 48
48, 48
47, 47
47, 47
45, 51
45, 51
44, 50
43, 49
42, 48
42, 48
41, 47
41, 47
42, 48
43, 49
44, 50
45, 50
46, 50
47, 50
48, 50
47, 49
46, 48
46, 48
51, 53
52, 54
53, 55
54, 56
55, 57
55, 57
56, 58
56, 58
57, 58
57, 58
44, 69
43, 70
42, 71
41, 71
41, 71
41, 71
40, 71
39, 71
39, 71
44, 47
44, 48
44, 49
44, 49
44, 50
44, 51
44, 51
49, 67
49, 67
50, 68
50, 69
50, 70
50, 71
50, 71
59, 67
58, 66
58, 66
58, 66
58, 66
58, 66
55, 71
54, 70
53, 69
53, 69
53, 69
52, 68
51, 67
50, 66
49, 66
49, 66
49, 66
48, 57
49, 56
50, 55
51, 54
51, 54
52, 53
52, 53
46, 46
45, 45
44, 44
44, 44
44, 44
43, 43
42, 42
42, 42
41, 41
41, 41
56, 57
57, 58
58, 59
58, 59
58, 59
58, 59
58, 59
47, 51
48, 52
48, 52
49, 53
50, 54
51, 55
52, 56
53, 56
54, 56
55, 56
55, 56
50, 73
50, 73
50, 73
49, 72
48, 71
47, 70
47, 70
47, 70
47, 68
48, 67
49, 66
50, 65
50, 64
50, 64
50, 64
37, 59
38, 58
39, 57
40, 56
41, 55
41, 55
42, 54
42, 54
56, 67
56, 66
56, 66
56, 66
56, 65
56, 64
56, 64
56, 64
53, 51
52, 50
51, 50
50, 50
50, 50
50, 50
50, 50
50, 50
50, 50
50, 50
50, 50
50, 50
50, 50
49, 49
48, 48
48, 48
53, 53
52, 52
51, 51
50, 50
49, 49
49, 49
51, 67
50, 66
50, 66
49, 65
48, 64
47, 63
46, 62
45, 61
45, 61
45, 61
57, 77
56, 76
56, 76
55, 75
55, 75
54, 74
54, 74
54, 74
53, 73
53, 73
49, 74
50, 73
51, 73
51, 73
51, 73
51, 73
52, 51
53, 52
54, 53
55, 54
56, 55
57, 56
57, 56
60, 71
59, 70
58, 69
57, 68
56, 67
55, 66
55, 66
52, 75
53, 74
54, 73
55, 72
56, 71
56, 71
60, 59
59, 60
58, 61
57, 62
57, 62
56, 63
55, 64
55, 64
60, 81
60, 81
59, 80
59, 80
59, 80
58, 79
58, 79
57, 78
57, 78
49, 67
50, 67
49, 67
48, 68
48, 69
48, 70
47, 71
47, 71
58, 57
59, 57
58, 56
57, 57
56, 56
56, 55
57, 54
58, 54
57, 54
58, 54
58, 54
52, 73
52, 74
51, 75
52, 75
51, 76
50, 76
49, 76
50, 76
50, 76
42, 41
42, 42
41, 42
41, 41
42, 40
42, 40
58, 67
57, 68
56, 68
57, 69
56, 69
57, 70
58, 70
59, 69
58, 70
58, 70
54, 72
53, 72
52, 71
53, 71
54, 72
55, 72
56, 73
57, 72
56, 71
56, 70
56, 70
45, 62
45, 63
46, 63
45, 62
46, 62
47, 63
46, 64
47, 64
46, 64
47, 63
47, 63
43, 50
43, 49
42, 48
41, 48
42, 47
41, 48
41, 47
42, 47
42, 47
47, 47
48, 47
47, 48
46, 47
47, 46
46, 46
46, 46
40, 70
39, 69
40, 70
40, 71
39, 72
39, 73
38, 72
38, 72
56, 77
55, 78
54, 79
54, 80
53, 81
52, 82
53, 81
53, 81
55, 64
55, 65
55, 66
54, 66
53, 66
52, 67
51, 67
52, 67
52, 67
56, 67
56, 66
57, 67
56, 68
55, 67
55, 66
56, 65
55, 64
54, 63
55, 64
55, 64
55, 57
56, 58
55, 58
54, 58
55, 57
56, 58
56, 58
56, 57
55, 57
56, 56
57, 55
57, 56
57, 56
56, 65
57, 65
58, 66
57, 67
56, 67
55, 66
54, 65
54, 64
53, 65
54, 64
54, 64
50, 48
51, 48
52, 47
53, 48
54, 48
54, 48
57, 58
57, 57
56, 58
55, 58
54, 57
55, 56
56, 55
57, 54
58, 53
57, 53
57, 53
52, 52
51, 52
52, 51
53, 51
54, 50
55, 50
55, 49
54, 49
54, 49
56, 70
57, 69
58, 68
58, 69
57, 68
58, 67
57, 68
57, 68
51, 63
51, 62
50, 61
50, 62
49, 61
49, 61
47, 47
48, 46
49, 45
48, 45
48, 44
49, 45
50, 46
49, 45
48, 46
48, 46
50, 70
51, 70
51, 71
50, 71
51, 71
52, 71
51, 72
52, 72
51, 72
50, 73
50, 73
41, 54
40, 55
40, 56
39, 57
39, 56
39, 57
38, 56
38, 56
39, 73
39, 72
40, 72
40, 71
41, 70
42, 71
43, 70
42, 69
42, 69
58, 55
58, 54
58, 55
58, 56
57, 56
58, 56
58, 57
58, 56
58, 55
58, 56
58, 56
42, 39
42, 40
41, 39
40, 39
39, 38
39, 39
40, 39
39, 39
39, 39
37, 55
38, 56
39, 56
39, 55
38, 56
38, 55
38, 56
39, 55
39, 55
49, 75
50, 74
49, 73
48, 74
48, 73
47, 74
46, 75
47, 76
47, 76
56, 57
57, 56
56, 55
55, 55
55, 54
55, 53
56, 54
56, 54
48, 64
48, 63
47, 64
46, 64
45, 64
46, 65
46, 64
47, 65
47, 66
46, 65
46, 65
43, 46
42, 47
43, 46
44, 46
45, 47
44, 47
43, 47
42, 48
42, 48
56, 65
56, 64
57, 65
58, 64
58, 63
57, 62
57, 62
53, 49
53, 50
54, 49
54, 48
53, 49
54, 50
55, 50
56, 50
56, 49
56, 48
56, 48
56, 56
57, 56
58, 57
57, 57
57, 58
56, 57
57, 57
58, 56
58, 55
58, 55
56, 54
56, 55
55, 55
56, 56
57, 56
58, 55
58, 54
57, 55
56, 55
55, 56
55, 56
48, 70
47, 70
46, 70
45, 71
46, 71
47, 70
47, 70
55, 70
54, 69
53, 70
52, 70
53, 70
54, 69
55, 70
55, 70
51, 73
50, 73
50, 72
50, 71
50, 72
50, 72
56, 67
57, 68
56, 68
55, 67
56, 66
56, 65
57, 64
56, 65
56, 65
53, 65
52, 66
52, 65
52, 64
52, 63
53, 63
53, 63
57, 69
56, 68
57, 67
57, 68
56, 68
56, 69
57, 68
56, 69
56, 68
56, 69
56, 69
49, 46
50, 47
49, 48
49, 47
50, 47
50, 47
50, 61
51, 60
52, 59
53, 60
53, 61
53, 62
52, 63
53, 62
53, 63
54, 63
54, 63
52, 80
51, 79
51, 78
50, 77
51, 78
52, 78
52, 78
53, 66
53, 65
52, 65
53, 66
53, 67
54, 67
53, 68
54, 69
53, 70
54, 71
54, 71
45, 46
44, 46
44, 47
43, 48
43, 49
43, 50
43, 51
44, 52
43, 53
44, 54
44, 54
54, 49
55, 50
54, 51
54, 50
53, 51
54, 51
54, 51
51, 78
50, 77
49, 77
49, 76
50, 76
51, 75
50, 75
50, 75
52, 64
51, 63
51, 62
50, 62
51, 63
51, 63
56, 56
56, 57
55, 58
55, 59
55, 58
55, 57
55, 57
56, 68
57, 69
56, 68
56, 67
55, 67
55, 67
53, 51
53, 52
54, 51
55, 50
56, 50
56, 49
55, 50
54, 50
54, 51
55, 50
55, 50
56, 61
57, 60
56, 59
55, 58
55, 59
55, 58
55, 58
50, 73
49, 74
50, 74
50, 75
50, 74
51, 74
52, 75
52, 75
57, 47
57, 48
58, 47
57, 47
57, 48
57, 49
58, 50
59, 50
58, 50
57, 49
57, 49
41, 69
40, 69
39, 69
40, 68
39, 68
40, 67
41, 66
40, 65
41, 66
40, 65
40, 65
40, 39
40, 40
39, 39
39, 38
40, 37
39, 38
40, 37
39, 37
39, 37
45, 54
44, 53
43, 52
42, 51
43, 50
42, 51
42, 51
54, 70
53, 70
52, 69
52, 70
51, 71
51, 71
57, 53
58, 54
57, 55
56, 56
57, 56
58, 55
57, 56
58, 55
58, 56
58, 56
47, 75
47, 76
46, 75
46, 74
46, 73
46, 72
45, 73
45, 73
54, 72
55, 73
55, 74
54, 73
53, 74
52, 75
53, 75
53, 75
39, 54
39, 53
40, 53
41, 54
40, 55
40, 56
41, 55
42, 56
43, 56
43, 56
45, 65
44, 65
43, 64
44, 64
44, 65
44, 64
44, 64
55, 63
56, 64
57, 63
58, 62
59, 61
58, 60
57, 60
57, 60
51, 46
52, 46
53, 46
53, 47
53, 46
53, 45
54, 45
54, 45
57, 55
58, 56
58, 55
57, 56
58, 56
57, 55
56, 56
57, 56
58, 57
59, 57
59, 57
41, 48
42, 47
42, 48
41, 47
40, 47
40, 47
46, 71
47, 70
48, 69
49, 68
48, 68
48, 69
48, 70
47, 69
47, 68
47, 68
55, 66
56, 67
57, 67
58, 66
57, 65
56, 64
56, 64
57, 55
58, 54
57, 54
56, 54
57, 53
57, 54
58, 53
57, 53
57, 54
57, 54
57, 61
58, 60
59, 61
60, 61
61, 60
61, 60
58, 55
57, 56
57, 57
57, 56
56, 56
57, 55
58, 55
58, 55
58, 53
58, 54
58, 55
57, 54
57, 55
57, 55
56, 63
55, 62
54, 62
53, 63
52, 62
51, 61
51, 61
54, 59
55, 60
54, 61
54, 62
55, 63
56, 64
56, 63
56, 62
56, 61
55, 61
55, 61
42, 56
41, 56
41, 55
40, 56
39, 55
40, 55
40, 55
38, 37
37, 36
36, 36
36, 35
35, 36
34, 35
33, 34
33, 34
56, 56
57, 55
57, 54
56, 54
55, 54
54, 53
54, 53
41, 65
42, 64
42, 65
41, 66
40, 65
40, 65
50, 62
51, 61
50, 62
51, 62
51, 61
51, 62
51, 61
51, 62
51, 61
51, 62
51, 62
55, 44
54, 45
53, 44
54, 44
53, 43
53, 44
53, 44
47, 69
48, 70
47, 70
48, 71
49, 70
50, 70
51, 69
51, 68
52, 67
52, 67
45, 74
46, 73
45, 74
46, 75
45, 75
46, 74
46, 73
45, 73
45, 73
60, 58
59, 57
58, 58
59, 57
58, 58
58, 57
57, 58
56, 58
55, 59
55, 59
45, 65
44, 66
44, 65
45, 66
46, 65
46, 64
47, 65
47, 65
54, 66
53, 65
53, 64
54, 64
53, 64
54, 63
54, 64
55, 64
54, 65
54, 64
54, 64
54, 76
53, 77
54, 78
55, 77
56, 78
57, 79
56, 78
56, 77
56, 77
43, 50
44, 51
45, 51
46, 51
45, 52
44, 52
44, 53
44, 52
43, 52
43, 52
49, 74
49, 73
48, 73
47, 74
48, 75
48, 76
49, 76
48, 76
48, 75
48, 75
50, 70
49, 70
49, 71
49, 72
48, 71
49, 70
50, 71
50, 71
39, 47
38, 46
38, 47
37, 48
36, 49
37, 48
38, 49
39, 49
39, 50
39, 50
56, 50
55, 49
56, 48
56, 49
55, 50
55, 49
55, 49
56, 49
57, 49
56, 50
55, 49
56, 48
57, 47
58, 48
59, 47
59, 48
59, 48
52, 74
53, 75
53, 76
54, 76
54, 77
53, 76
54, 76
54, 75
54, 74
54, 74
52, 68
53, 67
54, 68
55, 67
54, 66
54, 66
39, 54
38, 53
38, 52
38, 53
39, 52
39, 52
53, 63
54, 62
54, 63
54, 62
54, 63
54, 63
53, 53
54, 54
54, 53
53, 52
52, 53
51, 53
52, 53
52, 54
51, 54
51, 54
45, 74
45, 73
44, 73
43, 73
44, 74
43, 75
43, 74
44, 74
43, 75
42, 75
42, 75
58, 54
58, 55
58, 54
57, 53
57, 54
56, 54
55, 55
56, 55
56, 55
57, 54
56, 55
57, 54
56, 54
55, 54
54, 53
54, 54
55, 55
55, 55
49, 76
48, 76
47, 75
48, 74
49, 74
50, 73
51, 72
52, 71
51, 71
51, 70
51, 70
50, 62
51, 61
52, 62
53, 62
53, 61
54, 60
55, 60
56, 60
57, 60
58, 61
58, 61
34, 34
35, 33
34, 33
33, 33
34, 33
34, 34
35, 34
36, 33
36, 33
60, 59
59, 58
59, 57
58, 58
59, 57
59, 58
60, 58
61, 58
61, 58
54, 61
53, 61
54, 62
54, 61
53, 61
52, 62
52, 62
60, 48
60, 47
61, 46
61, 47
60, 46
61, 45
62, 45
63, 45
62, 45
62, 45
53, 75
54, 75
53, 75
54, 76
55, 77
56, 76
55, 77
55, 77
51, 71
50, 72
49, 73
50, 73
49, 73
48, 74
48, 74
57, 76
57, 77
58, 77
57, 77
57, 76
57, 75
58, 76
58, 76
47, 64
46, 64
45, 63
45, 62
46, 62
45, 61
44, 62
44, 62
40, 50
39, 49
39, 48
38, 49
37, 50
37, 50
50, 62
51, 62
52, 62
53, 61
53, 60
52, 60
52, 59
52, 59
40, 66
39, 66
39, 67
39, 68
38, 67
38, 67
44, 53
45, 54
44, 55
45, 54
46, 54
47, 55
47, 54
47, 53
47, 53
56, 60
56, 61
56, 62
57, 61
58, 61
59, 60
59, 59
58, 60
57, 59
57, 59
54, 44
55, 44
55, 45
55, 46
54, 47
55, 46
56, 46
57, 47
57, 47
54, 50
53, 50
54, 49
54, 48
54, 49
55, 50
55, 50
52, 54
53, 53
54, 53
53, 52
53, 51
53, 51
39, 53
40, 54
41, 55
41, 56
40, 57
40, 57
39, 66
38, 66
37, 67
38, 67
37, 68
37, 67
37, 66
38, 67
38, 67
55, 55
54, 54
53, 53
54, 53
55, 54
55, 54
62, 59
62, 60
61, 60
60, 59
59, 58
58, 57
57, 56
58, 57
57, 56
57, 56
35, 33
35, 32
34, 31
35, 31
36, 30
37, 31
37, 30
36, 31
36, 31
55, 54
56, 54
57, 54
57, 53
57, 54
56, 55
55, 54
55, 54
50, 70
51, 70
52, 71
51, 72
52, 72
52, 71
51, 70
51, 70
57, 60
58, 59
59, 59
58, 58
58, 57
57, 56
56, 56
56, 57
56, 58
56, 58
47, 52
47, 53
47, 54
48, 53
48, 54
48, 54
56, 48
57, 49
58, 49
59, 49
58, 49
59, 48
58, 48
59, 48
59, 48
56, 59
57, 58
57, 59
57, 58
58, 59
59, 59
58, 60
58, 60
62, 44
63, 43
64, 42
64, 43
63, 44
62, 45
63, 44
63, 44
55, 78
54, 79
54, 80
54, 79
54, 80
54, 80
36, 50
35, 49
35, 48
34, 47
35, 48
34, 47
35, 46
35, 46
43, 76
44, 75
44, 76
45, 76
46, 76
46, 75
45, 75
45, 75
55, 65
56, 64
57, 64
58, 65
57, 64
57, 63
57, 63
59, 75
58, 75
57, 75
58, 74
58, 75
59, 76
59, 77
59, 77
56, 50
55, 49
54, 48
54, 49
53, 48
54, 49
55, 50
55, 49
55, 50
56, 50
56, 50
51, 59
50, 58
51, 58
50, 58
49, 58
48, 59
47, 58
48, 59
49, 58
49, 58
47, 75
47, 74
47, 75
48, 74
47, 73
47, 73
54, 64
55, 63
54, 64
53, 63
53, 62
54, 62
54, 62
51, 62
52, 62
52, 63
52, 62
53, 62
52, 62
51, 62
52, 62
53, 62
53, 62
45, 62
45, 61
45, 62
45, 61
46, 62
45, 63
46, 63
47, 63
46, 64
46, 64
64, 45
63, 45
63, 44
64, 43
63, 44
62, 44
63, 43
62, 44
62, 45
62, 45
59, 60
58, 59
57, 59
58, 60
57, 59
57, 59
48, 53
48, 52
47, 52
46, 52
46, 53
45, 52
44, 52
43, 51
43, 51
35, 47
34, 48
33, 48
34, 47
33, 46
34, 47
33, 46
32, 45
33, 44
33, 43
33, 43
46, 74
46, 75
45, 76
44, 75
43, 76
44, 75
43, 75
43, 75
39, 68
38, 69
38, 68
38, 69
37, 69
36, 68
36, 69
35, 68
36, 67
36, 67
55, 63
54, 62
53, 63
52, 64
52, 63
51, 63
52, 62
53, 63
53, 62
53, 61
53, 61
57, 57
56, 58
55, 57
56, 56
56, 57
55, 57
55, 58
56, 58
55, 57
55, 58
55, 58
56, 64
57, 64
58, 63
57, 64
57, 63
56, 62
55, 61
55, 62
55, 61
54, 61
54, 61
52, 62
53, 61
52, 62
51, 61
52, 61
53, 61
54, 61
53, 60
52, 61
52, 61
58, 77
59, 78
60, 77
61, 76
62, 77
62, 77
56, 54
55, 55
55, 54
54, 53
53, 54
54, 55
53, 56
53, 57
54, 57
55, 58
55, 58
52, 50
53, 49
52, 50
51, 51
50, 52
50, 53
49, 53
48, 53
48, 53
41, 56
41, 57
40, 56
41, 57
40, 57
41, 57
42, 57
42, 57
54, 81
53, 80
54, 79
54, 78
54, 77
54, 77
58, 49
58, 50
59, 50
58, 49
59, 49
59, 49
44, 76
44, 75
43, 74
42, 75
43, 75
44, 75
44, 76
45, 77
44, 77
44, 77
35, 30
34, 29
33, 29
32, 28
33, 28
32, 29
32, 30
33, 29
33, 29
56, 59
57, 59
57, 60
58, 61
59, 62
58, 61
59, 61
60, 60
60, 60
54, 55
55, 54
54, 55
55, 54
56, 53
56, 53
57, 49
58, 48
57, 47
56, 46
57, 45
57, 44
58, 44
58, 44
47, 65
46, 65
47, 64
47, 65
48, 65
48, 65
49, 59
50, 60
51, 61
50, 60
51, 60
51, 61
52, 61
51, 60
50, 59
50, 60
50, 60
50, 69
50, 68
50, 67
49, 68
50, 69
50, 70
51, 69
50, 69
51, 69
51, 69
54, 62
53, 61
52, 62
51, 62
50, 62
50, 62
60, 59
61, 60
60, 61
60, 60
61, 60
61, 59
61, 60
62, 59
63, 60
64, 59
64, 59
55, 59
54, 58
53, 58
52, 59
53, 60
53, 60
55, 76
56, 77
57, 77
57, 76
56, 76
55, 76
56, 76
56, 76
32, 44
31, 44
30, 43
29, 43
29, 44
28, 45
29, 46
29, 45
29, 46
29, 46
60, 49
60, 48
61, 48
60, 48
60, 49
59, 49
59, 50
59, 49
60, 48
60, 48
53, 62
54, 62
54, 61
54, 62
55, 61
54, 62
53, 63
52, 64
51, 63
51, 63
48, 66
49, 66
49, 65
48, 64
49, 64
48, 64
48, 63
48, 64
47, 65
47, 65
52, 70
52, 71
53, 72
54, 73
54, 74
55, 74
56, 73
55, 74
56, 73
56, 73
45, 76
44, 75
43, 75
43, 76
43, 77
43, 77
56, 59
55, 59
54, 58
53, 58
54, 57
54, 57
62, 78
63, 79
62, 79
63, 78
64, 78
64, 78
41, 58
41, 57
42, 57
43, 57
42, 56
41, 55
40, 55
40, 54
41, 55
42, 56
42, 56
33, 28
33, 29
32, 28
33, 28
32, 28
33, 28
33, 27
32, 28
32, 28
62, 44
63, 45
63, 44
64, 44
65, 44
64, 43
63, 44
63, 44
35, 66
34, 66
35, 65
36, 66
36, 65
35, 66
34, 65
34, 65
44, 52
43, 51
44, 51
45, 52
44, 53
44, 52
43, 52
43, 52
42, 76
43, 77
44, 76
43, 77
43, 78
43, 78
57, 53
56, 53
56, 54
57, 55
57, 54
56, 53
57, 54
58, 55
57, 54
58, 53
58, 53
49, 60
49, 61
48, 60
49, 61
49, 60
49, 61
48, 60
49, 60
48, 60
48, 60
59, 44
59, 43
60, 43
59, 43
58, 43
58, 42
57, 42
57, 42
53, 60
54, 61
54, 62
55, 61
54, 62
55, 63
55, 63
56, 59
55, 60
56, 61
55, 62
54, 61
55, 60
56, 60
57, 60
58, 59
58, 59
49, 52
48, 52
49, 53
49, 54
50, 55
51, 54
51, 54
54, 61
53, 61
54, 61
55, 62
56, 61
55, 62
54, 62
53, 62
53, 62
35, 66
36, 66
35, 65
36, 65
37, 64
37, 63
37, 63
32, 29
32, 28
31, 27
30, 27
31, 26
30, 26
29, 26
28, 27
28, 27
55, 73
54, 73
53, 74
52, 73
53, 73
54, 72
54, 72
44, 77
43, 77
43, 78
44, 77
43, 78
43, 79
43, 80
43, 79
42, 80
42, 80
58, 58
59, 57
59, 58
59, 57
58, 57
59, 57
60, 58
59, 59
59, 59
46, 64
47, 64
46, 63
47, 63
46, 63
46, 62
45, 63
46, 62
45, 62
45, 62
65, 59
66, 58
67, 57
66, 57
65, 58
66, 57
67, 58
68, 58
68, 58
57, 53
56, 54
56, 53
55, 53
54, 53
55, 54
56, 54
56, 54
42, 57
43, 56
44, 55
44, 56
43, 57
42, 56
41, 55
40, 54
39, 53
40, 53
40, 53
50, 64
49, 64
48, 65
48, 64
48, 65
48, 65
53, 57
54, 58
55, 58
54, 59
53, 60
53, 60
44, 76
43, 76
44, 76
43, 77
43, 78
44, 79
43, 79
43, 79
61, 47
61, 46
60, 46
61, 47
60, 48
60, 48
49, 59
49, 60
50, 60
51, 61
50, 60
50, 60
49, 61
50, 60
49, 60
48, 59
48, 58
48, 59
49, 59
49, 59
30, 45
31, 44
30, 45
29, 44
29, 43
28, 43
27, 43
27, 43
64, 43
63, 43
64, 44
64, 43
63, 44
63, 45
64, 45
63, 44
62, 44
63, 43
63, 43
57, 43
58, 43
57, 42
56, 42
57, 41
57, 41
54, 63
54, 62
55, 62
54, 63
55, 63
56, 64
57, 65
58, 65
59, 66
58, 66
58, 66
65, 79
64, 78
63, 77
62, 77
61, 78
61, 77
60, 76
60, 76
56, 77
55, 78
55, 77
54, 76
54, 77
54, 77
52, 55
51, 54
50, 54
51, 54
51, 55
52, 55
53, 56
54, 57
53, 57
54, 56
54, 56
42, 53
41, 52
40, 53
39, 54
38, 54
37, 55
37, 55
54, 71
55, 71
56, 72
55, 73
55, 74
56, 73
57, 72
56, 73
57, 73
57, 73
53, 57
53, 56
52, 56
51, 55
50, 54
49, 55
49, 55
59, 60
58, 60
57, 61
58, 60
57, 61
56, 62
55, 61
54, 60
54, 60
29, 26
30, 27
30, 28
30, 29
29, 29
30, 28
29, 28
29, 29
29, 29
61, 75
62, 75
61, 75
60, 75
61, 75
60, 75
59, 74
59, 74
45, 61
46, 62
45, 61
45, 62
44, 62
43, 63
42, 63
42, 63
58, 65
57, 65
56, 65
55, 66
54, 67
54, 68
55, 69
55, 70
56, 70
55, 71
55, 71
38, 55
39, 55
39, 56
38, 57
37, 56
36, 55
36, 55
54, 60
53, 60
52, 61
53, 62
52, 61
52, 62
52, 62
50, 59
51, 59
50, 60
51, 61
52, 61
53, 60
54, 60
53, 59
53, 60
52, 59
52, 59
59, 48
58, 47
59, 48
60, 48
60, 47
60, 48
60, 48
55, 55
54, 54
55, 55
54, 54
54, 55
53, 54
53, 55
54, 54
53, 53
54, 54
54, 54
56, 40
57, 40
58, 41
57, 40
57, 41
58, 41
57, 42
58, 42
58, 42
68, 59
67, 58
67, 59
66, 60
67, 60
68, 61
68, 61
54, 62
55, 63
55, 62
55, 63
56, 63
56, 62
55, 63
54, 64
54, 63
54, 63
55, 78
56, 79
56, 78
56, 79
57, 78
56, 77
57, 77
57, 78
58, 77
59, 77
59, 77
28, 42
27, 43
26, 44
26, 45
27, 44
28, 45
29, 44
29, 45
29, 44
28, 45
28, 45
49, 60
50, 60
49, 60
50, 61
50, 60
49, 60
48, 60
49, 59
50, 60
49, 61
49, 61
43, 80
43, 79
42, 78
42, 77
41, 78
41, 78
48, 64
48, 65
47, 64
48, 64
48, 65
48, 65
64, 42
64, 43
65, 42
66, 42
65, 42
66, 43
67, 44
67, 44
38, 63
38, 62
39, 61
39, 62
38, 63
37, 62
37, 63
38, 62
39, 62
39, 62
41, 52
40, 51
39, 50
38, 51
37, 51
38, 52
38, 53
38, 53
42, 79
43, 80
42, 80
43, 79
43, 80
42, 79
42, 78
43, 79
42, 79
42, 79
54, 61
55, 61
56, 61
56, 62
55, 62
56, 62
57, 61
58, 60
59, 61
59, 61
29, 30
30, 31
29, 31
29, 30
29, 29
30, 29
31, 30
31, 31
32, 32
31, 33
31, 33
48, 60
49, 59
50, 58
51, 58
52, 59
53, 60
53, 60
53, 53
53, 54
52, 53
53, 54
54, 54
53, 53
52, 54
51, 53
52, 53
52, 53
35, 54
36, 55
35, 54
35, 53
35, 54
34, 54
34, 55
33, 54
34, 54
34, 53
34, 53
61, 47
61, 46
62, 45
62, 46
63, 45
64, 45
63, 46
62, 45
62, 45
58, 74
57, 75
56, 75
57, 74
58, 75
57, 74
57, 74
38, 63
37, 62
38, 61
38, 60
37, 61
36, 62
37, 61
38, 61
37, 60
37, 60
40, 77
39, 76
38, 77
37, 78
38, 77
37, 78
38, 77
39, 76
40, 75
40, 74
40, 74
47, 65
48, 65
49, 66
50, 67
49, 68
49, 69
49, 69
68, 44
69, 43
69, 42
68, 42
69, 43
69, 44
68, 43
69, 43
68, 42
68, 42
27, 45
26, 45
25, 44
26, 45
25, 44
24, 43
24, 43
53, 62
52, 61
53, 61
54, 61
54, 62
55, 63
54, 62
54, 62
67, 61
67, 60
66, 60
67, 61
67, 60
66, 60
66, 60
58, 41
57, 41
57, 40
56, 41
55, 40
55, 41
56, 40
56, 39
56, 39
57, 74
58, 75
57, 76
56, 76
55, 76
54, 75
55, 74
56, 75
56, 75
51, 58
52, 57
51, 58
51, 59
50, 59
50, 59
43, 64
42, 65
41, 65
42, 64
41, 63
41, 62
40, 61
40, 62
40, 62
37, 54
36, 54
35, 54
36, 55
37, 56
38, 56
38, 55
39, 55
40, 56
41, 57
41, 57
50, 56
49, 55
50, 55
50, 54
51, 54
51, 54
42, 78
43, 78
44, 77
44, 78
45, 78
44, 78
43, 79
42, 78
42, 78
59, 76
58, 77
57, 76
57, 77
56, 78
57, 77
57, 78
57, 78
55, 64
54, 65
55, 64
55, 65
55, 66
56, 67
56, 67
54, 70
53, 69
53, 70
52, 70
51, 69
50, 70
50, 70
53, 61
53, 60
53, 61
54, 61
54, 62
54, 62
55, 63
55, 62
55, 63
56, 63
56, 62
57, 63
58, 63
59, 63
59, 63
41, 74
40, 73
40, 74
39, 74
38, 73
39, 74
39, 74
50, 69
50, 68
49, 69
49, 68
50, 67
49, 68
49, 69
49, 70
48, 71
48, 71
36, 61
37, 61
38, 60
37, 61
36, 60
36, 60
49, 70
48, 71
47, 72
46, 73
46, 72
46, 72
56, 73
57, 72
56, 71
56, 70
56, 71
57, 72
57, 73
58, 74
58, 74
50, 58
49, 58
50, 57
49, 57
49, 58
48, 59
49, 60
50, 61
50, 61
25, 43
24, 44
25, 43
26, 43
26, 44
26, 44
57, 40
56, 40
56, 39
57, 39
58, 40
57, 40
57, 41
57, 40
56, 41
56, 41
43, 78
43, 79
43, 80
44, 80
45, 79
46, 80
46, 80
60, 62
61, 63
61, 62
60, 61
60, 62
61, 62
61, 63
61, 63
61, 45
60, 46
61, 46
60, 46
61, 45
62, 45
61, 46
62, 45
62, 45
58, 77
57, 77
57, 76
57, 75
58, 75
58, 76
57, 76
56, 75
55, 75
55, 75
67, 61
68, 62
69, 61
70, 60
70, 59
69, 59
70, 59
71, 60
71, 60
68, 41
69, 42
68, 42
67, 41
68, 42
68, 41
67, 42
67, 42
55, 75
55, 74
54, 74
53, 73
54, 74
54, 73
53, 73
53, 73
56, 66
55, 67
56, 66
56, 65
56, 66
57, 66
56, 65
55, 66
55, 66
35, 52
36, 53
37, 52
36, 51
36, 52
35, 51
34, 52
34, 51
34, 51
52, 54
51, 53
50, 53
50, 54
51, 54
52, 54
52, 54
40, 57
39, 58
38, 57
39, 57
38, 57
38, 58
38, 58
51, 54
52, 55
53, 56
54, 55
55, 56
55, 57
55, 57
31, 34
30, 33
31, 34
31, 35
30, 36
30, 35
30, 35
40, 61
40, 60
39, 60
40, 61
41, 61
42, 61
42, 61
59, 73
60, 74
59, 73
58, 72
57, 71
57, 70
58, 71
58, 70
58, 71
59, 71
59, 71
70, 60
70, 59
69, 58
70, 57
71, 58
72, 57
72, 57
54, 76
55, 76
54, 75
55, 74
55, 75
54, 75
53, 75
54, 74
54, 74
56, 66
56, 67
57, 68
57, 67
57, 68
56, 69
55, 69
56, 70
55, 69
55, 69
49, 61
50, 61
49, 60
48, 60
48, 59
48, 59
57, 41
56, 40
57, 40
58, 40
58, 41
58, 41
59, 62
60, 63
59, 64
59, 65
58, 64
58, 65
59, 66
58, 65
59, 66
59, 65
59, 65
46, 71
47, 71
47, 72
46, 72
47, 72
48, 71
49, 72
49, 73
49, 72
49, 72
52, 53
51, 53
50, 53
50, 52
51, 52
51, 52
48, 72
47, 72
48, 73
49, 74
50, 75
50, 75
26, 45
27, 45
28, 45
29, 44
28, 44
28, 45
29, 45
29, 44
30, 45
29, 45
29, 45
55, 58
55, 59
54, 60
53, 61
54, 62
54, 62
38, 75
39, 76
38, 76
38, 77
39, 76
39, 77
39, 77
31, 36
32, 36
31, 37
31, 36
30, 35
30, 34
31, 34
31, 35
32, 35
31, 35
31, 35
37, 58
36, 58
35, 59
36, 58
36, 57
37, 58
37, 59
38, 58
37, 57
38, 56
38, 56
36, 59
37, 58
38, 57
37, 58
38, 58
38, 57
39, 58
40, 57
40, 57
46, 79
47, 80
48, 80
47, 80
46, 81
46, 81
61, 62
60, 61
61, 60
62, 61
63, 62
63, 61
64, 62
65, 62
65, 62
55, 62
55, 63
55, 62
56, 63
57, 62
56, 62
56, 62
41, 61
40, 61
39, 62
38, 62
39, 61
40, 61
41, 61
41, 61
33, 50
33, 49
32, 50
31, 49
31, 48
30, 48
30, 48
61, 46
62, 46
61, 45
60, 46
61, 46
61, 47
61, 46
61, 47
61, 48
60, 48
60, 48
52, 74
52, 73
53, 72
54, 71
54, 70
55, 71
56, 72
56, 72
68, 42
67, 41
67, 42
67, 43
67, 44
66, 45
66, 46
65, 45
65, 45
43, 63
44, 64
45, 65
46, 66
47, 67
48, 68
49, 69
50, 70
51, 71
52, 72
53, 73
53, 74
53, 74
54, 75
54, 75
47, 80
48, 80
48, 80
49, 79
50, 78
51, 77
50, 76
50, 76
51, 76
51, 76
55, 75
56, 76
55, 75
55, 75
55, 76
55, 76
55, 77
55, 77
55, 76
55, 76
56, 77
57, 77
58, 77
59, 77
59, 77
57, 42
56, 43
55, 44
54, 45
53, 46
52, 47
52, 46
52, 46
51, 47
51, 48
51, 49
51, 49
50, 73
51, 74
52, 75
53, 76
54, 77
54, 76
54, 76
55, 77
55, 77
51, 76
52, 77
53, 77
53, 77
54, 78
53, 77
53, 77
54, 78
54, 78
71, 58
70, 59
69, 60
69, 61
69, 61
68, 62
67, 62
67, 62
66, 63
65, 64
64, 65
64, 65
64, 65
49, 60
50, 61
51, 62
52, 63
53, 64
54, 65
54, 65
57, 63
58, 64
59, 65
60, 66
61, 67
60, 66
60, 66
60, 66
62, 50
63, 51
64, 52
65, 53
66, 54
67, 55
68, 56
69, 57
69, 58
69, 59
69, 60
69, 61
69, 61
58, 66
57, 65
57, 65
56, 66
56, 67
56, 68
56, 69
56, 70
56, 71
57, 70
57, 70
56, 70
56, 70
56, 70
64, 63
63, 64
62, 65
61, 66
60, 67
59, 68
60, 69
60, 69
59, 70
58, 71
58, 71
58, 71
65, 46
65, 46
66, 47
66, 48
66, 49
66, 51
66, 52
66, 53
66, 54
66, 55
66, 56
66, 57
66, 58
66, 59
66, 59
30, 46
31, 47
32, 48
33, 49
33, 50
33, 50
34, 51
34, 51
53, 63
53, 64
53, 65
53, 66
53, 67
53, 68
53, 69
53, 70
53, 71
53, 71
57, 73
58, 74
59, 75
60, 76
61, 77
62, 78
62, 78
31, 49
32, 50
33, 49
33, 49
34, 50
35, 51
34, 51
34, 51
35, 52
36, 53
36, 53
41, 58
42, 59
44, 61
45, 62
46, 63
47, 64
48, 65
49, 66
50, 67
51, 68
52, 69
53, 70
54, 71
54, 71
56, 70
57, 71
58, 72
59, 73
60, 72
60, 72
59, 73
59, 74
59, 75
59, 76
59, 77
59, 77
38, 57
38, 57
39, 58
39, 58
38, 58
38, 58
39, 59
40, 60
41, 60
41, 60
42, 61
42, 61
52, 53
53, 54
54, 55
54, 56
54, 57
54, 58
54, 59
53, 60
53, 60
54, 61
54, 61
60, 71
60, 71
61, 70
61, 70
60, 71
59, 71
58, 71
57, 71
56, 71
55, 71
54, 71
55, 70
55, 70
55, 70
40, 78
41, 79
42, 80
43, 81
44, 82
45, 83
45, 83
32, 36
31, 37
31, 37
32, 38
33, 39
35, 41
36, 42
37, 43
38, 44
39, 45
40, 46
41, 47
42, 48
43, 49
43, 49
65, 60
64, 61
63, 62
62, 63
61, 64
60, 65
59, 66
58, 67
57, 68
56, 69
56, 69
54, 74
54, 74
55, 75
56, 76
56, 76
55, 75
55, 75
55, 75
55, 75
55, 75
46, 82
47, 81
48, 82
48, 82
49, 81
50, 80
50, 80
59, 70
59, 70
58, 71
59, 70
59, 70
58, 71
57, 72
56, 73
55, 74
54, 75
53, 75
53, 75
44, 63
45, 64
46, 65
47, 66
48, 67
49, 68
50, 69
51, 70
52, 71
53, 72
54, 73
55, 74
56, 75
57, 76
56, 76
56, 76
56, 76
35, 52
34, 52
34, 52
35, 53
36, 54
37, 55
38, 56
39, 57
38, 58
38, 58
39, 58
39, 58
40, 59
40, 59
63, 79
64, 80
65, 80
66, 80
67, 80
67, 80
67, 80
67, 80
67, 80
68, 81
68, 81
68, 81
54, 72
53, 71
53, 71
54, 72
55, 73
56, 74
56, 73
56, 73
57, 74
58, 75
58, 75
68, 62
66, 64
65, 65
64, 66
63, 67
63, 68
64, 67
64, 67
63, 68
63, 69
63, 70
63, 71
63, 70
63, 70
63, 71
63, 71
53, 77
52, 76
53, 77
53, 77
52, 76
51, 76
51, 76
51, 76
61, 67
62, 68
63, 69
63, 69
64, 70
65, 71
65, 71
63, 65
63, 65
62, 66
62, 67
62, 67
61, 68
62, 68
62, 68
61, 69
60, 69
60, 69
59, 70
59, 70
58, 69
58, 69
58, 69
44, 50
45, 51
46, 52
47, 53
48, 54
48, 55
48, 55
47, 55
47, 55
48, 56
48, 56
59, 76
59, 76
60, 77
61, 77
61, 77
61, 77
61, 77
61, 77
61, 77
61, 77
54, 70
54, 70
55, 71
56, 70
56, 70
57, 71
58, 70
58, 70
58, 70
55, 71
54, 72
53, 73
53, 74
53, 75
53, 76
53, 77
53, 77
56, 78
57, 79
58, 80
59, 81
60, 82
61, 83
62, 84
63, 85
63, 85
64, 86
64, 86
55, 66
56, 67
57, 68
58, 69
59, 70
59, 71
59, 71
60, 72
61, 72
61, 72
62, 73
62, 74
62, 74
55, 62
56, 63
57, 64
58, 65
59, 66
58, 65
58, 65
59, 66
59, 66
58, 76
57, 75
56, 75
55, 75
54, 75
53, 74
53, 74
53, 75
53, 75
53, 75
53, 75
53, 75
56, 71
57, 72
58, 73
59, 74
59, 75
59, 76
59, 76
59, 76
52, 50
53, 51
55, 53
56, 54
57, 55
58, 56
59, 57
60, 58
61, 59
62, 60
63, 61
64, 62
65, 63
67, 65
68, 66
68, 67
68, 68
68, 69
68, 70
68, 71
68, 72
68, 73
68, 74
67, 75
67, 75
67, 75
37, 54
38, 54
38, 54
39, 55
39, 54
39, 54
40, 55
41, 56
41, 55
41, 55
42, 56
43, 57
45, 59
46, 60
47, 61
48, 62
49, 63
49, 63
52, 75
53, 74
54, 73
55, 73
55, 73
54, 73
54, 73
55, 73
55, 73
63, 72
63, 73
63, 74
63, 75
63, 76
63, 77
63, 77
60, 77
61, 78
62, 78
62, 79
62, 79
63, 78
64, 78
65, 77
65, 77
66, 78
66, 78
56, 76
57, 77
56, 77
56, 77
57, 77
58, 77
59, 77
59, 77
57, 70
56, 71
55, 72
54, 73
53, 74
52, 75
52, 76
52, 76
53, 76
53, 76
52, 77
52, 77
54, 76
55, 77
55, 78
55, 78
56, 79
57, 79
58, 79
59, 79
60, 79
61, 78
61, 78
62, 79
62, 79
54, 74
53, 75
52, 76
51, 77
52, 78
52, 78
51, 79
51, 80
51, 81
51, 81
59, 76
60, 77
60, 76
60, 76
61, 76
61, 76
61, 77
61, 77
62, 78
63, 79
63, 79
63, 86
62, 86
61, 86
60, 86
59, 87
59, 87
59, 87
54, 78
55, 79
56, 80
57, 80
58, 80
58, 80
50, 64
51, 65
52, 66
53, 67
54, 68
54, 68
66, 72
67, 73
68, 74
69, 75
69, 76
69, 77
69, 78
69, 79
69, 79
60, 67
60, 67
61, 68
61, 67
61, 67
60, 66
60, 66
61, 67
62, 68
63, 69
64, 70
65, 71
66, 72
66, 72
57, 77
58, 78
58, 77
58, 77
57, 77
57, 77
58, 78
58, 79
58, 79
59, 78
59, 78
60, 79
59, 80
59, 80
60, 81
60, 81
57, 68
57, 68
58, 69
59, 70
59, 70
60, 71
61, 72
62, 73
63, 73
63, 73
64, 73
64, 73
64, 73
49, 57
50, 58
49, 58
49, 58
50, 59
51, 60
52, 61
52, 61
63, 73
62, 72
62, 72
63, 72
64, 72
65, 72
65, 72
64, 72
64, 72
64, 72
51, 77
51, 77
52, 77
52, 77
52, 77
52, 77
52, 77
52, 77
52, 77
52, 77
58, 69
58, 69
59, 70
60, 71
61, 72
62, 73
63, 74
64, 74
65, 74
65, 74
41, 60
42, 61
41, 60
41, 60
42, 61
44, 63
45, 64
46, 65
47, 66
48, 67
49, 68
49, 68
68, 80
68, 80
67, 81
66, 82
66, 82
65, 83
64, 84
64, 84
66, 76
65, 77
64, 78
63, 79
62, 80
61, 81
60, 82
59, 83
58, 84
57, 85
57, 85
60, 76
59, 75
58, 74
57, 74
57, 74
57, 73
57, 73
51, 81
52, 82
53, 82
54, 82
55, 82
56, 82
57, 83
57, 83
58, 82
58, 81
58, 81
58, 81
53, 74
53, 73
53, 73
52, 73
52, 73
53, 73
52, 73
52, 73
53, 73
53, 73
53, 72
53, 72
53, 73
53, 73
61, 82
60, 83
60, 83
61, 82
62, 82
62, 82
62, 82
62, 82
62, 82
61, 83
61, 83
62, 82
62, 82
53, 76
54, 75
55, 74
56, 73
57, 72
58, 71
57, 72
57, 72
57, 72
53, 77
53, 77
52, 77
52, 77
53, 78
54, 78
55, 78
56, 78
56, 78
56, 78
65, 74
66, 75
67, 75
68, 75
67, 75
67, 75
68, 75
68, 75
55, 69
56, 70
57, 71
58, 72
59, 73
60, 74
60, 74
68, 79
68, 79
69, 80
68, 81
68, 81
69, 82
70, 83
70, 84
70, 85
70, 86
70, 86
50, 69
51, 70
52, 71
52, 72
53, 72
53, 72
52, 73
52, 73
63, 78
63, 79
63, 80
63, 81
63, 82
63, 83
63, 84
63, 84
52, 82
53, 81
53, 81
54, 82
55, 83
56, 84
57, 85
58, 86
58, 86
65, 77
64, 76
63, 75
62, 74
61, 73
61, 74
61, 74
61, 74
52, 60
52, 60
51, 61
50, 61
50, 61
51, 62
52, 63
52, 63
51, 63
51, 63
51, 63
54, 74
53, 74
53, 74
54, 75
55, 76
56, 77
57, 77
58, 77
59, 78
59, 78
59, 78
56, 84
55, 83
55, 82
55, 82
55, 81
54, 81
54, 81
54, 81
65, 84
65, 84
64, 83
63, 82
62, 81
61, 80
60, 79
59, 78
59, 78
63, 73
63, 73
62, 74
61, 74
61, 74
60, 75
60, 76
60, 77
60, 77
62, 80
61, 80
60, 80
60, 80
60, 80
60, 80
60, 80
60, 80
60, 80
60, 80
60, 80
58, 73
58, 73
58, 74
58, 75
58, 76
58, 77
57, 76
57, 76
58, 77
58, 77
65, 73
65, 73
65, 74
65, 74
66, 75
67, 75
67, 75
67, 75
67, 75
58, 78
57, 79
58, 79
58, 79
57, 80
56, 81
56, 81
60, 86
61, 85
62, 84
61, 85
61, 85
62, 84
62, 84
63, 84
64, 84
65, 84
65, 84
63, 78
64, 77
65, 76
66, 75
66, 74
66, 73
66, 72
66, 71
66, 71
66, 70
66, 70
59, 80
60, 79
61, 78
62, 77
63, 76
64, 75
64, 75
64, 75
63, 76
62, 77
61, 78
60, 79
59, 80
59, 80
60, 81
60, 81
57, 81
56, 82
55, 83
54, 83
53, 83
52, 83
52, 83
52, 83
65, 75
65, 75
64, 76
63, 77
62, 78
61, 77
61, 77
61, 77
59, 78
60, 79
61, 80
61, 80
61, 81
61, 82
61, 83
61, 84
61, 85
61, 85
53, 72
53, 72
52, 73
51, 74
51, 74
51, 73
51, 73
51, 73
51, 73
51, 73
51, 73
51, 73
51, 73
55, 78
55, 78
56, 79
56, 79
55, 78
56, 78
56, 78
55, 78
55, 78
55, 78
54, 77
54, 77
54, 77
59, 78
58, 79
58, 80
58, 81
59, 82
59, 82
58, 83
57, 83
57, 83
56, 82
56, 82
56, 82
52, 64
53, 65
54, 66
55, 67
54, 67
54, 67
54, 68
54, 68
55, 69
55, 69
56, 70
56, 70
59, 81
58, 81
58, 81
58, 82
58, 83
58, 84
58, 84
58, 84
58, 84
58, 84
57, 86
57, 86
56, 85
55, 84
54, 83
54, 82
54, 81
54, 80
54, 80
69, 85
68, 84
69, 84
69, 84
69, 83
69, 83
68, 82
67, 81
68, 82
68, 82
67, 81
66, 81
66, 81
66, 85
66, 84
66, 84
66, 85
66, 85
66, 85
66, 85
66, 85
66, 85
66, 85
66, 85
57, 80
56, 81
56, 81
57, 80
57, 80
57, 81
57, 81
58, 80
59, 79
59, 78
59, 78
59, 78
59, 78
59, 78
61, 81
60, 80
59, 79
59, 80
59, 80
58, 79
58, 79
60, 79
61, 80
61, 80
62, 81
63, 82
64, 83
64, 84
64, 85
64, 86
64, 86
63, 85
63, 85
64, 86
64, 86
59, 77
59, 77
58, 76
57, 75
56, 75
55, 75
54, 75
53, 75
53, 75
67, 74
67, 74
66, 74
66, 74
65, 73
64, 73
63, 73
63, 73
63, 73
63, 73
63, 73
63, 73
59, 75
58, 75
57, 75
56, 75
57, 74
57, 74
57, 74
55, 81
56, 81
57, 81
58, 81
59, 81
60, 81
60, 81
60, 81
61, 82
62, 83
63, 84
63, 84
63, 84
63, 84
63, 84
63, 84
63, 84
63, 84
68, 74
67, 74
67, 74
66, 75
66, 75
67, 74
67, 74
68, 73
69, 72
70, 72
70, 72
70, 72
65, 71
64, 72
64, 73
64, 74
64, 75
65, 75
65, 75
64, 76
63, 76
63, 76
63, 76
53, 84
54, 84
54, 84
53, 84
53, 84
54, 85
55, 86
56, 86
57, 85
57, 85
57, 85
58, 73
59, 74
60, 75
61, 76
62, 77
63, 78
62, 78
62, 78
62, 78
60, 73
59, 72
58, 71
57, 70
56, 70
55, 70
55, 70
64, 83
65, 82
66, 81
66, 80
66, 79
66, 78
66, 77
66, 77
66, 77
66, 77
66, 77
58, 75
59, 76
60, 77
61, 78
62, 79
63, 80
63, 80
62, 79
62, 79
63, 80
63, 80
62, 79
62, 79
63, 79
63, 79
62, 80
61, 81
60, 82
59, 83
58, 83
58, 82
58, 82
58, 82
60, 78
59, 79
58, 79
58, 79
59, 80
59, 80
59, 80
65, 76
64, 76
63, 76
62, 76
61, 77
61, 77
62, 78
62, 78
61, 77
61, 77
54, 74
54, 73
54, 72
54, 71
54, 70
54, 70
55, 71
55, 71
55, 71
58, 79
58, 80
58, 81
58, 82
58, 83
59, 82
59, 82
58, 83
57, 84
57, 84
58, 85
57, 85
57, 85
57, 85
53, 76
53, 76
54, 77
55, 78
56, 79
56, 80
55, 81
55, 81
54, 80
54, 80
55, 81
54, 81
54, 81
54, 81
52, 74
53, 75
54, 76
55, 77
56, 78
57, 79
58, 80
59, 81
59, 81
63, 74
63, 73
63, 73
63, 74
63, 74
63, 74
64, 75
64, 75
63, 74
64, 75
64, 75
63, 74
63, 74
56, 70
57, 70
58, 70
59, 70
60, 70
61, 70
62, 70
63, 70
63, 70
63, 70
67, 82
67, 82
66, 83
65, 84
64, 85
64, 86
64, 86
64, 86
55, 79
56, 78
57, 77
58, 76
59, 75
59, 75
60, 74
60, 74
62, 83
61, 82
60, 81
59, 80
59, 79
59, 78
59, 77
59, 76
58, 76
58, 76
58, 76
57, 71
58, 72
59, 71
59, 71
60, 72
61, 73
62, 74
63, 75
63, 75
59, 80
58, 79
57, 78
56, 77
56, 77
55, 76
54, 75
53, 74
52, 73
51, 73
51, 73
51, 73
65, 87
65, 87
64, 86
63, 86
62, 86
62, 85
62, 85
61, 86
60, 86
60, 86
57, 83
57, 83
56, 82
56, 81
56, 81
55, 80
54, 79
53, 79
53, 79
52, 78
51, 77
52, 78
52, 78
51, 77
51, 77
62, 85
63, 85
64, 85
64, 85
65, 84
65, 84
65, 84
65, 84
65, 83
65, 83
64, 82
63, 81
62, 80
61, 79
61, 79
69, 73
68, 74
67, 75
66, 76
65, 77
64, 78
64, 78
58, 85
59, 85
59, 86
59, 86
60, 85
61, 85
61, 85
61, 85
62, 76
62, 76
63, 77
64, 78
65, 79
66, 80
67, 81
67, 82
67, 83
67, 83
67, 83
59, 83
59, 82
59, 82
59, 81
59, 81
59, 81
59, 81
59, 81
59, 81
59, 81
59, 81
57, 80
56, 81
56, 82
56, 83
56, 84
57, 83
57, 83
58, 83
58, 83
59, 82
59, 82
59, 82
62, 80
63, 81
62, 82
62, 82
63, 81
63, 81
62, 81
62, 81
63, 82
64, 83
64, 84
64, 85
64, 85
58, 82
58, 83
58, 84
58, 85
58, 86
58, 87
58, 88
58, 88
58, 88
65, 77
65, 77
64, 76
63, 75
62, 74
61, 74
60, 74
59, 74
59, 74
63, 74
63, 74
62, 75
61, 76
60, 77
60, 78
60, 79
60, 79
58, 84
59, 84
58, 83
58, 83
59, 84
60, 84
60, 84
60, 84
60, 84
58, 81
58, 81
59, 80
60, 79
61, 78
62, 79
62, 79
62, 79
59, 81
59, 81
60, 80
61, 79
62, 78
62, 77
62, 77
62, 86
63, 87
64, 87
64, 87
64, 87
64, 87
64, 87
63, 87
63, 87
64, 87
64, 87
64, 87
62, 81
61, 82
60, 83
59, 84
58, 84
58, 84
57, 84
57, 84
57, 84
64, 71
65, 71
66, 71
66, 71
66, 71
66, 71
66, 71
53, 81
53, 81
54, 80
55, 79
55, 78
54, 77
54, 77
55, 77
55, 77
55, 77
55, 77
55, 77
64, 75
65, 75
66, 75
66, 75
66, 75
66, 75
58, 81
57, 82
56, 81
56, 81
55, 82
55, 82
54, 83
53, 84
52, 85
51, 86
50, 87
50, 86
50, 86
50, 86
59, 75
58, 75
59, 74
59, 74
58, 75
57, 75
58, 74
58, 74
57, 75
57, 75
57, 75
61, 86
61, 86
62, 85
63, 85
64, 85
63, 84
63, 84
64, 85
65, 85
66, 85
66, 85
66, 85
57, 75
58, 75
58, 75
59, 75
59, 75
60, 75
60, 75
59, 74
58, 73
57, 73
57, 73
66, 82
65, 81
64, 80
63, 79
62, 78
61, 77
61, 76
61, 76
60, 77
60, 77
60, 77
51, 74
51, 74
50, 75
50, 76
50, 77
50, 78
50, 79
50, 80
50, 80
62, 76
63, 75
64, 74
65, 73
65, 72
65, 72
65, 71
65, 71
65, 71
58, 82
58, 83
58, 84
58, 85
58, 86
58, 87
58, 88
57, 88
57, 88
57, 88
55, 72
55, 73
55, 74
55, 75
56, 76
56, 76
55, 77
55, 78
56, 79
56, 79
55, 79
55, 79
66, 84
66, 84
65, 83
64, 82
63, 81
62, 80
63, 80
63, 80
62, 79
62, 79
64, 85
64, 85
63, 84
62, 83
61, 82
60, 81
59, 81
58, 81
59, 82
59, 82
58, 81
59, 81
59, 81
59, 81
52, 76
53, 75
54, 74
55, 73
56, 72
57, 72
57, 71
57, 71
58, 72
59, 72
59, 72
64, 72
64, 71
64, 71
63, 72
63, 73
63, 74
63, 75
63, 76
63, 77
63, 78
63, 78
66, 84
66, 84
65, 85
66, 86
66, 86
65, 87
64, 87
64, 87
58, 75
57, 76
56, 77
55, 78
54, 79
53, 80
52, 81
51, 82
50, 83
50, 83
50, 83
59, 76
58, 75
57, 74
56, 74
55, 74
54, 74
54, 74
54, 74
58, 87
59, 86
58, 86
58, 86
59, 85
60, 84
61, 83
61, 83
60, 80
60, 79
60, 78
60, 77
60, 77
60, 77
60, 77
60, 77
60, 73
61, 74
61, 74
62, 75
63, 76
64, 77
65, 78
65, 78
65, 77
65, 77
65, 77
54, 78
54, 78
55, 79
56, 80
57, 80
57, 80
58, 81
57, 80
57, 80
57, 79
57, 79
58, 80
59, 81
59, 80
59, 80
59, 80
56, 76
56, 76
57, 77
58, 78
59, 79
60, 80
61, 81
61, 82
61, 82
62, 81
62, 81
62, 81
61, 78
61, 77
61, 76
61, 75
61, 74
61, 74
61, 74
61, 74
61, 74
61, 74
57, 83
57, 82
57, 81
57, 80
57, 79
57, 78
57, 78
57, 78
57, 78
51, 87
52, 87
53, 87
54, 87
54, 88
54, 88
55, 87
56, 87
55, 87
55, 87
54, 87
54, 87
55, 87
55, 87
56, 76
57, 75
58, 74
59, 73
60, 72
61, 71
62, 71
63, 71
64, 71
64, 71
59, 83
59, 84
59, 84
58, 83
57, 82
57, 82
57, 82
57, 82
63, 86
62, 85
61, 84
60, 85
60, 85
59, 84
59, 85
59, 85
60, 84
60, 84
61, 83
61, 83
60, 82
60, 82
67, 72
67, 72
66, 73
67, 74
67, 74
66, 75
65, 76
64, 77
63, 77
62, 77
62, 77
65, 76
64, 77
63, 78
62, 78
61, 78
60, 78
59, 78
59, 78
59, 78
59, 78
59, 78
65, 86
65, 86
65, 87
65, 87
66, 88
66, 88
65, 87
66, 88
66, 88
65, 88
65, 88
64, 89
64, 89
64, 90
64, 90
63, 89
62, 88
62, 88
60, 80
60, 80
61, 81
62, 82
63, 83
64, 83
63, 82
63, 82
64, 83
64, 83
64, 83
51, 81
52, 82
52, 83
53, 82
53, 82
52, 83
52, 83
59, 88
59, 88
60, 88
61, 88
61, 88
61, 88
61, 88
62, 80
62, 80
62, 79
62, 78
62, 78
62, 78
62, 78
62, 78
62, 78
56, 74
55, 75
54, 76
53, 77
52, 78
51, 79
50, 80
49, 79
49, 79
49, 79
63, 76
64, 75
64, 74
64, 74
65, 73
66, 74
66, 74
66, 74
59, 77
58, 78
59, 78
60, 78
59, 78
58, 77
57, 78
58, 79
58, 79
63, 87
62, 87
61, 87
60, 88
59, 88
60, 87
59, 87
60, 88
60, 88
59, 81
60, 80
60, 79
59, 78
60, 79
61, 78
61, 77
60, 76
60, 76
56, 88
55, 88
56, 89
56, 88
57, 87
58, 86
59, 87
59, 87
58, 82
59, 83
59, 82
59, 81
59, 82
60, 83
59, 83
58, 84
58, 83
58, 83
64, 77
64, 76
65, 75
64, 74
65, 74
66, 73
66, 73
62, 74
61, 74
62, 74
62, 75
63, 76
64, 77
64, 77
60, 81
60, 80
59, 79
58, 80
59, 79
60, 78
60, 79
59, 78
60, 79
60, 80
60, 80
49, 82
50, 82
51, 82
51, 81
51, 80
51, 80
65, 83
64, 84
63, 84
63, 83
63, 82
62, 81
61, 80
60, 80
60, 80
48, 79
47, 79
47, 80
48, 80
47, 79
47, 78
47, 79
48, 80
48, 80
62, 82
61, 82
61, 83
60, 83
61, 83
61, 82
61, 82
53, 83
52, 83
52, 84
51, 84
50, 85
50, 86
50, 87
50, 87
67, 74
66, 75
65, 76
66, 75
66, 76
65, 77
66, 76
67, 75
67, 75
63, 78
62, 77
63, 77
63, 78
64, 77
63, 78
63, 77
63, 77
61, 89
60, 88
59, 88
58, 88
59, 88
60, 88
60, 88
61, 77
60, 77
61, 77
60, 77
61, 77
60, 77
59, 76
59, 76
60, 78
61, 78
62, 77
62, 76
62, 75
61, 74
60, 73
60, 74
61, 75
61, 74
61, 74
65, 78
66, 77
65, 77
65, 76
65, 75
66, 75
67, 75
66, 76
66, 76
65, 72
64, 71
63, 71
62, 72
61, 72
61, 71
61, 71
61, 82
61, 83
62, 84
61, 84
60, 85
59, 86
59, 85
59, 86
59, 86
53, 74
52, 73
53, 72
54, 73
54, 72
54, 72
61, 89
60, 88
61, 89
62, 88
61, 88
61, 88
58, 77
59, 78
59, 77
58, 78
57, 78
58, 78
58, 79
59, 79
59, 79
59, 87
58, 88
59, 88
58, 88
59, 87
59, 88
59, 88
57, 82
56, 81
57, 80
56, 79
57, 79
57, 80
58, 81
57, 80
58, 81
58, 80
58, 80
60, 86
61, 85
62, 86
63, 87
64, 87
63, 88
63, 87
63, 87
66, 74
67, 75
66, 76
67, 77
67, 78
66, 77
67, 78
68, 79
68, 79
61, 80
61, 79
60, 78
61, 78
60, 77
59, 76
59, 75
59, 74
59, 74
60, 77
59, 78
59, 79
59, 80
59, 79
58, 80
58, 80
66, 75
67, 75
66, 74
67, 75
68, 75
69, 74
70, 75
71, 76
70, 77
70, 78
70, 78
60, 83
61, 83
62, 82
61, 83
60, 83
59, 84
60, 83
61, 82
60, 83
61, 83
61, 83
59, 78
60, 77
61, 78
62, 78
63, 79
63, 80
63, 80
64, 78
63, 77
64, 76
63, 76
62, 77
61, 78
62, 79
63, 80
63, 80
60, 87
61, 86
62, 85
62, 84
63, 83
62, 83
62, 83
60, 79
61, 80
62, 81
61, 80
60, 80
61, 81
61, 81
62, 70
63, 71
62, 72
63, 71
63, 72
62, 73
61, 72
61, 72
55, 71
54, 71
55, 71
56, 70
55, 69
56, 68
55, 69
55, 68
55, 68
63, 78
62, 79
62, 78
63, 78
64, 77
65, 78
64, 78
64, 77
64, 77
60, 87
61, 88
61, 87
62, 86
63, 85
63, 85
47, 81
48, 82
47, 81
48, 82
48, 83
48, 83
59, 75
59, 74
58, 73
58, 72
57, 73
58, 72
57, 71
58, 70
58, 71
59, 72
59, 72
52, 79
53, 79
53, 80
54, 79
53, 80
52, 79
52, 80
52, 81
53, 80
53, 80
60, 73
61, 73
60, 74
60, 75
59, 76
58, 77
59, 77
58, 76
57, 77
58, 77
58, 77
66, 76
65, 75
66, 74
67, 73
67, 74
67, 74
62, 89
63, 88
64, 87
63, 86
62, 85
62, 85
59, 80
58, 80
58, 81
59, 80
60, 80
59, 79
60, 78
61, 79
62, 80
63, 80
63, 80
49, 86
48, 87
48, 86
47, 85
48, 86
47, 85
47, 86
47, 86
57, 79
56, 78
55, 77
55, 77
54, 76
54, 76
63, 84
64, 83
64, 82
64, 82
64, 81
64, 80
64, 79
64, 78
64, 77
64, 77
64, 77
61, 81
62, 80
62, 80
63, 79
63, 79
63, 78
63, 77
63, 77
63, 77
63, 77
63, 77
62, 86
62, 86
61, 85
60, 84
59, 83
58, 82
57, 81
57, 81
60, 75
61, 76
61, 76
61, 76
62, 77
62, 78
62, 79
62, 79
58, 87
58, 87
57, 86
56, 85
55, 84
55, 84
57, 79
57, 78
57, 78
57, 78
57, 77
57, 76
57, 75
57, 74
57, 74
62, 84
61, 83
60, 82
59, 81
58, 80
57, 79
56, 78
55, 77
54, 76
54, 76
52, 79
51, 78
50, 78
50, 78
49, 78
48, 78
48, 78
48, 78
47, 78
47, 78
68, 79
67, 78
66, 77
65, 76
64, 75
64, 75
63, 74
62, 73
62, 73
61, 72
61, 72
57, 76
56, 75
55, 74
54, 73
54, 73
53, 72
52, 71
52, 71
60, 71
60, 71
61, 70
62, 69
62, 69
62, 69
62, 69
62, 79
61, 78
61, 78
60, 77
59, 76
58, 75
57, 74
56, 73
55, 72
55, 72
62, 82
62, 81
62, 80
62, 79
62, 79
62, 78
62, 77
62, 76
62, 76
66, 73
66, 73
65, 72
64, 71
63, 70
63, 70
62, 71
63, 70
64, 69
65, 68
66, 67
66, 67
47, 82
46, 81
45, 80
44, 79
43, 78
43, 78
42, 77
41, 76
40, 75
39, 74
39, 74
64, 77
63, 76
62, 75
61, 74
61, 74
60, 73
59, 72
59, 72
58, 71
57, 70
57, 70
47, 86
46, 85
45, 84
44, 83
43, 82
42, 81
42, 81
61, 82
60, 81
59, 80
58, 79
57, 78
56, 77
55, 76
54, 75
53, 74
52, 73
52, 73
56, 69
57, 69
58, 69
59, 69
60, 69
60, 69
64, 79
65, 78
65, 78
66, 77
66, 76
66, 75
66, 74
66, 74
62, 79
61, 78
60, 77
60, 77
59, 76
58, 75
57, 74
56, 73
56, 73
70, 79
70, 80
70, 81
70, 81
70, 81
70, 82
70, 83
70, 83
70, 83
69, 82
68, 81
67, 80
66, 79
66, 79
56, 80
55, 79
54, 78
53, 77
52, 76
51, 75
51, 75
63, 77
64, 76
65, 75
66, 74
66, 73
66, 73
66, 73
64, 77
63, 76
62, 75
61, 74
60, 73
60, 73
54, 76
54, 76
55, 75
56, 75
56, 75
57, 75
58, 75
59, 75
60, 75
60, 75
61, 75
60, 74
59, 73
58, 72
57, 71
56, 71
55, 71
54, 71
53, 71
52, 71
52, 71
63, 70
62, 69
61, 68
60, 67
59, 66
59, 66
61, 78
60, 77
60, 76
60, 75
60, 74
60, 73
60, 73
65, 73
65, 73
64, 72
63, 71
62, 70
62, 70
62, 70
62, 70
60, 73
60, 73
60, 74
60, 74
60, 75
60, 75
52, 73
53, 74
53, 74
53, 74
54, 75
55, 75
55, 75
55, 75
57, 70
57, 70
58, 69
58, 69
59, 68
60, 67
61, 66
62, 65
63, 64
63, 64
63, 64
61, 68
60, 67
59, 66
59, 66
58, 65
57, 64
56, 63
56, 63
56, 63
58, 75
59, 76
60, 77
61, 78
61, 79
61, 79
48, 77
49, 76
49, 76
50, 75
50, 75
51, 74
51, 74
51, 74
41, 80
41, 80
41, 80
41, 80
40, 79
40, 79
39, 78
38, 77
37, 76
36, 75
36, 75
54, 83
53, 82
52, 81
51, 80
50, 79
49, 78
49, 78
53, 70
54, 69
55, 68
56, 67
57, 66
58, 65
58, 65
58, 65
58, 65
39, 74
40, 75
40, 75
41, 76
42, 77
43, 78
44, 78
45, 78
45, 78
55, 75
55, 75
56, 74
56, 74
57, 73
58, 72
59, 71
60, 70
60, 70
61, 69
61, 69
66, 67
65, 66
65, 66
64, 65
63, 64
62, 63
61, 62
60, 61
59, 60
58, 59
58, 59
60, 69
59, 68
58, 67
57, 66
57, 66
56, 65
55, 64
55, 64
56, 73
56, 73
57, 72
58, 71
58, 71
59, 70
60, 69
61, 68
62, 67
62, 67
54, 73
53, 74
52, 75
52, 75
51, 76
50, 77
49, 77
48, 77
47, 77
47, 77
47, 77
63, 64
62, 63
61, 62
60, 61
59, 60
58, 59
58, 59
58, 59
57, 58
56, 57
56, 57
55, 64
54, 65
53, 66
52, 67
52, 67
52, 67
65, 72
64, 71
63, 70
62, 69
61, 68
61, 68
61, 68
60, 67
59, 66
58, 65
58, 65
57, 58
56, 57
55, 56
54, 55
53, 54
52, 53
51, 52
51, 51
51, 50
51, 50
35, 74
34, 74
33, 74
32, 74
31, 74
30, 74
29, 74
29, 74
61, 72
62, 71
63, 70
63, 70
64, 69
65, 69
65, 69
60, 78
59, 77
58, 76
57, 75
56, 74
56, 74
61, 74
61, 73
61, 72
61, 72
61, 72
61, 72
61, 72
61, 72
61, 72
61, 72
61, 72
49, 78
50, 77
51, 76
52, 75
52, 75
53, 74
53, 74
51, 74
50, 73
50, 73
49, 72
49, 72
49, 72
51, 70
50, 69
49, 68
48, 67
48, 67
48, 67
48, 67
47, 66
47, 66
65, 78
65, 78
64, 77
63, 76
62, 75
62, 75
61, 69
60, 68
59, 67
58, 66
58, 65
58, 64
58, 63
58, 63
46, 76
45, 75
45, 75
44, 74
43, 73
42, 72
41, 71
41, 71
61, 68
61, 68
60, 69
59, 70
58, 71
58, 71
58, 71
50, 74
49, 73
48, 72
48, 72
47, 71
46, 70
45, 69
44, 68
44, 68
58, 67
58, 67
57, 68
56, 69
55, 70
55, 70
59, 72
58, 71
57, 70
56, 69
56, 69
55, 68
55, 68
54, 67
54, 67
61, 69
61, 69
60, 68
59, 67
58, 66
58, 66
58, 66
55, 75
55, 74
55, 73
55, 72
55, 71
55, 71
59, 64
59, 64
59, 64
60, 63
61, 62
62, 61
63, 61
63, 61
45, 78
46, 77
47, 76
47, 76
48, 75
48, 75
54, 63
53, 62
52, 61
52, 61
51, 60
50, 59
50, 59
59, 74
58, 73
58, 73
57, 72
56, 71
56, 71
55, 70
54, 69
53, 68
52, 67
52, 67
63, 61
63, 61
62, 60
61, 59
60, 58
59, 57
59, 57
62, 75
61, 74
60, 73
59, 72
58, 71
58, 71
54, 73
55, 72
56, 71
56, 71
57, 70
58, 69
59, 68
59, 68
55, 56
54, 55
53, 54
53, 54
52, 53
51, 52
50, 51
50, 51
57, 65
56, 64
55, 63
54, 62
53, 61
52, 60
51, 59
51, 59
51, 66
50, 65
49, 64
49, 64
48, 64
48, 64
48, 64
51, 60
51, 60
52, 61
53, 62
54, 63
54, 63
58, 65
59, 66
60, 67
61, 68
61, 68
61, 69
61, 70
61, 70
30, 75
30, 76
30, 77
30, 78
30, 79
30, 80
30, 81
30, 81
54, 70
53, 69
52, 68
51, 67
50, 66
49, 65
48, 64
47, 63
47, 63
46, 62
46, 62
55, 70
54, 69
53, 68
53, 68
53, 68
53, 68
53, 68
53, 68
53, 68
53, 68
57, 73
57, 73
58, 72
59, 71
59, 71
60, 70
60, 70
60, 70
60, 70
60, 70
58, 71
57, 70
57, 70
57, 69
57, 68
57, 68
61, 72
60, 71
59, 70
58, 69
58, 69
57, 68
56, 67
55, 66
54, 65
54, 65
54, 65
65, 69
64, 70
63, 71
63, 71
62, 71
61, 71
61, 71
61, 71
48, 67
49, 68
50, 69
50, 69
51, 70
52, 71
52, 71
40, 70
39, 69
39, 69
38, 68
37, 67
36, 66
36, 66
36, 66
45, 67
46, 66
47, 65
48, 64
48, 64
50, 62
50, 61
50, 60
50, 59
50, 58
50, 57
50, 56
50, 55
50, 54
50, 54
51, 55
52, 56
52, 56
54, 67
55, 66
56, 65
57, 64
57, 64
57, 64
57, 64
57, 64
50, 73
50, 73
51, 73
52, 73
53, 73
54, 73
55, 73
55, 73
55, 73
55, 73
55, 73
47, 74
47, 74
47, 74
46, 73
45, 72
44, 71
43, 70
43, 70
53, 66
54, 65
55, 64
55, 64
55, 64
56, 64
56, 64
56, 64
56, 64
56, 64
58, 63
57, 62
56, 61
55, 60
54, 59
53, 58
52, 57
52, 56
52, 56
52, 49
52, 49
52, 49
53, 48
53, 48
53, 48
54, 47
55, 46
56, 45
57, 44
57, 44
52, 67
51, 66
50, 65
49, 64
48, 63
48, 63
54, 65
55, 66
55, 66
56, 67
57, 68
57, 68
52, 56
52, 56
53, 57
53, 57
54, 58
55, 59
56, 60
56, 60
59, 68
58, 67
57, 66
57, 66
57, 66
56, 65
56, 65
60, 70
59, 69
58, 68
57, 67
56, 66
56, 66
56, 66
56, 66
59, 69
58, 68
57, 67
56, 66
55, 65
54, 64
54, 64
55, 63
54, 62
54, 62
53, 61
53, 61
52, 60
51, 59
50, 58
50, 58
45, 61
45, 59
46, 58
47, 57
48, 56
49, 55
50, 54
50, 53
50, 52
50, 52
49, 51
48, 50
47, 49
47, 49
31, 80
31, 80
32, 79
33, 78
34, 77
35, 76
36, 75
36, 75
35, 65
34, 64
33, 63
32, 62
31, 61
31, 61
55, 73
55, 73
54, 72
53, 71
52, 70
51, 69
50, 68
49, 67
48, 66
48, 66
55, 64
56, 65
57, 66
58, 67
59, 68
60, 69
60, 69
60, 69
49, 52
48, 53
48, 53
48, 53
47, 54
46, 55
46, 55
46, 55
47, 54
48, 53
49, 52
50, 51
50, 50
50, 50
50, 50
50, 50
49, 51
49, 51
57, 70
56, 69
56, 69
55, 68
54, 67
54, 67
51, 70
50, 69
49, 68
49, 68
48, 67
47, 66
46, 65
46, 65
56, 63
55, 62
55, 62
54, 61
53, 60
52, 59
52, 59
48, 65
48, 66
48, 67
48, 68
48, 69
48, 70
48, 70
58, 58
57, 59
56, 60
55, 61
55, 61
55, 61
55, 61
55, 61
53, 57
53, 57
54, 58
55, 59
55, 60
55, 60
55, 60
55, 60
55, 60
55, 60
55, 60
51, 59
50, 58
49, 57
48, 56
47, 55
46, 54
45, 53
44, 52
44, 52
44, 52
44, 52
58, 67
59, 66
60, 65
61, 64
62, 63
62, 63
56, 45
56, 45
55, 46
54, 47
54, 47
53, 48
53, 48
61, 71
61, 72
61, 73
61, 73
61, 73
61, 73
44, 69
44, 69
45, 68
46, 67
47, 66
48, 65
49, 64
50, 62
50, 61
50, 60
50, 59
50, 58
50, 57
51, 56
51, 56
54, 59
53, 58
52, 58
51, 58
51, 58
50, 58
50, 58
54, 64
54, 65
54, 66
54, 67
54, 68
54, 69
54, 70
54, 71
54, 72
54, 72
56, 67
55, 66
54, 65
53, 64
53, 64
52, 63
52, 63
51, 62
51, 62
56, 66
55, 67
54, 68
53, 69
52, 69
51, 69
50, 69
49, 69
49, 69
49, 69
51, 58
51, 58
50, 57
49, 56
48, 55
47, 54
46, 53
45, 52
44, 51
43, 50
43, 50
43, 51
42, 50
42, 50
41, 49
40, 48
40, 48
52, 47
51, 46
50, 45
50, 45
49, 44
48, 43
47, 42
46, 41
46, 41
55, 64
54, 63
53, 62
52, 61
51, 60
50, 59
50, 59
49, 58
48, 57
47, 56
47, 56
51, 59
52, 60
52, 60
53, 61
54, 62
55, 63
55, 63
55, 63
61, 62
61, 62
60, 61
59, 60
58, 59
58, 59
57, 58
56, 57
55, 56
55, 56
62, 72
63, 71
63, 71
64, 70
65, 69
66, 68
66, 68
54, 60
53, 59
52, 58
51, 57
51, 57
51, 57
60, 69
59, 68
59, 68
58, 67
58, 67
58, 67
49, 51
48, 52
47, 53
46, 54
46, 54
46, 54
55, 59
54, 58
53, 57
52, 56
51, 55
50, 54
50, 54
46, 50
45, 51
44, 51
43, 51
42, 51
41, 51
40, 51
39, 51
38, 51
38, 51
35, 76
34, 77
33, 78
32, 79
31, 80
31, 81
31, 81
47, 64
46, 65
46, 65
46, 65
45, 66
44, 67
44, 67
44, 67
32, 62
33, 63
34, 64
35, 65
36, 66
37, 67
37, 67
38, 68
39, 69
39, 69
51, 56
51, 56
50, 57
49, 58
49, 58
48, 59
48, 59
49, 58
50, 57
50, 56
50, 55
50, 54
50, 53
50, 52
50, 51
50, 50
49, 51
49, 51
53, 66
52, 65
51, 64
50, 62
50, 61
50, 60
50, 59
50, 58
49, 57
48, 56
47, 55
46, 54
45, 53
45, 53
45, 64
44, 63
44, 61
45, 60
46, 59
47, 58
48, 57
49, 56
50, 55
50, 54
50, 53
50, 52
50, 52
49, 51
48, 50
47, 49
46, 48
46, 48
49, 65
49, 65
50, 64
50, 64
51, 63
51, 63
49, 69
50, 68
51, 68
51, 68
52, 68
53, 68
54, 68
55, 68
56, 68
56, 68
56, 68
48, 50
48, 50
48, 49
48, 48
48, 48
48, 48
50, 62
50, 61
50, 60
50, 59
50, 58
50, 57
50, 56
50, 55
50, 54
50, 54
50, 54
49, 55
48, 56
47, 57
47, 57
48, 56
49, 55
50, 54
50, 53
50, 52
49, 53
49, 53
39, 50
40, 49
41, 48
42, 47
42, 47
42, 47
39, 69
39, 69
39, 69
38, 68
37, 67
37, 67
37, 67
36, 66
35, 65
34, 64
34, 64
45, 53
44, 52
43, 51
42, 50
41, 50
40, 50
39, 50
38, 50
37, 50
37, 50
46, 55
46, 54
46, 54
46, 54
46, 54
46, 53
46, 52
46, 51
46, 50
46, 50
56, 55
57, 54
57, 54
58, 54
58, 53
57, 52
56, 51
55, 50
54, 50
54, 50
53, 50
52, 50
51, 50
50, 50
50, 50
51, 51
51, 51
51, 51
67, 69
68, 70
69, 71
70, 72
70, 72
70, 72
70, 72
49, 53
48, 52
47, 51
47, 51
47, 51
47, 51
46, 50
46, 50
30, 80
30, 80
29, 79
28, 78
27, 77
26, 76
25, 75
24, 74
24, 74
23, 73
23, 73
46, 41
46, 41
46, 41
47, 42
47, 43
47, 44
47, 44
53, 71
52, 70
51, 69
50, 68
49, 67
48, 66
48, 66
48, 66
41, 49
42, 50
42, 50
42, 50
42, 50
43, 51
44, 52
45, 53
45, 53
44, 51
44, 51
45, 52
46, 53
47, 54
48, 55
48, 55
48, 55
47, 49
48, 50
49, 51
50, 52
51, 53
51, 54
51, 55
51, 55
52, 62
52, 62
53, 61
54, 60
54, 60
55, 59
56, 58
57, 58
57, 58
51, 59
52, 60
52, 60
53, 61
54, 62
54, 62
55, 63
56, 64
56, 64
48, 70
47, 71
46, 72
45, 73
44, 74
43, 75
42, 76
41, 77
41, 77
44, 54
43, 55
43, 55
42, 56
41, 57
40, 58
39, 59
39, 59
38, 60
38, 60
57, 66
56, 65
56, 65
55, 64
55, 64
54, 63
53, 62
53, 62
54, 62
53, 61
52, 60
51, 59
51, 59
50, 58
50, 58
43, 66
42, 65
41, 64
41, 64
41, 62
42, 61
43, 60
44, 59
45, 58
46, 57
47, 56
48, 55
47, 54
47, 54
46, 53
46, 53
51, 57
50, 56
49, 55
48, 54
48, 54
48, 54
57, 69
58, 70
59, 71
60, 72
61, 73
62, 74
62, 74
52, 55
51, 55
50, 56
50, 55
50, 56
49, 56
49, 56
49, 52
50, 53
49, 52
49, 53
49, 54
50, 55
49, 55
49, 55
35, 65
36, 66
36, 67
35, 68
35, 67
36, 67
36, 67
44, 54
43, 53
44, 54
43, 54
42, 54
41, 53
40, 54
41, 53
40, 52
40, 52
70, 71
70, 70
71, 69
71, 70
72, 70
72, 70
49, 56
49, 57
48, 56
48, 57
47, 57
47, 56
46, 55
46, 54
46, 54
61, 73
62, 74
62, 73
63, 73
63, 72
62, 73
62, 73
47, 67
48, 66
48, 67
49, 67
50, 66
50, 66
50, 50
51, 51
51, 50
52, 50
51, 51
52, 52
53, 51
53, 51
39, 60
40, 61
41, 62
42, 61
42, 60
42, 59
41, 58
41, 57
41, 58
41, 58
46, 44
47, 43
48, 44
47, 43
46, 44
46, 44
47, 53
48, 53
49, 53
50, 52
50, 51
50, 51
45, 51
44, 50
43, 50
43, 49
44, 48
43, 47
44, 47
43, 48
42, 47
42, 47
47, 48
48, 48
48, 49
47, 48
48, 49
47, 49
48, 49
47, 50
46, 50
45, 50
45, 50
50, 57
50, 58
51, 58
50, 57
51, 58
52, 57
51, 58
50, 57
51, 58
51, 57
51, 57
46, 51
45, 52
46, 51
47, 52
47, 51
47, 52
48, 52
49, 52
49, 51
50, 50
50, 50
40, 77
40, 78
40, 77
40, 78
40, 77
39, 78
39, 78
36, 51
37, 51
37, 52
37, 53
36, 53
37, 52
37, 51
38, 50
38, 50
43, 47
44, 48
45, 49
45, 50
46, 50
47, 50
46, 49
46, 49
49, 53
50, 52
50, 51
51, 51
52, 52
53, 51
53, 50
53, 50
52, 63
53, 63
53, 62
53, 61
53, 62
53, 61
52, 62
52, 61
53, 62
53, 62
57, 65
56, 64
57, 63
56, 63
57, 63
58, 63
59, 64
59, 65
59, 65
58, 59
57, 59
58, 60
58, 59
59, 59
60, 60
61, 59
62, 60
63, 61
63, 61
22, 73
23, 72
22, 73
21, 73
21, 74
21, 75
21, 75
63, 73
62, 72
62, 73
62, 74
61, 74
61, 73
62, 72
62, 71
62, 72
62, 72
38, 49
37, 49
36, 49
37, 48
37, 49
36, 50
37, 49
38, 48
38, 47
37, 48
37, 48
54, 50
55, 50
54, 49
55, 50
54, 51
55, 50
55, 50
42, 57
43, 56
42, 56
43, 55
44, 54
44, 53
45, 53
44, 52
43, 53
43, 53
50, 56
51, 55
50, 54
50, 53
51, 53
50, 52
51, 51
50, 50
50, 50
71, 69
72, 69
73, 70
73, 69
73, 70
73, 69
72, 69
73, 70
72, 69
72, 69
62, 60
61, 61
60, 61
59, 62
60, 62
59, 61
59, 62
59, 62
53, 63
54, 64
55, 63
56, 64
55, 63
54, 63
54, 63
49, 56
49, 57
50, 56
49, 57
50, 58
50, 58
49, 55
49, 54
49, 53
48, 53
47, 54
47, 55
48, 54
48, 54
49, 49
50, 48
50, 47
49, 47
50, 48
50, 49
50, 50
51, 50
51, 51
50, 52
50, 52
22, 75
23, 74
24, 75
24, 74
25, 74
25, 73
26, 74
27, 74
28, 74
29, 74
29, 74
40, 78
39, 77
40, 76
40, 77
39, 76
38, 75
37, 75
37, 75
43, 46
44, 45
45, 44
46, 44
47, 44
46, 45
47, 45
48, 44
47, 43
47, 43
47, 54
47, 53
48, 53
47, 52
48, 51
49, 51
49, 51
41, 51
40, 52
39, 52
38, 53
37, 52
37, 51
36, 50
35, 51
35, 50
35, 50
51, 51
50, 51
51, 51
52, 50
53, 50
53, 49
53, 49
47, 43
48, 42
47, 43
48, 42
49, 43
48, 43
48, 43
53, 49
54, 48
53, 49
52, 49
52, 48
53, 49
52, 50
53, 51
53, 51
58, 65
59, 64
58, 64
58, 65
59, 65
60, 65
61, 65
60, 65
59, 65
59, 65
51, 65
52, 64
53, 64
52, 65
53, 65
53, 65
45, 49
46, 49
46, 48
45, 48
44, 49
45, 50
46, 50
46, 51
46, 50
46, 50
46, 49
46, 48
45, 49
44, 49
43, 48
43, 47
43, 46
44, 46
44, 47
45, 47
45, 47
37, 68
36, 68
37, 67
36, 66
35, 65
34, 66
35, 67
35, 66
36, 67
36, 67
36, 66
37, 67
38, 66
38, 65
37, 65
38, 64
38, 64
47, 42
48, 41
48, 42
49, 42
49, 43
48, 42
49, 41
49, 41
53, 50
54, 50
53, 49
54, 48
53, 48
53, 49
54, 49
54, 49
47, 44
46, 43
46, 42
46, 43
46, 42
45, 41
44, 42
45, 42
45, 41
44, 40
44, 40
42, 53
41, 53
42, 52
42, 51
41, 51
42, 51
43, 50
43, 51
44, 50
43, 50
43, 50
36, 51
37, 51
37, 50
38, 51
38, 50
38, 50
52, 64
51, 65
50, 65
51, 66
50, 66
50, 66
28, 74
29, 74
28, 74
27, 74
28, 73
28, 73
49, 55
49, 56
48, 55
49, 55
50, 54
51, 53
52, 52
51, 53
52, 53
51, 53
51, 53
53, 52
54, 53
55, 54
55, 53
56, 53
55, 54
55, 54
54, 64
55, 63
55, 64
54, 63
54, 62
54, 61
53, 61
54, 60
54, 60
71, 70
71, 69
72, 69
72, 70
73, 69
72, 68
73, 67
73, 67
36, 49
35, 49
34, 48
33, 49
32, 48
32, 48
55, 49
54, 48
54, 49
53, 50
54, 50
54, 50
45, 50
45, 51
45, 50
46, 51
45, 52
46, 51
45, 51
45, 52
45, 52
63, 73
64, 73
63, 72
62, 71
61, 70
60, 71
59, 70
60, 71
60, 71
37, 74
36, 73
37, 72
36, 73
36, 72
36, 71
36, 71
58, 65
59, 64
58, 63
57, 63
57, 64
57, 64
45, 46
44, 46
43, 46
44, 46
45, 46
45, 46
60, 62
61, 61
61, 62
62, 63
61, 62
62, 62
63, 61
62, 60
62, 60
50, 51
49, 52
48, 53
47, 52
46, 53
47, 52
48, 52
49, 52
49, 52
50, 59
49, 59
49, 58
49, 59
49, 58
50, 57
50, 57
48, 51
49, 50
49, 51
50, 51
51, 50
51, 51
51, 52
51, 52
49, 52
49, 53
50, 52
50, 53
49, 54
49, 53
48, 53
49, 53
50, 53
50, 53
37, 51
38, 50
37, 50
38, 50
38, 49
38, 49
61, 60
61, 59
60, 58
59, 58
59, 59
60, 59
60, 58
61, 59
61, 59
46, 46
47, 47
46, 47
45, 47
46, 47
46, 46
47, 45
47, 46
47, 46
43, 39
44, 40
43, 40
44, 39
44, 40
45, 41
44, 42
45, 42
46, 41
46, 41
49, 52
48, 52
47, 53
47, 54
47, 53
48, 54
47, 55
47, 55
51, 67
50, 66
51, 66
51, 67
50, 66
51, 65
51, 65
32, 49
31, 48
30, 49
29, 50
30, 51
29, 50
30, 51
30, 51
27, 74
26, 73
27, 74
28, 75
27, 74
27, 74
42, 49
41, 49
42, 50
41, 51
42, 51
43, 50
44, 50
44, 50
50, 41
49, 42
48, 43
48, 42
47, 43
47, 43
55, 50
55, 49
56, 50
57, 49
58, 50
59, 49
58, 49
58, 48
59, 47
58, 47
58, 47
50, 53
49, 52
49, 53
48, 52
47, 52
46, 51
45, 50
44, 51
43, 50
43, 50
39, 64
40, 65
41, 65
41, 64
42, 63
41, 62
42, 61
42, 61
55, 49
54, 50
53, 50
52, 51
51, 51
51, 50
50, 49
51, 48
50, 47
50, 47
56, 63
57, 62
58, 63
58, 64
59, 65
59, 66
58, 66
58, 66
46, 53
45, 53
46, 54
47, 54
48, 54
49, 55
49, 56
49, 56
56, 53
55, 53
56, 54
57, 55
58, 55
57, 54
57, 54
54, 61
54, 62
53, 63
54, 63
53, 64
53, 64
49, 51
48, 52
49, 52
49, 51
49, 50
48, 50
48, 50
36, 70
36, 71
35, 71
36, 72
36, 71
36, 72
35, 71
34, 71
33, 70
33, 70
50, 53
49, 54
48, 53
48, 52
47, 52
47, 51
48, 51
48, 51
49, 57
50, 56
51, 55
51, 56
52, 56
52, 55
52, 56
52, 56
59, 70
59, 71
58, 71
57, 71
56, 71
55, 70
56, 69
57, 69
58, 70
59, 69
59, 69
73, 66
72, 65
73, 66
72, 66
71, 67
70, 68
70, 67
71, 67
71, 67
50, 55
51, 56
52, 55
52, 56
53, 57
52, 58
53, 58
52, 57
53, 56
52, 55
52, 55
57, 47
58, 48
57, 48
56, 48
57, 48
57, 49
58, 48
58, 47
58, 47
45, 40
46, 39
47, 39
47, 40
48, 39
47, 39
47, 39
54, 63
54, 64
54, 63
55, 64
54, 65
55, 65
55, 64
54, 65
55, 64
55, 65
55, 65
51, 56
52, 57
52, 56
53, 56
54, 55
53, 54
53, 54
56, 55
55, 56
55, 55
54, 55
54, 54
55, 53
55, 53
48, 51
47, 51
48, 51
47, 52
46, 51
46, 50
45, 49
44, 49
44, 49
27, 73
26, 74
26, 75
25, 75
25, 74
25, 73
24, 74
23, 73
22, 73
22, 73
44, 49
43, 48
43, 47
42, 47
43, 47
43, 46
44, 46
44, 46
44, 49
43, 50
43, 49
44, 49
43, 49
44, 50
44, 50
47, 52
46, 51
46, 52
45, 53
46, 53
47, 54
46, 55
46, 55
51, 47
50, 47
50, 46
49, 47
50, 46
50, 47
51, 48
51, 47
51, 47
72, 67
71, 68
72, 67
73, 67
74, 66
73, 67
72, 66
73, 67
72, 67
72, 68
72, 68
46, 47
47, 48
48, 49
49, 50
48, 50
47, 51
48, 50
48, 51
48, 51
62, 60
62, 59
62, 58
61, 59
60, 59
61, 58
62, 57
62, 58
63, 58
63, 58
46, 43
45, 43
44, 43
43, 42
44, 43
44, 43
32, 70
31, 69
32, 70
33, 69
34, 69
35, 68
35, 68
48, 55
49, 56
50, 57
49, 57
48, 57
47, 56
48, 56
47, 57
47, 56
46, 57
46, 57
52, 65
51, 65
51, 64
52, 63
51, 64
51, 64
37, 48
38, 47
37, 46
38, 46
38, 47
38, 47
31, 52
31, 53
30, 52
29, 51
30, 52
30, 53
29, 54
29, 55
29, 55
57, 67
56, 66
55, 67
55, 68
54, 67
54, 66
54, 65
53, 66
52, 66
52, 66
58, 68
58, 69
59, 70
59, 71
60, 72
59, 72
58, 71
59, 72
60, 72
59, 73
59, 73
42, 60
41, 60
42, 60
41, 59
41, 60
41, 59
41, 59
45, 47
45, 46
44, 47
43, 48
43, 49
43, 50
42, 50
43, 51
43, 50
43, 50
54, 54
55, 53
56, 54
57, 54
56, 53
55, 53
56, 53
57, 53
58, 54
58, 55
58, 55
47, 56
47, 57
48, 56
47, 55
48, 54
47, 54
48, 54
47, 53
48, 52
48, 52
38, 48
39, 49
38, 49
39, 48
38, 49
39, 48
40, 48
39, 47
39, 48
38, 47
38, 47
23, 74
23, 75
22, 75
22, 74
21, 74
21, 75
20, 75
21, 76
21, 75
21, 75
36, 68
36, 69
37, 68
38, 69
37, 70
37, 69
38, 69
37, 69
36, 69
35, 68
35, 68
48, 39
48, 40
48, 39
48, 40
47, 40
47, 40
47, 55
48, 55
47, 54
48, 53
48, 52
47, 52
48, 53
48, 53
40, 60
41, 61
41, 60
42, 61
41, 60
42, 59
42, 59
44, 42
44, 41
45, 42
46, 41
47, 42
47, 42
63, 59
63, 60
62, 59
63, 60
62, 59
63, 58
63, 59
64, 58
64, 58
43, 50
42, 49
43, 49
44, 48
43, 48
43, 48
55, 64
56, 63
55, 64
56, 64
56, 65
55, 66
56, 66
56, 66
45, 51
46, 50
47, 50
46, 50
47, 49
48, 49
47, 48
47, 47
47, 47
52, 63
52, 64
53, 65
54, 64
53, 63
53, 62
52, 61
52, 61
48, 50
48, 49
47, 49
48, 48
48, 49
49, 50
48, 51
47, 50
47, 50
72, 67
71, 68
70, 68
70, 67
69, 68
69, 68
52, 54
51, 53
52, 53
53, 53
53, 52
52, 52
52, 52
53, 55
54, 55
54, 54
55, 55
56, 56
56, 55
56, 54
56, 55
56, 54
56, 54
59, 48
58, 49
58, 50
59, 49
58, 50
59, 50
59, 49
59, 49
58, 72
57, 71
57, 72
57, 71
58, 72
58, 71
59, 72
58, 71
59, 72
60, 72
60, 72
52, 46
51, 46
50, 46
51, 45
50, 45
49, 46
48, 46
48, 46
51, 65
50, 65
50, 66
49, 66
48, 67
47, 66
48, 66
47, 65
48, 66
48, 66
28, 56
27, 57
26, 56
27, 55
28, 55
28, 56
27, 55
26, 55
27, 56
27, 56
59, 50
58, 49
58, 50
57, 49
57, 48
57, 49
56, 48
55, 49
55, 49
55, 55
54, 54
53, 53
53, 54
54, 53
53, 53
54, 53
53, 54
53, 55
53, 55
53, 52
53, 51
52, 51
51, 52
51, 53
50, 53
49, 53
50, 52
49, 53
48, 53
48, 53
36, 68
37, 68
37, 69
38, 68
37, 67
36, 66
35, 66
34, 67
35, 67
34, 68
34, 68
51, 62
52, 62
53, 61
52, 61
53, 61
54, 62
53, 63
53, 62
53, 62
28, 57
27, 58
28, 57
27, 58
26, 59
26, 59
37, 47
36, 46
37, 46
36, 46
35, 45
35, 44
34, 45
34, 46
33, 47
34, 48
34, 48
47, 54
47, 55
47, 54
48, 54
49, 55
50, 54
51, 54
51, 54
55, 66
55, 67
54, 67
55, 66
54, 67
55, 66
56, 65
56, 65
57, 55
57, 54
56, 55
55, 54
54, 53
53, 53
52, 53
51, 53
51, 53
49, 67
50, 67
51, 68
51, 67
50, 66
51, 66
51, 67
50, 66
50, 66
46, 39
45, 39
45, 38
44, 39
45, 40
45, 39
44, 38
43, 39
43, 39
68, 68
67, 67
66, 66
65, 65
65, 64
66, 63
67, 62
66, 63
66, 63
65, 57
65, 58
66, 59
67, 60
66, 61
65, 62
66, 63
65, 64
66, 63
65, 64
65, 64
47, 51
47, 52
48, 53
49, 54
50, 54
51, 54
51, 55
50, 56
49, 55
48, 56
48, 56
60, 71
61, 72
61, 71
62, 71
61, 72
61, 72
44, 50
43, 51
44, 50
45, 50
44, 49
45, 49
46, 49
45, 50
44, 50
45, 51
45, 51
43, 47
44, 47
43, 48
42, 49
41, 48
42, 49
41, 49
42, 50
43, 50
43, 50
49, 45
50, 45
49, 44
48, 44
49, 44
50, 45
51, 46
51, 46
48, 42
48, 41
49, 40
48, 41
48, 42
48, 42
41, 60
40, 60
41, 60
40, 61
39, 61
38, 61
37, 60
36, 60
36, 61
36, 61
48, 48
49, 49
50, 48
49, 47
48, 48
49, 48
50, 47
50, 47
47, 49
48, 49
48, 48
49, 47
49, 46
49, 46
20, 75
21, 74
21, 75
22, 74
23, 74
22, 75
22, 76
23, 77
23, 77
52, 62
51, 63
51, 62
51, 61
51, 62
51, 62
52, 56
53, 55
53, 54
54, 53
53, 53
53, 52
52, 51
52, 51
65, 64
65, 63
65, 62
64, 61
63, 61
63, 60
62, 61
63, 62
63, 63
63, 62
63, 62
51, 48
52, 47
53, 47
52, 48
51, 47
51, 48
51, 49
51, 49
61, 71
62, 70
62, 69
61, 68
62, 68
61, 67
60, 66
60, 66
49, 54
50, 53
51, 53
52, 52
53, 52
53, 51
52, 51
52, 51
51, 55
52, 56
53, 57
54, 56
55, 56
55, 56
55, 50
56, 50
55, 49
54, 49
55, 50
54, 51
53, 50
53, 50
23, 76
23, 77
23, 76
23, 77
23, 78
22, 79
23, 80
23, 80
52, 53
52, 54
52, 53
52, 52
51, 51
52, 52
52, 51
52, 51
66, 65
67, 66
66, 67
67, 67
66, 66
65, 65
64, 64
63, 65
64, 64
63, 63
63, 63
47, 55
48, 55
49, 56
48, 55
49, 55
49, 55
34, 69
35, 70
36, 70
35, 69
34, 69
33, 69
34, 70
33, 71
33, 70
32, 71
32, 71
35, 60
36, 61
36, 62
35, 61
36, 61
37, 61
38, 61
38, 62
37, 63
36, 64
36, 64
25, 58
26, 58
26, 59
27, 58
26, 57
27, 56
28, 55
28, 54
29, 54
29, 54
55, 64
55, 63
55, 64
55, 63
54, 62
54, 61
55, 60
54, 59
53, 58
54, 59
54, 59
44, 49
43, 49
42, 49
41, 50
41, 51
41, 50
40, 49
39, 49
39, 48
39, 48
44, 38
45, 37
46, 38
45, 38
45, 37
46, 38
45, 38
46, 39
46, 38
46, 39
46, 39
33, 49
33, 48
34, 48
33, 47
34, 47
33, 46
32, 46
32, 45
32, 46
31, 45
31, 45
47, 41
48, 42
49, 42
48, 42
48, 41
47, 42
47, 42
50, 46
51, 45
51, 44
50, 44
51, 43
50, 44
50, 44
50, 67
49, 68
50, 69
50, 68
50, 69
51, 69
51, 68
50, 67
49, 67
50, 67
50, 67
49, 47
50, 48
51, 47
51, 48
50, 49
51, 50
50, 50
51, 51
52, 51
51, 52
51, 52
46, 51
46, 52
47, 51
48, 52
48, 51
48, 50
48, 50
64, 64
65, 65
64, 64
65, 64
66, 63
65, 63
65, 63
53, 51
54, 50
54, 51
53, 52
54, 51
53, 52
53, 52
61, 65
62, 65
61, 66
60, 65
59, 64
58, 64
58, 64
56, 57
55, 58
55, 57
56, 58
56, 57
57, 58
57, 58
37, 64
36, 65
35, 65
34, 66
34, 65
33, 64
32, 64
32, 64
48, 41
48, 40
47, 39
47, 40
46, 39
46, 40
47, 40
47, 40
45, 39
46, 40
46, 39
47, 38
46, 38
45, 37
45, 38
44, 37
44, 37
51, 61
51, 62
52, 62
53, 63
52, 62
52, 62
22, 80
21, 80
20, 79
21, 79
21, 80
20, 79
21, 80
20, 79
20, 78
21, 79
21, 79
51, 68
52, 67
53, 68
54, 68
55, 67
54, 67
54, 67
51, 50
52, 51
51, 50
51, 51
52, 51
52, 52
52, 52
52, 51
53, 51
54, 51
53, 51
52, 51
51, 52
51, 52
31, 46
32, 45
33, 46
33, 47
33, 48
34, 49
34, 49
52, 48
51, 49
52, 50
52, 51
51, 51
52, 51
52, 52
52, 53
52, 53
48, 55
48, 56
47, 56
48, 57
49, 58
50, 58
50, 57
51, 58
50, 59
49, 58
49, 58
64, 62
65, 61
64, 60
65, 60
64, 59
64, 59
28, 54
27, 55
27, 54
28, 55
29, 54
29, 54
48, 51
47, 51
47, 50
46, 49
47, 50
46, 50
45, 51
44, 52
45, 52
44, 52
44, 52
53, 59
54, 58
55, 59
54, 60
54, 61
54, 61
33, 70
33, 69
32, 70
31, 71
30, 70
29, 70
30, 69
29, 70
29, 70
53, 52
54, 51
54, 50
53, 49
52, 50
53, 49
53, 49
51, 51
52, 52
51, 51
50, 52
50, 53
49, 53
49, 53
38, 48
37, 47
38, 47
39, 48
40, 47
41, 47
42, 47
41, 48
40, 47
40, 47
49, 44
49, 45
49, 46
50, 47
51, 46
50, 45
51, 44
52, 43
52, 43
50, 58
51, 57
51, 58
52, 57
52, 56
53, 57
53, 58
53, 57
54, 58
54, 58
48, 53
47, 54
48, 54
47, 54
48, 54
47, 54
48, 53
48, 52
47, 53
47, 53
51, 43
52, 42
53, 43
54, 44
54, 45
55, 44
54, 43
54, 43
47, 39
46, 38
47, 37
46, 38
45, 37
44, 38
44, 38
39, 48
40, 47
41, 48
40, 47
40, 48
41, 47
40, 47
41, 48
41, 48
30, 69
30, 68
30, 69
31, 69
30, 68
30, 69
29, 70
28, 71
28, 71
31, 63
30, 62
29, 61
30, 62
31, 63
30, 63
31, 63
30, 62
29, 63
28, 63
28, 63
30, 55
31, 55
30, 56
30, 57
31, 58
30, 57
29, 56
29, 57
30, 58
30, 58
58, 57
57, 58
56, 58
57, 59
57, 60
57, 59
57, 58
56, 59
55, 58
56, 58
56, 58
43, 53
44, 54
43, 55
42, 54
42, 53
41, 54
41, 55
41, 54
41, 54
51, 62
52, 61
51, 62
52, 62
52, 63
53, 64
53, 63
54, 63
54, 62
54, 61
54, 61
51, 53
51, 54
50, 53
51, 53
51, 54
50, 53
49, 53
50, 52
50, 52
52, 50
53, 51
54, 50
55, 50
56, 50
55, 49
55, 50
54, 51
53, 50
52, 51
52, 51
65, 64
66, 63
65, 62
66, 63
65, 64
64, 63
65, 64
66, 63
66, 63
53, 52
53, 53
53, 52
52, 52
53, 52
52, 53
53, 54
53, 53
54, 53
54, 53
52, 53
52, 52
52, 53
52, 54
51, 53
51, 53
52, 52
52, 51
52, 50
51, 50
50, 49
49, 49
49, 48
49, 49
49, 49
57, 65
58, 65
58, 66
59, 65
58, 65
58, 65
55, 67
55, 68
54, 68
53, 69
54, 70
54, 70
43, 37
43, 38
43, 37
42, 36
43, 35
43, 36
43, 36
55, 61
54, 61
53, 61
52, 61
52, 62
53, 62
54, 61
53, 62
54, 61
55, 62
55, 62
35, 50
34, 50
33, 50
33, 49
33, 50
33, 49
34, 49
34, 50
34, 49
34, 49
20, 78
20, 79
21, 80
21, 79
21, 80
22, 80
22, 80
64, 58
63, 58
63, 59
62, 58
62, 57
61, 57
62, 56
61, 57
60, 58
60, 57
60, 57
67, 62
66, 62
66, 61
65, 62
65, 63
66, 62
66, 63
65, 62
65, 62
53, 53
54, 53
55, 53
56, 53
55, 54
56, 53
57, 54
56, 54
57, 55
57, 55
55, 63
54, 63
54, 62
54, 63
54, 62
53, 61
53, 60
54, 61
54, 61
23, 80
24, 80
23, 80
22, 80
23, 80
22, 79
21, 79
21, 79
52, 53
53, 52
52, 51
51, 52
52, 52
53, 52
52, 53
53, 54
54, 55
54, 56
54, 56
27, 62
27, 61
26, 61
26, 60
27, 60
26, 59
26, 58
25, 59
26, 58
26, 58
51, 53
51, 54
51, 55
51, 54
51, 55
51, 56
50, 57
49, 56
49, 56
53, 50
54, 49
53, 49
54, 50
53, 49
54, 50
55, 50
55, 50
29, 72
28, 73
28, 74
27, 75
28, 75
29, 75
30, 76
30, 77
29, 78
28, 78
28, 78
58, 64
59, 64
58, 65
58, 66
59, 65
58, 64
57, 63
57, 63
40, 49
39, 49
38, 50
37, 49
37, 50
37, 49
37, 49
48, 52
48, 51
49, 52
48, 53
47, 53
48, 52
47, 52
46, 51
46, 50
46, 50
35, 48
34, 48
33, 48
33, 47
33, 46
33, 46
42, 36
41, 35
42, 35
43, 36
44, 36
43, 35
43, 34
42, 33
41, 33
41, 34
41, 34
48, 50
47, 51
46, 51
45, 52
45, 53
44, 53
43, 53
42, 52
43, 53
43, 53
55, 43
56, 42
55, 41
56, 41
55, 41
56, 42
55, 42
56, 43
56, 42
55, 43
55, 43
41, 53
41, 52
42, 52
43, 53
42, 54
42, 54
56, 59
55, 58
55, 59
54, 59
54, 58
55, 59
55, 59
53, 58
54, 57
55, 58
54, 57
55, 56
55, 55
55, 55
60, 58
59, 57
60, 58
61, 57
62, 57
63, 56
63, 57
63, 57
45, 37
44, 37
43, 37
42, 37
43, 36
42, 37
42, 37
53, 69
53, 68
53, 67
54, 68
53, 67
53, 66
54, 67
55, 67
55, 66
55, 66
30, 59
30, 58
29, 57
30, 56
30, 55
30, 54
31, 55
31, 55
55, 61
56, 60
57, 60
56, 59
55, 60
54, 60
55, 61
55, 62
54, 62
54, 63
54, 63
42, 55
41, 56
42, 55
41, 54
42, 55
42, 56
43, 57
42, 57
41, 56
42, 57
42, 57
55, 54
55, 53
56, 54
55, 53
54, 53
55, 53
56, 53
56, 53
32, 46
33, 45
33, 44
32, 44
33, 45
33, 44
33, 43
34, 43
34, 43
54, 60
55, 60
55, 61
56, 61
57, 62
57, 62
65, 61
66, 62
65, 63
65, 64
66, 65
66, 66
66, 66
47, 49
47, 50
48, 51
48, 50
47, 50
47, 51
47, 51
56, 42
57, 41
57, 40
56, 40
57, 39
58, 38
58, 37
58, 38
58, 37
58, 36
58, 36
55, 56
55, 55
55, 56
56, 56
55, 56
55, 55
56, 55
56, 55
22, 78
23, 77
23, 78
23, 77
24, 77
23, 78
23, 78
56, 66
55, 67
56, 67
56, 66
55, 67
55, 66
56, 65
55, 64
56, 65
56, 64
56, 64
27, 77
26, 76
26, 77
25, 78
25, 79
24, 80
25, 80
26, 80
25, 80
25, 80
56, 50
55, 49
56, 49
55, 50
56, 49
56, 48
56, 49
56, 50
57, 49
57, 49
48, 57
48, 58
48, 57
47, 58
48, 59
47, 59
47, 58
48, 58
47, 57
46, 56
46, 56
58, 54
57, 55
56, 55
56, 56
57, 56
56, 56
57, 57
58, 57
58, 57
62, 56
63, 57
62, 57
63, 58
64, 58
63, 59
62, 58
62, 57
62, 58
62, 57
62, 57
41, 37
41, 38
42, 37
41, 37
42, 36
41, 36
40, 35
39, 36
38, 35
38, 36
38, 36
40, 34
40, 35
39, 35
38, 35
37, 34
37, 34
44, 54
44, 55
43, 54
43, 53
43, 54
44, 54
45, 54
44, 53
43, 52
44, 52
44, 52
25, 57
24, 57
23, 56
23, 55
24, 54
24, 53
23, 53
24, 52
24, 52
38, 48
39, 48
38, 48
39, 48
39, 47
38, 47
38, 47
55, 60
56, 61
55, 60
54, 60
55, 59
55, 59
32, 54
31, 53
30, 52
30, 53
31, 53
32, 54
31, 55
31, 54
31, 54
56, 64
57, 65
56, 64
57, 64
56, 65
57, 66
58, 67
58, 67
55, 64
56, 63
55, 62
55, 63
54, 63
53, 63
53, 62
53, 62
55, 63
56, 64
57, 64
57, 65
58, 65
58, 66
59, 66
60, 67
59, 66
59, 66
56, 59
55, 59
55, 58
54, 59
53, 58
52, 58
52, 59
52, 59
25, 51
26, 51
26, 52
26, 53
26, 52
25, 51
25, 51
45, 53
44, 54
43, 55
42, 54
41, 55
41, 55
63, 56
62, 56
61, 56
62, 55
63, 54
63, 55
62, 56
62, 57
62, 57
35, 44
34, 44
34, 45
33, 45
32, 45
31, 44
31, 44
58, 56
59, 57
60, 57
61, 57
60, 58
59, 57
60, 57
60, 57
24, 79
23, 79
24, 80
23, 80
24, 80
23, 79
23, 79
67, 65
68, 66
69, 67
68, 67
69, 67
70, 67
69, 67
69, 66
69, 67
69, 67
47, 56
46, 56
47, 55
47, 54
48, 54
49, 55
50, 55
49, 54
49, 54
57, 35
58, 35
58, 36
59, 35
58, 34
57, 33
58, 34
59, 35
59, 36
58, 37
58, 37
53, 63
52, 63
53, 64
53, 63
54, 64
53, 63
52, 64
52, 64
47, 52
46, 51
45, 50
46, 50
47, 50
48, 50
47, 50
46, 49
45, 48
44, 47
44, 47
57, 66
58, 67
58, 66
59, 67
60, 68
60, 67
61, 66
62, 65
61, 65
62, 65
62, 65
37, 46
38, 46
37, 47
37, 46
38, 46
38, 47
38, 47
30, 55
30, 56
29, 57
29, 56
30, 55
29, 56
30, 56
30, 57
30, 57
38, 35
37, 35
36, 36
37, 35
36, 36
36, 35
36, 36
36, 36
57, 61
58, 61
57, 62
56, 61
57, 62
56, 62
55, 63
55, 63
25, 79
25, 80
26, 81
27, 80
26, 81
27, 81
28, 81
27, 81
27, 81
56, 54
55, 55
56, 54
57, 53
58, 54
57, 55
58, 54
58, 55
57, 54
58, 55
58, 55
39, 35
39, 36
39, 37
38, 38
37, 38
36, 37
36, 37
57, 48
57, 47
56, 46
56, 45
55, 46
55, 45
56, 46
56, 46
57, 56
58, 55
58, 54
57, 53
56, 53
57, 53
56, 54
57, 54
56, 55
57, 56
57, 56
43, 57
42, 57
43, 56
42, 57
43, 56
42, 57
41, 58
41, 58
38, 48
37, 49
38, 49
39, 49
40, 50
39, 49
40, 50
41, 49
41, 49
61, 58
60, 57
59, 58
59, 57
58, 57
57, 58
56, 57
56, 56
56, 56
35, 36
35, 37
34, 36
35, 35
34, 34
34, 33
34, 32
35, 31
34, 32
35, 32
35, 32
57, 56
57, 55
58, 55
58, 56
57, 55
57, 55
24, 79
23, 80
22, 80
23, 80
22, 79
22, 79
53, 60
53, 61
54, 61
54, 60
54, 59
54, 59
55, 46
56, 45
55, 46
54, 47
54, 46
53, 45
54, 45
55, 45
55, 45
51, 65
50, 65
51, 64
52, 65
53, 64
54, 63
54, 63
50, 53
51, 52
52, 52
53, 53
53, 52
53, 53
53, 54
53, 54
43, 48
44, 49
44, 50
45, 51
44, 52
44, 51
45, 50
46, 50
46, 50
30, 56
30, 55
31, 54
32, 53
31, 54
31, 54
40, 57
39, 56
39, 57
40, 58
39, 59
38, 58
39, 59
39, 59
32, 45
31, 46
30, 46
30, 47
29, 47
30, 46
29, 45
30, 46
30, 45
29, 44
29, 44
41, 56
40, 56
39, 57
38, 58
38, 59
38, 59
24, 50
25, 50
26, 50
27, 50
26, 50
27, 49
28, 50
28, 50
56, 64
56, 63
55, 64
54, 63
55, 64
54, 65
53, 64
54, 65
55, 66
55, 66
58, 65
58, 66
57, 67
57, 68
57, 67
58, 66
58, 65
58, 65
70, 68
70, 69
70, 70
71, 71
72, 70
72, 70
58, 57
57, 58
58, 59
57, 59
57, 58
57, 58
57, 36
56, 36
55, 35
56, 35
55, 35
55, 35
35, 38
35, 37
34, 38
33, 39
33, 38
32, 38
33, 38
33, 38
61, 66
60, 67
59, 66
60, 66
61, 65
61, 66
61, 66
27, 80
28, 81
29, 81
28, 82
29, 82
28, 81
28, 81
60, 58
61, 57
62, 58
62, 57
62, 58
62, 57
62, 56
62, 56
56, 66
57, 67
58, 68
57, 67
58, 67
57, 68
57, 69
57, 69
58, 64
57, 63
56, 64
56, 65
55, 66
54, 65
55, 64
55, 65
54, 66
54, 66
56, 44
55, 45
54, 45
53, 44
52, 43
51, 44
51, 44
32, 53
33, 52
33, 51
33, 50
33, 49
32, 49
32, 49
36, 33
37, 33
38, 34
39, 33
39, 34
40, 33
40, 33
73, 70
72, 71
71, 70
72, 70
73, 70
73, 69
73, 69
53, 55
52, 54
53, 53
52, 53
52, 54
51, 54
51, 53
50, 52
49, 51
49, 50
49, 50
47, 50
48, 51
47, 51
48, 50
48, 49
49, 49
50, 49
50, 50
50, 49
50, 49
27, 80
26, 81
27, 80
27, 81
26, 80
26, 80
56, 36
55, 36
55, 35
56, 34
56, 35
56, 36
55, 37
54, 36
54, 35
53, 36
53, 36
37, 58
38, 59
39, 60
39, 59
40, 60
41, 60
40, 59
40, 60
40, 60
27, 49
27, 50
28, 51
29, 52
28, 53
28, 54
27, 54
27, 54
38, 58
38, 57
37, 58
36, 57
36, 56
35, 56
36, 55
35, 54
35, 54
63, 57
64, 58
65, 58
66, 57
67, 56
66, 56
67, 57
67, 57
57, 55
57, 54
57, 53
58, 54
58, 55
58, 56
57, 56
57, 56
40, 50
39, 51
39, 50
39, 49
38, 48
37, 48
38, 48
39, 48
39, 49
39, 49
57, 56
58, 57
59, 57
58, 58
58, 59
59, 59
60, 60
60, 60
53, 60
54, 61
55, 62
56, 63
57, 64
57, 63
56, 64
56, 63
56, 63
34, 37
33, 37
32, 38
31, 39
32, 39
31, 40
31, 41
32, 40
33, 39
32, 39
32, 39
23, 79
22, 79
22, 80
23, 80
22, 80
22, 80
62, 67
63, 67
64, 67
63, 66
62, 66
62, 66
56, 58
56, 57
55, 56
55, 55
54, 56
55, 56
55, 57
55, 58
55, 58
28, 45
28, 46
29, 45
30, 44
30, 43
29, 43
30, 42
30, 43
31, 44
30, 43
30, 43
53, 62
53, 63
53, 64
52, 64
53, 63
53, 63
59, 61
58, 62
58, 61
57, 61
57, 60
58, 59
57, 59
56, 59
56, 59
61, 65
61, 66
62, 65
63, 65
64, 65
63, 65
62, 65
62, 66
62, 66
28, 55
29, 54
28, 54
27, 55
26, 55
27, 56
28, 55
27, 55
27, 55
58, 56
58, 55
58, 56
58, 57
58, 56
57, 57
56, 58
57, 59
58, 60
58, 60
52, 44
52, 45
52, 46
51, 47
51, 46
52, 47
52, 46
51, 47
51, 47
27, 80
28, 80
28, 79
29, 78
28, 79
29, 80
28, 79
28, 80
28, 80
31, 49
30, 50
31, 50
30, 49
29, 48
30, 49
31, 50
31, 49
31, 49
40, 49
41, 50
42, 49
43, 49
44, 49
45, 48
45, 47
44, 47
44, 48
44, 48
50, 49
49, 48
50, 49
51, 48
50, 49
49, 50
50, 50
50, 50
68, 56
69, 56
70, 55
70, 54
71, 55
71, 54
72, 54
73, 53
74, 52
75, 51
75, 51
57, 63
57, 64
58, 64
58, 65
59, 64
59, 64
52, 37
51, 36
52, 36
53, 37
54, 36
55, 35
55, 35
34, 54
35, 55
34, 55
35, 55
36, 54
36, 53
37, 52
37, 52
49, 49
49, 48
48, 48
47, 47
48, 48
49, 47
48, 48
48, 48
72, 70
73, 70
72, 69
71, 69
70, 68
69, 69
69, 70
69, 70
39, 61
39, 62
40, 62
39, 63
38, 63
38, 62
39, 61
40, 61
39, 60
39, 60
56, 57
55, 56
56, 57
55, 57
56, 58
55, 57
55, 58
55, 57
56, 56
57, 57
57, 57
55, 65
54, 65
55, 65
55, 66
55, 67
56, 67
55, 68
54, 67
55, 67
56, 66
56, 66
29, 42
30, 42
29, 42
28, 41
27, 42
26, 42
25, 42
24, 41
24, 41
31, 40
30, 39
30, 40
29, 39
30, 40
31, 41
31, 42
31, 42
52, 63
53, 62
52, 62
53, 61
52, 61
53, 62
52, 62
52, 62
57, 70
56, 70
57, 71
56, 72
57, 73
58, 73
59, 74
60, 74
60, 75
60, 75
39, 34
39, 33
40, 33
41, 33
41, 32
40, 32
39, 31
38, 31
38, 30
38, 30
21, 80
21, 79
20, 79
21, 80
22, 80
22, 80
52, 46
53, 46
54, 45
54, 46
55, 45
55, 44
54, 43
53, 43
52, 44
52, 44
76, 52
77, 53
76, 53
76, 54
76, 53
76, 53
47, 49
47, 48
47, 49
48, 50
47, 51
48, 51
48, 51
53, 63
52, 63
52, 62
52, 63
53, 63
54, 62
54, 62
38, 53
39, 52
38, 52
38, 53
39, 52
39, 52
37, 29
36, 30
37, 30
36, 29
36, 30
37, 31
38, 31
39, 30
38, 29
38, 29
59, 76
60, 77
61, 78
61, 77
60, 78
59, 79
60, 79
61, 78
61, 78
50, 49
49, 49
50, 49
49, 49
48, 48
47, 47
48, 46
47, 46
48, 45
47, 44
47, 44
55, 34
56, 33
56, 32
55, 31
54, 32
54, 31
54, 30
54, 30
57, 60
56, 60
56, 59
56, 60
55, 61
55, 61
61, 67
62, 68
63, 67
64, 66
64, 67
65, 67
65, 67
26, 54
25, 54
26, 53
25, 53
25, 52
24, 53
24, 53
59, 65
60, 66
59, 66
60, 67
59, 67
60, 67
59, 66
58, 66
58, 66
25, 40
24, 40
23, 41
22, 40
23, 40
24, 40
25, 39
24, 40
24, 40
30, 41
31, 41
32, 41
32, 40
32, 39
31, 39
32, 40
32, 41
33, 40
33, 40
57, 56
56, 55
55, 54
55, 55
56, 54
57, 54
57, 54
38, 60
39, 61
38, 62
37, 63
38, 64
37, 64
36, 63
35, 64
34, 63
34, 63
55, 65
54, 64
54, 63
53, 62
54, 61
55, 60
55, 60
70, 70
71, 70
70, 71
71, 70
70, 70
69, 70
69, 69
68, 70
67, 70
67, 70
57, 59
56, 60
57, 59
58, 60
59, 61
58, 61
57, 62
56, 61
55, 61
55, 61
44, 49
45, 50
46, 51
47, 50
47, 49
46, 50
46, 49
47, 50
47, 50
30, 49
31, 50
30, 50
30, 51
29, 50
30, 49
31, 50
32, 49
32, 49
29, 81
30, 82
29, 82
30, 82
29, 81
30, 82
31, 82
30, 83
30, 83
21, 80
20, 79
21, 79
22, 79
23, 79
24, 79
25, 79
26, 79
27, 78
27, 79
27, 79
56, 55
56, 54
55, 55
54, 55
53, 56
54, 57
55, 58
56, 58
55, 58
55, 58
54, 62
53, 62
53, 61
53, 62
54, 61
53, 60
54, 59
55, 60
56, 60
56, 61
56, 61
33, 62
34, 62
35, 63
35, 62
36, 63
35, 64
34, 63
33, 64
34, 63
34, 63
48, 50
49, 51
50, 51
49, 50
48, 49
49, 49
49, 49
75, 52
76, 53
75, 52
76, 53
76, 52
76, 51
75, 51
74, 52
73, 53
73, 53
52, 45
51, 44
50, 45
50, 46
51, 45
50, 46
50, 47
50, 47
38, 51
39, 52
38, 51
37, 50
38, 51
39, 50
39, 51
40, 50
39, 49
39, 49
27, 80
27, 79
26, 79
27, 79
27, 78
28, 77
28, 78
28, 78
67, 69
67, 70
68, 70
69, 70
70, 69
71, 68
72, 67
72, 67
54, 31
54, 32
53, 33
54, 34
55, 34
55, 34
57, 65
57, 64
57, 63
58, 64
57, 64
56, 63
56, 63
32, 39
32, 40
31, 40
30, 39
31, 40
31, 41
32, 42
31, 43
30, 44
29, 44
29, 44
25, 54
24, 54
23, 55
24, 55
25, 54
24, 53
25, 54
25, 54
56, 61
55, 61
54, 62
53, 61
52, 60
52, 60
55, 62
54, 61
54, 60
53, 61
52, 60
51, 60
51, 60
56, 62
57, 62
58, 61
59, 60
60, 61
60, 61
32, 48
31, 49
31, 50
31, 51
32, 52
32, 53
32, 53
46, 51
47, 50
47, 51
48, 50
49, 49
49, 49
64, 67
64, 68
64, 67
63, 67
64, 66
63, 65
62, 64
62, 64
37, 28
38, 27
38, 26
37, 25
36, 25
37, 24
38, 25
37, 25
38, 25
38, 25
25, 41
26, 41
27, 41
26, 40
26, 39
27, 40
28, 40
27, 41
26, 41
26, 42
26, 42
60, 77
60, 76
59, 75
60, 76
60, 75
59, 76
59, 77
59, 77
48, 44
49, 43
49, 44
49, 43
50, 42
50, 43
51, 44
51, 44
30, 84
31, 85
30, 84
30, 83
29, 82
30, 82
30, 82
54, 34
53, 35
53, 34
54, 33
54, 34
54, 34
71, 67
70, 68
71, 69
70, 70
71, 71
71, 71
49, 48
48, 49
49, 49
49, 50
50, 50
50, 49
51, 49
51, 49
62, 65
61, 65
62, 64
61, 63
60, 62
59, 61
58, 60
57, 59
58, 59
59, 59
59, 59
51, 47
51, 48
52, 48
51, 49
50, 48
51, 47
50, 48
50, 48
50, 49
50, 48
51, 49
50, 48
50, 47
51, 48
52, 49
51, 49
51, 50
51, 50
37, 26
36, 26
37, 25
38, 26
37, 27
38, 27
38, 26
39, 27
39, 28
38, 29
38, 29
29, 79
30, 79
29, 80
30, 80
30, 81
30, 82
30, 82
52, 59
53, 60
53, 61
54, 61
55, 62
55, 63
56, 63
56, 63
32, 54
31, 53
32, 53
32, 52
31, 53
30, 53
29, 53
29, 52
30, 53
30, 53
50, 44
49, 43
49, 42
50, 41
51, 40
52, 40
53, 41
52, 41
52, 41
56, 64
57, 64
58, 65
59, 65
58, 64
58, 64
72, 52
72, 53
71, 54
71, 55
72, 54
71, 54
70, 54
71, 54
71, 55
72, 55
72, 55
60, 78
60, 77
59, 78
58, 77
57, 76
57, 75
57, 76
57, 77
56, 78
55, 77
55, 77
59, 62
60, 62
59, 63
59, 62
58, 61
59, 60
60, 60
61, 61
61, 62
61, 62
38, 50
39, 49
38, 50
39, 50
40, 50
40, 50
29, 45
29, 44
29, 45
28, 46
27, 47
28, 46
29, 47
29, 48
30, 48
30, 48
24, 53
23, 52
23, 53
24, 54
24, 53
24, 54
25, 54
25, 54
30, 81
29, 81
29, 80
28, 80
29, 80
28, 80
27, 79
28, 78
28, 77
29, 78
29, 78
55, 62
55, 63
54, 62
54, 61
55, 62
56, 63
56, 63
34, 64
35, 63
35, 62
36, 61
36, 60
35, 60
35, 59
34, 60
34, 60
25, 42
25, 41
25, 40
25, 41
26, 40
27, 40
28, 39
28, 39
51, 59
52, 59
53, 60
53, 61
54, 62
53, 63
52, 64
52, 65
53, 64
52, 63
52, 63
54, 58
53, 59
54, 58
55, 59
54, 60
53, 61
52, 62
53, 63
53, 62
53, 61
53, 61
54, 62
55, 62
54, 61
53, 62
54, 61
54, 60
55, 59
54, 60
53, 60
52, 61
52, 61
55, 76
54, 76
55, 76
55, 75
55, 76
55, 77
56, 78
55, 78
55, 78
31, 83
32, 83
33, 82
33, 81
33, 82
32, 81
33, 82
32, 82
33, 81
33, 82
33, 82
51, 48
50, 47
50, 48
50, 47
49, 47
49, 46
50, 47
50, 47
29, 77
30, 78
30, 79
29, 79
29, 80
30, 81
30, 80
31, 79
30, 78
30, 77
30, 77
27, 40
26, 41
27, 42
27, 43
26, 43
27, 42
26, 41
25, 40
25, 40
57, 62
58, 62
59, 62
58, 61
59, 61
58, 60
58, 59
58, 59
56, 62
55, 61
54, 61
55, 62
55, 63
56, 62
57, 61
57, 62
56, 61
56, 61
59, 65
59, 66
59, 67
58, 66
58, 67
59, 66
59, 66
53, 62
53, 63
53, 64
52, 63
51, 63
52, 64
52, 64
70, 71
70, 72
70, 73
70, 72
69, 72
68, 72
68, 72
55, 33
54, 33
54, 32
54, 31
53, 31
52, 30
51, 31
50, 32
50, 32
60, 60
59, 60
58, 59
58, 60
57, 60
56, 60
57, 60
56, 60
56, 60
41, 50
40, 51
41, 52
42, 53
43, 52
42, 53
43, 52
43, 51
43, 51
51, 50
51, 51
51, 50
51, 51
51, 50
52, 51
52, 52
51, 53
51, 54
51, 54
39, 28
38, 28
39, 29
38, 30
38, 31
39, 31
40, 32
41, 31
41, 32
41, 32
29, 54
30, 53
30, 52
31, 53
31, 52
32, 51
31, 52
30, 51
31, 51
31, 51
71, 55
71, 54
70, 54
71, 54
71, 55
70, 56
70, 56
34, 59
35, 58
34, 58
34, 57
34, 56
35, 55
36, 55
36, 56
36, 57
36, 57
53, 42
53, 43
54, 44
53, 43
54, 43
53, 44
52, 45
52, 46
51, 46
50, 47
50, 47
26, 53
27, 53
28, 52
28, 51
27, 50
28, 49
27, 49
27, 48
28, 47
27, 47
27, 47
61, 63
60, 64
61, 63
62, 63
61, 62
62, 61
62, 61
52, 49
52, 48
51, 47
52, 47
51, 47
51, 47
29, 48
30, 49
29, 49
30, 50
31, 51
31, 50
30, 49
31, 49
32, 50
33, 50
33, 50
59, 60
60, 60
61, 59
62, 58
61, 59
60, 58
59, 59
60, 59
60, 59
63, 62
62, 62
61, 61
60, 62
59, 61
60, 60
60, 60
25, 41
25, 40
25, 39
26, 40
25, 39
26, 40
26, 40
32, 52
33, 51
34, 52
33, 53
33, 52
32, 52
32, 53
33, 52
33, 52
42, 51
41, 51
41, 52
41, 53
40, 53
40, 54
40, 54
58, 67
57, 67
56, 68
56, 67
55, 66
56, 67
55, 68
55, 67
54, 66
54, 66
51, 48
52, 47
51, 48
51, 49
50, 48
50, 48
49, 47
49, 46
48, 45
49, 44
49, 45
50, 45
51, 45
51, 46
50, 47
51, 46
51, 46
33, 51
34, 52
35, 52
34, 53
33, 54
34, 54
35, 54
36, 55
36, 54
36, 54
57, 61
56, 61
56, 60
56, 61
57, 60
58, 60
58, 60
51, 61
51, 60
52, 60
52, 59
52, 58
51, 58
50, 58
49, 59
49, 60
49, 60
51, 48
51, 49
52, 49
52, 50
53, 51
52, 52
51, 52
50, 52
50, 52
32, 81
31, 80
31, 81
32, 81
32, 80
33, 79
33, 80
32, 81
32, 81
56, 77
57, 76
58, 75
57, 74
56, 75
57, 76
57, 75
56, 76
56, 75
56, 75
51, 53
52, 54
52, 53
53, 54
52, 53
52, 54
52, 55
51, 56
50, 57
49, 58
49, 58
30, 76
30, 75
29, 76
28, 76
27, 77
26, 78
27, 78
27, 78
70, 57
69, 57
70, 57
70, 56
71, 55
72, 54
71, 53
71, 54
70, 53
70, 54
70, 54
26, 46
27, 45
28, 46
27, 47
27, 48
28, 49
28, 49
40, 31
41, 31
40, 31
41, 30
41, 31
41, 31
53, 63
53, 64
52, 63
51, 64
52, 63
52, 63
55, 61
56, 60
55, 60
54, 61
54, 62
53, 61
52, 62
52, 62
68, 73
68, 74
68, 75
69, 75
68, 75
69, 75
69, 75
37, 56
38, 56
37, 55
38, 54
37, 54
37, 55
38, 56
39, 57
39, 57
51, 32
52, 31
53, 32
54, 33
55, 33
56, 33
56, 33
28, 48
29, 48
30, 49
29, 48
29, 49
28, 48
27, 48
27, 49
26, 50
26, 50
32, 82
33, 82
33, 81
33, 81
51, 49
50, 49
51, 50
52, 50
51, 51
51, 52
51, 52
41, 32
40, 33
39, 33
39, 32
39, 33
38, 33
38, 33
69, 55
68, 56
67, 56
66, 57
67, 57
67, 57
59, 60
58, 61
58, 60
59, 59
60, 59
60, 58
61, 59
62, 58
62, 59
62, 58
62, 58
61, 60
62, 60
62, 61
63, 61
64, 61
63, 60
63, 60
61, 59
60, 60
61, 59
62, 59
61, 60
62, 60
63, 61
63, 62
64, 62
63, 62
63, 62
25, 39
24, 39
25, 39
24, 40
25, 40
25, 40
32, 53
33, 52
33, 51
33, 50
32, 51
33, 51
34, 52
33, 52
32, 51
32, 52
32, 52
52, 64
53, 65
52, 66
52, 65
52, 64
51, 64
52, 64
53, 65
54, 64
54, 65
54, 65
40, 55
39, 56
39, 55
39, 54
39, 55
38, 54
38, 55
37, 54
36, 53
36, 53
55, 65
55, 66
55, 65
56, 64
55, 65
55, 66
56, 66
55, 67
54, 68
55, 68
55, 68
28, 78
27, 79
28, 78
27, 78
26, 78
25, 79
25, 80
26, 80
26, 79
25, 80
25, 80
49, 51
48, 51
47, 51
47, 52
46, 51
45, 51
44, 52
45, 51
46, 50
46, 50
49, 59
50, 58
51, 58
50, 59
49, 60
50, 59
51, 60
51, 60
36, 55
35, 55
35, 54
36, 55
35, 55
36, 55
37, 54
37, 54
55, 34
56, 34
55, 34
55, 35
54, 34
53, 33
52, 34
52, 34
51, 61
52, 60
53, 59
52, 58
52, 59
51, 60
51, 59
51, 58
52, 57
51, 56
51, 56
70, 76
69, 76
70, 76
71, 77
70, 78
69, 78
68, 78
67, 77
67, 77
50, 46
49, 46
50, 47
51, 48
52, 49
53, 50
53, 50
40, 58
41, 59
41, 58
40, 59
40, 58
40, 57
40, 57
48, 60
49, 61
50, 60
49, 60
50, 60
51, 60
51, 60
57, 74
56, 73
57, 74
56, 75
57, 74
58, 75
57, 76
57, 76
52, 60
51, 59
51, 60
50, 59
49, 59
49, 59
50, 57
51, 58
50, 59
49, 60
49, 59
49, 59
26, 80
26, 81
25, 80
26, 79
25, 80
25, 79
25, 78
24, 77
23, 77
24, 78
24, 78
26, 41
27, 40
27, 41
26, 41
26, 40
25, 41
26, 42
27, 41
27, 41
39, 56
38, 56
37, 56
36, 56
35, 55
36, 56
35, 55
36, 56
36, 55
36, 55
62, 61
61, 61
60, 60
61, 60
62, 61
62, 61
55, 64
54, 64
55, 65
56, 66
57, 65
57, 65
63, 61
64, 62
65, 62
65, 63
66, 62
65, 61
64, 60
64, 61
65, 61
65, 60
65, 60
36, 55
35, 54
34, 55
35, 54
34, 53
34, 53
37, 32
36, 32
37, 31
38, 32
37, 33
36, 34
36, 34
68, 76
68, 77
69, 76
68, 76
69, 75
69, 75
50, 60
51, 61
50, 61
49, 61
50, 62
51, 63
52, 64
52, 63
52, 64
52, 64
52, 51
53, 52
52, 53
53, 52
53, 51
53, 51
54, 67
54, 68
54, 69
54, 70
55, 70
55, 70
37, 52
36, 52
36, 53
35, 52
34, 52
34, 51
33, 52
32, 53
33, 53
32, 53
32, 53
33, 52
32, 53
31, 53
32, 54
31, 53
32, 54
31, 55
31, 55
27, 50
26, 50
25, 51
25, 52
24, 52
25, 51
24, 52
25, 51
25, 51
46, 49
45, 49
46, 49
45, 49
46, 48
46, 48
52, 35
51, 34
50, 33
51, 32
51, 33
50, 32
49, 33
49, 33
32, 81
31, 81
30, 82
30, 83
31, 83
30, 84
31, 85
31, 85
58, 76
59, 76
58, 75
59, 74
60, 75
60, 74
60, 73
60, 72
60, 72
66, 57
67, 57
68, 58
69, 57
70, 57
70, 58
71, 59
71, 58
71, 58
61, 58
60, 58
61, 58
60, 57
61, 57
61, 58
62, 58
62, 58
52, 50
51, 50
52, 51
51, 50
52, 51
52, 50
52, 49
51, 48
52, 49
52, 49
35, 34
36, 33
37, 32
36, 33
36, 32
35, 31
35, 30
36, 29
37, 30
37, 30
50, 33
51, 33
50, 34
49, 33
48, 32
49, 32
48, 33
47, 33
47, 34
47, 34
59, 72
60, 73
59, 74
58, 75
59, 75
58, 75
57, 75
58, 76
58, 76
51, 48
52, 48
51, 47
50, 47
51, 47
51, 46
51, 46
37, 56
36, 56
37, 56
36, 56
36, 55
36, 55
26, 40
25, 39
26, 39
27, 39
26, 40
26, 40
32, 85
32, 84
31, 83
30, 83
31, 83
31, 82
31, 82
58, 64
58, 63
57, 63
58, 64
59, 65
60, 66
59, 65
60, 65
60, 65
31, 56
30, 56
31, 56
32, 56
33, 55
34, 54
34, 53
33, 52
33, 52
26, 50
27, 49
28, 48
28, 47
27, 46
27, 46
65, 61
66, 60
65, 59
64, 58
63, 59
64, 58
63, 59
64, 60
64, 60
62, 62
62, 63
61, 64
62, 65
61, 64
62, 64
61, 63
61, 62
61, 62
70, 57
71, 57
72, 56
72, 57
71, 57
71, 58
70, 57
70, 57
70, 74
70, 73
70, 74
69, 73
70, 74
69, 74
69, 74
47, 47
48, 47
47, 48
47, 49
47, 50
48, 50
48, 50
63, 57
64, 58
64, 57
65, 57
66, 56
66, 56
53, 65
54, 64
55, 63
56, 62
56, 61
57, 60
57, 61
57, 61
50, 58
51, 57
52, 58
51, 59
51, 60
52, 60
52, 61
51, 61
51, 61
23, 77
23, 76
24, 75
23, 76
24, 76
25, 75
24, 74
23, 75
24, 74
23, 73
23, 73
54, 69
53, 70
54, 69
53, 69
52, 68
52, 68
34, 54
35, 53
35, 54
34, 54
33, 53
32, 52
31, 53
32, 53
33, 52
33, 52
48, 60
48, 59
47, 59
47, 58
47, 59
48, 58
47, 57
46, 56
46, 56
52, 52
51, 53
50, 53
50, 54
49, 54
49, 54
33, 53
33, 54
32, 55
32, 54
32, 53
32, 53
50, 46
49, 47
50, 47
49, 47
50, 48
49, 47
49, 47
37, 56
36, 57
35, 58
34, 59
34, 60
35, 59
35, 58
36, 58
35, 58
34, 57
34, 57
32, 52
33, 51
32, 51
32, 50
33, 51
33, 51
26, 47
27, 48
26, 47
25, 48
25, 49
24, 50
24, 50
70, 74
69, 73
68, 74
67, 74
66, 75
65, 76
65, 77
66, 78
67, 78
67, 78
49, 53
50, 52
50, 53
49, 53
50, 53
50, 54
49, 55
50, 54
51, 55
52, 55
52, 55
32, 82
31, 83
30, 84
31, 83
31, 84
32, 85
32, 84
33, 83
33, 83
47, 49
48, 49
49, 48
50, 48
49, 49
49, 48
50, 47
50, 47
47, 56
46, 55
46, 54
47, 55
47, 54
47, 54
57, 62
58, 63
59, 62
58, 61
59, 62
58, 63
58, 63
50, 62
51, 61
50, 60
49, 61
50, 60
50, 61
49, 60
48, 59
49, 59
49, 59
67, 56
68, 57
67, 56
68, 56
68, 57
69, 58
70, 59
69, 58
70, 58
71, 58
71, 58
53, 68
52, 67
53, 66
52, 66
53, 66
53, 66
46, 33
46, 32
45, 31
44, 32
45, 31
46, 32
46, 32
27, 39
27, 40
28, 39
27, 40
26, 41
27, 41
28, 42
28, 43
28, 43
37, 31
36, 31
37, 30
37, 31
36, 31
37, 30
37, 30
71, 58
71, 59
70, 59
70, 58
69, 59
69, 59
33, 51
32, 52
33, 52
32, 51
31, 51
30, 50
31, 50
30, 50
30, 50
60, 62
59, 61
60, 62
61, 62
60, 63
60, 63
22, 74
21, 74
22, 75
21, 74
22, 75
22, 75
57, 77
58, 78
58, 79
59, 78
60, 77
60, 78
60, 77
60, 77
64, 61
65, 60
64, 60
64, 59
63, 59
63, 59
59, 66
59, 67
58, 67
57, 67
57, 68
58, 69
57, 69
58, 70
59, 69
58, 70
58, 70
34, 52
33, 53
34, 53
33, 52
33, 53
33, 52
32, 51
33, 50
33, 49
33, 49
32, 50
33, 50
32, 51
31, 50
31, 51
30, 51
30, 52
30, 53
30, 52
30, 52
52, 54
51, 54
50, 53
51, 53
50, 52
51, 52
50, 51
50, 52
50, 53
50, 53
45, 31
46, 30
47, 29
47, 28
46, 27
47, 28
47, 27
46, 27
45, 27
44, 26
44, 26
67, 77
68, 76
69, 76
70, 77
71, 78
70, 79
69, 78
69, 78
29, 49
30, 49
31, 49
31, 48
32, 47
33, 46
34, 45
34, 46
34, 47
34, 47
58, 62
59, 62
60, 62
61, 62
60, 61
60, 61
57, 70
56, 69
55, 68
56, 67
55, 67
56, 67
56, 67
46, 53
45, 53
46, 52
47, 53
46, 52
46, 52
50, 47
50, 46
50, 45
51, 45
52, 46
53, 46
54, 47
53, 47
53, 47
70, 59
71, 60
71, 59
72, 58
73, 57
74, 56
73, 55
73, 55
51, 48
50, 47
50, 48
49, 48
48, 47
49, 47
50, 46
51, 45
52, 44
52, 44
34, 58
35, 59
36, 60
35, 59
35, 60
34, 60
34, 61
34, 60
34, 60
48, 60
49, 61
50, 60
49, 61
49, 60
50, 61
51, 61
52, 62
51, 61
50, 61
50, 61
22, 74
21, 73
20, 74
19, 74
18, 73
17, 72
17, 72
59, 76
60, 75
59, 74
58, 74
57, 75
58, 75
57, 74
56, 74
55, 73
55, 73
53, 65
54, 64
53, 63
52, 62
51, 61
50, 62
51, 61
50, 62
50, 62
64, 59
63, 58
62, 57
63, 56
63, 57
64, 58
65, 57
66, 56
66, 57
66, 57
25, 51
26, 51
26, 50
25, 49
26, 50
27, 49
28, 49
28, 49
70, 58
69, 58
68, 59
69, 59
68, 58
67, 57
67, 56
67, 57
68, 57
68, 57
27, 43
26, 42
27, 42
26, 41
25, 40
26, 40
25, 39
26, 38
25, 38
26, 38
26, 38
34, 52
35, 51
36, 52
36, 51
37, 51
38, 52
38, 51
39, 50
39, 50
59, 63
58, 63
58, 62
59, 61
59, 62
60, 62
60, 63
59, 64
59, 64
34, 84
33, 84
32, 84
32, 84
38, 31
38, 30
37, 29
38, 30
37, 29
38, 30
37, 30
37, 30
54, 48
55, 49
56, 50
57, 52
57, 53
57, 54
57, 55
57, 56
57, 57
57, 58
57, 59
57, 60
57, 61
57, 62
57, 63
57, 64
57, 64
51, 63
52, 64
53, 65
54, 66
55, 67
56, 68
57, 69
58, 70
58, 70
72, 56
71, 57
70, 58
69, 59
68, 60
68, 60
55, 66
55, 66
56, 67
56, 68
56, 68
57, 69
58, 70
58, 69
58, 69
59, 70
60, 71
61, 72
61, 73
61, 73
45, 51
45, 51
46, 52
45, 53
45, 53
46, 54
47, 55
48, 56
49, 57
50, 58
50, 58
68, 77
67, 76
66, 77
66, 77
66, 76
66, 75
66, 75
51, 54
52, 55
53, 56
54, 55
54, 55
55, 56
56, 57
57, 58
58, 59
58, 59
53, 45
54, 46
56, 48
57, 49
58, 50
59, 51
59, 52
59, 53
59, 55
59, 56
59, 57
59, 58
59, 59
59, 60
59, 61
59, 62
59, 62
67, 58
66, 59
65, 60
64, 61
63, 62
63, 62
35, 61
36, 62
37, 63
38, 64
39, 65
40, 66
40, 66
41, 67
41, 67
27, 39
28, 40
29, 41
30, 42
31, 43
32, 44
33, 45
34, 46
35, 47
35, 47
45, 27
44, 27
44, 27
45, 28
46, 29
47, 30
48, 31
49, 32
49, 32
38, 49
38, 49
39, 50
40, 51
41, 52
42, 53
43, 54
44, 55
46, 57
47, 58
48, 59
49, 60
50, 61
51, 62
52, 63
53, 64
54, 65
55, 66
55, 66
29, 50
30, 50
30, 50
31, 51
30, 51
30, 51
31, 52
32, 53
33, 54
34, 55
34, 55
60, 65
61, 66
60, 67
60, 67
61, 68
62, 69
63, 70
63, 70
59, 62
58, 63
57, 64
57, 64
56, 65
55, 66
54, 67
54, 68
54, 69
54, 70
54, 71
54, 71
33, 84
33, 84
34, 85
36, 87
37, 88
38, 89
39, 90
40, 90
41, 90
42, 90
43, 90
44, 90
45, 90
46, 90
47, 90
48, 90
50, 90
51, 90
52, 90
53, 90
54, 90
55, 90
56, 90
57, 90
58, 90
58, 90
31, 53
32, 54
33, 55
34, 56
33, 56
33, 56
34, 57
34, 57
38, 31
39, 32
40, 33
41, 34
42, 35
43, 36
44, 37
45, 38
45, 38
65, 58
64, 59
64, 58
64, 58
63, 59
62, 58
62, 58
62, 59
62, 60
62, 61
62, 62
62, 63
62, 63
33, 46
33, 46
34, 47
35, 48
36, 49
37, 50
38, 51
39, 52
39, 52
40, 53
39, 52
39, 52
40, 53
40, 53
18, 73
19, 74
20, 75
21, 76
21, 76
22, 77
23, 78
24, 79
25, 80
25, 80
56, 72
57, 72
58, 72
59, 72
59, 72
59, 72
59, 72
59, 72
51, 62
52, 63
53, 64
54, 65
55, 66
56, 67
57, 68
57, 68
56, 65
55, 66
54, 67
55, 68
55, 68
54, 69
54, 69
58, 63
57, 64
58, 64
58, 64
57, 65
56, 66
55, 67
54, 68
54, 68
65, 76
66, 77
66, 77
65, 78
64, 79
63, 80
63, 80
54, 67
53, 68
52, 69
52, 70
52, 71
52, 70
52, 70
52, 71
52, 72
52, 71
52, 71
52, 71
36, 48
37, 49
38, 50
39, 51
40, 52
40, 52
64, 61
64, 61
63, 62
62, 63
61, 64
60, 65
60, 65
60, 65
46, 39
47, 40
48, 41
49, 42
50, 43
49, 42
49, 42
50, 43
51, 44
51, 44
42, 68
43, 69
44, 70
45, 71
46, 72
47, 73
48, 74
49, 75
50, 75
50, 75
50, 75
35, 58
36, 59
35, 60
35, 60
36, 61
37, 62
37, 62
59, 60
60, 61
61, 62
62, 63
63, 64
64, 65
65, 66
66, 67
66, 68
66, 69
66, 69
66, 69
26, 79
27, 79
28, 79
29, 79
30, 79
31, 79
32, 79
33, 79
33, 79
33, 79
55, 72
56, 73
57, 74
58, 75
59, 76
59, 76
69, 60
69, 60
69, 61
69, 61
68, 62
68, 64
68, 65
68, 66
68, 67
68, 68
68, 69
67, 70
67, 70
68, 71
67, 70
67, 70
68, 70
68, 70
68, 71
68, 71
57, 71
56, 72
55, 73
54, 74
53, 75
53, 75
60, 73
61, 74
62, 75
63, 76
63, 77
63, 77
51, 59
52, 60
53, 61
54, 62
55, 63
55, 63
61, 64
60, 65
59, 66
58, 67
59, 66
59, 66
58, 67
57, 68
57, 68
57, 89
56, 89
56, 89
55, 88
54, 88
53, 88
52, 88
52, 88
41, 54
42, 55
43, 56
45, 58
46, 59
47, 60
48, 61
49, 62
50, 63
51, 64
52, 65
53, 66
54, 67
55, 68
54, 68
54, 68
55, 69
55, 69
62, 70
61, 70
61, 71
61, 71
60, 70
59, 70
58, 70
57, 70
56, 70
55, 70
54, 70
54, 70
60, 74
59, 74
59, 74
58, 75
57, 76
58, 75
58, 75
58, 75
50, 32
50, 32
51, 33
52, 34
53, 35
54, 36
55, 37
56, 38
57, 38
57, 38
58, 39
58, 39
35, 56
35, 55
35, 55
35, 54
35, 54
36, 55
37, 56
37, 56
56, 69
55, 70
54, 71
53, 72
53, 73
53, 74
53, 75
53, 76
53, 76
38, 57
39, 58
40, 57
40, 57
41, 58
41, 59
41, 59
42, 60
44, 62
45, 63
46, 64
47, 65
48, 66
49, 67
49, 67
59, 74
58, 74
58, 74
58, 73
58, 73
59, 72
60, 72
60, 72
60, 72
60, 72
54, 64
53, 65
52, 66
52, 67
52, 68
52, 68
56, 70
57, 69
57, 69
56, 70
56, 70
57, 71
58, 72
59, 73
59, 74
59, 74
59, 74
59, 74
59, 74
53, 71
53, 71
54, 72
54, 73
54, 74
54, 75
55, 76
55, 76
54, 77
54, 78
54, 79
54, 80
54, 80
33, 79
33, 79
33, 79
33, 79
33, 79
33, 79
52, 43
52, 43
53, 44
54, 45
55, 46
57, 48
58, 49
59, 50
60, 51
61, 52
62, 53
63, 54
63, 54
55, 68
55, 68
54, 68
54, 68
55, 69
56, 70
57, 71
58, 72
58, 72
59, 72
60, 72
60, 72
61, 72
61, 72
59, 66
58, 67
57, 68
56, 69
55, 70
55, 71
55, 72
55, 73
55, 74
55, 74
59, 40
60, 41
62, 43
63, 44
64, 45
65, 46
66, 47
67, 48
68, 49
68, 50
68, 52
68, 53
68, 54
68, 55
68, 56
68, 57
68, 58
68, 59
68, 60
69, 60
69, 60
69, 61
69, 61
68, 62
68, 62
62, 78
62, 78
61, 77
60, 76
59, 75
58, 74
57, 74
57, 75
57, 75
56, 74
56, 74
54, 77
55, 78
56, 79
56, 80
56, 80
55, 81
55, 81
56, 82
56, 82
55, 83
55, 83
56, 82
57, 81
58, 80
58, 80
53, 87
54, 86
55, 85
56, 84
57, 83
58, 82
59, 81
60, 80
61, 79
61, 78
61, 78
55, 71
56, 71
56, 71
56, 71
56, 71
56, 71
56, 71
65, 70
64, 71
64, 70
64, 70
63, 71
62, 72
61, 73
62, 72
62, 72
61, 73
60, 74
60, 74
53, 70
53, 70
54, 70
54, 70
55, 71
56, 72
57, 73
58, 74
59, 75
59, 75
60, 75
60, 75
67, 70
68, 70
68, 70
67, 70
66, 70
65, 70
64, 70
63, 70
63, 70
56, 69
55, 70
55, 70
54, 71
53, 72
52, 73
52, 74
52, 75
52, 76
52, 76
52, 76
41, 51
41, 51
42, 50
42, 50
43, 51
44, 52
44, 53
44, 53
45, 54
45, 54
38, 63
39, 64
40, 65
39, 66
39, 66
40, 67
41, 68
41, 68
54, 76
55, 77
55, 77
56, 78
57, 79
57, 79
58, 80
58, 80
49, 75
49, 75
50, 76
49, 77
49, 77
50, 78
49, 78
49, 78
50, 79
51, 79
52, 79
52, 79
52, 79
59, 77
59, 77
58, 78
57, 78
57, 78
56, 78
56, 77
56, 77
56, 77
64, 79
63, 79
63, 79
64, 78
65, 77
66, 76
67, 75
68, 76
68, 76
68, 75
68, 75
68, 75
55, 72
54, 73
53, 74
53, 75
53, 75
53, 75
55, 78
54, 77
54, 77
53, 78
52, 79
51, 80
51, 80
51, 80
51, 80
51, 80
51, 80
51, 80
66, 64
65, 65
64, 66
63, 67
62, 68
61, 69
60, 70
59, 71
58, 72
57, 71
57, 71
56, 72
56, 71
56, 71
55, 72
55, 72
54, 74
54, 74
55, 73
56, 72
57, 71
57, 71
58, 70
59, 70
60, 70
60, 70
59, 74
59, 73
59, 73
59, 73
59, 73
58, 72
58, 72
59, 73
59, 73
57, 79
57, 79
57, 78
57, 78
58, 78
57, 78
57, 78
58, 78
59, 78
60, 78
60, 78
61, 78
62, 78
63, 78
63, 78
51, 79
51, 79
52, 80
53, 81
54, 82
55, 83
56, 84
57, 85
57, 86
57, 86
58, 85
59, 85
59, 85
59, 81
59, 81
58, 81
57, 81
56, 81
55, 81
55, 81
55, 81
55, 81
59, 72
58, 72
57, 72
56, 72
57, 72
57, 72
56, 71
56, 71
56, 72
56, 72
56, 72
56, 72
56, 72
56, 72
51, 67
51, 67
52, 68
52, 69
52, 69
53, 70
53, 70
54, 71
55, 72
56, 73
57, 74
58, 75
59, 76
59, 76
57, 75
58, 76
58, 77
58, 78
58, 79
58, 80
58, 81
58, 81
62, 55
61, 56
60, 57
60, 58
60, 59
60, 60
60, 61
60, 61
51, 75
51, 75
50, 74
50, 74
51, 75
52, 76
53, 77
54, 78
54, 78
55, 79
54, 78
54, 78
55, 79
55, 79
33, 79
33, 79
33, 79
33, 79
33, 79
33, 79
33, 79
33, 79
33, 79
33, 79
62, 72
62, 72
63, 73
64, 74
65, 75
66, 76
67, 77
67, 77
46, 55
47, 56
48, 57
49, 58
50, 59
50, 59
55, 81
56, 82
57, 82
58, 82
59, 82
60, 82
61, 82
62, 82
63, 82
63, 82
61, 73
62, 72
63, 72
62, 73
62, 73
61, 72
61, 72
62, 72
61, 73
61, 73
61, 73
50, 68
50, 68
51, 69
51, 70
51, 71
51, 72
51, 73
51, 74
51, 74
62, 77
62, 77
63, 78
64, 79
65, 80
66, 80
66, 79
66, 79
67, 80
66, 80
66, 80
67, 80
67, 80
67, 76
66, 77
66, 77
65, 78
64, 79
63, 80
63, 81
63, 81
62, 82
62, 82
62, 71
61, 72
60, 73
59, 74
59, 75
59, 75
42, 69
43, 70
44, 71
45, 72
46, 73
47, 74
48, 75
48, 75
59, 75
59, 75
58, 74
59, 75
59, 75
58, 74
59, 74
59, 74
58, 73
57, 73
57, 73
58, 74
57, 75
56, 75
56, 75
55, 76
55, 75
55, 75
55, 76
56, 75
56, 75
56, 75
59, 74
59, 74
60, 75
61, 76
62, 76
63, 76
64, 76
65, 76
65, 76
65, 76
49, 76
50, 77
50, 78
50, 78
51, 79
52, 79
51, 79
51, 79
52, 80
52, 80
53, 79
53, 79
53, 79
56, 74
55, 75
55, 76
55, 77
55, 77
55, 78
55, 79
55, 80
56, 80
56, 80
57, 81
57, 81
56, 82
56, 82
32, 79
32, 79
33, 80
33, 80
33, 80
33, 80
33, 80
55, 80
54, 79
54, 79
55, 78
55, 77
55, 77
55, 77
55, 77
55, 77
55, 77
55, 77
55, 77
61, 71
62, 72
62, 73
62, 74
62, 75
62, 76
62, 76
62, 76
66, 81
66, 80
66, 80
65, 81
66, 82
66, 82
65, 83
65, 83
65, 83
65, 83
65, 83
65, 83
65, 83
59, 80
60, 79
61, 78
61, 77
61, 76
61, 75
61, 75
61, 75
61, 75
59, 62
59, 63
59, 64
59, 65
59, 66
59, 66
59, 66
50, 75
50, 76
50, 77
50, 76
50, 76
50, 77
50, 77
61, 82
61, 82
60, 81
59, 80
58, 79
58, 78
58, 77
58, 76
58, 75
58, 74
58, 74
63, 83
63, 84
63, 85
63, 86
63, 87
63, 87
58, 75
58, 74
58, 74
58, 73
58, 73
58, 73
58, 73
58, 73
58, 73
57, 74
57, 74
57, 74
62, 77
61, 77
61, 77
61, 76
61, 75
60, 75
60, 75
61, 74
61, 74
51, 79
51, 79
52, 80
51, 81
51, 81
52, 82
53, 83
54, 84
55, 85
55, 85
61, 72
61, 72
62, 73
63, 74
64, 75
65, 75
66, 75
66, 75
66, 75
66, 75
66, 75
66, 75
51, 60
52, 59
52, 59
53, 60
54, 61
55, 62
56, 63
55, 64
55, 64
54, 63
54, 63
55, 64
55, 64
56, 78
56, 79
56, 79
57, 78
58, 78
59, 78
60, 78
60, 78
55, 73
56, 72
56, 72
55, 73
54, 74
53, 74
52, 74
51, 74
51, 74
51, 74
51, 74
51, 74
60, 86
61, 87
62, 88
63, 88
64, 87
64, 87
64, 87
56, 73
57, 74
58, 74
59, 74
59, 73
59, 73
60, 74
61, 74
61, 74
66, 78
65, 79
64, 80
63, 80
62, 80
61, 80
60, 80
59, 80
58, 80
58, 80
52, 75
52, 75
53, 76
54, 77
55, 77
55, 77
56, 78
57, 79
57, 79
58, 67
57, 68
56, 69
56, 70
56, 70
55, 71
55, 72
55, 72
54, 73
54, 74
54, 74
53, 75
53, 75
63, 77
63, 78
63, 79
63, 78
63, 78
63, 79
63, 80
63, 81
62, 80
62, 80
62, 80
56, 74
56, 74
57, 73
58, 72
59, 71
60, 71
60, 71
60, 71
61, 75
61, 75
62, 76
62, 76
61, 77
60, 78
60, 79
59, 78
59, 78
60, 79
60, 80
60, 81
60, 81
65, 86
66, 85
67, 84
68, 83
69, 82
70, 81
71, 81
71, 81
71, 82
71, 82
70, 81
70, 80
70, 80
57, 80
57, 81
57, 82
57, 83
57, 84
57, 84
60, 77
60, 77
59, 76
58, 76
58, 77
58, 77
57, 76
57, 76
54, 80
54, 80
55, 81
56, 82
57, 83
57, 83
56, 84
56, 84
57, 83
57, 83
58, 84
59, 85
60, 86
60, 86
61, 87
61, 87
64, 86
65, 85
66, 84
66, 83
66, 82
66, 81
66, 81
52, 73
53, 72
54, 72
55, 72
56, 72
57, 72
58, 72
58, 72
66, 76
66, 76
65, 77
64, 78
63, 79
62, 80
61, 81
62, 81
62, 81
62, 80
62, 80
62, 80
51, 78
52, 79
53, 80
54, 81
55, 80
55, 80
56, 81
57, 82
57, 82
60, 74
59, 74
58, 74
58, 73
58, 73
57, 74
57, 74
56, 65
57, 66
58, 66
58, 66
59, 67
60, 68
61, 69
62, 70
62, 71
62, 72
62, 72
57, 83
58, 83
59, 83
58, 83
58, 83
58, 84
58, 84
59, 83
58, 84
58, 84
59, 83
60, 83
60, 83
56, 84
57, 83
58, 82
59, 81
60, 80
61, 79
62, 78
62, 78
61, 77
61, 77
33, 80
33, 80
33, 80
33, 80
33, 80
33, 80
33, 80
59, 79
60, 79
59, 80
59, 80
60, 79
61, 79
62, 79
62, 79
56, 76
57, 75
57, 74
57, 74
58, 73
59, 73
59, 73
66, 84
66, 84
65, 85
64, 86
63, 87
63, 88
63, 88
62, 89
62, 89
62, 89
62, 89
62, 89
62, 89
58, 75
59, 76
60, 77
61, 77
62, 77
61, 76
61, 76
62, 77
62, 77
59, 75
59, 76
59, 77
59, 77
59, 77
59, 77
59, 77
58, 78
58, 78
59, 77
58, 77
58, 77
58, 77
60, 73
59, 72
58, 72
57, 72
56, 72
55, 72
56, 72
56, 72
55, 72
54, 72
53, 72
53, 72
65, 77
65, 78
65, 79
66, 78
66, 78
67, 78
67, 78
66, 79
65, 80
65, 80
58, 83
59, 82
59, 81
60, 80
60, 80
59, 79
59, 78
59, 77
59, 76
58, 77
58, 77
58, 77
60, 74
60, 74
61, 75
62, 76
62, 77
62, 78
62, 78
62, 78
62, 78
62, 78
62, 78
58, 81
59, 80
60, 79
61, 78
62, 77
61, 78
61, 78
61, 78
61, 78
61, 79
61, 80
61, 80
61, 80
61, 80
61, 80
61, 80
61, 80
61, 80
61, 80
52, 74
52, 74
53, 75
54, 76
55, 77
56, 78
57, 79
56, 80
56, 80
57, 81
57, 81
62, 86
62, 87
62, 87
62, 88
62, 88
63, 87
62, 87
62, 87
63, 86
63, 86
65, 82
65, 82
64, 82
63, 82
62, 82
61, 82
61, 81
61, 81
61, 81
60, 80
60, 80
59, 81
58, 82
58, 83
58, 83
57, 84
58, 83
58, 83
57, 84
57, 84
61, 79
61, 78
60, 78
60, 78
61, 78
62, 78
62, 78
61, 78
60, 78
60, 78
61, 78
61, 78
59, 72
58, 72
57, 72
56, 72
55, 72
54, 72
54, 72
61, 80
60, 81
59, 82
58, 83
58, 84
58, 85
58, 86
58, 86
56, 75
56, 75
56, 74
56, 74
57, 75
58, 76
59, 76
60, 76
61, 76
61, 76
62, 76
63, 76
63, 76
66, 81
65, 82
65, 82
66, 83
67, 84
68, 85
69, 86
69, 87
69, 86
69, 86
69, 86
62, 78
62, 78
61, 77
60, 76
59, 75
58, 74
57, 73
56, 73
55, 73
55, 73
61, 81
60, 82
59, 83
58, 84
57, 85
57, 85
63, 88
63, 87
63, 86
63, 85
63, 84
63, 83
64, 83
64, 83
63, 82
63, 81
63, 80
63, 80
71, 81
71, 81
72, 81
72, 81
71, 82
70, 83
69, 84
68, 85
67, 86
68, 86
68, 86
67, 87
66, 87
66, 87
63, 73
64, 74
65, 74
65, 74
65, 74
65, 74
65, 74
58, 75
59, 76
60, 77
61, 78
61, 78
62, 79
62, 79
52, 73
53, 74
53, 74
52, 75
51, 76
51, 77
51, 78
52, 78
52, 78
51, 78
51, 78
33, 80
33, 80
33, 80
33, 80
33, 80
32, 80
32, 80
33, 81
33, 81
33, 81
59, 82
58, 81
57, 80
56, 79
55, 78
54, 77
55, 76
55, 76
56, 75
56, 75
56, 75
59, 73
60, 74
61, 73
61, 73
62, 74
62, 75
62, 76
62, 77
62, 77
59, 77
59, 77
60, 76
61, 75
62, 74
63, 73
62, 72
62, 72
61, 73
61, 73
62, 72
62, 72
64, 77
63, 77
63, 77
62, 76
62, 76
63, 77
64, 78
64, 78
52, 79
53, 80
54, 81
55, 82
56, 83
55, 83
55, 83
56, 84
57, 85
58, 85
59, 85
59, 85
60, 81
59, 82
58, 83
57, 84
56, 85
55, 86
55, 85
55, 85
55, 86
55, 87
55, 87
55, 87
61, 73
61, 74
61, 75
61, 76
61, 76
61, 77
61, 76
61, 76
61, 76
63, 79
63, 79
63, 79
64, 78
64, 78
63, 79
63, 79
63, 79
62, 80
62, 80
63, 79
63, 79
62, 77
62, 76
62, 75
62, 74
62, 73
62, 73
62, 73
62, 73
62, 73
58, 85
59, 85
60, 85
61, 85
61, 85
62, 84
62, 84
61, 85
61, 85
58, 84
59, 83
60, 83
60, 83
60, 83
60, 83
60, 83
60, 83
56, 72
57, 71
58, 71
59, 71
60, 71
59, 71
59, 71
60, 71
60, 71
61, 71
61, 71
57, 78
56, 79
55, 78
55, 78
54, 79
53, 80
52, 81
51, 82
51, 81
51, 81
51, 81
62, 79
62, 80
62, 80
61, 79
61, 78
61, 78
62, 79
62, 79
62, 79
63, 86
63, 86
63, 86
63, 86
63, 86
63, 86
63, 86
60, 82
61, 83
61, 83
60, 82
59, 82
58, 82
57, 82
56, 81
56, 81
55, 82
55, 82
63, 78
63, 79
63, 79
64, 80
65, 81
65, 82
65, 82
65, 82
65, 82
65, 82
65, 82
65, 82
57, 76
57, 77
57, 78
57, 79
57, 80
57, 81
57, 82
56, 83
56, 83
57, 83
57, 83
57, 84
57, 84
33, 81
33, 81
33, 81
33, 81
33, 81
33, 81
60, 77
59, 76
58, 76
57, 76
56, 76
55, 76
54, 76
53, 76
53, 76
53, 76
64, 75
63, 76
62, 77
61, 78
61, 78
61, 79
61, 80
61, 81
61, 81
61, 81
61, 81
61, 81
68, 86
68, 86
67, 85
66, 84
65, 83
64, 82
63, 81
62, 80
61, 80
60, 80
60, 80
56, 80
56, 80
55, 81
55, 81
56, 80
57, 79
56, 78
56, 78
55, 79
55, 79
56, 78
57, 78
57, 78
58, 78
57, 79
57, 79
57, 79
59, 85
60, 85
60, 85
60, 86
60, 86
59, 86
59, 86
60, 87
60, 87
59, 88
59, 88
60, 87
60, 86
60, 85
60, 85
62, 79
62, 79
63, 78
64, 77
65, 76
66, 76
67, 76
68, 76
69, 76
69, 76
69, 76
55, 71
55, 71
56, 72
57, 73
58, 74
59, 75
60, 76
61, 77
62, 78
63, 79
64, 80
64, 80
65, 86
64, 85
64, 85
65, 84
65, 83
65, 82
65, 81
66, 80
66, 80
66, 80
58, 79
57, 80
56, 79
56, 80
55, 81
56, 81
57, 80
57, 80
64, 86
65, 86
64, 86
63, 85
62, 84
62, 83
62, 84
63, 84
62, 85
61, 85
61, 85
57, 83
58, 83
59, 84
60, 83
61, 82
61, 82
62, 78
61, 78
60, 77
59, 77
59, 78
58, 78
57, 77
57, 78
57, 78
64, 79
63, 78
63, 77
62, 78
62, 77
63, 77
63, 77
59, 84
58, 84
58, 83
59, 83
59, 82
59, 81
59, 80
58, 79
58, 79
65, 83
64, 82
63, 82
64, 83
64, 82
64, 82
63, 80
63, 81
63, 82
63, 83
62, 83
61, 82
60, 82
60, 83
60, 84
61, 85
61, 85
53, 77
54, 77
55, 76
55, 77
54, 77
53, 78
53, 79
52, 78
52, 79
53, 80
53, 80
60, 70
59, 71
58, 70
58, 71
59, 71
60, 71
61, 72
61, 73
62, 72
63, 71
63, 71
60, 76
61, 77
61, 78
62, 79
63, 80
63, 81
63, 82
63, 82
56, 87
55, 86
55, 87
56, 86
56, 85
55, 84
56, 84
56, 83
57, 84
57, 84
61, 86
60, 86
59, 87
60, 86
61, 85
61, 85
59, 84
59, 83
58, 83
59, 84
60, 84
60, 84
67, 81
66, 82
67, 83
68, 82
68, 83
68, 83
54, 82
54, 81
53, 82
54, 83
55, 82
56, 83
55, 83
54, 82
53, 81
53, 81
52, 81
53, 80
52, 81
51, 80
52, 80
51, 79
51, 78
51, 78
60, 86
59, 86
60, 85
59, 84
58, 84
58, 85
59, 86
59, 85
59, 85
69, 75
70, 76
71, 76
72, 77
73, 78
72, 77
73, 77
72, 77
73, 77
74, 78
74, 78
65, 81
65, 82
64, 81
63, 81
62, 80
62, 80
61, 82
61, 83
62, 82
63, 82
62, 83
63, 83
63, 82
64, 82
65, 83
65, 84
65, 84
61, 73
62, 73
63, 73
62, 72
62, 71
61, 70
61, 70
61, 80
61, 79
62, 80
62, 81
63, 80
62, 81
63, 82
64, 81
64, 81
32, 81
32, 80
31, 81
30, 81
31, 82
30, 81
29, 81
28, 82
27, 81
27, 81
64, 82
64, 83
65, 82
64, 81
65, 82
64, 82
63, 83
62, 84
62, 84
66, 84
67, 83
66, 83
65, 83
66, 82
65, 82
66, 81
66, 81
62, 77
63, 78
62, 79
61, 78
62, 78
61, 79
62, 79
61, 79
60, 78
61, 77
61, 77
62, 85
61, 85
60, 86
60, 87
59, 87
60, 87
61, 88
60, 87
61, 86
62, 87
62, 87
52, 82
53, 83
53, 82
52, 82
51, 81
51, 82
52, 81
51, 81
50, 82
50, 82
56, 79
55, 80
56, 81
56, 80
56, 79
56, 79
62, 84
61, 84
62, 83
61, 83
60, 84
60, 84
58, 77
57, 77
56, 76
55, 76
54, 76
53, 75
54, 74
54, 73
53, 74
54, 74
54, 74
62, 83
62, 84
61, 83
61, 84
62, 85
62, 86
62, 86
61, 69
60, 69
60, 70
60, 69
59, 70
58, 70
59, 70
58, 70
59, 69
59, 69
26, 80
27, 80
28, 80
28, 79
29, 80
29, 80
54, 81
53, 81
52, 82
53, 83
53, 82
52, 83
52, 83
62, 81
61, 80
62, 80
61, 80
62, 80
63, 80
63, 80
59, 84
58, 84
58, 83
57, 84
57, 85
57, 85
60, 84
61, 83
62, 83
63, 83
62, 83
63, 84
63, 85
62, 85
61, 85
61, 86
61, 86
50, 78
49, 79
50, 79
51, 80
52, 81
53, 82
52, 82
52, 82
59, 78
58, 78
58, 79
59, 79
60, 80
60, 79
60, 80
60, 80
63, 80
64, 81
63, 81
64, 81
65, 80
66, 81
65, 82
65, 83
66, 84
66, 84
62, 72
63, 73
63, 72
62, 73
62, 72
63, 73
63, 72
64, 71
63, 72
63, 72
65, 70
64, 71
65, 70
65, 69
66, 68
67, 68
68, 69
68, 70
67, 71
67, 72
67, 72
56, 84
55, 83
54, 84
55, 85
56, 86
55, 85
55, 85
60, 84
61, 84
60, 85
60, 86
59, 86
59, 87
60, 87
61, 88
61, 88
63, 82
64, 81
65, 82
64, 82
63, 81
64, 80
63, 79
62, 78
63, 79
64, 80
64, 80
69, 82
70, 82
70, 81
71, 82
70, 81
71, 82
71, 82
67, 83
68, 82
68, 82
68, 81
68, 80
68, 79
68, 78
68, 78
53, 73
52, 72
52, 72
51, 71
50, 70
49, 69
49, 69
48, 68
48, 68
56, 84
57, 83
57, 83
57, 83
57, 82
57, 81
57, 80
57, 79
57, 78
57, 78
57, 78
56, 84
56, 84
55, 83
54, 82
53, 81
52, 80
52, 80
70, 81
69, 80
68, 79
67, 78
67, 78
67, 78
63, 79
63, 79
62, 78
62, 78
61, 77
60, 76
59, 75
58, 74
57, 73
57, 73
55, 80
54, 81
53, 82
52, 83
51, 84
50, 84
50, 84
50, 84
50, 84
61, 86
61, 86
60, 85
59, 84
59, 84
59, 83
59, 82
59, 82
51, 81
52, 80
52, 80
53, 79
53, 79
53, 79
54, 78
54, 78
61, 83
60, 82
60, 82
60, 82
60, 82
60, 82
58, 70
57, 71
56, 72
55, 73
54, 74
53, 75
52, 76
51, 77
51, 77
59, 83
58, 82
57, 81
56, 80
55, 79
54, 78
53, 77
52, 76
51, 75
51, 75
63, 85
64, 84
65, 83
66, 82
67, 81
68, 80
69, 79
69, 79
52, 83
53, 82
54, 81
55, 80
56, 79
57, 78
58, 77
59, 76
60, 75
61, 74
61, 74
59, 79
59, 79
59, 79
58, 78
58, 78
58, 78
62, 79
62, 79
61, 78
61, 78
60, 77
59, 76
58, 75
58, 75
62, 73
61, 74
60, 75
60, 75
60, 76
60, 76
60, 77
60, 77
60, 77
60, 78
60, 78
60, 87
59, 86
59, 86
59, 85
59, 84
59, 83
59, 82
59, 81
59, 80
59, 79
59, 79
62, 86
62, 85
62, 84
62, 84
62, 84
62, 84
62, 84
62, 84
62, 84
62, 84
62, 84
52, 82
53, 81
54, 80
55, 79
56, 78
57, 77
57, 77
58, 76
59, 75
60, 74
60, 74
61, 77
61, 77
62, 78
62, 78
62, 78
62, 78
30, 80
30, 80
30, 80
31, 80
32, 80
33, 80
33, 80
33, 80
66, 71
65, 70
65, 70
64, 69
64, 69
63, 68
62, 67
61, 66
61, 66
65, 82
64, 83
63, 84
63, 85
63, 86
63, 86
53, 77
52, 76
51, 75
51, 75
50, 74
49, 73
48, 72
48, 72
62, 73
63, 72
64, 71
65, 71
66, 71
67, 71
67, 71
67, 71
67, 71
67, 71
56, 74
55, 75
54, 76
53, 77
52, 78
52, 78
52, 78
57, 77
57, 77
56, 76
55, 75
54, 74
53, 73
52, 72
51, 71
51, 71
68, 78
68, 78
67, 77
67, 77
67, 77
66, 76
65, 75
65, 75
64, 74
64, 74
56, 77
56, 76
56, 75
56, 74
56, 73
56, 73
56, 72
56, 72
56, 71
56, 71
56, 71
59, 77
58, 76
58, 76
58, 76
57, 75
56, 74
55, 73
55, 73
60, 65
59, 64
58, 63
58, 63
57, 62
56, 61
56, 61
59, 75
58, 75
57, 75
56, 75
55, 75
54, 75
53, 75
52, 75
52, 75
32, 79
32, 78
32, 77
32, 76
32, 75
32, 74
32, 73
32, 72
32, 71
32, 71
59, 81
58, 80
57, 79
56, 78
55, 77
54, 76
53, 75
52, 74
52, 74
51, 75
50, 76
50, 76
49, 76
48, 76
48, 76
62, 85
61, 84
60, 83
59, 82
58, 81
57, 80
56, 79
55, 78
55, 78
47, 67
46, 66
45, 65
44, 64
43, 63
43, 61
44, 60
45, 59
46, 58
47, 57
48, 56
47, 57
47, 57
48, 56
49, 55
50, 54
50, 53
50, 52
50, 51
50, 50
50, 50
50, 50
49, 51
48, 52
48, 52
60, 78
61, 77
62, 76
63, 75
64, 74
65, 73
66, 72
67, 71
67, 71
67, 71
49, 83
49, 83
48, 82
47, 81
46, 80
46, 80
45, 79
44, 78
44, 78
52, 76
53, 75
54, 74
55, 73
56, 72
56, 72
61, 77
61, 77
60, 76
60, 76
59, 75
58, 74
57, 73
57, 73
66, 77
66, 77
66, 77
65, 76
64, 75
63, 74
62, 73
61, 72
61, 72
57, 76
56, 77
55, 78
54, 79
53, 79
53, 79
53, 79
67, 77
66, 76
65, 75
64, 74
63, 73
63, 73
62, 72
62, 72
61, 71
61, 71
51, 79
50, 78
49, 77
49, 77
49, 77
48, 76
47, 75
46, 74
45, 73
45, 73
61, 83
60, 82
59, 81
58, 80
58, 80
57, 79
56, 78
55, 77
54, 76
53, 75
53, 75
59, 82
58, 81
57, 80
56, 79
55, 78
54, 77
54, 77
54, 77
51, 74
50, 73
49, 72
48, 71
48, 71
47, 70
47, 70
47, 68
48, 67
49, 66
50, 65
50, 64
50, 63
50, 62
50, 61
50, 60
49, 59
49, 59
49, 59
56, 74
57, 75
57, 75
58, 76
59, 77
60, 78
61, 78
61, 78
62, 78
62, 78
51, 71
52, 72
53, 73
54, 74
54, 74
55, 75
56, 76
56, 76
52, 74
51, 73
51, 73
50, 72
49, 71
49, 71
51, 77
50, 76
49, 75
48, 74
47, 73
46, 72
46, 72
46, 72
33, 70
33, 70
34, 69
35, 69
35, 69
36, 69
37, 69
37, 69
38, 69
39, 69
39, 69
60, 70
59, 69
59, 69
59, 69
58, 68
57, 67
56, 66
55, 65
54, 64
54, 64
55, 60
54, 59
53, 58
52, 57
52, 57
51, 56
50, 55
49, 54
48, 53
47, 52
47, 52
52, 78
51, 77
50, 76
50, 75
50, 75
50, 74
50, 73
50, 73
55, 71
55, 71
55, 71
54, 70
53, 69
53, 69
56, 72
56, 72
55, 71
55, 71
54, 70
54, 70
66, 70
65, 69
64, 68
63, 67
62, 66
62, 66
44, 78
43, 77
42, 76
41, 75
40, 74
40, 74
39, 73
38, 72
37, 71
37, 71
51, 73
50, 72
49, 71
49, 71
48, 70
47, 69
46, 68
46, 68
53, 76
52, 75
51, 74
51, 74
50, 74
50, 74
49, 74
49, 74
49, 74
49, 74
67, 71
66, 71
65, 71
65, 71
65, 71
64, 71
63, 71
62, 71
62, 71
63, 73
63, 73
62, 72
61, 71
60, 70
59, 69
59, 69
46, 72
47, 71
48, 70
49, 69
50, 68
50, 68
50, 68
50, 68
49, 75
50, 74
51, 73
52, 72
52, 71
52, 71
55, 70
55, 70
54, 69
53, 68
52, 67
51, 66
50, 65
49, 64
48, 63
48, 61
49, 60
50, 59
50, 58
50, 57
50, 57
49, 71
49, 71
49, 71
50, 70
51, 69
52, 68
53, 67
53, 67
60, 71
59, 70
58, 69
57, 68
56, 67
55, 66
54, 65
54, 65
53, 64
53, 64
53, 64
56, 79
57, 80
58, 81
59, 82
59, 82
59, 82
48, 52
47, 51
46, 51
45, 51
44, 51
43, 51
42, 51
41, 51
41, 51
49, 72
48, 71
47, 70
47, 70
47, 69
47, 68
47, 67
47, 67
47, 67
60, 68
61, 67
62, 66
63, 65
64, 64
65, 63
66, 62
66, 62
61, 77
61, 77
61, 77
60, 76
59, 75
58, 74
57, 73
56, 72
55, 71
54, 70
54, 70
53, 69
52, 68
51, 67
50, 66
49, 65
49, 65
49, 74
50, 75
51, 75
52, 75
52, 75
52, 75
48, 70
48, 70
47, 69
46, 68
45, 67
44, 66
43, 65
42, 64
41, 63
41, 63
41, 63
38, 70
39, 69
40, 68
41, 67
42, 66
43, 65
43, 65
44, 64
44, 64
55, 69
56, 68
57, 67
58, 66
58, 66
59, 65
60, 64
60, 64
55, 75
55, 75
54, 74
54, 74
54, 74
53, 73
53, 73
62, 71
62, 71
61, 72
61, 72
60, 73
59, 74
58, 75
57, 76
56, 77
56, 77
45, 67
44, 66
44, 66
43, 65
42, 64
41, 63
40, 62
39, 61
39, 61
54, 63
55, 62
55, 62
56, 61
57, 60
58, 59
59, 58
59, 58
52, 66
51, 65
50, 64
50, 62
50, 61
50, 60
50, 59
50, 58
50, 57
50, 56
50, 55
49, 54
48, 53
48, 53
42, 52
43, 53
43, 53
44, 54
46, 54
47, 53
48, 52
49, 51
50, 50
50, 50
50, 50
51, 51
51, 52
51, 52
51, 53
51, 53
58, 81
57, 80
56, 79
55, 78
54, 77
53, 76
52, 75
51, 74
51, 74
50, 73
50, 73
50, 57
49, 56
48, 55
47, 55
46, 55
46, 54
47, 53
48, 52
49, 51
50, 50
50, 50
50, 50
50, 50
49, 51
49, 51
51, 70
50, 69
49, 68
48, 67
47, 66
47, 66
46, 65
46, 65
40, 68
41, 67
42, 66
43, 65
43, 65
44, 64
44, 64
45, 63
46, 62
46, 62
46, 72
47, 71
48, 70
49, 69
50, 68
50, 68
51, 67
52, 66
52, 66
53, 65
54, 64
54, 64
49, 58
49, 57
49, 56
49, 55
49, 55
49, 54
49, 54
49, 54
48, 53
49, 54
50, 55
51, 56
52, 57
52, 57
52, 57
61, 65
60, 64
59, 63
58, 62
58, 62
58, 62
55, 65
56, 66
57, 67
58, 68
59, 69
60, 70
61, 71
61, 71
61, 71
47, 66
48, 67
49, 68
50, 69
50, 69
50, 70
50, 71
50, 71
50, 72
50, 72
49, 54
49, 54
48, 55
48, 55
47, 56
46, 57
46, 57
44, 64
43, 65
42, 66
41, 67
40, 68
40, 68
40, 68
39, 69
38, 70
38, 70
49, 54
50, 55
51, 56
52, 57
52, 57
53, 58
54, 59
54, 59
54, 59
59, 63
60, 64
60, 64
61, 65
62, 66
62, 67
62, 68
62, 69
62, 69
62, 69
65, 61
64, 60
63, 59
62, 58
61, 57
61, 57
59, 55
58, 54
57, 53
56, 52
55, 51
55, 51
61, 71
60, 70
59, 69
58, 68
57, 67
56, 66
55, 65
55, 65
45, 61
45, 59
46, 58
47, 57
48, 56
49, 55
50, 54
50, 53
50, 53
49, 52
48, 51
47, 50
46, 49
45, 48
44, 47
43, 46
43, 46
51, 72
52, 71
52, 70
52, 69
52, 68
52, 68
52, 68
52, 68
52, 68
52, 68
52, 68
49, 67
48, 66
47, 65
47, 65
46, 64
45, 63
45, 63
59, 63
58, 62
57, 61
56, 60
55, 59
54, 58
54, 58
49, 51
50, 52
50, 52
50, 52
51, 53
52, 54
53, 55
53, 55
53, 55
40, 60
41, 59
41, 59
43, 57
44, 56
45, 55
46, 54
47, 53
48, 52
49, 51
50, 50
50, 50
49, 51
49, 51
48, 52
48, 52
47, 53
47, 53
55, 71
56, 72
57, 73
58, 74
59, 75
60, 76
61, 77
62, 78
62, 78
40, 62
39, 61
38, 60
38, 60
38, 60
37, 59
36, 58
36, 58
48, 66
48, 66
48, 66
47, 67
46, 68
45, 69
45, 69
51, 53
50, 52
49, 51
48, 50
47, 49
46, 48
46, 48
46, 48
45, 47
44, 46
44, 46
53, 63
52, 62
51, 61
51, 61
50, 60
49, 59
48, 58
47, 57
46, 56
46, 56
59, 58
58, 57
58, 57
58, 57
57, 56
57, 56
54, 74
55, 75
56, 76
57, 77
58, 78
59, 79
59, 79
59, 79
56, 77
55, 76
54, 75
53, 74
52, 73
51, 72
51, 72
53, 74
53, 73
53, 72
53, 71
53, 70
53, 69
53, 68
53, 67
53, 66
53, 66
48, 68
49, 69
50, 70
50, 70
51, 71
51, 71
52, 72
52, 72
53, 56
53, 56
54, 55
55, 54
56, 53
55, 51
54, 50
53, 50
52, 50
51, 50
51, 50
51, 50
54, 64
53, 63
52, 62
51, 61
51, 61
50, 60
49, 59
48, 58
47, 57
47, 57
38, 70
39, 71
40, 72
41, 73
41, 73
41, 73
54, 59
53, 60
52, 61
51, 62
50, 62
50, 61
50, 60
50, 59
50, 58
50, 57
50, 56
50, 55
50, 54
50, 54
37, 59
37, 59
38, 60
39, 61
39, 61
39, 61
46, 56
46, 56
47, 57
47, 57
48, 58
49, 59
50, 60
50, 60
58, 57
58, 57
58, 57
59, 58
59, 58
60, 59
61, 59
61, 59
53, 57
52, 56
51, 55
50, 54
49, 53
48, 52
48, 52
48, 52
47, 51
47, 51
50, 49
49, 48
49, 48
48, 47
47, 46
46, 45
46, 45
53, 67
54, 66
55, 65
56, 64
56, 64
57, 63
57, 63
61, 68
60, 67
59, 66
58, 65
58, 65
58, 65
58, 65
58, 65
52, 71
52, 71
53, 70
54, 69
55, 68
56, 67
56, 67
48, 54
49, 55
50, 56
51, 57
52, 58
52, 58
51, 73
51, 73
52, 74
53, 75
53, 76
53, 77
53, 77
43, 46
44, 47
45, 48
46, 49
47, 50
48, 51
48, 51
54, 56
54, 56
55, 57
55, 57
55, 57
55, 57
51, 71
50, 70
49, 69
48, 68
47, 67
46, 66
45, 65
44, 64
43, 63
43, 63
52, 65
52, 65
51, 64
51, 64
50, 62
50, 61
50, 60
50, 59
50, 58
50, 57
50, 56
50, 55
50, 54
50, 53
50, 52
50, 51
50, 50
50, 50
46, 57
47, 58
48, 59
49, 60
50, 61
50, 61
51, 62
52, 63
53, 64
53, 64
54, 50
54, 49
54, 48
54, 47
54, 46
54, 45
54, 44
54, 43
54, 43
54, 43
44, 64
43, 65
42, 66
41, 67
40, 67
39, 67
39, 67
38, 67
37, 67
37, 67
62, 78
61, 77
61, 77
60, 76
59, 75
58, 74
58, 74
58, 74
57, 73
57, 73
43, 47
42, 48
41, 49
40, 50
40, 50
39, 51
38, 52
37, 52
36, 52
35, 52
35, 52
44, 68
43, 67
42, 66
42, 66
41, 65
40, 64
39, 63
39, 63
58, 78
57, 77
57, 77
57, 77
56, 76
56, 76
55, 75
54, 74
53, 73
52, 72
52, 72
57, 63
58, 64
59, 65
59, 65
60, 66
61, 67
61, 67
62, 68
63, 69
63, 69
44, 64
45, 65
46, 66
47, 67
48, 67
48, 67
53, 44
52, 45
52, 45
51, 46
50, 47
49, 48
48, 49
48, 49
36, 66
35, 65
34, 64
33, 63
32, 62
31, 61
31, 61
39, 63
40, 62
41, 61
42, 60
42, 60
44, 59
45, 58
46, 57
47, 56
48, 55
49, 54
50, 53
51, 54
51, 54
52, 55
52, 55
52, 55
51, 55
52, 56
53, 57
54, 58
55, 59
55, 59
56, 60
56, 60
56, 60
57, 61
57, 61
53, 77
54, 76
55, 75
56, 74
57, 73
57, 72
57, 71
57, 70
57, 69
57, 69
57, 69
47, 50
46, 49
46, 49
45, 48
44, 47
43, 46
43, 46
43, 46
44, 47
45, 48
46, 49
47, 50
46, 49
45, 48
45, 48
48, 52
49, 53
50, 54
51, 55
52, 56
53, 57
54, 58
54, 58
54, 58
54, 58
40, 60
41, 59
43, 57
44, 56
45, 55
46, 54
47, 53
48, 52
49, 51
50, 50
51, 49
52, 48
52, 48
52, 48
48, 56
49, 55
50, 54
51, 53
52, 52
52, 52
57, 73
56, 72
55, 71
54, 70
53, 69
52, 68
52, 68
51, 67
51, 67
49, 49
48, 48
47, 47
47, 47
46, 46
45, 45
44, 44
43, 43
43, 43
53, 59
54, 60
55, 61
55, 61
56, 62
57, 63
58, 64
59, 65
60, 66
60, 66
60, 66
53, 71
53, 70
53, 69
53, 68
53, 67
53, 66
53, 65
53, 64
53, 63
53, 63
57, 66
56, 67
55, 68
54, 69
53, 70
52, 71
51, 72
51, 72
55, 66
54, 65
53, 64
52, 63
52, 63
52, 63
51, 62
51, 62
62, 60
63, 61
64, 62
65, 63
65, 63
64, 62
63, 61
62, 60
61, 59
61, 59
40, 72
39, 71
39, 71
38, 70
37, 70
37, 70
36, 70
35, 70
34, 70
34, 70
34, 70
34, 51
33, 50
33, 50
32, 49
31, 48
30, 48
29, 48
29, 48
54, 65
55, 66
56, 67
57, 68
58, 69
59, 70
60, 71
60, 71
51, 61
52, 62
53, 63
54, 64
55, 65
56, 66
57, 67
58, 68
58, 69
58, 70
58, 70
55, 57
55, 57
54, 56
53, 55
52, 54
52, 54
52, 54
45, 46
44, 47
43, 48
42, 49
41, 50
40, 51
39, 52
38, 53
37, 54
37, 54
61, 72
61, 73
62, 72
61, 72
61, 73
60, 74
59, 75
58, 75
58, 75
55, 59
56, 59
55, 58
54, 57
53, 57
52, 58
51, 59
51, 59
46, 49
46, 50
45, 50
44, 50
44, 49
43, 50
42, 51
42, 51
53, 53
54, 54
55, 55
56, 54
55, 55
56, 55
57, 54
57, 54
50, 73
49, 73
48, 72
47, 73
48, 72
49, 71
50, 71
50, 70
50, 70
38, 53
38, 52
37, 52
37, 53
38, 53
39, 52
40, 52
41, 53
42, 53
42, 53
51, 63
52, 64
53, 65
52, 65
53, 66
52, 67
53, 66
53, 66
64, 69
63, 69
62, 69
62, 68
61, 69
61, 69
53, 47
54, 48
55, 49
56, 48
57, 47
57, 47
47, 50
48, 51
48, 52
49, 51
48, 51
48, 52
48, 51
48, 52
48, 53
48, 53
60, 59
60, 58
59, 59
58, 60
58, 61
57, 62
56, 62
55, 61
55, 60
55, 60
35, 69
35, 70
34, 71
35, 72
35, 73
36, 74
36, 74
52, 51
53, 51
54, 50
53, 50
52, 50
51, 51
52, 51
51, 50
51, 50
30, 60
30, 61
29, 62
28, 62
28, 61
28, 61
58, 71
57, 72
56, 71
57, 70
58, 70
58, 70
51, 66
52, 67
53, 67
54, 66
55, 66
55, 66
52, 62
51, 61
52, 62
51, 61
52, 62
53, 63
53, 62
53, 62
58, 60
59, 60
58, 61
58, 62
59, 62
59, 61
60, 61
61, 61
60, 60
60, 61
60, 61
30, 49
30, 48
31, 48
30, 48
29, 47
29, 47
60, 67
61, 67
60, 68
59, 69
60, 68
61, 67
61, 66
61, 67
62, 67
62, 68
62, 68
56, 70
57, 71
56, 70
55, 70
54, 70
55, 69
54, 68
53, 69
53, 70
54, 70
54, 70
52, 56
51, 55
52, 54
52, 53
51, 52
50, 53
50, 53
48, 68
49, 68
48, 68
49, 67
50, 68
49, 67
48, 66
49, 65
49, 65
42, 42
41, 42
42, 41
41, 42
42, 41
42, 42
41, 42
42, 43
43, 43
42, 43
42, 43
54, 67
54, 68
53, 67
52, 68
51, 69
52, 70
52, 70
59, 62
59, 61
58, 61
57, 62
56, 61
57, 62
56, 61
56, 61
53, 69
54, 69
53, 69
54, 68
53, 69
53, 69
51, 69
51, 68
50, 68
49, 69
48, 70
48, 71
47, 70
48, 69
48, 69
61, 69
62, 69
63, 68
64, 67
64, 66
65, 65
65, 64
65, 64
49, 54
48, 53
47, 53
48, 53
47, 52
47, 52
55, 61
56, 60
56, 59
55, 58
56, 59
56, 59
43, 42
42, 42
43, 41
44, 40
43, 39
42, 40
43, 39
43, 40
42, 40
43, 39
43, 39
43, 51
44, 52
45, 53
46, 54
46, 55
47, 56
46, 55
45, 54
46, 53
46, 53
29, 46
30, 46
31, 47
31, 48
32, 47
33, 46
33, 47
33, 48
33, 48
51, 51
52, 51
53, 50
52, 51
53, 50
52, 49
53, 49
54, 50
53, 49
53, 48
53, 48
59, 71
58, 72
59, 72
60, 72
61, 71
62, 70
63, 71
62, 70
62, 70
49, 53
48, 54
49, 53
48, 53
49, 54
50, 53
51, 52
51, 51
51, 50
51, 50
36, 73
36, 74
37, 73
36, 73
36, 72
36, 71
36, 71
58, 48
57, 48
57, 49
56, 50
56, 49
56, 49
52, 60
52, 61
53, 62
54, 61
53, 62
52, 63
51, 63
51, 62
51, 61
51, 61
49, 66
50, 65
50, 64
49, 65
50, 65
50, 64
51, 65
50, 66
50, 65
51, 66
51, 66
55, 67
55, 68
54, 68
53, 68
54, 68
55, 67
55, 67
57, 76
58, 75
59, 75
59, 76
58, 77
58, 76
58, 76
62, 68
63, 69
64, 69
63, 68
64, 67
65, 67
64, 66
64, 66
41, 54
41, 55
42, 55
43, 56
44, 55
45, 54
45, 54
27, 61
26, 61
27, 61
28, 60
29, 61
29, 61
57, 55
56, 56
55, 55
54, 55
53, 55
53, 55
54, 62
53, 62
52, 63
52, 62
53, 61
52, 62
51, 62
52, 63
52, 64
52, 64
56, 48
57, 49
56, 49
56, 48
57, 49
56, 50
56, 49
55, 50
55, 50
54, 69
54, 68
54, 67
54, 66
53, 67
53, 68
52, 68
52, 68
44, 54
44, 53
43, 54
44, 53
45, 54
45, 54
64, 65
65, 65
66, 65
66, 66
66, 65
67, 65
68, 66
69, 66
69, 66
53, 69
52, 70
52, 69
51, 69
52, 70
52, 70
62, 69
61, 69
60, 68
61, 68
62, 67
61, 66
62, 67
61, 67
61, 67
63, 66
62, 67
62, 68
63, 69
62, 70
63, 71
64, 71
64, 71
47, 52
48, 53
47, 54
48, 54
49, 54
49, 54
52, 67
53, 67
54, 67
54, 68
55, 67
56, 66
56, 65
57, 64
56, 65
56, 65
55, 66
55, 67
54, 68
53, 67
52, 67
53, 68
52, 68
52, 69
51, 70
51, 70
51, 65
50, 66
50, 67
51, 66
50, 66
50, 66
50, 50
51, 50
51, 51
51, 52
51, 51
50, 50
50, 50
46, 52
47, 51
48, 52
47, 53
48, 52
48, 52
32, 49
33, 50
34, 49
34, 48
34, 47
34, 46
33, 47
32, 48
32, 48
28, 61
28, 60
29, 60
30, 60
31, 61
32, 62
33, 61
33, 62
33, 62
55, 60
54, 60
55, 59
56, 58
57, 57
56, 58
57, 57
58, 56
58, 56
49, 68
50, 67
50, 66
49, 67
48, 67
48, 67
42, 38
41, 37
40, 38
41, 39
42, 39
43, 38
43, 39
43, 40
43, 40
59, 77
58, 76
57, 77
57, 76
58, 75
57, 74
58, 74
59, 75
59, 75
37, 72
36, 72
37, 73
36, 74
35, 73
34, 73
33, 74
33, 73
33, 73
56, 58
56, 59
55, 60
55, 61
56, 62
56, 62
52, 56
51, 57
52, 56
51, 55
52, 55
52, 54
52, 55
53, 56
52, 56
53, 56
53, 56
54, 49
55, 50
54, 49
55, 50
55, 49
54, 49
55, 50
54, 51
54, 51
52, 62
51, 61
51, 62
52, 61
51, 60
51, 60
58, 57
58, 58
59, 57
59, 58
60, 58
60, 57
59, 57
58, 58
58, 58
60, 75
61, 74
62, 74
61, 73
62, 72
62, 71
61, 72
62, 71
62, 71
52, 55
51, 56
52, 55
52, 56
53, 55
54, 56
54, 57
54, 58
53, 58
52, 58
52, 58
49, 53
48, 54
49, 55
50, 56
51, 56
51, 56
50, 49
50, 48
49, 49
49, 48
50, 48
51, 47
50, 47
51, 46
52, 46
52, 46
53, 67
54, 66
55, 67
55, 66
55, 65
56, 64
57, 64
58, 64
58, 63
59, 63
59, 63
50, 60
50, 59
50, 60
49, 59
49, 58
49, 57
50, 58
49, 57
49, 56
48, 55
48, 55
49, 66
48, 65
49, 65
48, 64
47, 64
48, 63
47, 64
48, 64
47, 65
47, 66
47, 66
44, 55
43, 54
43, 55
42, 56
41, 55
41, 54
41, 54
53, 51
54, 51
53, 52
52, 52
51, 53
51, 54
50, 54
51, 53
51, 54
51, 54
31, 49
30, 48
31, 48
31, 47
30, 46
30, 45
29, 46
28, 47
28, 46
29, 47
29, 47
65, 70
66, 71
66, 72
65, 72
64, 73
64, 73
55, 49
55, 50
56, 49
56, 48
57, 47
56, 46
56, 46
60, 68
60, 69
61, 68
62, 67
61, 67
61, 66
61, 67
60, 66
60, 65
60, 64
60, 64
34, 62
35, 63
35, 62
35, 63
36, 64
37, 63
36, 64
37, 65
37, 65
42, 41
42, 42
42, 43
42, 42
43, 43
44, 44
44, 45
44, 44
45, 43
45, 43
50, 65
51, 65
50, 64
51, 63
50, 62
49, 61
49, 61
51, 69
51, 70
52, 70
51, 70
52, 70
52, 70
34, 72
35, 73
36, 74
37, 73
38, 74
39, 73
40, 74
41, 74
41, 74
49, 53
49, 52
50, 53
51, 52
52, 51
53, 52
52, 53
53, 53
53, 53
57, 62
58, 61
59, 60
58, 60
57, 59
56, 59
55, 60
54, 60
55, 61
55, 61
70, 67
69, 68
68, 69
67, 70
68, 69
67, 69
68, 69
68, 69
53, 69
52, 70
52, 69
53, 68
53, 69
53, 69
57, 64
58, 64
58, 65
57, 65
56, 64
55, 64
55, 63
54, 64
54, 64
59, 62
60, 63
59, 62
58, 61
59, 60
59, 60
64, 74
63, 74
62, 75
63, 74
62, 73
62, 73
40, 74
40, 75
40, 76
41, 75
42, 75
42, 75
69, 70
70, 70
71, 71
72, 71
73, 72
72, 71
72, 70
73, 70
73, 69
73, 69
28, 48
27, 49
26, 49
27, 50
26, 49
27, 48
28, 48
28, 48
61, 63
60, 62
61, 61
60, 61
61, 61
61, 61
56, 45
56, 44
56, 43
57, 42
56, 42
56, 42
51, 46
52, 47
52, 46
51, 47
50, 48
51, 47
51, 47
47, 56
48, 56
49, 56
50, 55
49, 54
48, 53
48, 52
47, 51
47, 51
53, 52
52, 51
51, 51
52, 51
53, 52
54, 53
55, 54
56, 53
56, 54
56, 54
52, 54
51, 55
50, 55
51, 55
52, 56
51, 57
52, 58
52, 58
48, 66
49, 67
50, 68
50, 69
51, 70
52, 70
52, 69
53, 70
53, 70
48, 60
49, 60
48, 59
47, 59
48, 60
49, 61
49, 60
50, 59
50, 59
53, 71
52, 71
51, 71
52, 72
53, 73
54, 72
54, 72
54, 62
53, 61
52, 61
51, 60
52, 61
53, 62
53, 62
52, 69
53, 68
52, 67
53, 67
53, 66
52, 66
52, 66
57, 57
58, 56
57, 57
56, 56
55, 56
54, 55
55, 55
55, 56
55, 56
61, 71
60, 70
61, 70
62, 71
61, 72
62, 71
63, 72
63, 72
50, 55
49, 55
48, 54
47, 55
46, 54
47, 53
47, 53
41, 55
42, 56
41, 55
42, 54
42, 53
42, 53
53, 65
52, 64
53, 64
54, 64
53, 65
54, 66
54, 66
45, 42
44, 42
45, 43
44, 43
45, 44
45, 45
45, 45
37, 66
36, 66
35, 66
36, 66
37, 67
38, 67
37, 67
37, 67
53, 57
53, 58
52, 58
53, 58
53, 59
52, 60
51, 60
52, 61
52, 61
60, 61
59, 60
59, 59
60, 58
61, 58
62, 57
61, 56
62, 55
62, 55
41, 74
40, 73
39, 73
38, 73
39, 74
39, 74
53, 71
54, 72
54, 73
55, 74
56, 74
56, 75
56, 75
51, 66
51, 67
52, 67
52, 66
51, 65
51, 64
51, 64
53, 61
54, 61
54, 62
53, 63
54, 63
53, 63
54, 63
54, 63
56, 43
55, 43
55, 42
54, 41
53, 41
52, 42
52, 43
53, 43
54, 42
54, 42
51, 59
51, 58
52, 58
52, 59
53, 59
53, 60
53, 60
52, 46
52, 45
53, 44
54, 43
54, 44
55, 45
56, 45
56, 46
56, 46
48, 54
49, 55
48, 55
48, 54
47, 53
47, 53
63, 74
64, 75
63, 74
62, 75
61, 74
61, 74
60, 59
59, 60
59, 59
58, 59
57, 60
57, 61
56, 61
55, 62
55, 62
55, 72
55, 73
56, 73
57, 73
56, 74
55, 75
55, 76
55, 76
56, 56
56, 57
57, 58
57, 59
58, 60
57, 61
57, 60
57, 60
63, 71
62, 71
62, 72
61, 72
60, 73
60, 74
61, 73
60, 72
61, 72
61, 72
28, 47
29, 47
30, 47
29, 47
29, 48
30, 47
30, 47
47, 50
48, 49
47, 50
47, 51
46, 51
46, 52
46, 53
46, 54
47, 53
47, 53
73, 70
72, 70
71, 70
71, 69
71, 68
70, 67
70, 67
46, 44
45, 43
46, 44
47, 44
47, 45
47, 45
52, 57
53, 57
53, 56
52, 56
52, 55
53, 54
53, 54
38, 66
37, 65
36, 64
37, 65
38, 65
38, 66
38, 65
39, 64
39, 63
40, 62
40, 62
53, 61
54, 62
55, 61
55, 62
55, 63
54, 64
54, 63
53, 63
53, 63
53, 66
52, 65
51, 65
52, 66
52, 67
53, 67
54, 66
53, 65
54, 65
53, 65
53, 65
43, 54
42, 53
42, 54
41, 55
40, 56
41, 57
41, 57
57, 55
57, 56
58, 57
59, 57
58, 56
57, 56
58, 55
58, 54
58, 55
58, 54
58, 54
40, 73
41, 72
40, 73
41, 72
41, 71
42, 71
43, 72
44, 73
44, 73
39, 63
40, 62
41, 61
41, 60
41, 59
41, 60
42, 61
41, 62
40, 62
40, 62
53, 64
52, 65
52, 64
52, 65
51, 64
50, 65
51, 65
51, 64
50, 64
49, 65
49, 65
61, 56
62, 55
63, 54
62, 53
62, 54
62, 54
54, 43
55, 42
56, 41
57, 42
57, 43
58, 42
58, 42
52, 55
53, 54
54, 53
53, 52
54, 51
53, 51
54, 50
55, 49
56, 48
56, 48
70, 68
70, 69
71, 70
72, 71
73, 70
72, 70
71, 70
71, 70
61, 71
60, 72
60, 73
59, 72
58, 72
57, 72
57, 71
57, 71
54, 62
55, 61
54, 62
53, 62
54, 63
55, 62
55, 62
46, 46
47, 47
48, 47
47, 48
48, 47
49, 48
48, 49
48, 48
48, 49
49, 48
49, 48
52, 64
53, 64
53, 63
54, 63
55, 64
56, 64
55, 65
54, 64
53, 64
53, 64
56, 76
55, 76
55, 75
56, 76
56, 75
55, 74
56, 73
56, 73
48, 53
47, 53
46, 53
45, 53
45, 52
45, 52
57, 47
57, 48
56, 48
57, 48
57, 47
58, 48
59, 47
60, 48
60, 47
60, 46
60, 46
58, 55
58, 56
57, 55
58, 56
57, 56
56, 57
56, 57
60, 74
61, 74
61, 75
61, 74
62, 74
63, 73
63, 73
58, 60
59, 59
59, 60
58, 59
58, 60
57, 59
56, 60
57, 60
56, 59
56, 60
56, 60
29, 48
29, 47
30, 48
31, 49
32, 49
32, 50
31, 49
30, 49
31, 50
31, 50
50, 64
50, 65
49, 64
50, 65
51, 64
51, 63
50, 62
51, 63
51, 63
48, 54
49, 53
49, 54
50, 55
49, 56
48, 57
47, 56
46, 55
47, 55
46, 54
46, 54
54, 60
55, 59
56, 60
55, 59
56, 60
56, 59
55, 58
55, 59
55, 59
54, 65
55, 64
54, 64
53, 63
52, 62
53, 61
54, 62
53, 63
54, 62
54, 62
55, 76
55, 75
54, 76
55, 75
54, 75
54, 75
40, 57
40, 58
39, 57
38, 57
37, 57
38, 56
38, 56
64, 74
65, 74
64, 73
65, 73
66, 72
67, 72
68, 73
68, 73
55, 72
56, 73
55, 73
54, 73
53, 74
53, 74
57, 57
56, 57
55, 57
55, 58
56, 58
56, 59
55, 60
56, 60
55, 61
54, 61
54, 61
56, 63
55, 64
54, 63
54, 62
54, 63
54, 63
57, 70
57, 69
58, 68
59, 69
58, 68
57, 68
56, 67
57, 67
58, 67
58, 67
61, 55
62, 56
63, 55
64, 54
63, 53
64, 54
63, 55
63, 56
63, 55
63, 56
63, 56
53, 63
52, 63
53, 63
52, 63
53, 63
53, 64
53, 64
50, 64
51, 65
50, 64
51, 64
51, 63
50, 64
50, 65
50, 65
44, 52
43, 51
44, 50
44, 49
44, 50
44, 51
43, 52
43, 52
46, 55
46, 56
47, 57
46, 56
46, 55
46, 56
47, 57
47, 57
45, 73
44, 72
45, 73
45, 72
46, 73
47, 72
48, 72
49, 73
49, 73
70, 69
70, 70
70, 69
69, 69
70, 69
70, 69
48, 64
49, 65
49, 66
50, 67
51, 68
52, 67
52, 68
51, 68
51, 68
57, 48
56, 49
57, 48
56, 48
57, 47
56, 46
55, 45
55, 44
55, 44
55, 60
56, 61
57, 60
56, 59
55, 59
55, 60
55, 60
55, 75
54, 75
55, 75
56, 76
55, 75
54, 74
55, 74
55, 73
56, 72
57, 71
57, 71
52, 65
52, 66
52, 67
51, 66
51, 65
50, 65
50, 66
50, 67
51, 68
52, 68
52, 68
55, 60
55, 59
56, 59
55, 60
54, 61
54, 60
53, 59
52, 59
52, 59
41, 61
40, 62
41, 61
41, 62
41, 63
41, 64
41, 63
40, 62
41, 62
42, 61
42, 61
31, 49
30, 48
31, 49
30, 49
31, 49
32, 48
32, 49
33, 49
33, 50
34, 50
34, 50
57, 41
56, 42
55, 42
56, 42
57, 42
58, 41
59, 40
59, 40
59, 47
60, 47
59, 48
60, 48
59, 49
58, 48
57, 49
57, 49
37, 55
38, 56
37, 56
36, 57
37, 56
36, 56
36, 56
48, 49
48, 50
49, 49
49, 48
50, 47
51, 46
50, 46
50, 46
41, 62
41, 63
41, 64
42, 65
43, 64
43, 64
54, 60
55, 61
55, 60
55, 59
56, 60
56, 60
55, 43
55, 42
56, 41
57, 41
58, 40
58, 39
59, 39
60, 39
60, 39
37, 55
38, 54
39, 55
38, 54
37, 54
36, 55
36, 55
52, 75
52, 76
53, 75
53, 74
54, 75
55, 76
56, 77
56, 78
57, 78
57, 78
53, 58
54, 58
55, 57
55, 58
55, 57
55, 57
48, 74
47, 75
46, 74
45, 75
44, 74
43, 75
44, 74
45, 75
44, 74
44, 74
50, 64
49, 64
48, 65
49, 66
50, 67
50, 67
58, 49
59, 50
60, 49
60, 48
59, 49
58, 49
58, 48
58, 47
59, 48
60, 47
60, 47
67, 73
68, 74
68, 75
69, 76
70, 77
71, 76
72, 77
71, 77
71, 77
58, 41
57, 40
58, 39
57, 39
56, 39
55, 38
54, 39
54, 39
53, 65
53, 64
52, 64
52, 63
53, 64
53, 64
71, 68
72, 68
71, 69
70, 68
71, 67
71, 68
71, 69
70, 69
70, 69
50, 69
50, 68
51, 69
52, 69
51, 68
52, 67
51, 68
50, 68
50, 68
56, 60
55, 60
54, 60
53, 59
53, 58
52, 58
52, 57
53, 58
54, 57
54, 57
51, 45
52, 44
52, 45
51, 45
51, 44
51, 43
51, 43
53, 63
52, 63
51, 62
51, 63
51, 64
52, 63
51, 62
52, 62
52, 61
53, 60
53, 60
57, 72
56, 71
55, 72
55, 73
56, 73
56, 74
56, 74
43, 53
44, 54
45, 54
44, 55
43, 54
42, 53
42, 54
43, 53
42, 53
41, 53
41, 53
64, 57
64, 58
65, 57
65, 56
66, 56
67, 57
68, 58
68, 58
58, 66
59, 67
60, 66
60, 65
59, 64
60, 64
61, 64
62, 64
61, 64
61, 64
33, 50
32, 50
31, 49
32, 50
32, 51
32, 52
33, 53
33, 54
33, 53
34, 52
34, 52
47, 58
48, 57
47, 56
47, 57
48, 56
48, 55
49, 56
49, 56
51, 68
50, 67
49, 67
50, 66
51, 65
50, 66
51, 66
50, 66
50, 66
42, 54
42, 55
42, 56
43, 55
43, 54
44, 54
44, 54
35, 56
34, 56
33, 56
34, 57
33, 56
33, 56
54, 59
55, 59
54, 59
53, 59
52, 59
53, 60
53, 61
52, 62
52, 62
43, 63
42, 63
43, 63
42, 63
41, 63
41, 64
41, 63
41, 63
33, 53
34, 53
33, 53
32, 53
31, 52
30, 53
30, 54
30, 54
51, 44
52, 44
52, 45
51, 45
51, 46
50, 46
49, 47
49, 48
49, 47
49, 47
60, 64
61, 64
62, 63
63, 64
64, 65
64, 66
64, 66
68, 59
67, 58
67, 57
67, 56
68, 57
67, 56
66, 56
65, 56
66, 57
67, 58
67, 58
56, 58
55, 58
54, 58
55, 59
55, 58
55, 59
55, 58
56, 58
56, 59
56, 59
50, 69
51, 69
50, 68
49, 68
49, 67
49, 67
61, 46
62, 46
62, 45
61, 45
61, 46
61, 45
62, 45
61, 46
61, 45
61, 45
55, 57
56, 58
56, 59
57, 60
56, 60
55, 59
56, 59
57, 58
57, 58
51, 67
50, 68
51, 68
52, 68
53, 67
54, 66
53, 67
53, 67
72, 78
71, 79
72, 78
73, 77
73, 76
73, 77
73, 77
48, 55
47, 55
48, 56
47, 57
48, 56
49, 57
50, 57
51, 56
51, 56
55, 74
54, 73
54, 72
55, 73
56, 74
57, 75
58, 76
57, 77
56, 78
56, 79
56, 79
44, 73
43, 74
44, 75
44, 74
44, 73
43, 74
43, 73
42, 72
43, 73
43, 72
43, 72
55, 59
55, 60
56, 61
56, 62
56, 61
57, 61
58, 62
57, 61
57, 61
49, 68
50, 68
49, 67
50, 66
49, 67
50, 66
51, 66
51, 66
69, 70
70, 69
71, 68
71, 67
72, 68
71, 67
70, 67
70, 66
70, 67
70, 66
70, 66
57, 79
56, 79
56, 80
56, 81
56, 80
56, 79
57, 78
56, 79
55, 79
54, 79
54, 79
53, 40
53, 41
54, 42
55, 42
56, 41
56, 42
55, 41
54, 42
54, 42
61, 40
61, 39
62, 39
63, 38
62, 37
61, 36
61, 36
54, 65
53, 64
53, 63
53, 62
54, 63
54, 63
60, 46
60, 47
61, 48
60, 47
61, 46
61, 47
60, 47
60, 47
53, 78
54, 77
53, 78
54, 79
54, 78
53, 79
53, 78
52, 79
52, 79
32, 57
33, 58
32, 57
33, 58
34, 59
33, 60
33, 61
33, 62
32, 61
33, 61
33, 61
52, 68
53, 68
52, 68
51, 69
50, 69
51, 68
50, 69
50, 68
50, 68
62, 37
61, 36
61, 37
62, 36
61, 37
62, 36
63, 37
64, 37
64, 37
31, 55
30, 56
31, 57
30, 57
29, 58
30, 58
29, 58
30, 58
30, 57
30, 56
30, 56
56, 58
56, 57
55, 57
54, 57
53, 56
54, 56
53, 56
53, 57
53, 57
50, 68
50, 67
49, 68
50, 69
50, 68
51, 68
52, 67
53, 68
53, 68
56, 62
55, 63
54, 62
55, 62
56, 62
57, 63
58, 62
58, 61
59, 61
60, 61
60, 61
44, 55
43, 54
44, 54
45, 53
44, 54
45, 53
46, 53
47, 54
47, 55
47, 55
51, 57
52, 58
52, 57
52, 58
52, 59
53, 60
53, 60
52, 61
53, 60
54, 60
53, 59
53, 60
53, 60
43, 73
42, 72
41, 72
42, 73
41, 72
41, 71
41, 71
56, 58
55, 58
54, 59
54, 58
54, 57
55, 58
54, 57
53, 56
53, 57
53, 57
55, 64
56, 64
55, 65
54, 64
53, 65
53, 65
41, 62
41, 61
40, 62
41, 63
40, 64
39, 64
39, 63
38, 62
38, 62
68, 59
68, 60
69, 60
69, 59
70, 60
69, 59
69, 60
69, 61
69, 60
70, 60
70, 60
56, 80
57, 81
58, 81
57, 81
58, 81
58, 81
50, 67
51, 67
51, 68
50, 69
50, 70
50, 69
50, 70
50, 70
65, 66
65, 65
66, 66
67, 67
68, 66
67, 65
67, 66
67, 66
71, 67
70, 67
71, 67
71, 66
72, 66
73, 67
72, 68
71, 67
71, 67
49, 48
50, 49
51, 49
50, 50
49, 51
48, 50
48, 51
48, 51
73, 78
72, 78
72, 79
73, 78
72, 77
72, 78
71, 77
70, 76
69, 76
70, 76
70, 76
53, 41
53, 40
52, 41
52, 42
53, 43
54, 43
53, 44
53, 45
53, 45
38, 63
38, 64
39, 63
38, 64
38, 63
37, 64
38, 63
38, 63
51, 69
51, 68
50, 67
49, 68
50, 69
50, 69
60, 48
59, 48
59, 49
58, 48
59, 47
58, 47
59, 47
60, 47
59, 48
60, 49
60, 49
31, 55
31, 54
30, 53
29, 53
28, 52
27, 52
27, 53
28, 52
29, 52
29, 51
29, 51
49, 68
48, 69
49, 68
50, 67
49, 67
48, 67
48, 66
47, 65
48, 66
49, 65
49, 65
63, 36
64, 36
65, 36
65, 35
65, 34
65, 34
52, 57
51, 56
51, 55
51, 54
52, 53
52, 54
52, 55
53, 56
54, 55
54, 55
47, 50
46, 49
47, 48
48, 48
47, 48
47, 48
52, 46
52, 47
53, 47
54, 46
54, 45
55, 45
55, 44
55, 43
55, 44
55, 45
55, 45
58, 82
57, 82
57, 81
57, 80
56, 79
56, 79
54, 61
54, 62
53, 62
52, 61
51, 62
52, 62
52, 61
52, 61
67, 65
66, 65
65, 66
64, 66
63, 67
63, 68
62, 67
61, 68
61, 67
61, 67
70, 68
69, 67
68, 66
67, 67
68, 66
68, 67
67, 68
68, 67
68, 67
40, 72
39, 72
40, 72
39, 72
38, 71
37, 71
36, 72
37, 72
36, 73
36, 73
54, 60
55, 61
54, 60
54, 59
55, 60
54, 60
54, 61
53, 62
52, 62
51, 62
51, 62
32, 60
33, 61
33, 60
34, 60
34, 59
34, 58
33, 59
34, 59
33, 58
33, 58
54, 67
53, 67
52, 67
53, 68
54, 67
54, 67
69, 77
70, 78
70, 79
71, 79
72, 80
72, 80
71, 59
71, 60
70, 60
69, 60
68, 61
68, 61
48, 54
48, 55
48, 54
47, 55
46, 54
45, 53
46, 52
45, 53
46, 53
46, 53
59, 62
58, 63
58, 64
57, 63
57, 64
58, 63
57, 63
56, 64
57, 64
57, 64
54, 56
54, 57
53, 56
52, 56
52, 55
53, 54
54, 54
54, 55
55, 54
55, 54
51, 80
51, 79
51, 78
51, 77
52, 76
51, 77
51, 77
52, 66
51, 67
52, 67
53, 67
54, 66
55, 65
55, 64
55, 64
45, 54
45, 53
46, 54
45, 54
44, 55
45, 54
44, 53
44, 54
44, 54
56, 44
56, 43
57, 44
56, 45
55, 44
56, 45
55, 44
55, 44
55, 66
54, 66
53, 67
52, 68
52, 67
53, 68
54, 67
54, 68
54, 68
34, 57
35, 57
34, 56
33, 57
34, 58
34, 58
57, 80
57, 81
56, 82
56, 81
55, 80
54, 81
53, 82
53, 82
35, 73
34, 72
33, 73
34, 72
33, 71
32, 70
33, 71
34, 70
34, 69
34, 69
54, 54
53, 54
54, 55
54, 54
53, 53
53, 52
52, 52
52, 52
59, 48
58, 49
57, 48
57, 47
58, 48
57, 49
56, 49
55, 49
54, 50
54, 50
66, 34
65, 34
64, 35
65, 36
64, 35
65, 34
64, 33
64, 33
55, 65
55, 64
54, 65
54, 64
54, 63
53, 62
53, 62
62, 68
61, 68
62, 67
63, 66
63, 67
63, 66
64, 67
64, 67
28, 50
28, 51
27, 51
27, 50
28, 49
28, 48
27, 48
27, 48
48, 49
49, 50
49, 51
48, 52
47, 53
47, 52
46, 53
46, 54
47, 55
47, 56
47, 56
71, 80
70, 81
71, 82
71, 81
70, 82
70, 81
71, 82
71, 83
70, 82
69, 81
69, 81
69, 66
68, 66
67, 67
68, 68
69, 69
68, 68
68, 68
39, 62
39, 61
40, 60
41, 60
40, 61
39, 61
39, 62
40, 61
41, 60
41, 60
56, 63
55, 63
54, 63
54, 62
53, 63
53, 64
54, 64
55, 64
54, 65
54, 65
55, 56
54, 57
53, 56
53, 57
54, 58
54, 57
53, 57
53, 58
53, 59
53, 59
50, 64
51, 65
50, 64
50, 65
50, 64
49, 64
49, 65
49, 66
49, 66
51, 63
51, 64
50, 65
49, 65
50, 66
51, 65
52, 65
52, 65
69, 60
68, 61
68, 62
67, 62
68, 61
67, 62
66, 61
66, 61
53, 60
54, 60
53, 61
52, 60
53, 61
53, 61
49, 70
50, 69
51, 68
51, 69
50, 69
50, 69
52, 76
52, 75
51, 75
50, 76
50, 75
49, 76
50, 75
51, 75
51, 75
35, 59
36, 60
37, 61
38, 62
39, 63
39, 63
39, 63
54, 62
55, 63
56, 63
56, 63
57, 64
58, 65
59, 66
60, 67
61, 68
62, 69
63, 70
63, 70
63, 70
50, 67
51, 68
52, 69
53, 70
54, 71
53, 70
53, 70
53, 70
53, 66
54, 67
55, 68
56, 69
57, 70
58, 71
59, 72
59, 72
55, 69
56, 70
57, 69
57, 69
58, 70
59, 71
60, 72
60, 72
54, 60
55, 61
56, 62
57, 63
58, 64
59, 63
59, 63
60, 64
61, 65
61, 66
61, 66
60, 66
60, 66
60, 66
42, 61
44, 63
45, 64
46, 65
47, 66
48, 67
49, 68
49, 69
49, 69
50, 70
51, 71
52, 72
53, 73
54, 74
54, 74
67, 62
69, 64
69, 65
69, 66
69, 67
69, 68
69, 69
69, 70
69, 70
69, 70
69, 70
69, 70
69, 70
69, 70
69, 70
69, 70
69, 70
69, 70
35, 70
36, 71
35, 72
35, 72
36, 71
37, 71
38, 71
39, 71
40, 71
41, 71
41, 71
55, 43
55, 43
56, 44
57, 45
59, 47
60, 48
61, 49
62, 50
63, 51
64, 52
66, 54
67, 55
68, 56
69, 57
70, 58
70, 59
70, 60
70, 61
70, 62
70, 64
70, 65
70, 66
70, 67
70, 68
70, 69
70, 69
43, 53
43, 53
44, 54
45, 53
45, 53
46, 54
47, 55
47, 54
47, 54
47, 54
28, 49
29, 50
30, 51
31, 52
32, 51
32, 51
33, 52
34, 52
34, 52
35, 53
36, 54
36, 54
65, 34
65, 34
66, 35
66, 37
66, 38
66, 39
66, 40
66, 41
66, 42
66, 43
66, 44
66, 45
65, 45
65, 45
66, 46
66, 47
66, 47
55, 66
56, 67
57, 68
58, 69
59, 70
59, 70
51, 76
51, 76
51, 77
51, 77
52, 77
52, 77
52, 78
52, 78
53, 79
53, 79
52, 78
52, 78
52, 78
56, 52
57, 53
58, 54
59, 55
60, 56
61, 57
62, 58
63, 59
64, 60
64, 61
64, 62
64, 63
64, 64
64, 65
64, 66
64, 67
64, 67
51, 70
52, 71
53, 72
53, 73
53, 74
53, 75
53, 76
53, 77
53, 77
53, 53
54, 54
55, 55
56, 56
57, 57
58, 58
59, 59
60, 60
59, 60
59, 60
60, 61
60, 61
67, 69
66, 70
65, 69
65, 69
64, 70
63, 71
62, 72
62, 73
62, 74
62, 75
62, 75
70, 80
70, 79
70, 78
70, 77
70, 76
70, 75
70, 75
70, 74
70, 75
70, 75
69, 76
69, 76
69, 76
54, 81
53, 80
53, 80
54, 79
55, 78
56, 77
57, 76
57, 76
58, 76
57, 77
57, 77
58, 76
59, 76
59, 76
65, 68
66, 69
67, 70
68, 71
68, 72
68, 73
68, 74
68, 75
68, 76
68, 77
68, 77
54, 63
55, 64
56, 65
57, 66
56, 66
56, 66
57, 67
58, 68
59, 69
60, 70
60, 70
48, 57
49, 58
50, 59
50, 60
50, 60
51, 61
51, 60
51, 60
51, 60
60, 77
61, 78
62, 79
62, 79
61, 80
61, 81
61, 81
61, 81
61, 81
61, 81
61, 81
60, 73
61, 74
61, 75
61, 75
61, 75
61, 75
61, 75
61, 75
61, 75
61, 75
61, 75
39, 64
39, 64
40, 65
41, 66
42, 67
43, 68
43, 68
52, 61
53, 62
54, 63
55, 64
56, 65
57, 66
58, 67
58, 67
59, 67
58, 68
57, 69
56, 70
56, 71
56, 71
59, 73
60, 73
60, 73
59, 74
59, 74
58, 75
57, 75
57, 75
58, 74
58, 74
57, 75
57, 75
52, 71
51, 72
51, 73
51, 74
51, 75
51, 76
51, 77
51, 78
51, 78
61, 69
61, 69
60, 70
60, 71
60, 72
60, 73
60, 74
60, 75
60, 76
59, 76
59, 76
59, 76
37, 55
38, 56
39, 57
40, 57
40, 57
41, 56
41, 56
42, 57
44, 59
45, 60
46, 61
47, 62
48, 63
49, 64
49, 64
61, 76
60, 77
59, 78
58, 79
57, 80
56, 81
56, 81
62, 71
61, 72
60, 73
59, 74
58, 75
57, 76
58, 76
58, 76
57, 77
56, 78
56, 78
53, 74
53, 74
54, 74
55, 74
56, 74
56, 74
57, 74
58, 74
59, 74
58, 75
58, 75
58, 74
58, 74
59, 75
59, 75
59, 75
61, 62
60, 63
60, 63
61, 64
62, 65
62, 66
62, 66
53, 79
54, 80
55, 81
55, 82
55, 83
55, 84
55, 85
55, 86
55, 87
54, 88
54, 88
54, 88
70, 70
70, 71
71, 70
71, 70
70, 71
70, 72
70, 73
70, 74
69, 74
69, 74
68, 74
68, 74
69, 75
69, 75
54, 76
55, 75
56, 75
57, 75
58, 75
59, 76
59, 76
59, 77
59, 77
60, 76
61, 75
61, 75
60, 71
61, 72
62, 73
63, 74
63, 73
63, 73
64, 74
65, 75
66, 76
67, 77
68, 78
68, 78
42, 72
43, 73
44, 74
44, 74
45, 75
45, 74
45, 74
46, 75
47, 76
48, 77
49, 78
49, 78
65, 48
63, 50
62, 51
61, 52
60, 53
59, 54
58, 55
57, 56
56, 57
55, 58
54, 59
53, 60
53, 61
53, 62
53, 62
68, 76
68, 76
67, 75
66, 74
65, 75
65, 75
64, 74
63, 73
64, 73
64, 73
64, 73
68, 71
67, 72
66, 73
65, 73
65, 73
64, 74
63, 75
63, 75
46, 55
46, 55
47, 56
46, 55
46, 55
46, 56
46, 56
47, 57
47, 57
46, 57
46, 57
47, 57
47, 57
48, 58
48, 58
63, 68
62, 69
61, 70
60, 71
59, 72
59, 72
69, 76
69, 75
69, 75
69, 75
70, 76
70, 76
69, 75
69, 75
70, 75
70, 75
70, 75
50, 65
51, 64
51, 64
52, 65
53, 66
54, 67
55, 68
55, 68
59, 68
60, 69
61, 70
62, 71
62, 72
62, 72
70, 74
70, 74
69, 75
68, 76
67, 77
66, 77
66, 77
49, 59
49, 59
50, 60
51, 61
51, 61
52, 62
53, 63
54, 64
55, 65
56, 66
56, 66
62, 74
63, 73
64, 72
65, 72
66, 72
67, 72
68, 72
68, 72
68, 72
62, 74
63, 73
63, 72
63, 71
64, 72
64, 72
65, 73
65, 73
64, 72
64, 72
59, 76
59, 75
59, 75
59, 76
59, 77
58, 76
58, 76
59, 77
59, 77
59, 76
59, 76
59, 75
59, 75
59, 74
59, 74
59, 74
52, 79
53, 79
54, 79
55, 79
56, 79
57, 79
57, 79
60, 80
59, 79
58, 78
57, 77
56, 76
55, 75
54, 74
53, 73
52, 72
52, 72
52, 72
58, 75
58, 74
58, 74
57, 73
56, 72
55, 72
55, 72
56, 75
55, 75
54, 75
53, 75
52, 75
52, 75
54, 63
55, 64
56, 65
57, 66
57, 67
57, 67
50, 79
51, 80
52, 81
53, 82
54, 83
55, 84
56, 85
57, 86
58, 87
59, 88
59, 88
63, 74
62, 75
61, 75
61, 75
60, 74
60, 74
59, 75
58, 76
57, 77
56, 78
55, 79
55, 79
56, 80
56, 80
56, 80
60, 73
60, 74
60, 75
60, 76
60, 77
60, 78
60, 79
60, 80
60, 80
61, 67
60, 68
59, 69
58, 68
58, 68
59, 69
59, 69
58, 70
57, 70
57, 70
57, 71
57, 71
68, 76
68, 77
68, 78
68, 79
68, 80
68, 80
67, 77
66, 76
66, 76
65, 75
65, 76
65, 76
64, 75
63, 74
62, 73
61, 72
61, 73
61, 73
60, 72
60, 72
44, 69
45, 70
46, 71
47, 72
48, 73
49, 74
50, 75
51, 76
52, 77
51, 76
51, 76
51, 76
57, 80
58, 79
59, 78
60, 78
61, 78
62, 78
61, 79
61, 79
61, 79
55, 87
56, 86
57, 85
58, 84
59, 83
59, 83
59, 83
62, 76
61, 77
61, 78
61, 79
61, 80
61, 80
57, 77
58, 76
58, 77
58, 77
59, 77
59, 77
60, 76
61, 75
62, 74
63, 73
63, 73
55, 72
54, 72
53, 71
53, 71
54, 72
54, 72
53, 72
53, 72
53, 72
67, 81
66, 82
65, 83
64, 83
64, 83
64, 83
64, 83
63, 82
63, 82
63, 82
60, 81
59, 81
58, 81
57, 81
56, 81
55, 81
55, 81
54, 81
53, 80
53, 80
52, 81
51, 81
51, 81
58, 68
59, 68
59, 68
60, 69
61, 70
60, 69
60, 69
61, 70
62, 71
61, 70
61, 70
61, 70
60, 75
61, 75
61, 75
62, 75
62, 75
63, 76
64, 77
64, 78
64, 78
64, 78
64, 78
64, 78
53, 71
53, 71
54, 72
53, 72
53, 72
54, 73
55, 74
56, 75
57, 76
58, 76
59, 76
60, 76
60, 76
67, 76
67, 75
67, 74
67, 73
67, 73
67, 73
67, 73
67, 73
67, 73
67, 73
67, 73
60, 78
61, 79
61, 79
60, 78
59, 77
58, 77
58, 77
56, 69
57, 68
57, 68
58, 69
59, 70
60, 71
60, 71
61, 81
62, 82
63, 83
62, 84
62, 84
63, 85
63, 86
63, 86
63, 86
55, 66
55, 66
55, 67
55, 67
56, 68
57, 69
56, 70
56, 70
57, 71
58, 72
58, 72
60, 89
61, 90
62, 90
63, 90
63, 90
63, 90
63, 90
63, 90
63, 90
56, 71
57, 71
57, 71
57, 71
57, 71
57, 71
57, 71
57, 71
57, 71
57, 71
60, 84
61, 85
62, 86
63, 87
64, 88
64, 89
64, 89
63, 89
63, 89
62, 89
62, 89
62, 89
67, 73
66, 74
65, 75
64, 76
63, 77
63, 77
63, 77
56, 80
56, 79
56, 79
55, 80
55, 80
54, 81
53, 82
53, 82
58, 72
59, 73
60, 74
61, 75
60, 76
60, 76
60, 76
52, 75
52, 75
53, 76
54, 77
55, 78
55, 78
56, 79
57, 80
58, 81
58, 81
52, 73
52, 73
52, 74
52, 75
52, 76
52, 77
53, 77
53, 77
52, 78
52, 79
52, 80
51, 81
51, 81
51, 81
62, 72
61, 71
62, 70
62, 70
61, 70
60, 70
59, 70
59, 70
61, 73
60, 74
59, 75
59, 76
59, 77
59, 78
59, 78
65, 71
66, 70
67, 71
67, 71
66, 70
66, 70
66, 70
66, 70
66, 70
57, 79
58, 78
59, 77
60, 76
61, 75
61, 75
61, 73
60, 72
60, 72
61, 73
61, 72
61, 72
62, 72
62, 72
63, 73
63, 73
63, 73
53, 74
54, 73
55, 72
56, 71
57, 70
57, 70
57, 70
57, 70
62, 89
61, 88
60, 87
59, 86
60, 86
60, 86
61, 85
61, 85
61, 85
60, 71
61, 72
62, 72
62, 72
63, 72
64, 72
64, 72
68, 74
68, 75
68, 76
68, 77
68, 78
68, 78
68, 79
67, 79
67, 79
68, 80
68, 81
68, 82
68, 82
62, 74
61, 75
60, 76
60, 75
60, 75
59, 76
59, 76
54, 81
55, 80
56, 80
56, 80
57, 79
58, 78
59, 77
59, 77
52, 80
51, 79
51, 79
52, 79
51, 79
51, 79
52, 79
53, 79
54, 79
54, 79
58, 71
58, 71
59, 72
59, 72
58, 73
57, 74
56, 75
55, 76
55, 76
61, 77
62, 78
62, 77
62, 77
63, 78
63, 78
64, 79
64, 79
59, 73
60, 74
60, 73
60, 73
61, 74
62, 75
63, 76
64, 77
65, 76
65, 76
65, 76
64, 85
64, 84
64, 84
64, 84
64, 84
65, 83
65, 83
64, 84
64, 84
64, 84
63, 79
62, 80
61, 81
60, 82
60, 83
60, 84
60, 85
60, 86
60, 87
60, 87
64, 78
65, 79
66, 80
67, 81
67, 82
67, 83
67, 82
67, 82
67, 83
67, 83
67, 83
65, 71
66, 72
66, 72
67, 72
67, 72
66, 73
65, 74
65, 73
65, 73
64, 74
64, 75
64, 75
65, 74
65, 74
65, 74
60, 77
61, 76
62, 75
63, 74
62, 75
62, 75
62, 75
57, 81
56, 81
55, 80
55, 80
55, 81
55, 82
55, 82
56, 83
56, 83
55, 82
55, 81
55, 81
52, 82
52, 83
52, 83
53, 84
53, 83
53, 83
54, 84
53, 85
53, 85
54, 86
55, 85
55, 85
55, 85
63, 88
62, 88
62, 88
63, 87
62, 86
62, 86
63, 87
64, 87
65, 87
66, 87
66, 87
59, 78
60, 79
61, 80
62, 81
63, 82
63, 83
63, 84
63, 85
63, 86
62, 85
62, 85
62, 85
62, 83
62, 82
62, 82
61, 83
60, 84
61, 84
61, 84
60, 84
60, 84
59, 72
58, 73
57, 73
58, 72
58, 72
57, 73
56, 73
55, 73
54, 73
53, 73
52, 74
52, 74
52, 74
56, 72
55, 73
56, 74
56, 74
55, 75
55, 76
54, 75
54, 75
55, 76
55, 77
55, 77
60, 76
59, 77
58, 78
58, 79
58, 80
59, 79
59, 79
58, 80
58, 81
58, 81
58, 81
58, 81
61, 77
62, 78
63, 79
64, 80
65, 81
65, 81
65, 81
60, 71
59, 72
58, 73
57, 74
56, 75
55, 76
55, 77
55, 78
55, 78
61, 83
61, 83
60, 83
60, 83
59, 82
58, 82
58, 81
58, 81
57, 82
56, 82
55, 82
54, 82
53, 82
53, 82
56, 82
57, 82
58, 82
58, 82
58, 82
58, 82
58, 82
58, 82
66, 82
65, 81
64, 81
63, 81
62, 81
62, 81
63, 73
62, 74
62, 75
62, 76
63, 77
63, 77
63, 77
56, 76
57, 75
58, 74
58, 74
57, 73
57, 72
57, 71
56, 71
56, 71
57, 70
57, 70
57, 70
57, 70
64, 82
63, 83
62, 84
61, 85
60, 86
60, 86
59, 87
60, 87
60, 87
59, 88
58, 88
58, 88
67, 81
66, 80
66, 79
66, 78
66, 77
66, 76
67, 76
67, 76
66, 75
66, 75
66, 75
63, 83
62, 82
61, 81
60, 81
59, 81
58, 81
57, 81
56, 81
56, 82
56, 82
55, 81
55, 81
59, 82
60, 83
59, 82
59, 82
60, 83
59, 83
59, 83
60, 84
61, 85
62, 86
62, 86
61, 86
61, 86
62, 87
62, 87
60, 84
59, 83
58, 83
58, 83
57, 82
56, 82
55, 83
55, 83
54, 82
53, 82
52, 82
51, 81
51, 81
51, 81
66, 73
66, 73
67, 74
68, 75
69, 76
69, 77
69, 78
69, 79
69, 80
69, 80
65, 77
64, 78
64, 78
65, 78
65, 78
65, 78
65, 78
64, 79
64, 79
65, 78
65, 78
65, 78
53, 73
54, 72
55, 71
56, 71
57, 71
58, 72
58, 72
59, 71
60, 71
61, 71
62, 71
62, 71
59, 88
58, 89
57, 90
57, 90
57, 90
57, 90
57, 90
56, 89
56, 89
57, 90
57, 90
60, 78
61, 79
61, 78
61, 78
62, 78
62, 78
63, 79
64, 80
65, 81
66, 82
66, 82
58, 77
58, 78
57, 78
57, 78
58, 79
58, 80
59, 79
59, 79
59, 79
63, 84
64, 83
65, 83
65, 82
65, 82
65, 83
65, 83
55, 79
55, 79
56, 80
57, 81
58, 82
59, 83
59, 83
55, 78
56, 78
57, 78
58, 78
59, 78
60, 78
60, 78
65, 79
65, 79
64, 78
63, 77
62, 76
61, 75
60, 75
59, 75
60, 74
60, 74
59, 75
58, 75
58, 75
56, 86
56, 86
57, 87
58, 88
59, 88
59, 88
58, 89
58, 89
58, 89
65, 86
64, 85
63, 84
62, 83
61, 83
60, 83
59, 83
59, 83
61, 74
61, 74
60, 75
59, 76
58, 77
57, 78
56, 79
55, 80
55, 80
54, 75
54, 75
54, 76
54, 76
55, 77
55, 77
54, 76
54, 77
54, 77
54, 76
54, 76
54, 81
54, 82
54, 82
53, 81
53, 81
54, 81
54, 81
54, 81
53, 80
53, 80
54, 81
54, 81
65, 76
65, 76
64, 75
63, 74
62, 73
61, 73
60, 73
59, 73
58, 73
58, 73
59, 88
60, 87
61, 86
62, 85
63, 84
63, 83
63, 83
64, 82
64, 82
59, 87
60, 86
61, 85
62, 84
63, 83
63, 83
64, 82
63, 81
63, 81
64, 80
64, 80
59, 83
59, 83
58, 82
57, 81
57, 80
57, 79
56, 79
56, 79
56, 79
68, 79
68, 79
67, 80
66, 81
65, 82
64, 83
63, 83
62, 83
62, 83
62, 83
64, 78
65, 79
66, 79
67, 79
67, 78
67, 78
67, 78
52, 82
52, 82
52, 81
52, 81
53, 82
52, 81
52, 81
53, 82
54, 83
55, 84
55, 84
63, 72
64, 73
64, 73
65, 74
65, 74
64, 73
64, 73
64, 73
64, 73
65, 74
65, 74
64, 73
64, 73
65, 81
66, 81
66, 81
65, 80
64, 79
63, 80
63, 80
62, 79
61, 78
61, 78
58, 89
59, 89
59, 89
60, 88
61, 87
62, 86
61, 85
61, 85
62, 84
63, 83
64, 82
64, 82
64, 77
64, 77
63, 76
62, 75
61, 74
60, 74
59, 74
58, 74
57, 74
57, 74
58, 80
57, 81
56, 82
55, 83
54, 84
54, 84
58, 71
59, 72
60, 73
61, 74
62, 75
63, 76
63, 76
52, 80
53, 79
54, 78
55, 77
56, 76
57, 76
57, 76
59, 74
60, 73
61, 73
61, 73
62, 72
63, 71
63, 70
63, 70
64, 70
65, 71
65, 71
65, 71
61, 86
61, 85
61, 84
61, 83
61, 82
61, 82
60, 82
61, 81
62, 80
63, 79
64, 78
63, 79
63, 79
63, 79
59, 79
60, 78
60, 78
59, 79
58, 80
57, 80
57, 81
57, 81
57, 80
57, 80
60, 84
61, 85
62, 86
63, 87
64, 88
65, 88
65, 88
65, 88
55, 77
56, 78
57, 79
58, 80
58, 79
58, 79
59, 80
60, 81
61, 81
62, 81
62, 81
56, 79
57, 78
56, 77
56, 77
57, 77
57, 76
57, 76
58, 77
59, 77
60, 77
60, 77
63, 82
64, 83
63, 83
63, 83
64, 84
65, 85
66, 86
66, 86
65, 84
65, 84
64, 83
63, 82
63, 82
62, 81
61, 80
60, 79
61, 80
61, 80
61, 80
62, 78
61, 77
60, 76
60, 75
60, 75
59, 74
60, 75
60, 75
59, 74
58, 73
57, 73
57, 73
58, 77
57, 76
57, 76
58, 77
59, 78
60, 79
61, 80
60, 79
60, 79
61, 80
62, 79
62, 79
62, 79
63, 80
64, 79
65, 78
65, 77
65, 76
64, 76
64, 76
65, 75
64, 75
64, 75
64, 75
63, 81
62, 81
62, 81
62, 81
62, 81
62, 81
61, 82
61, 82
62, 81
62, 81
63, 81
62, 82
61, 83
60, 84
59, 84
59, 84
58, 85
57, 86
57, 86
55, 82
56, 83
57, 84
58, 85
59, 85
59, 85
68, 79
68, 79
67, 80
66, 81
66, 82
66, 82
65, 82
64, 82
64, 81
64, 81
63, 82
63, 82
57, 81
57, 81
58, 80
59, 79
60, 78
61, 77
61, 77
65, 74
66, 75
66, 76
66, 77
65, 78
65, 78
66, 78
67, 78
67, 78
67, 78
63, 83
62, 83
61, 83
60, 83
59, 83
58, 83
57, 83
56, 83
55, 83
55, 83
62, 79
62, 79
63, 80
64, 80
65, 80
66, 80
66, 80
66, 80
66, 80
66, 80
66, 80
65, 85
64, 84
65, 85
65, 85
64, 84
63, 83
62, 82
61, 82
60, 82
59, 82
59, 82
55, 84
56, 84
57, 84
58, 84
59, 84
60, 84
61, 84
61, 83
61, 83
61, 83
58, 75
59, 76
60, 77
61, 78
62, 78
63, 78
63, 77
63, 77
64, 78
65, 78
65, 78
56, 85
57, 86
58, 87
58, 86
58, 86
59, 87
59, 88
59, 88
60, 88
61, 89
61, 89
62, 88
62, 88
62, 77
61, 78
60, 79
59, 80
58, 81
58, 82
58, 82
58, 82
58, 82
58, 82
57, 80
56, 80
56, 80
57, 81
58, 82
59, 83
59, 83
66, 70
66, 70
65, 71
65, 72
64, 73
64, 73
64, 74
64, 74
65, 75
65, 74
65, 74
65, 74
61, 76
61, 76
60, 77
59, 77
58, 77
57, 77
57, 77
64, 87
63, 86
62, 85
61, 84
60, 83
59, 82
59, 82
60, 83
60, 84
60, 85
60, 86
61, 87
61, 87
61, 87
62, 79
63, 78
62, 78
62, 78
62, 79
62, 79
63, 78
64, 79
64, 79
65, 78
65, 78
63, 82
63, 82
62, 83
61, 84
60, 85
59, 86
59, 86
60, 87
60, 87
57, 74
56, 74
56, 74
55, 75
54, 76
53, 75
53, 75
52, 76
52, 76
51, 77
51, 77
50, 78
50, 78
51, 78
51, 78
60, 88
60, 89
59, 88
58, 87
57, 86
58, 85
57, 84
56, 84
56, 85
56, 85
65, 73
66, 72
66, 73
67, 72
66, 72
65, 71
65, 71
65, 79
64, 78
63, 78
62, 77
61, 77
60, 76
59, 76
60, 76
60, 76
61, 89
62, 90
61, 89
62, 89
62, 90
62, 90
60, 76
60, 77
61, 76
61, 77
60, 77
61, 78
61, 78
66, 77
65, 78
65, 79
64, 79
65, 79
64, 79
65, 80
66, 80
66, 80
58, 81
59, 80
59, 81
58, 82
57, 83
56, 84
57, 85
58, 85
59, 84
59, 84
50, 79
49, 78
50, 79
51, 80
52, 80
51, 81
51, 82
52, 81
51, 80
51, 80
56, 87
57, 88
57, 87
57, 86
58, 87
58, 88
57, 89
58, 89
59, 90
58, 91
58, 91
66, 78
65, 79
66, 78
67, 78
68, 78
68, 77
69, 78
68, 77
67, 78
67, 78
59, 82
58, 83
57, 84
58, 85
57, 85
58, 84
58, 83
58, 82
58, 83
59, 83
59, 83
62, 84
63, 83
62, 84
61, 84
62, 85
62, 84
63, 85
62, 85
62, 85
58, 81
59, 80
58, 81
59, 80
58, 79
57, 80
57, 80
61, 79
62, 79
63, 78
62, 78
61, 79
61, 79
59, 86
60, 87
60, 86
60, 85
61, 85
60, 84
59, 85
60, 85
59, 84
60, 85
60, 85
63, 83
62, 83
62, 84
63, 83
62, 84
61, 83
62, 82
63, 81
63, 81
56, 76
57, 76
58, 76
59, 75
59, 76
58, 75
57, 74
57, 73
57, 73
64, 76
65, 75
66, 74
65, 75
66, 74
66, 73
66, 72
65, 71
66, 72
66, 72
56, 82
55, 81
55, 80
54, 81
53, 81
52, 81
53, 81
54, 80
53, 81
54, 82
54, 82
61, 81
62, 80
63, 81
62, 82
62, 81
61, 82
62, 82
62, 83
61, 83
60, 84
60, 84
65, 81
66, 80
65, 79
64, 79
63, 80
63, 79
63, 79
58, 73
59, 74
60, 75
59, 76
58, 77
59, 76
59, 75
59, 74
60, 74
60, 73
60, 73
60, 84
60, 85
61, 84
60, 83
59, 84
59, 85
59, 86
60, 87
61, 88
62, 88
62, 88
60, 83
59, 84
60, 84
61, 83
62, 83
62, 84
63, 84
63, 85
62, 86
62, 86
60, 84
61, 83
62, 83
61, 82
62, 82
61, 83
61, 82
61, 82
59, 86
58, 87
59, 88
60, 87
59, 86
59, 85
59, 85
52, 81
53, 81
54, 82
55, 82
54, 82
53, 83
53, 83
67, 79
66, 78
67, 77
67, 78
67, 77
67, 77
63, 86
64, 87
65, 88
66, 87
65, 87
65, 86
66, 85
65, 85
66, 85
67, 86
67, 86
60, 78
59, 79
59, 80
59, 79
58, 78
57, 79
56, 79
56, 79
56, 74
56, 75
55, 76
55, 75
56, 75
56, 74
55, 75
54, 75
54, 74
53, 74
53, 74
67, 81
68, 82
68, 81
67, 81
66, 81
65, 82
65, 81
66, 82
66, 82
61, 76
62, 76
63, 77
64, 77
64, 78
63, 77
62, 77
61, 77
61, 77
60, 83
61, 82
61, 81
62, 82
63, 82
63, 82
61, 87
62, 88
61, 88
60, 87
60, 88
60, 87
60, 86
60, 87
61, 88
61, 88
56, 81
56, 80
55, 81
54, 82
53, 82
53, 81
53, 82
52, 81
52, 81
63, 90
63, 89
64, 88
65, 88
66, 88
66, 88
61, 85
62, 84
61, 83
62, 82
63, 81
62, 82
63, 82
64, 81
64, 80
64, 80
66, 70
65, 71
64, 71
63, 70
63, 69
64, 69
64, 69
64, 78
64, 77
65, 77
65, 78
66, 79
65, 80
65, 80
55, 85
54, 84
55, 85
55, 86
56, 87
57, 86
56, 86
56, 86
63, 80
64, 80
65, 79
64, 79
63, 79
63, 80
62, 80
63, 79
63, 80
63, 80
59, 91
58, 91
59, 91
58, 90
58, 89
58, 89
54, 83
53, 82
54, 82
53, 83
52, 82
51, 81
52, 80
51, 80
51, 80
62, 78
63, 77
64, 77
63, 78
64, 79
64, 80
64, 81
64, 81
66, 71
65, 70
66, 71
65, 70
66, 69
67, 68
67, 68
60, 84
59, 85
58, 85
59, 86
58, 87
58, 87
61, 74
60, 73
61, 73
61, 74
61, 75
62, 76
62, 75
63, 76
64, 76
64, 76
63, 79
63, 79
63, 79
62, 78
61, 77
61, 77
60, 76
59, 75
59, 75
64, 79
63, 78
63, 78
62, 77
61, 76
60, 75
59, 74
58, 73
58, 73
65, 87
64, 86
64, 86
63, 85
62, 84
62, 84
57, 88
56, 87
56, 87
55, 86
54, 85
53, 84
53, 84
65, 83
64, 84
63, 85
62, 86
61, 87
60, 88
59, 89
59, 89
63, 75
63, 75
62, 74
61, 73
60, 72
60, 72
52, 84
52, 84
51, 84
50, 84
50, 84
50, 84
50, 84
50, 84
63, 68
62, 67
61, 66
60, 65
60, 65
60, 65
62, 76
63, 75
64, 74
65, 73
66, 72
67, 71
67, 71
68, 70
68, 70
54, 75
55, 76
56, 76
57, 76
58, 76
58, 76
57, 80
57, 80
57, 80
57, 80
57, 80
57, 80
57, 80
57, 80
57, 80
57, 80
57, 80
63, 80
62, 79
61, 78
60, 77
59, 76
58, 75
58, 75
57, 74
56, 73
56, 73
60, 81
59, 80
58, 79
57, 78
56, 77
55, 76
55, 76
60, 87
59, 86
58, 85
58, 85
57, 84
56, 83
56, 83
66, 87
65, 88
64, 89
63, 90
62, 91
61, 92
60, 93
60, 93
52, 79
53, 78
54, 77
55, 76
56, 75
56, 75
66, 78
65, 79
64, 80
63, 81
63, 81
62, 82
61, 83
61, 83
63, 80
62, 79
62, 79
61, 79
61, 79
60, 79
59, 79
59, 79
57, 86
56, 85
55, 84
54, 83
53, 82
52, 81
51, 80
50, 79
49, 78
48, 77
48, 77
63, 82
62, 81
61, 80
60, 79
60, 79
59, 78
58, 77
58, 77
57, 76
57, 76
60, 86
61, 87
62, 88
63, 88
64, 88
64, 88
56, 86
55, 85
54, 84
53, 83
53, 82
53, 81
53, 80
53, 79
53, 78
53, 77
53, 77
51, 80
50, 79
49, 78
48, 77
48, 76
48, 75
48, 75
66, 67
65, 66
64, 65
63, 64
62, 63
61, 62
61, 62
61, 62
56, 77
57, 78
58, 79
59, 80
59, 80
60, 81
61, 82
62, 83
63, 84
63, 84
59, 71
58, 70
57, 69
56, 68
55, 67
54, 66
54, 66
53, 65
53, 65
61, 62
60, 63
59, 64
58, 65
57, 66
57, 66
56, 67
56, 68
56, 69
56, 69
56, 69
59, 77
59, 78
59, 79
59, 80
59, 81
59, 81
59, 92
58, 91
57, 90
56, 89
56, 89
55, 88
54, 87
54, 87
50, 84
50, 84
49, 83
49, 83
48, 82
48, 82
48, 82
47, 81
47, 81
52, 76
51, 75
50, 74
49, 73
48, 72
48, 72
47, 71
47, 71
57, 72
57, 72
56, 71
55, 70
54, 69
53, 68
52, 67
51, 66
50, 65
50, 65
52, 83
51, 82
51, 82
50, 81
49, 80
48, 79
48, 79
58, 76
57, 77
56, 78
56, 78
55, 79
55, 79
59, 64
59, 64
58, 63
57, 62
57, 62
56, 61
56, 61
57, 76
57, 76
56, 75
55, 74
55, 74
54, 73
53, 72
53, 72
56, 75
55, 74
54, 73
54, 73
53, 72
53, 72
52, 71
51, 70
50, 69
49, 69
49, 69
67, 69
66, 68
66, 68
65, 67
64, 66
63, 65
63, 65
63, 65
56, 73
56, 73
56, 73
57, 74
58, 75
58, 75
48, 75
49, 74
50, 73
51, 72
52, 71
53, 70
54, 69
54, 69
54, 69
58, 88
57, 87
56, 86
55, 85
55, 85
55, 85
55, 85
54, 84
53, 83
53, 83
49, 78
50, 79
51, 80
52, 81
53, 82
54, 83
54, 83
54, 84
54, 84
54, 84
54, 84
56, 79
55, 78
55, 78
55, 78
54, 77
54, 76
54, 76
55, 82
54, 81
53, 80
52, 79
51, 78
50, 77
50, 77
50, 77
49, 76
49, 76
61, 83
60, 82
59, 81
58, 80
57, 79
56, 78
55, 77
54, 76
54, 76
63, 87
62, 86
62, 85
62, 84
62, 84
62, 83
62, 83
60, 82
59, 81
59, 81
58, 80
58, 80
58, 80
59, 79
59, 79
58, 78
57, 77
56, 76
56, 76
55, 75
55, 74
55, 73
55, 72
55, 72
62, 66
61, 67
61, 67
60, 68
59, 68
59, 68
59, 68
58, 68
57, 68
57, 68
58, 75
57, 74
56, 73
56, 73
55, 72
54, 71
53, 70
53, 70
53, 70
52, 69
52, 69
63, 82
64, 81
65, 80
66, 79
66, 79
67, 78
67, 77
67, 77
57, 60
58, 59
59, 58
60, 57
61, 56
62, 55
62, 54
62, 54
55, 72
56, 71
57, 70
58, 69
59, 68
60, 67
60, 67
53, 77
52, 78
52, 79
52, 80
52, 80
52, 81
52, 82
52, 82
54, 75
54, 74
54, 73
54, 73
54, 72
54, 71
54, 70
54, 70
46, 70
46, 70
45, 69
44, 68
43, 67
42, 66
41, 65
41, 65
52, 64
51, 63
51, 63
50, 62
49, 61
48, 60
47, 59
47, 57
48, 56
49, 55
50, 54
50, 53
50, 52
50, 51
50, 50
50, 50
49, 49
49, 49
57, 70
58, 71
58, 71
59, 72
59, 72
60, 73
61, 74
62, 75
62, 75
50, 70
50, 70
51, 71
51, 71
51, 71
51, 71
51, 71
51, 71
51, 71
51, 71
48, 82
49, 83
50, 84
50, 84
51, 85
52, 85
53, 85
53, 85
58, 80
58, 80
58, 80
57, 79
56, 78
55, 77
54, 76
54, 76
56, 80
57, 80
57, 80
58, 80
59, 80
60, 80
60, 80
60, 80
60, 80
60, 80
60, 80
53, 86
52, 85
52, 85
51, 84
51, 84
51, 84
47, 78
46, 77
45, 76
44, 75
44, 75
43, 74
43, 73
43, 72
43, 71
43, 70
43, 70
49, 64
48, 63
48, 61
49, 60
50, 59
50, 58
50, 57
50, 56
50, 55
49, 54
48, 53
47, 52
46, 51
46, 51
45, 50
44, 49
44, 49
52, 71
52, 71
51, 70
50, 69
49, 68
48, 67
48, 67
47, 66
47, 66
53, 83
54, 82
54, 82
54, 82
55, 81
56, 80
57, 79
58, 78
59, 77
59, 77
57, 79
56, 78
55, 77
54, 76
53, 75
52, 74
51, 73
51, 73
51, 73
49, 76
49, 75
49, 74
49, 73
49, 72
49, 72
49, 71
49, 70
49, 70
53, 83
52, 82
51, 81
50, 80
50, 80
49, 79
49, 79
62, 83
61, 82
60, 81
59, 80
59, 80
58, 79
57, 78
56, 77
56, 77
53, 68
52, 67
51, 66
50, 65
49, 64
48, 63
48, 61
49, 60
50, 59
50, 58
50, 57
49, 56
49, 56
59, 76
59, 75
59, 74
59, 73
59, 73
59, 73
42, 69
42, 69
41, 68
40, 67
39, 66
38, 65
38, 65
38, 65
59, 66
58, 65
57, 64
57, 64
56, 63
55, 62
55, 62
61, 74
60, 73
59, 72
58, 71
58, 71
58, 71
48, 67
49, 68
49, 68
50, 69
50, 69
51, 70
52, 71
53, 72
54, 73
55, 74
55, 74
51, 81
51, 81
50, 80
49, 79
49, 78
49, 77
49, 77
55, 77
55, 77
55, 77
56, 78
56, 78
57, 79
58, 80
58, 80
63, 55
63, 56
63, 57
63, 58
63, 59
63, 60
63, 60
63, 61
63, 61
63, 62
63, 62
51, 84
50, 83
49, 82
48, 81
47, 80
46, 79
45, 78
45, 78
56, 67
55, 66
54, 65
54, 65
53, 64
53, 64
48, 55
47, 54
46, 53
45, 52
44, 51
44, 51
44, 51
43, 50
43, 50
42, 50
41, 50
40, 50
39, 50
38, 50
37, 50
36, 50
35, 50
35, 50
48, 48
47, 47
46, 46
46, 45
46, 44
46, 44
51, 71
52, 70
53, 69
54, 68
55, 67
56, 66
57, 66
58, 66
59, 66
60, 66
60, 66
40, 64
39, 63
38, 62
37, 61
36, 60
35, 59
35, 59
50, 78
51, 77
52, 76
53, 75
53, 75
54, 74
55, 73
56, 72
57, 71
57, 71
48, 69
47, 68
46, 67
46, 67
45, 67
44, 67
44, 67
50, 72
49, 71
48, 70
47, 69
47, 69
46, 68
45, 68
45, 68
55, 76
54, 75
54, 75
53, 74
52, 73
51, 72
51, 72
52, 84
52, 84
51, 83
50, 82
49, 81
49, 81
48, 80
48, 80
48, 80
68, 76
68, 75
68, 74
68, 73
68, 72
68, 71
68, 70
68, 70
68, 70
55, 69
56, 68
57, 67
58, 66
59, 65
59, 65
52, 69
52, 69
51, 68
50, 67
49, 66
49, 66
49, 66
59, 79
59, 79
58, 78
57, 77
56, 76
56, 76
56, 76
55, 75
55, 75
54, 74
54, 74
46, 44
47, 45
48, 46
49, 47
50, 48
50, 48
58, 71
57, 72
57, 72
56, 73
55, 74
54, 75
53, 76
52, 76
52, 76
49, 66
50, 65
51, 65
52, 65
53, 65
53, 65
62, 63
61, 64
60, 65
59, 66
58, 67
57, 68
57, 68
56, 69
56, 69
59, 67
58, 68
57, 69
56, 70
55, 71
55, 71
58, 64
58, 64
57, 63
56, 62
55, 61
54, 60
54, 60
54, 63
53, 64
52, 65
51, 66
50, 67
50, 68
50, 69
50, 69
50, 69
35, 50
35, 50
35, 50
34, 51
33, 52
32, 53
32, 53
55, 74
54, 75
53, 76
52, 77
51, 78
50, 78
49, 78
48, 78
47, 78
47, 78
44, 77
43, 76
42, 75
42, 75
42, 74
42, 73
42, 73
42, 73
52, 63
51, 62
50, 61
49, 60
48, 59
47, 58
47, 58
46, 57
46, 55
47, 54
48, 53
49, 52
50, 51
50, 50
50, 50
50, 50
49, 49
49, 49
39, 64
41, 62
42, 61
43, 60
44, 59
45, 58
46, 57
46, 57
47, 56
48, 55
49, 54
50, 53
49, 54
48, 55
47, 56
46, 57
46, 57
52, 71
52, 71
52, 71
53, 70
54, 69
54, 69
49, 79
50, 78
51, 77
52, 76
53, 75
54, 74
55, 73
55, 73
43, 66
42, 65
42, 65
41, 64
41, 62
42, 61
43, 60
44, 59
45, 58
46, 57
47, 56
48, 55
47, 54
46, 53
45, 52
44, 51
43, 50
43, 50
57, 71
56, 72
55, 73
54, 74
53, 75
52, 76
51, 76
51, 76
51, 76
51, 76
59, 73
60, 72
60, 72
61, 71
62, 70
63, 69
64, 68
65, 67
65, 66
65, 66
67, 71
67, 71
66, 72
65, 73
64, 74
63, 75
63, 75
36, 60
36, 60
37, 61
37, 61
38, 62
38, 62
53, 73
52, 72
51, 71
50, 70
49, 69
48, 68
48, 68
47, 67
47, 67
47, 67
45, 50
46, 49
47, 48
47, 48
48, 47
49, 46
49, 46
50, 45
50, 45
58, 80
59, 80
60, 80
60, 80
61, 80
62, 80
62, 80
44, 67
44, 67
44, 67
44, 67
44, 67
44, 67
44, 67
44, 67
48, 76
48, 76
47, 75
47, 74
47, 73
47, 72
47, 71
47, 71
57, 70
58, 71
59, 72
59, 73
59, 74
59, 75
59, 76
59, 76
59, 76
59, 76
55, 70
56, 71
57, 72
58, 73
58, 73
58, 73
58, 74
58, 75
58, 75
58, 76
58, 76
38, 62
39, 63
40, 64
41, 65
42, 66
42, 66
43, 67
43, 67
44, 68
44, 68
55, 73
55, 73
55, 73
56, 72
57, 71
58, 70
58, 70
46, 66
45, 65
44, 64
44, 64
43, 63
43, 63
43, 63
43, 61
44, 60
45, 59
46, 58
47, 57
48, 56
49, 55
50, 54
50, 54
33, 52
34, 51
34, 51
34, 51
35, 50
36, 49
37, 48
38, 47
40, 47
41, 48
42, 49
43, 50
44, 50
45, 50
46, 50
46, 50
42, 49
42, 49
41, 48
40, 47
40, 47
41, 48
42, 49
43, 50
44, 50
45, 50
45, 50
54, 70
53, 69
52, 68
51, 67
50, 66
49, 65
48, 64
47, 63
47, 63
46, 70
45, 69
44, 68
44, 68
44, 68
43, 67
42, 66
41, 65
40, 64
39, 63
39, 63
55, 61
56, 62
57, 63
58, 64
58, 64
58, 64
61, 79
60, 78
60, 78
60, 78
59, 77
58, 76
57, 75
56, 74
55, 73
55, 73
46, 77
45, 76
44, 75
43, 74
42, 73
42, 73
41, 72
41, 72
45, 68
47, 68
48, 67
49, 66
50, 65
50, 64
50, 63
51, 64
52, 65
52, 65
53, 66
54, 67
54, 67
51, 76
51, 76
50, 75
49, 74
48, 73
48, 73
65, 66
64, 67
63, 68
62, 69
61, 70
61, 70
49, 44
48, 43
47, 42
47, 42
47, 42
46, 41
46, 41
46, 41
51, 68
52, 67
52, 67
52, 67
53, 66
53, 66
53, 66
53, 66
46, 55
47, 54
48, 53
49, 52
50, 51
50, 50
50, 50
50, 50
49, 49
48, 48
48, 48
47, 47
46, 46
46, 46
63, 75
62, 76
61, 77
60, 78
59, 79
59, 79
58, 80
58, 80
52, 66
51, 67
50, 68
49, 69
48, 70
48, 70
51, 75
50, 74
49, 73
48, 72
48, 72
47, 71
46, 70
46, 70
45, 69
45, 69
45, 69
48, 48
47, 47
46, 46
45, 45
45, 45
44, 44
44, 44
44, 44
49, 49
48, 50
47, 51
46, 52
45, 52
44, 52
44, 52
44, 52
41, 72
40, 71
39, 70
39, 70
38, 69
37, 68
37, 68
53, 66
52, 65
51, 64
50, 62
50, 61
50, 60
50, 59
50, 58
50, 57
49, 56
48, 55
47, 54
46, 53
46, 53
49, 53
48, 52
47, 51
47, 51
47, 51
47, 51
61, 70
61, 70
60, 69
59, 68
58, 67
57, 66
56, 65
55, 64
54, 63
53, 63
53, 63
57, 69
56, 69
55, 69
54, 69
53, 69
52, 69
52, 69
40, 64
41, 65
42, 66
43, 67
44, 68
45, 69
46, 70
47, 71
48, 72
49, 73
49, 73
38, 69
39, 70
40, 71
41, 72
41, 72
42, 73
43, 74
44, 75
45, 76
46, 77
46, 77
53, 66
52, 67
51, 68
50, 69
49, 70
48, 71
47, 72
47, 72
45, 45
46, 46
47, 47
48, 48
49, 49
50, 50
51, 51
52, 52
53, 53
53, 53
59, 75
60, 74
61, 73
62, 72
63, 71
64, 70
65, 69
65, 69
44, 52
45, 53
46, 54
47, 55
48, 56
49, 57
49, 57
50, 58
50, 58
50, 58
59, 79
59, 79
59, 79
60, 78
61, 77
62, 76
63, 75
64, 74
65, 73
65, 73
47, 72
46, 71
45, 70
44, 69
43, 68
43, 68
42, 67
41, 66
41, 66
45, 50
44, 49
44, 48
44, 47
44, 47
44, 46
44, 46
46, 50
46, 50
47, 51
48, 52
49, 53
49, 53
50, 54
51, 55
51, 55
57, 63
56, 62
55, 61
54, 60
53, 59
52, 58
51, 57
51, 57
45, 40
44, 39
43, 39
42, 39
42, 39
42, 39
48, 64
48, 64
49, 65
49, 65
49, 66
49, 66
49, 66
49, 67
49, 68
49, 69
49, 69
60, 75
61, 74
62, 73
62, 72
62, 71
62, 70
62, 69
62, 69
55, 73
54, 72
53, 71
53, 71
52, 70
51, 69
50, 68
49, 67
49, 67
43, 67
42, 66
41, 65
40, 64
39, 63
39, 63
40, 71
40, 71
39, 70
38, 69
37, 68
37, 68
36, 67
35, 66
35, 66
34, 65
34, 65
47, 47
48, 48
48, 48
49, 49
49, 49
50, 50
51, 51
51, 51
45, 69
45, 69
46, 70
46, 70
47, 71
48, 72
48, 72
49, 73
49, 73
48, 70
49, 71
50, 72
51, 73
52, 74
53, 75
53, 75
46, 76
46, 77
47, 78
48, 79
48, 78
48, 78
50, 57
49, 56
48, 57
49, 56
49, 55
49, 55
45, 47
45, 46
44, 45
44, 44
45, 45
44, 46
44, 47
44, 48
44, 48
52, 63
53, 64
52, 64
51, 64
52, 65
52, 66
51, 67
50, 66
50, 66
50, 72
49, 71
49, 72
50, 71
49, 71
49, 71
64, 73
63, 74
62, 74
62, 75
63, 74
62, 73
62, 73
38, 62
37, 62
38, 62
39, 63
38, 62
39, 61
38, 61
38, 61
52, 55
51, 54
52, 53
53, 52
52, 52
51, 53
50, 52
49, 51
48, 51
47, 51
47, 51
47, 52
47, 53
46, 52
46, 53
45, 52
46, 53
46, 52
45, 52
46, 53
45, 53
45, 53
53, 70
52, 71
52, 72
51, 73
52, 72
51, 73
51, 74
52, 74
53, 73
53, 73
52, 75
51, 74
50, 73
49, 73
50, 72
51, 72
50, 73
50, 72
50, 72
50, 69
51, 69
52, 68
51, 69
50, 69
51, 69
50, 68
51, 69
51, 68
50, 68
50, 68
50, 66
49, 65
48, 64
49, 64
48, 65
47, 65
47, 66
47, 65
46, 66
45, 65
45, 65
35, 64
34, 63
35, 64
34, 65
34, 64
34, 65
33, 65
32, 65
33, 66
33, 66
42, 38
41, 38
42, 37
41, 38
40, 38
40, 38
48, 73
47, 74
48, 75
47, 74
48, 73
48, 73
50, 50
51, 49
51, 48
50, 49
51, 49
52, 50
53, 51
53, 51
47, 53
46, 52
47, 51
47, 50
46, 51
47, 51
47, 52
47, 51
47, 51
64, 70
63, 71
63, 72
62, 73
63, 74
64, 73
63, 72
62, 72
62, 72
50, 72
50, 71
49, 71
49, 70
50, 71
50, 71
53, 54
54, 55
53, 55
52, 56
51, 55
51, 56
52, 55
52, 55
50, 56
49, 57
49, 58
48, 58
47, 59
47, 58
48, 59
48, 59
61, 69
62, 70
61, 70
62, 71
62, 72
62, 71
62, 71
42, 65
43, 65
44, 66
45, 66
44, 67
43, 68
44, 68
45, 67
44, 67
45, 67
45, 67
48, 72
49, 73
50, 72
50, 73
49, 72
50, 73
50, 74
51, 74
50, 75
51, 75
51, 75
46, 50
47, 49
48, 48
48, 49
49, 49
49, 49
46, 67
47, 66
46, 66
47, 66
46, 66
45, 67
45, 68
45, 67
46, 66
46, 66
53, 52
53, 51
54, 51
53, 52
52, 53
53, 53
53, 54
52, 53
51, 52
52, 51
52, 51
51, 67
52, 67
51, 66
52, 65
53, 64
54, 64
55, 63
54, 63
53, 64
53, 64
51, 56
52, 56
53, 57
53, 56
52, 57
52, 57
48, 72
49, 71
49, 70
50, 70
49, 69
50, 70
50, 71
51, 72
50, 73
51, 74
51, 74
49, 70
48, 71
47, 70
46, 70
47, 69
48, 68
49, 68
49, 67
50, 67
49, 68
49, 68
43, 49
42, 50
43, 51
44, 50
45, 49
46, 48
47, 47
47, 46
48, 46
48, 46
46, 54
46, 53
47, 53
48, 53
49, 53
49, 54
50, 55
51, 54
52, 54
52, 54
46, 65
45, 64
46, 64
47, 65
46, 64
46, 63
46, 62
47, 63
48, 64
48, 64
40, 37
40, 38
39, 39
38, 38
38, 39
37, 40
38, 39
38, 39
61, 70
60, 70
60, 71
59, 71
60, 71
60, 71
62, 71
62, 72
61, 72
62, 73
62, 74
62, 74
61, 74
60, 75
60, 74
61, 73
61, 74
61, 75
61, 75
49, 69
50, 70
51, 71
50, 71
51, 71
51, 70
52, 69
52, 69
34, 67
34, 66
35, 65
36, 64
35, 63
36, 62
35, 62
35, 63
34, 63
34, 63
48, 55
49, 54
49, 53
49, 54
48, 54
49, 53
48, 54
48, 53
48, 53
38, 60
38, 61
39, 61
38, 61
37, 61
38, 62
38, 63
37, 64
36, 65
36, 64
36, 64
47, 52
47, 51
46, 51
47, 52
48, 51
48, 51
52, 72
51, 72
52, 72
51, 71
50, 71
50, 71
47, 79
47, 78
48, 79
47, 80
48, 79
47, 78
47, 77
47, 77
51, 71
52, 72
51, 71
52, 72
53, 71
54, 71
53, 70
53, 71
52, 70
52, 70
48, 60
49, 61
50, 61
49, 61
50, 62
51, 62
50, 61
50, 61
51, 62
52, 62
53, 62
54, 61
53, 62
52, 62
52, 62
48, 63
47, 63
47, 64
48, 63
49, 64
48, 65
49, 65
48, 65
48, 64
49, 64
49, 64
47, 52
47, 51
46, 51
47, 52
48, 51
49, 52
49, 53
48, 53
47, 52
47, 51
47, 51
51, 69
51, 68
50, 68
51, 68
50, 67
49, 68
49, 67
48, 67
47, 67
47, 67
48, 76
49, 76
48, 75
47, 75
47, 76
47, 76
48, 45
47, 44
47, 43
46, 44
47, 43
47, 43
37, 40
37, 39
38, 39
37, 40
37, 39
37, 39
35, 62
35, 63
36, 64
37, 65
36, 64
37, 65
36, 66
35, 65
34, 64
34, 64
50, 49
49, 48
50, 49
50, 50
49, 51
49, 51
48, 52
47, 52
48, 53
49, 54
50, 55
50, 56
51, 57
51, 57
37, 63
37, 62
37, 63
37, 62
37, 61
38, 62
38, 62
60, 76
61, 76
61, 75
60, 76
60, 75
60, 75
60, 72
60, 73
61, 72
62, 71
61, 71
62, 70
63, 71
62, 71
63, 72
62, 73
62, 73
50, 70
49, 70
48, 71
47, 71
46, 72
46, 71
47, 70
47, 70
52, 56
53, 55
54, 55
53, 54
52, 55
53, 55
54, 54
55, 55
56, 55
56, 55
51, 69
51, 68
52, 67
53, 66
52, 67
53, 66
52, 66
53, 67
53, 66
53, 66
45, 66
46, 66
45, 67
45, 68
44, 67
44, 66
45, 65
45, 65
51, 73
52, 74
53, 73
53, 72
53, 71
54, 71
55, 71
55, 71
53, 51
52, 51
51, 52
51, 53
52, 54
52, 53
53, 53
53, 53
50, 69
50, 68
49, 67
48, 68
49, 67
49, 66
49, 65
49, 65
51, 74
50, 75
51, 74
52, 73
52, 74
52, 74
53, 55
52, 56
51, 55
51, 54
51, 55
50, 55
50, 55
53, 63
52, 62
53, 61
52, 62
51, 61
52, 60
52, 61
51, 62
50, 61
51, 61
51, 61
63, 75
62, 76
62, 75
62, 74
63, 73
64, 74
64, 74
63, 74
64, 75
63, 75
62, 74
62, 73
62, 73
37, 63
36, 63
36, 64
35, 65
34, 65
34, 64
33, 63
33, 64
33, 64
48, 63
47, 64
48, 65
47, 66
47, 65
46, 65
45, 65
44, 66
45, 66
46, 66
46, 66
49, 66
48, 65
49, 65
48, 65
49, 65
50, 65
49, 64
49, 64
48, 68
48, 69
48, 68
47, 67
47, 66
48, 66
47, 65
47, 64
46, 63
46, 63
54, 53
55, 53
55, 54
55, 53
55, 54
55, 53
54, 53
54, 53
48, 71
47, 71
47, 70
46, 70
46, 71
47, 72
47, 72
46, 66
46, 67
47, 66
47, 67
46, 68
46, 67
45, 67
45, 67
59, 75
58, 76
59, 75
60, 75
60, 74
59, 75
59, 75
50, 61
49, 61
48, 60
48, 59
48, 58
48, 59
48, 60
48, 60
48, 50
48, 49
48, 50
48, 51
47, 52
48, 53
48, 53
53, 67
52, 68
53, 68
54, 67
54, 66
53, 66
54, 66
53, 66
53, 67
53, 67
50, 50
49, 51
49, 52
48, 52
49, 52
50, 51
50, 51
49, 55
48, 56
47, 55
46, 54
47, 53
47, 53
48, 42
49, 42
49, 41
50, 42
51, 43
52, 44
52, 45
52, 46
52, 47
51, 46
51, 46
63, 75
62, 76
61, 77
61, 76
62, 75
62, 76
62, 77
62, 77
33, 65
32, 66
31, 66
32, 65
32, 64
31, 63
32, 64
31, 64
31, 63
31, 62
31, 62
47, 75
46, 76
45, 76
46, 76
47, 77
47, 77
52, 75
53, 76
54, 75
53, 75
54, 75
54, 76
54, 76
50, 57
50, 58
49, 58
48, 57
47, 56
46, 57
47, 56
47, 56
38, 39
39, 38
40, 37
41, 38
40, 39
40, 38
41, 39
41, 38
42, 39
42, 39
54, 71
53, 72
53, 71
54, 71
54, 70
55, 70
54, 71
53, 71
53, 71
51, 61
52, 60
52, 61
53, 60
53, 59
52, 59
52, 59
56, 56
55, 57
54, 58
53, 58
53, 57
53, 57
49, 65
48, 65
48, 66
48, 67
49, 66
50, 65
51, 65
50, 65
49, 65
49, 65
46, 64
47, 64
48, 65
47, 64
47, 65
48, 65
49, 64
48, 63
47, 63
47, 64
47, 64
46, 56
47, 55
48, 55
49, 55
50, 55
50, 55
60, 75
61, 74
60, 73
59, 74
59, 75
60, 74
60, 73
60, 74
59, 74
60, 73
60, 73
54, 56
55, 57
54, 57
53, 58
52, 58
52, 57
51, 58
51, 58
46, 52
45, 51
45, 52
44, 53
44, 52
44, 52
50, 50
49, 51
48, 50
49, 50
49, 51
48, 51
48, 52
48, 53
48, 53
49, 59
50, 58
51, 58
50, 57
49, 56
48, 55
47, 55
47, 55
62, 74
61, 74
62, 73
61, 72
62, 73
61, 73
61, 73
47, 78
46, 78
45, 78
46, 77
45, 78
45, 79
44, 80
44, 79
43, 78
43, 78
50, 47
49, 47
49, 46
50, 47
49, 48
49, 48
54, 68
55, 69
55, 68
54, 67
53, 66
54, 65
54, 64
54, 64
45, 68
45, 67
46, 67
47, 66
48, 65
47, 64
48, 65
47, 65
47, 65
55, 76
55, 77
56, 76
55, 77
54, 77
54, 77
46, 65
46, 64
46, 63
45, 63
44, 62
45, 62
45, 62
42, 40
43, 41
44, 41
43, 40
44, 41
44, 42
44, 41
43, 41
43, 41
30, 62
29, 62
28, 63
27, 62
27, 63
27, 62
26, 62
25, 63
25, 63
53, 70
53, 71
54, 72
53, 73
54, 74
54, 74
53, 54
54, 55
53, 56
54, 55
53, 54
54, 55
54, 54
53, 54
53, 54
53, 59
53, 60
54, 60
55, 59
55, 58
55, 58
33, 65
33, 66
33, 65
34, 65
33, 65
32, 65
32, 65
47, 52
48, 51
49, 52
50, 53
49, 52
50, 51
49, 51
49, 52
50, 53
51, 52
51, 52
48, 71
48, 72
47, 72
47, 71
48, 72
49, 71
50, 72
49, 72
48, 71
49, 70
49, 70
63, 78
62, 78
63, 79
62, 78
63, 79
62, 79
61, 80
61, 80
47, 52
47, 53
48, 53
49, 53
49, 52
48, 51
49, 51
48, 51
49, 52
49, 52
31, 65
30, 64
29, 65
30, 66
31, 66
30, 67
30, 66
31, 65
32, 65
32, 64
32, 64
61, 72
61, 71
60, 70
60, 71
61, 71
62, 71
63, 70
63, 70
50, 48
49, 49
49, 48
50, 48
49, 47
50, 48
49, 48
50, 48
49, 48
49, 48
50, 64
50, 65
51, 64
51, 63
52, 62
52, 62
51, 57
51, 58
52, 58
52, 59
51, 59
51, 58
52, 58
51, 58
52, 58
52, 59
52, 59
42, 79
43, 80
42, 80
41, 80
42, 80
43, 80
43, 79
43, 79
55, 73
54, 72
53, 73
52, 73
53, 72
53, 72
43, 51
42, 50
41, 49
42, 49
41, 49
41, 48
41, 49
40, 49
40, 48
40, 48
55, 63
54, 64
55, 63
55, 62
55, 61
56, 62
57, 63
57, 64
58, 64
58, 64
45, 63
46, 62
45, 63
46, 63
45, 64
45, 64
42, 41
41, 40
42, 40
42, 41
43, 42
44, 42
45, 41
45, 40
45, 39
45, 39
60, 80
60, 79
60, 80
61, 80
60, 81
61, 81
61, 81
48, 71
47, 72
46, 72
47, 72
47, 71
46, 72
46, 72
24, 63
23, 64
24, 64
25, 63
25, 64
26, 65
27, 66
26, 65
26, 65
52, 51
52, 50
52, 51
52, 52
51, 53
52, 52
53, 51
52, 51
52, 51
46, 66
46, 65
47, 65
48, 65
48, 64
49, 65
49, 65
61, 73
62, 73
62, 72
62, 71
62, 72
62, 71
62, 70
61, 71
61, 72
60, 73
60, 73
50, 56
49, 56
50, 55
50, 54
50, 55
50, 56
51, 57
50, 56
51, 55
52, 56
52, 56
46, 54
45, 53
46, 54
45, 53
46, 54
47, 54
48, 53
48, 54
47, 54
46, 55
46, 55
46, 65
46, 64
46, 65
46, 64
47, 64
47, 64
53, 53
52, 53
53, 53
52, 54
52, 55
53, 55
54, 56
53, 57
54, 57
54, 57
55, 57
54, 56
53, 55
54, 55
54, 56
53, 56
52, 57
53, 58
52, 57
52, 57
53, 78
52, 77
53, 78
54, 77
53, 78
53, 78
60, 74
60, 73
61, 73
60, 73
60, 72
59, 73
59, 74
58, 75
57, 75
57, 76
57, 76
54, 58
54, 59
53, 59
52, 58
52, 57
53, 57
53, 57
51, 56
52, 55
53, 54
54, 55
54, 54
53, 53
52, 54
51, 54
52, 53
52, 53
46, 38
45, 39
46, 39
45, 40
46, 40
45, 41
44, 42
44, 42
46, 65
46, 64
47, 63
46, 64
47, 64
48, 64
49, 65
50, 64
49, 65
48, 66
48, 66
49, 64
48, 65
48, 66
49, 66
49, 65
48, 66
49, 65
50, 65
50, 64
50, 64
27, 65
27, 66
28, 66
27, 66
28, 66
27, 65
27, 65
62, 71
61, 70
62, 69
63, 69
62, 70
62, 70
47, 55
46, 54
46, 55
47, 56
46, 56
46, 57
46, 56
46, 56
53, 71
54, 70
54, 69
53, 70
52, 71
51, 72
52, 72
53, 72
52, 71
52, 71
45, 72
44, 71
45, 71
46, 70
47, 69
46, 70
46, 70
40, 49
41, 50
42, 51
43, 51
44, 50
43, 49
42, 50
42, 51
43, 51
43, 51
54, 78
55, 77
56, 78
55, 77
56, 76
56, 76
43, 78
43, 79
42, 78
41, 78
42, 78
42, 79
42, 78
43, 79
44, 78
44, 78
48, 48
48, 47
49, 47
48, 46
48, 47
47, 48
47, 49
47, 49
53, 58
52, 59
51, 58
50, 59
50, 60
51, 59
50, 59
49, 58
49, 57
48, 57
48, 57
58, 63
58, 64
57, 64
56, 64
55, 63
55, 64
56, 64
55, 63
55, 63
31, 63
32, 63
33, 64
33, 63
32, 63
33, 62
33, 61
33, 61
53, 51
52, 50
53, 50
54, 50
53, 49
54, 48
53, 47
53, 48
52, 49
52, 49
45, 63
46, 63
45, 64
46, 64
45, 64
46, 64
45, 65
45, 65
62, 82
63, 83
63, 82
64, 81
64, 82
64, 82
53, 59
52, 59
53, 58
54, 59
55, 60
55, 59
54, 60
53, 59
54, 58
53, 58
53, 58
50, 51
49, 51
48, 52
47, 53
46, 54
47, 54
46, 53
45, 54
46, 54
46, 54
53, 63
52, 62
52, 61
52, 60
51, 60
50, 61
50, 62
51, 62
52, 62
52, 62
56, 77
55, 78
56, 77
57, 78
58, 79
58, 78
59, 77
60, 76
59, 77
58, 76
58, 76
62, 69
63, 70
64, 70
65, 69
66, 68
65, 69
65, 68
65, 68
57, 75
57, 74
57, 73
58, 72
57, 71
56, 72
57, 73
57, 72
58, 71
59, 71
59, 71
43, 41
43, 42
42, 42
43, 43
44, 42
45, 43
44, 44
45, 45
46, 45
46, 45
46, 71
47, 71
47, 72
46, 73
45, 72
44, 71
45, 70
46, 70
46, 70
49, 66
48, 67
49, 67
50, 67
50, 68
50, 68
47, 56
46, 56
46, 57
46, 56
47, 55
47, 54
46, 55
45, 54
44, 55
44, 55
51, 63
52, 62
51, 62
51, 63
51, 62
50, 61
51, 60
50, 59
51, 60
51, 61
51, 61
46, 53
46, 54
45, 53
46, 52
45, 52
44, 52
44, 52
52, 52
52, 53
52, 52
53, 51
53, 52
52, 51
53, 50
54, 51
53, 52
53, 52
52, 56
52, 57
52, 56
51, 57
52, 58
53, 59
53, 60
54, 61
55, 62
55, 62
32, 62
32, 63
33, 64
33, 63
33, 62
32, 61
32, 62
31, 63
30, 64
30, 64
54, 59
53, 59
53, 58
54, 57
53, 58
52, 58
53, 59
53, 58
53, 58
42, 51
43, 52
42, 53
41, 52
42, 53
41, 53
40, 52
40, 51
40, 51
53, 71
52, 70
52, 69
53, 69
54, 70
54, 70
54, 63
53, 64
52, 64
51, 64
51, 63
51, 63
45, 78
45, 77
44, 77
43, 77
43, 78
42, 79
41, 78
40, 77
39, 77
39, 77
53, 62
54, 62
53, 61
54, 62
53, 63
53, 63
28, 64
27, 65
28, 66
29, 65
28, 65
29, 66
28, 65
29, 65
29, 64
29, 64
46, 65
47, 66
46, 67
47, 68
47, 69
46, 68
45, 69
46, 68
46, 67
46, 67
53, 49
54, 50
55, 50
54, 50
53, 50
53, 50
48, 50
49, 51
48, 50
47, 49
48, 50
49, 50
49, 50
48, 56
48, 57
49, 57
48, 57
49, 56
48, 56
49, 56
50, 57
51, 56
52, 57
52, 57
63, 82
62, 81
63, 82
62, 81
61, 81
62, 81
61, 82
60, 81
61, 80
61, 80
52, 58
53, 59
54, 58
55, 57
54, 56
55, 56
54, 56
53, 57
53, 58
53, 58
40, 52
39, 51
40, 50
41, 49
42, 48
41, 49
42, 49
42, 48
43, 49
42, 48
42, 48
43, 55
42, 56
41, 55
41, 54
41, 53
41, 54
40, 53
40, 53
40, 76
41, 77
41, 78
40, 78
41, 78
40, 77
39, 77
39, 76
40, 75
41, 74
41, 74
54, 62
54, 61
53, 61
54, 60
53, 60
52, 61
53, 60
53, 59
52, 58
52, 59
52, 59
53, 53
52, 53
53, 53
54, 54
54, 55
53, 55
53, 55
58, 70
57, 70
58, 70
59, 70
60, 71
59, 71
59, 70
60, 70
59, 69
60, 70
60, 70
45, 66
44, 65
44, 64
44, 65
43, 65
43, 64
42, 64
42, 63
43, 64
42, 65
42, 65
43, 53
44, 53
45, 53
45, 54
46, 54
46, 53
46, 53
29, 65
28, 66
29, 67
28, 66
29, 66
28, 66
28, 65
29, 66
28, 65
29, 65
29, 65
66, 68
66, 67
66, 68
67, 67
68, 66
67, 65
66, 66
66, 67
66, 67
50, 62
51, 62
51, 61
52, 61
52, 62
52, 62
51, 62
50, 61
51, 60
51, 59
50, 58
49, 58
49, 57
49, 57
51, 69
52, 69
51, 68
52, 68
51, 67
51, 68
50, 67
50, 67
58, 75
59, 74
59, 75
60, 74
60, 75
59, 74
58, 74
58, 73
57, 74
58, 74
58, 74
53, 70
52, 71
53, 71
52, 70
53, 71
53, 72
54, 73
55, 73
54, 72
54, 72
52, 63
53, 64
54, 63
55, 62
56, 63
55, 62
56, 62
57, 61
58, 62
58, 61
58, 61
29, 65
28, 66
28, 65
29, 65
30, 65
31, 66
30, 66
30, 65
31, 64
31, 64
51, 57
51, 56
50, 55
51, 54
52, 55
51, 56
50, 57
50, 57
48, 49
48, 48
48, 47
48, 46
48, 47
49, 48
49, 48
47, 70
48, 71
47, 72
46, 71
47, 72
48, 73
49, 74
49, 75
49, 75
46, 46
45, 46
45, 45
45, 46
44, 47
43, 48
43, 48
54, 50
53, 51
53, 52
52, 51
51, 50
51, 49
51, 48
50, 47
50, 46
51, 46
51, 46
62, 81
61, 80
61, 79
61, 78
61, 77
60, 77
60, 76
61, 76
62, 77
63, 78
63, 78
31, 65
30, 64
29, 64
29, 65
30, 66
30, 66
48, 58
47, 58
47, 57
46, 56
47, 57
47, 57
64, 79
63, 80
62, 79
63, 80
64, 80
64, 80
59, 62
60, 62
59, 61
58, 62
59, 61
58, 60
58, 60
52, 58
52, 57
53, 56
54, 56
53, 57
53, 57
53, 59
54, 59
54, 58
54, 59
54, 58
55, 57
56, 56
57, 56
56, 55
56, 55
50, 74
49, 75
50, 75
50, 74
49, 73
49, 74
50, 73
51, 74
51, 74
53, 62
54, 61
54, 60
54, 59
54, 58
54, 58
41, 49
41, 48
40, 48
39, 49
39, 48
38, 48
37, 48
37, 47
37, 46
38, 47
38, 47
65, 67
65, 66
66, 67
67, 68
68, 69
68, 69
40, 75
41, 74
42, 74
41, 74
42, 75
42, 75
41, 53
41, 52
41, 51
40, 50
41, 49
42, 49
42, 49
54, 73
53, 74
53, 73
52, 73
51, 72
50, 72
50, 73
51, 72
51, 72
59, 73
59, 72
59, 73
59, 74
59, 73
60, 73
60, 73
54, 54
53, 55
53, 54
54, 55
53, 54
52, 55
52, 56
52, 56
45, 53
46, 53
46, 54
45, 54
46, 55
45, 54
45, 53
44, 53
43, 52
43, 52
51, 45
51, 44
51, 43
50, 44
50, 43
50, 44
50, 43
50, 42
50, 41
50, 42
50, 42
28, 65
27, 66
27, 65
28, 65
28, 66
27, 67
26, 68
27, 69
27, 70
27, 71
27, 71
49, 66
49, 65
50, 66
50, 67
50, 66
50, 65
49, 64
49, 64
60, 71
60, 72
60, 73
61, 72
61, 71
62, 72
62, 72
42, 48
41, 48
42, 47
43, 48
44, 49
44, 49
43, 66
42, 65
41, 65
41, 64
41, 63
42, 64
42, 63
41, 64
42, 64
41, 63
41, 63
50, 48
51, 48
52, 47
53, 47
53, 46
52, 45
52, 46
53, 46
53, 46
49, 56
48, 57
48, 56
49, 56
49, 55
50, 56
51, 56
50, 56
51, 57
51, 56
51, 56
52, 46
53, 47
53, 46
54, 46
53, 47
54, 47
54, 47
56, 54
56, 55
57, 55
56, 55
55, 55
55, 55
50, 75
50, 74
51, 73
52, 73
51, 74
52, 74
52, 74
58, 61
57, 61
58, 61
59, 60
60, 59
60, 60
61, 60
60, 59
60, 59
42, 51
42, 50
41, 50
40, 51
40, 52
40, 52
54, 57
54, 58
53, 58
54, 58
54, 59
55, 60
56, 60
57, 61
57, 61
65, 81
64, 82
64, 81
63, 80
64, 81
65, 81
64, 82
64, 83
64, 83
51, 56
51, 57
51, 56
50, 57
51, 56
52, 57
53, 56
53, 56
31, 67
30, 68
30, 67
30, 68
30, 67
29, 67
30, 67
29, 67
29, 67
26, 72
25, 73
26, 72
26, 71
27, 70
28, 70
29, 71
28, 70
27, 71
27, 71
37, 48
38, 48
37, 49
38, 48
37, 49
37, 48
37, 49
37, 49
53, 58
54, 58
54, 57
55, 57
55, 58
56, 59
56, 59
44, 48
45, 49
46, 49
46, 50
47, 50
47, 50
41, 76
40, 75
39, 75
39, 76
40, 75
39, 76
38, 77
38, 76
38, 76
48, 57
47, 57
48, 56
47, 56
46, 56
47, 56
48, 56
48, 56
43, 48
43, 49
42, 49
43, 48
44, 49
44, 48
45, 49
44, 49
44, 49
61, 71
62, 70
62, 69
61, 70
60, 71
59, 71
58, 71
58, 72
58, 73
58, 72
58, 72
68, 68
68, 69
67, 69
66, 70
67, 71
67, 70
66, 69
65, 70
64, 69
65, 68
65, 68
52, 71
53, 71
53, 72
53, 73
54, 73
54, 72
53, 73
52, 73
52, 73
61, 72
60, 73
61, 74
60, 74
61, 73
60, 72
61, 73
61, 73
48, 63
47, 63
46, 64
47, 63
48, 63
47, 63
46, 64
46, 64
40, 64
39, 65
39, 66
38, 67
37, 68
36, 69
35, 70
35, 70
50, 55
51, 56
51, 57
51, 58
51, 57
51, 58
50, 57
50, 56
51, 55
51, 55
49, 42
50, 43
51, 43
51, 44
52, 44
52, 45
52, 45
37, 48
36, 49
37, 49
37, 50
36, 51
35, 51
35, 51
54, 54
53, 55
53, 54
54, 53
53, 53
53, 53
62, 72
61, 73
61, 74
61, 75
61, 74
61, 75
61, 75
34, 69
34, 68
33, 69
33, 70
32, 69
31, 70
30, 69
31, 70
30, 70
30, 70
53, 55
54, 55
53, 55
54, 54
53, 54
52, 54
51, 54
51, 55
52, 55
52, 55
63, 84
64, 85
64, 84
63, 84
62, 85
61, 85
60, 85
61, 85
61, 85
48, 49
49, 48
49, 49
50, 50
51, 49
51, 49
61, 59
62, 59
62, 58
63, 58
63, 59
62, 59
63, 58
64, 57
64, 57
47, 57
48, 58
48, 57
49, 56
50, 55
51, 56
52, 57
53, 58
53, 59
54, 59
54, 59
51, 46
52, 47
52, 46
53, 46
52, 47
53, 48
53, 47
52, 47
52, 47
53, 48
54, 49
53, 50
53, 51
54, 50
55, 49
55, 49
45, 65
44, 64
43, 65
42, 65
41, 66
40, 66
39, 66
40, 66
39, 66
39, 67
39, 67
57, 73
56, 74
55, 74
55, 75
54, 76
53, 75
52, 76
52, 77
52, 76
51, 76
51, 76
52, 74
51, 75
51, 76
52, 77
51, 77
51, 78
50, 78
51, 78
51, 77
50, 78
50, 78
57, 59
57, 58
56, 58
55, 59
56, 58
55, 58
56, 58
57, 57
57, 57
65, 67
64, 66
64, 67
65, 66
64, 65
65, 64
66, 65
67, 65
67, 66
67, 66
50, 56
49, 55
50, 56
51, 57
52, 56
52, 57
51, 58
51, 59
52, 59
52, 59
43, 50
43, 49
42, 48
42, 47
43, 47
43, 46
44, 46
43, 47
43, 47
41, 52
40, 53
39, 53
40, 54
40, 53
41, 52
42, 51
42, 51
58, 60
58, 61
57, 61
56, 61
55, 61
55, 60
55, 60
39, 76
40, 75
39, 74
40, 73
39, 74
39, 74
30, 68
31, 69
32, 68
33, 69
34, 70
34, 70
53, 73
53, 72
53, 73
53, 72
52, 72
52, 71
51, 70
51, 71
51, 70
52, 69
52, 69
26, 71
25, 72
26, 71
27, 70
27, 69
28, 70
27, 70
26, 71
27, 71
27, 71
58, 58
59, 57
58, 57
59, 58
60, 57
59, 58
58, 58
58, 59
58, 59
52, 46
53, 47
52, 47
53, 47
54, 48
53, 47
52, 47
53, 47
53, 47
56, 60
55, 60
56, 60
55, 61
55, 60
54, 59
54, 59
50, 77
50, 78
50, 77
51, 76
50, 76
50, 75
50, 74
50, 75
51, 76
51, 76
65, 56
65, 57
66, 56
65, 57
64, 58
64, 58
53, 58
52, 59
53, 60
54, 60
53, 59
52, 59
53, 58
54, 58
54, 58
43, 50
43, 49
44, 48
44, 47
45, 48
45, 48
62, 74
62, 73
61, 73
60, 73
61, 72
62, 71
61, 70
61, 70
36, 51
37, 50
38, 51
38, 52
38, 51
38, 52
37, 51
37, 52
38, 51
39, 52
39, 52
54, 53
53, 52
52, 53
53, 52
53, 51
52, 52
52, 51
51, 50
50, 50
50, 49
50, 49
38, 67
38, 68
37, 67
38, 68
37, 68
37, 67
37, 68
36, 67
37, 66
37, 66
56, 49
55, 49
56, 49
56, 48
55, 49
55, 50
54, 49
53, 49
53, 49
53, 60
54, 61
53, 62
54, 63
54, 62
53, 61
52, 62
51, 61
51, 61
62, 85
62, 86
63, 86
62, 86
61, 85
62, 84
62, 83
63, 82
63, 81
64, 80
64, 80
51, 48
50, 48
51, 49
52, 49
53, 48
52, 49
51, 48
52, 48
52, 48
51, 69
52, 69
52, 68
51, 68
52, 68
51, 68
50, 68
49, 67
49, 67
28, 71
29, 71
29, 72
30, 71
30, 70
30, 70
33, 69
34, 68
35, 69
34, 70
33, 71
32, 70
33, 71
33, 70
33, 70
29, 70
30, 70
31, 69
30, 70
31, 70
30, 70
29, 71
30, 71
30, 70
30, 70
53, 56
54, 55
54, 56
54, 57
55, 57
56, 57
57, 57
56, 57
57, 56
57, 55
57, 55
67, 65
67, 66
67, 65
66, 65
65, 64
66, 65
66, 66
65, 65
65, 65
40, 73
39, 72
40, 73
39, 73
38, 72
39, 73
39, 72
40, 71
39, 71
39, 70
39, 70
51, 77
52, 77
53, 77
53, 76
52, 77
51, 76
52, 77
52, 77
43, 46
42, 47
43, 48
43, 47
44, 48
44, 49
45, 48
45, 48
44, 47
45, 47
45, 48
44, 47
43, 47
42, 47
41, 47
41, 47
66, 66
67, 67
67, 68
68, 68
69, 68
69, 67
68, 66
69, 67
68, 68
67, 67
67, 67
48, 68
48, 67
49, 68
48, 68
49, 68
50, 67
50, 66
50, 66
38, 51
37, 50
37, 51
36, 52
37, 53
38, 52
38, 52
53, 76
54, 75
55, 74
54, 75
53, 74
54, 74
53, 75
53, 74
54, 74
54, 75
54, 75
56, 56
57, 55
58, 56
57, 55
57, 56
57, 55
58, 55
57, 55
58, 55
58, 55
36, 67
35, 67
35, 68
34, 67
33, 66
32, 65
31, 64
31, 64
34, 70
35, 70
34, 70
34, 71
35, 71
34, 72
35, 73
34, 72
33, 73
33, 73
59, 60
60, 61
61, 60
62, 59
61, 59
62, 58
61, 58
61, 58
54, 49
53, 50
52, 50
53, 49
52, 50
51, 51
51, 51
51, 60
50, 59
49, 60
48, 60
49, 60
49, 60
30, 71
29, 70
30, 69
29, 70
30, 70
29, 71
30, 72
31, 73
31, 73
65, 79
65, 80
66, 81
65, 81
65, 82
64, 82
64, 81
64, 82
63, 82
63, 82
53, 59
53, 58
54, 59
54, 60
54, 61
54, 62
54, 63
53, 62
53, 62
40, 71
39, 70
38, 69
39, 69
38, 69
37, 69
37, 69
53, 57
54, 56
53, 55
52, 56
52, 57
52, 56
52, 57
53, 58
53, 58
50, 76
51, 77
52, 78
52, 77
52, 78
53, 77
54, 77
54, 77
49, 49
49, 48
50, 47
51, 48
52, 48
53, 49
52, 48
51, 48
50, 48
49, 47
49, 47
60, 71
61, 70
60, 69
61, 70
60, 69
61, 68
61, 67
61, 67
65, 57
66, 57
66, 58
65, 58
65, 59
65, 60
65, 59
65, 60
64, 59
64, 59
51, 49
52, 48
52, 47
52, 48
52, 47
53, 46
54, 45
54, 45
53, 48
54, 49
53, 49
52, 48
51, 49
51, 49
31, 70
31, 71
31, 70
30, 71
30, 70
30, 70
46, 48
46, 49
45, 50
45, 51
44, 50
44, 50
63, 59
62, 59
61, 60
62, 61
63, 61
64, 62
63, 62
63, 61
64, 60
64, 60
55, 77
55, 78
56, 78
55, 79
56, 78
56, 77
55, 77
56, 78
56, 78
66, 68
67, 67
68, 66
67, 67
66, 68
66, 69
66, 68
66, 67
65, 67
66, 68
66, 68
50, 46
51, 47
52, 47
51, 47
50, 46
50, 45
51, 46
51, 45
51, 44
50, 43
50, 43
53, 61
53, 62
54, 61
54, 62
55, 63
55, 62
54, 63
54, 63
62, 66
63, 66
63, 67
63, 66
63, 67
63, 66
63, 66
49, 61
50, 61
51, 62
51, 63
52, 63
53, 63
53, 64
53, 65
53, 65
30, 69
31, 70
32, 70
32, 69
31, 68
30, 68
29, 67
29, 67
31, 63
31, 64
31, 63
32, 63
32, 62
32, 62
55, 74
54, 74
53, 73
54, 74
54, 73
53, 74
52, 73
53, 72
53, 72
57, 54
57, 53
56, 54
55, 53
56, 53
57, 54
56, 55
55, 56
55, 56
51, 50
52, 49
52, 48
53, 49
53, 50
53, 49
53, 48
53, 48
34, 74
33, 74
34, 75
33, 75
33, 74
32, 73
31, 73
30, 72
29, 72
29, 72
42, 48
41, 48
42, 49
41, 50
40, 50
40, 51
39, 52
40, 52
40, 52
55, 44
56, 45
55, 44
54, 45
54, 44
55, 45
55, 45
63, 83
62, 83
62, 84
61, 83
62, 82
63, 82
62, 83
63, 84
62, 83
62, 83
45, 50
45, 51
46, 52
46, 53
47, 53
46, 54
45, 53
44, 53
43, 52
43, 52
39, 51
38, 52
37, 53
37, 52
37, 53
38, 53
38, 53
52, 48
51, 48
52, 48
51, 49
51, 48
52, 47
51, 47
50, 46
49, 47
48, 48
48, 48
60, 57
59, 58
59, 59
58, 58
58, 59
58, 60
57, 60
57, 61
57, 61
32, 72
32, 73
31, 73
32, 72
33, 71
33, 72
33, 72
53, 57
54, 56
53, 56
53, 55
53, 54
54, 54
54, 53
53, 53
53, 53
37, 70
36, 71
35, 71
35, 72
36, 72
37, 73
36, 73
35, 72
34, 72
34, 72
51, 65
52, 65
51, 65
52, 65
53, 64
54, 64
55, 64
56, 65
56, 64
56, 64
33, 71
34, 72
33, 72
32, 73
31, 74
32, 74
33, 74
33, 74
54, 46
54, 47
53, 47
52, 48
52, 49
52, 48
51, 47
50, 47
51, 48
51, 48
55, 64
54, 63
54, 64
53, 63
54, 63
55, 62
55, 61
55, 61
63, 67
64, 68
64, 67
64, 66
65, 65
66, 66
67, 65
68, 66
68, 67
69, 68
69, 68
57, 77
56, 77
55, 76
54, 77
53, 78
54, 77
54, 77
39, 53
39, 54
38, 54
37, 55
37, 54
37, 53
38, 52
38, 51
39, 51
39, 51
62, 82
63, 83
64, 82
65, 81
65, 80
66, 80
67, 80
68, 81
69, 81
69, 81
29, 66
28, 67
27, 66
26, 66
27, 66
27, 66
31, 62
32, 61
33, 61
32, 61
32, 62
32, 62
33, 71
33, 72
34, 72
35, 71
34, 70
33, 69
34, 70
33, 70
33, 70
56, 62
56, 61
55, 60
54, 61
55, 61
55, 60
55, 59
54, 58
55, 57
56, 58
56, 58
48, 47
48, 46
47, 45
48, 44
49, 43
48, 44
48, 44
41, 51
42, 52
43, 52
43, 51
43, 52
42, 52
42, 53
42, 53
54, 56
55, 56
55, 57
55, 58
56, 57
56, 57
54, 65
53, 64
52, 64
51, 63
51, 64
51, 64
54, 53
55, 54
55, 53
56, 53
57, 53
58, 54
57, 55
57, 54
58, 53
57, 53
57, 53
28, 72
28, 73
29, 74
30, 75
31, 76
32, 76
31, 77
31, 77
64, 59
65, 59
65, 58
64, 57
63, 57
63, 57
52, 48
53, 47
54, 47
55, 46
55, 45
56, 45
56, 46
56, 45
55, 45
55, 45
55, 65
54, 64
53, 65
52, 64
53, 63
52, 63
52, 64
52, 65
53, 65
54, 65
54, 65
43, 51
43, 50
44, 49
45, 48
44, 47
44, 47
51, 43
52, 42
53, 41
52, 41
52, 40
52, 40
66, 67
67, 67
67, 68
67, 67
68, 66
68, 67
68, 68
68, 68
52, 72
51, 73
50, 72
51, 71
51, 72
50, 73
51, 72
50, 73
50, 73
44, 46
45, 46
44, 47
45, 46
45, 47
45, 47
48, 45
49, 45
48, 45
47, 45
48, 46
49, 46
48, 46
47, 45
47, 44
48, 43
48, 43
34, 74
35, 75
36, 74
35, 74
35, 75
34, 74
35, 73
35, 73
28, 67
28, 66
28, 65
27, 66
26, 66
26, 66
68, 81
68, 82
69, 81
70, 81
71, 82
70, 81
70, 81
31, 61
30, 62
29, 61
28, 61
28, 60
28, 59
28, 60
28, 60
53, 66
52, 67
52, 66
51, 65
50, 64
51, 63
52, 62
52, 62
41, 54
41, 53
41, 54
42, 54
41, 54
41, 54
69, 67
69, 66
68, 66
69, 67
70, 66
71, 66
72, 65
72, 65
58, 54
58, 55
57, 55
58, 54
57, 54
56, 55
56, 55
54, 46
55, 45
55, 44
54, 44
55, 43
54, 43
54, 43
51, 47
50, 47
49, 48
50, 49
51, 50
52, 51
52, 51
55, 56
56, 57
57, 57
56, 57
55, 56
54, 56
53, 56
53, 57
53, 57
52, 64
51, 64
51, 65
52, 64
51, 65
51, 66
50, 65
50, 65
55, 57
55, 56
55, 57
54, 58
55, 58
56, 57
55, 56
54, 57
55, 56
55, 56
32, 70
31, 70
30, 70
31, 71
31, 70
31, 71
32, 70
32, 69
31, 68
32, 69
32, 69
49, 72
48, 72
49, 72
48, 72
49, 73
49, 74
50, 74
50, 73
50, 73
55, 78
56, 77
55, 76
56, 76
55, 77
55, 76
55, 76
38, 51
37, 52
37, 53
36, 54
36, 53
37, 52
38, 52
39, 52
40, 52
39, 51
39, 51
62, 58
61, 58
61, 57
61, 56
62, 57
62, 57
54, 62
54, 63
55, 63
56, 64
57, 65
56, 66
56, 65
55, 64
55, 64
69, 69
70, 68
71, 68
72, 68
71, 68
70, 67
70, 68
70, 67
69, 68
69, 68
51, 39
51, 38
50, 38
50, 39
51, 38
51, 39
50, 39
49, 40
49, 40
30, 76
31, 77
31, 76
32, 76
31, 77
32, 78
33, 79
34, 78
33, 77
34, 78
34, 78
55, 63
55, 62
56, 63
56, 62
57, 61
57, 61
38, 52
37, 52
37, 51
38, 50
39, 49
39, 49
53, 43
53, 44
52, 45
52, 44
51, 44
51, 44
45, 48
44, 49
44, 48
44, 47
44, 48
45, 49
45, 50
45, 50
50, 41
51, 41
50, 42
49, 43
50, 44
49, 44
48, 43
48, 44
47, 44
47, 43
47, 43
69, 67
70, 66
71, 67
72, 67
72, 66
72, 67
73, 67
73, 66
74, 65
74, 65
29, 59
30, 60
29, 59
30, 59
29, 59
28, 59
28, 59
71, 80
70, 81
69, 81
69, 80
70, 79
71, 78
70, 77
70, 76
69, 75
69, 76
69, 76
53, 58
52, 57
51, 57
51, 56
52, 56
53, 56
52, 56
51, 56
51, 56
73, 64
72, 64
72, 65
71, 66
71, 65
72, 64
72, 64
57, 56
56, 57
55, 58
56, 58
56, 59
57, 60
56, 59
57, 60
57, 60
34, 72
35, 73
36, 73
35, 72
34, 73
35, 74
35, 75
36, 74
36, 74
50, 64
51, 63
51, 62
50, 61
49, 61
50, 60
49, 59
50, 60
49, 61
50, 62
50, 62
49, 43
50, 42
51, 43
52, 43
53, 43
54, 44
55, 43
54, 44
54, 44
56, 77
55, 78
54, 77
53, 76
53, 77
54, 77
54, 77
56, 57
57, 58
58, 58
59, 59
58, 58
59, 58
60, 57
61, 56
62, 55
63, 54
63, 54
40, 53
39, 53
38, 53
38, 52
39, 53
38, 54
39, 53
39, 54
40, 54
40, 54
62, 58
63, 57
64, 57
63, 56
63, 55
64, 54
63, 54
63, 53
64, 54
64, 54
27, 67
26, 68
27, 67
28, 67
27, 66
27, 65
27, 65
35, 77
35, 78
36, 78
35, 78
34, 77
34, 77
33, 70
34, 69
35, 69
36, 68
35, 67
34, 68
35, 69
36, 68
35, 69
34, 69
34, 69
52, 61
53, 60
54, 59
55, 60
56, 60
57, 61
56, 60
56, 60
49, 74
50, 73
50, 74
49, 75
50, 75
50, 75
51, 51
52, 51
53, 51
52, 52
51, 52
52, 51
53, 51
53, 51
56, 59
56, 60
57, 61
56, 60
55, 60
55, 59
56, 59
57, 59
58, 58
59, 59
59, 59
52, 52
53, 51
53, 50
52, 49
53, 49
54, 48
54, 48
74, 64
75, 65
74, 65
73, 65
72, 64
72, 65
71, 65
72, 65
72, 65
46, 44
45, 43
46, 43
45, 44
46, 44
45, 43
45, 43
38, 49
39, 49
39, 50
38, 51
38, 50
38, 50
36, 73
37, 73
38, 74
37, 73
37, 74
37, 73
36, 74
35, 74
34, 74
33, 75
33, 75
51, 55
52, 54
51, 55
52, 54
51, 55
50, 55
49, 56
50, 56
49, 56
48, 57
48, 57
72, 65
73, 64
72, 64
71, 65
72, 66
72, 66
58, 60
58, 61
59, 60
59, 59
58, 58
59, 57
58, 58
59, 59
60, 58
60, 58
56, 59
55, 58
54, 58
53, 59
54, 60
54, 61
53, 62
52, 62
53, 63
52, 63
52, 63
64, 54
63, 53
62, 54
61, 55
62, 55
63, 56
63, 55
63, 54
63, 54
45, 49
44, 48
45, 47
44, 47
43, 47
43, 48
44, 47
44, 46
44, 45
44, 45
50, 45
50, 44
51, 44
50, 44
50, 45
49, 44
49, 45
49, 46
50, 45
50, 45
26, 64
26, 63
27, 63
27, 62
28, 62
27, 62
26, 62
26, 62
39, 54
39, 53
38, 54
37, 53
36, 53
36, 53
35, 78
34, 78
35, 77
34, 76
35, 75
36, 75
36, 75
69, 75
70, 75
69, 74
70, 75
71, 76
72, 77
72, 77
33, 68
33, 67
34, 67
34, 66
35, 66
35, 66
50, 76
49, 75
48, 74
48, 73
49, 73
48, 74
47, 75
47, 74
46, 73
46, 72
46, 72
29, 60
29, 59
29, 58
29, 59
30, 60
30, 60
55, 78
56, 77
56, 78
56, 77
55, 77
54, 77
53, 76
53, 76
49, 61
50, 60
49, 60
48, 59
48, 60
49, 61
50, 61
50, 61
63, 53
64, 54
63, 53
63, 54
62, 53
63, 53
63, 53
54, 43
54, 42
53, 42
52, 41
52, 42
51, 42
52, 43
51, 43
50, 44
50, 44
73, 66
72, 67
72, 68
71, 67
70, 68
70, 69
70, 68
70, 68
35, 52
36, 51
37, 51
37, 50
38, 51
37, 50
36, 49
37, 49
38, 49
37, 50
37, 50
37, 51
37, 50
36, 49
36, 48
37, 49
37, 49
59, 59
60, 58
60, 59
61, 59
61, 58
62, 59
63, 59
63, 59
52, 77
53, 77
53, 78
54, 78
53, 78
54, 78
55, 79
54, 79
54, 80
55, 80
55, 80
50, 60
49, 59
48, 60
49, 59
48, 58
47, 58
47, 57
47, 58
47, 58
27, 61
28, 62
29, 61
30, 61
30, 62
30, 61
29, 60
29, 61
29, 61
29, 59
30, 59
29, 59
30, 59
29, 58
29, 58
60, 60
59, 60
60, 59
60, 60
59, 59
60, 60
60, 60
47, 56
47, 57
46, 56
47, 57
47, 56
47, 56
53, 62
54, 62
53, 61
52, 60
53, 60
54, 61
55, 61
54, 60
54, 61
54, 61
71, 77
70, 78
70, 77
70, 76
70, 75
70, 75
72, 66
73, 67
72, 68
71, 68
72, 68
71, 68
71, 69
72, 68
72, 68
46, 71
47, 71
47, 72
46, 73
45, 72
44, 71
44, 71
63, 55
64, 54
63, 53
62, 54
61, 55
61, 56
61, 56
36, 66
37, 67
36, 66
36, 67
37, 66
37, 66
53, 47
52, 46
51, 45
52, 46
51, 47
52, 46
51, 47
50, 46
50, 46
46, 44
46, 43
45, 43
44, 42
43, 43
42, 43
42, 43
45, 45
44, 45
44, 46
43, 47
44, 47
45, 46
45, 47
45, 47
34, 74
33, 74
34, 75
35, 74
36, 74
36, 74
51, 46
52, 45
53, 44
52, 43
51, 44
51, 43
50, 43
50, 43
51, 45
50, 44
51, 44
52, 44
51, 44
50, 43
50, 42
51, 42
52, 41
52, 40
52, 40
63, 54
62, 55
63, 55
62, 56
61, 55
61, 56
62, 55
63, 56
63, 57
62, 56
62, 56
35, 74
36, 75
37, 75
38, 76
39, 76
39, 76
46, 48
47, 48
48, 48
48, 49
47, 48
48, 47
48, 48
49, 47
48, 46
49, 45
49, 45
71, 67
72, 67
71, 68
71, 69
70, 70
70, 70
43, 72
43, 73
43, 74
44, 75
45, 76
44, 77
44, 76
44, 76
54, 62
55, 62
56, 63
56, 64
57, 65
57, 65
50, 42
49, 41
48, 40
49, 40
48, 40
49, 41
48, 42
49, 43
50, 44
51, 43
51, 43
64, 60
65, 59
65, 58
65, 59
66, 60
66, 59
66, 59
49, 46
49, 45
48, 44
47, 45
46, 46
45, 46
44, 47
43, 47
42, 48
42, 47
42, 47
48, 58
47, 57
48, 57
48, 58
47, 57
46, 56
46, 55
47, 56
47, 56
36, 65
35, 65
34, 64
33, 65
33, 64
33, 65
34, 66
33, 66
33, 66
30, 60
29, 60
30, 60
29, 59
29, 58
29, 58
37, 50
38, 50
39, 50
40, 50
39, 51
38, 50
37, 49
37, 50
37, 50
30, 58
30, 57
29, 56
28, 55
29, 54
28, 55
29, 56
28, 55
28, 55
53, 40
54, 41
54, 40
54, 39
55, 38
55, 39
56, 40
57, 41
57, 42
57, 42
56, 80
57, 81
58, 80
58, 79
57, 79
57, 79
40, 77
40, 76
40, 75
41, 74
40, 74
41, 75
41, 74
41, 74
63, 56
62, 56
63, 55
64, 54
63, 53
64, 54
63, 54
62, 53
63, 54
63, 54
46, 57
47, 57
48, 56
48, 57
47, 57
47, 57
70, 74
70, 73
69, 72
70, 73
71, 73
71, 73
36, 49
37, 50
38, 51
39, 51
40, 50
40, 50
62, 57
63, 58
63, 57
63, 58
64, 58
64, 57
65, 56
64, 57
64, 57
60, 59
59, 59
60, 59
61, 58
62, 59
61, 60
60, 59
60, 59
36, 75
35, 74
34, 73
34, 72
35, 71
35, 71
43, 42
43, 41
42, 40
41, 39
40, 40
40, 40
72, 69
73, 69
72, 68
72, 69
73, 70
73, 70
58, 79
58, 78
59, 78
60, 77
59, 78
58, 79
57, 79
56, 78
56, 78
39, 39
38, 38
39, 38
40, 37
39, 37
39, 36
40, 36
39, 37
39, 37
63, 57
63, 56
62, 56
62, 57
61, 58
61, 58
41, 48
41, 47
40, 47
41, 48
41, 49
40, 48
39, 49
38, 48
37, 49
37, 50
37, 50
48, 55
48, 54
47, 54
46, 54
45, 54
45, 53
44, 53
45, 54
44, 55
44, 54
44, 54
57, 43
56, 44
57, 43
58, 43
57, 42
57, 43
57, 43
65, 58
66, 57
67, 56
68, 56
68, 57
67, 57
67, 56
68, 57
68, 56
68, 56
70, 74
70, 73
71, 73
72, 73
72, 72
73, 73
73, 72
72, 72
71, 72
72, 73
72, 73
56, 65
57, 65
58, 66
59, 67
60, 66
59, 66
58, 65
57, 66
57, 67
57, 67
48, 57
49, 58
49, 59
50, 60
49, 59
49, 59
61, 58
61, 59
61, 58
62, 58
63, 59
63, 60
63, 60
42, 74
42, 73
41, 74
41, 73
40, 72
40, 71
40, 72
39, 71
38, 71
38, 71
27, 55
26, 54
25, 54
24, 55
23, 56
23, 57
24, 58
24, 58
32, 67
33, 68
34, 69
35, 69
34, 68
34, 69
35, 68
36, 67
37, 68
38, 67
38, 67
69, 71
70, 71
71, 70
70, 69
71, 70
70, 70
70, 70
28, 58
29, 57
30, 57
31, 57
32, 56
31, 57
31, 57
63, 53
63, 54
63, 53
64, 54
63, 55
63, 55
49, 46
50, 47
50, 46
49, 47
48, 47
48, 47
38, 51
38, 52
39, 52
39, 51
39, 50
40, 50
41, 51
40, 51
40, 51
50, 44
51, 45
52, 45
51, 44
51, 43
52, 42
51, 42
51, 41
51, 40
51, 40
39, 51
39, 50
40, 50
40, 49
39, 49
38, 50
38, 49
38, 49
45, 77
44, 76
43, 77
44, 76
44, 75
44, 75
72, 71
72, 70
71, 71
72, 71
71, 71
70, 71
70, 71
36, 71
37, 70
37, 71
36, 72
35, 72
34, 73
33, 72
33, 72
34, 72
34, 71
33, 71
33, 70
32, 69
33, 69
33, 69
70, 71
69, 70
69, 69
68, 70
69, 69
69, 68
68, 69
68, 68
69, 67
69, 68
69, 68
58, 43
59, 42
58, 43
59, 44
58, 43
58, 43
25, 57
26, 57
26, 56
25, 56
26, 56
26, 57
27, 57
27, 58
28, 57
28, 57
43, 53
44, 52
43, 52
43, 53
42, 52
43, 51
44, 50
44, 50
56, 66
56, 65
57, 66
57, 65
56, 66
56, 66
52, 40
53, 40
54, 40
53, 39
52, 39
51, 39
50, 39
49, 39
50, 39
49, 40
49, 40
48, 60
49, 61
49, 60
49, 59
50, 59
50, 60
51, 61
52, 62
52, 63
52, 63
72, 74
73, 74
72, 74
73, 74
72, 74
72, 74
44, 76
43, 75
43, 74
43, 73
42, 74
41, 75
40, 74
41, 73
40, 72
40, 72
70, 72
71, 71
72, 72
73, 73
72, 72
72, 73
72, 72
72, 71
72, 72
73, 73
73, 73
41, 50
40, 51
40, 52
41, 51
41, 52
42, 51
43, 50
43, 50
39, 68
38, 68
39, 69
40, 69
41, 70
42, 71
42, 71
57, 78
58, 78
59, 78
59, 79
60, 79
61, 79
60, 78
60, 78
68, 57
69, 58
68, 57
67, 57
68, 56
69, 55
70, 55
69, 56
69, 56
39, 72
40, 72
40, 73
40, 72
41, 72
41, 73
40, 72
41, 73
40, 73
40, 73
38, 50
38, 51
38, 50
38, 49
39, 50
40, 49
40, 49
32, 57
31, 58
30, 58
31, 59
32, 59
32, 58
32, 58
38, 37
37, 37
36, 38
37, 37
36, 38
35, 39
34, 39
34, 39
36, 51
36, 50
35, 50
35, 49
34, 49
35, 50
35, 50
63, 59
64, 58
64, 59
65, 60
66, 61
67, 62
66, 63
65, 64
65, 64
62, 55
61, 56
60, 57
59, 57
58, 56
57, 57
56, 57
56, 57
61, 57
62, 57
62, 56
63, 56
64, 57
65, 56
66, 57
67, 56
67, 56
48, 46
49, 45
48, 45
49, 44
50, 44
51, 43
51, 44
50, 45
49, 46
49, 47
49, 47
44, 51
44, 52
43, 53
43, 54
43, 55
44, 56
43, 57
43, 56
43, 55
43, 55
43, 50
42, 50
42, 51
43, 52
42, 53
43, 53
43, 53
33, 58
33, 59
32, 58
33, 57
32, 56
32, 56
29, 56
28, 55
27, 55
26, 55
25, 56
25, 57
26, 57
27, 57
26, 56
26, 56
57, 43
56, 43
55, 44
54, 44
53, 44
54, 44
53, 45
52, 45
52, 45
43, 70
44, 70
45, 70
45, 69
44, 69
43, 68
43, 67
42, 68
43, 67
42, 67
42, 67
73, 73
73, 74
72, 73
72, 74
73, 73
72, 73
73, 72
72, 72
72, 72
41, 72
42, 71
42, 72
42, 73
42, 72
41, 72
40, 72
40, 72
50, 39
50, 40
49, 39
50, 40
51, 39
52, 38
52, 39
52, 40
52, 41
53, 40
53, 40
36, 51
36, 50
37, 51
38, 51
38, 50
38, 50
41, 72
42, 73
42, 72
43, 73
42, 72
42, 72
68, 69
68, 70
68, 71
67, 71
66, 71
65, 70
65, 71
65, 72
65, 72
50, 46
51, 46
50, 46
51, 47
52, 48
53, 48
54, 48
53, 49
52, 48
52, 48
59, 77
58, 77
59, 76
59, 77
60, 78
60, 77
60, 76
61, 75
61, 76
61, 75
61, 75
33, 40
32, 39
31, 38
30, 37
31, 36
30, 37
30, 37
57, 57
57, 58
58, 59
57, 60
58, 59
58, 58
58, 57
58, 57
73, 74
73, 73
72, 72
72, 73
73, 73
72, 72
73, 72
72, 73
72, 73
34, 68
33, 69
34, 68
35, 68
36, 68
36, 67
37, 66
36, 65
36, 65
66, 57
66, 56
66, 57
67, 58
67, 57
66, 57
66, 57
66, 65
67, 65
66, 66
67, 65
68, 66
69, 66
69, 66
70, 57
71, 57
72, 58
71, 58
71, 57
71, 58
71, 57
70, 56
69, 56
69, 56
40, 48
40, 47
39, 47
39, 48
38, 48
39, 47
40, 47
41, 48
40, 47
40, 47
53, 62
54, 61
55, 62
54, 63
55, 63
56, 64
55, 64
56, 64
55, 65
55, 65
57, 66
57, 67
58, 66
58, 65
59, 64
58, 63
58, 64
58, 65
57, 64
57, 63
57, 63
68, 67
69, 67
68, 68
67, 69
68, 68
67, 68
68, 67
69, 67
70, 68
70, 68
66, 71
67, 72
67, 71
66, 71
66, 70
67, 71
68, 70
67, 71
68, 71
69, 72
69, 72
57, 64
56, 65
55, 64
54, 65
53, 65
54, 66
55, 65
55, 66
55, 67
55, 67
59, 58
58, 59
57, 58
56, 57
57, 57
58, 56
57, 56
58, 57
58, 58
58, 58
41, 73
42, 72
41, 71
41, 70
42, 70
41, 71
41, 71
43, 54
44, 53
43, 52
42, 53
43, 53
44, 53
44, 54
44, 55
44, 55
43, 71
44, 71
45, 72
46, 72
47, 73
47, 73
42, 66
43, 65
44, 65
45, 66
46, 66
46, 67
46, 66
47, 67
47, 67
54, 65
55, 65
56, 66
57, 66
57, 67
58, 67
57, 68
57, 67
58, 67
58, 67
36, 64
36, 65
35, 66
35, 67
34, 68
35, 67
36, 68
36, 67
36, 67
26, 57
27, 57
26, 58
27, 58
28, 57
29, 57
29, 57
31, 57
32, 57
32, 56
33, 55
32, 55
32, 55
52, 40
51, 39
52, 40
51, 41
50, 41
50, 42
50, 42
43, 54
43, 53
42, 54
43, 53
44, 53
45, 52
45, 52
71, 71
72, 72
73, 72
72, 72
73, 73
74, 72
73, 72
73, 72
71, 72
71, 71
71, 70
72, 70
73, 69
72, 69
72, 70
72, 70
51, 46
52, 46
51, 45
50, 45
51, 46
50, 46
51, 47
50, 48
50, 48
68, 57
67, 57
66, 58
66, 57
65, 57
65, 57
31, 36
32, 36
31, 36
30, 37
29, 36
29, 36
51, 47
52, 47
51, 48
50, 48
49, 48
50, 47
51, 48
52, 48
52, 48
41, 48
42, 48
41, 47
42, 48
43, 47
42, 48
41, 48
40, 48
39, 49
40, 48
40, 48
37, 51
37, 52
38, 51
37, 50
36, 49
35, 50
34, 50
33, 51
33, 50
32, 49
32, 49
66, 58
65, 59
65, 60
66, 59
66, 58
66, 57
67, 56
66, 56
66, 57
66, 57
62, 74
61, 73
60, 73
59, 74
58, 74
59, 73
59, 73
64, 57
64, 58
64, 59
64, 60
63, 61
63, 61
59, 58
60, 59
61, 60
61, 61
62, 61
63, 62
64, 61
64, 60
64, 59
64, 59
46, 53
45, 52
44, 53
44, 52
43, 53
42, 54
43, 55
43, 55
44, 56
44, 55
44, 54
43, 55
42, 55
41, 56
40, 55
40, 56
40, 56
70, 69
69, 68
68, 69
69, 68
68, 68
69, 69
68, 70
68, 70
59, 72
60, 72
60, 71
60, 70
61, 69
61, 69
33, 49
32, 49
33, 50
32, 50
33, 50
34, 49
35, 49
36, 48
35, 47
35, 47
74, 71
74, 72
73, 73
72, 73
73, 74
72, 74
73, 73
74, 72
74, 72
71, 70
72, 69
72, 70
71, 69
70, 68
70, 68
37, 67
38, 68
38, 69
39, 68
40, 68
40, 67
40, 68
40, 69
41, 70
41, 70
51, 47
50, 47
49, 48
49, 49
50, 49
50, 50
50, 51
50, 50
51, 49
51, 49
56, 66
57, 66
58, 65
58, 66
59, 65
60, 65
59, 65
60, 64
60, 65
61, 66
61, 66
51, 42
52, 42
53, 42
54, 42
55, 41
55, 41
57, 66
56, 65
57, 64
56, 64
56, 63
56, 64
56, 64
47, 66
48, 66
47, 66
48, 66
49, 67
49, 66
48, 67
48, 68
49, 68
49, 68
70, 73
69, 72
70, 72
70, 71
69, 71
69, 71
40, 49
40, 48
41, 48
40, 47
41, 47
40, 47
40, 48
39, 48
38, 47
38, 48
38, 48
65, 56
64, 57
63, 58
63, 59
62, 58
63, 59
63, 58
64, 57
65, 58
65, 58
42, 70
41, 70
42, 69
43, 69
42, 68
43, 68
43, 68
29, 37
29, 36
30, 35
29, 34
29, 35
30, 35
31, 34
32, 34
31, 33
31, 32
31, 32
33, 54
34, 53
35, 52
34, 52
35, 52
36, 51
35, 52
35, 52
28, 57
29, 57
30, 57
29, 57
29, 56
30, 56
31, 56
31, 57
32, 57
32, 57
51, 48
51, 47
50, 48
49, 48
50, 48
51, 48
52, 48
51, 48
52, 47
53, 46
53, 46
47, 72
46, 73
45, 72
44, 71
44, 72
45, 73
46, 72
45, 72
46, 71
46, 71
52, 50
53, 51
55, 53
56, 54
57, 55
58, 56
59, 57
59, 58
59, 59
59, 60
59, 61
59, 62
59, 63
59, 64
59, 65
58, 64
58, 64
58, 64
32, 33
33, 34
34, 35
34, 36
34, 36
34, 35
34, 35
33, 36
33, 36
34, 37
35, 38
36, 39
37, 40
37, 40
69, 69
68, 70
67, 71
67, 72
67, 73
67, 74
66, 74
66, 74
67, 75
67, 76
67, 76
41, 57
40, 57
40, 57
41, 58
42, 59
41, 60
41, 60
41, 59
41, 59
42, 60
44, 62
45, 63
46, 64
47, 65
48, 66
49, 67
50, 68
51, 69
51, 69
51, 69
48, 68
48, 68
49, 69
50, 70
51, 71
52, 72
52, 73
52, 73
56, 65
56, 65
57, 66
58, 67
59, 68
60, 69
61, 70
62, 71
63, 72
64, 73
65, 73
65, 73
44, 69
45, 70
44, 69
44, 69
45, 70
46, 71
47, 72
48, 73
48, 73
56, 42
57, 43
58, 44
60, 46
61, 47
61, 48
61, 49
61, 50
61, 51
61, 52
61, 53
61, 54
61, 55
61, 56
61, 57
61, 58
61, 59
61, 60
61, 60
63, 62
64, 63
64, 63
63, 64
63, 65
63, 66
62, 65
62, 65
62, 65
42, 54
42, 54
43, 55
44, 56
46, 58
47, 59
48, 60
49, 61
50, 62
49, 61
49, 61
50, 62
51, 63
52, 64
52, 64
69, 70
69, 70
68, 71
67, 72
66, 73
65, 74
64, 75
63, 76
62, 77
62, 77
68, 71
68, 71
67, 72
66, 73
66, 74
66, 75
66, 75
33, 58
34, 59
35, 60
36, 61
36, 61
37, 62
36, 62
36, 62
37, 63
38, 64
39, 65
40, 66
40, 66
63, 60
62, 61
61, 62
60, 63
59, 64
58, 65
58, 65
39, 49
40, 50
41, 51
42, 52
43, 53
44, 54
45, 54
45, 54
46, 55
47, 56
47, 56
42, 69
42, 69
43, 70
42, 69
42, 69
43, 70
42, 71
42, 71
43, 72
44, 73
43, 74
43, 74
44, 75
45, 76
45, 76
60, 70
59, 71
58, 72
58, 73
58, 74
58, 75
58, 76
58, 77
58, 78
58, 78
47, 72
48, 73
49, 73
49, 73
50, 74
49, 75
49, 75
50, 74
50, 74
50, 75
50, 75
64, 59
63, 60
64, 61
64, 61
63, 62
62, 63
62, 63
36, 53
37, 54
36, 55
36, 55
36, 56
36, 56
36, 55
36, 55
37, 56
37, 55
37, 55
38, 56
38, 56
62, 67
62, 68
62, 69
62, 70
62, 71
62, 72
62, 73
62, 73
52, 45
52, 45
51, 46
50, 47
50, 47
51, 48
51, 49
51, 49
73, 72
73, 72
72, 73
73, 73
73, 73
72, 74
70, 76
69, 77
68, 78
67, 79
66, 80
66, 81
66, 81
65, 82
64, 83
63, 84
62, 85
62, 85
36, 48
37, 49
38, 50
39, 51
40, 52
41, 52
41, 52
42, 53
43, 54
43, 54
62, 61
63, 62
64, 63
65, 64
66, 65
67, 66
67, 66
61, 65
61, 65
60, 66
59, 67
59, 67
58, 68
57, 69
56, 70
56, 70
66, 74
67, 74
68, 74
69, 74
69, 74
69, 74
69, 74
41, 67
42, 68
43, 69
44, 70
44, 69
44, 69
44, 68
44, 68
45, 69
45, 69
52, 50
51, 51
51, 51
52, 52
53, 53
54, 54
54, 54
48, 57
49, 58
50, 59
50, 60
49, 61
49, 61
49, 61
65, 76
64, 77
63, 78
62, 79
62, 80
62, 80
61, 81
61, 80
61, 80
60, 81
60, 81
66, 77
65, 78
64, 79
65, 79
65, 79
64, 80
63, 81
62, 82
61, 83
61, 83
39, 42
40, 43
41, 44
42, 45
43, 46
44, 47
45, 48
46, 49
47, 50
47, 49
47, 49
48, 50
49, 51
50, 52
50, 52
51, 74
52, 73
53, 72
54, 73
54, 73
54, 72
54, 71
54, 71
59, 65
60, 66
61, 67
62, 68
63, 69
64, 70
65, 71
66, 72
66, 73
66, 74
66, 74
44, 55
46, 57
47, 58
48, 59
49, 60
50, 61
50, 62
50, 64
50, 65
50, 66
50, 67
50, 68
50, 69
50, 70
50, 71
50, 72
50, 73
50, 74
50, 74
46, 77
47, 78
48, 79
49, 79
50, 79
51, 79
52, 79
53, 79
54, 79
55, 79
55, 79
61, 74
60, 75
60, 76
60, 77
60, 78
60, 78
52, 70
53, 71
54, 72
55, 73
56, 74
57, 75
57, 75
59, 78
59, 79
59, 79
60, 78
60, 78
60, 79
60, 79
59, 80
59, 80
60, 79
60, 79
61, 78
60, 79
59, 79
58, 79
57, 79
56, 79
56, 78
56, 78
55, 79
54, 79
53, 79
53, 79
53, 74
54, 74
55, 74
56, 74
56, 73
56, 73
57, 74
57, 74
53, 65
53, 64
53, 64
54, 65
53, 66
53, 66
54, 67
55, 68
55, 68
56, 69
57, 70
58, 71
58, 71
39, 57
40, 58
41, 57
41, 57
43, 59
44, 60
45, 61
46, 62
47, 63
48, 64
49, 65
50, 66
51, 67
52, 68
52, 68
59, 66
59, 67
59, 68
59, 69
59, 70
59, 71
59, 72
59, 71
59, 71
59, 72
59, 73
59, 73
49, 74
48, 73
48, 73
49, 74
50, 75
49, 74
49, 74
50, 75
50, 76
50, 77
50, 77
63, 64
64, 65
65, 66
66, 67
66, 67
65, 68
66, 67
66, 67
67, 68
67, 68
67, 68
63, 86
64, 87
65, 87
66, 87
66, 87
67, 87
67, 87
58, 76
59, 77
60, 78
61, 79
62, 80
63, 80
63, 80
64, 81
64, 81
59, 81
59, 81
59, 81
59, 81
59, 81
59, 81
59, 81
59, 80
59, 80
59, 81
59, 81
66, 67
65, 68
64, 69
64, 70
64, 71
64, 71
58, 75
57, 75
57, 75
58, 76
59, 77
60, 78
61, 79
60, 80
60, 80
61, 81
61, 81
46, 70
47, 71
48, 72
49, 73
50, 74
50, 74
54, 80
55, 81
56, 82
57, 83
57, 84
58, 85
58, 85
57, 86
57, 86
59, 72
60, 73
61, 74
62, 75
63, 76
64, 77
65, 78
65, 78
54, 80
54, 80
55, 81
56, 82
57, 83
58, 84
59, 85
59, 85
55, 69
55, 69
56, 70
57, 71
58, 72
59, 71
59, 71
60, 71
60, 71
61, 72
62, 73
63, 74
63, 74
68, 75
67, 76
66, 77
65, 78
64, 79
64, 79
51, 78
51, 79
51, 80
51, 80
51, 80
51, 80
51, 80
51, 81
51, 81
51, 80
51, 80
51, 75
52, 76
53, 77
54, 78
55, 79
56, 80
57, 81
57, 82
57, 82
57, 82
57, 82
59, 79
60, 80
60, 80
59, 81
58, 82
57, 83
56, 84
55, 85
55, 85
61, 80
61, 81
61, 82
61, 83
61, 84
61, 84
65, 73
64, 73
63, 73
62, 73
61, 74
61, 74
60, 73
60, 73
60, 74
60, 74
60, 74
62, 82
62, 81
62, 80
62, 79
62, 78
62, 77
62, 77
55, 55
56, 56
57, 57
58, 58
58, 59
59, 60
59, 60
58, 61
58, 62
58, 63
58, 63
66, 86
65, 85
64, 84
65, 83
65, 83
64, 84
64, 84
63, 83
62, 82
61, 81
61, 81
66, 69
65, 69
65, 69
66, 70
66, 70
65, 71
64, 72
63, 73
62, 74
62, 74
58, 74
57, 75
56, 76
55, 75
55, 75
54, 76
54, 76
55, 72
56, 73
57, 74
58, 75
59, 76
60, 77
59, 78
59, 78
60, 79
59, 80
59, 80
59, 80
51, 53
52, 54
51, 53
51, 53
52, 54
53, 55
54, 56
55, 57
56, 58
56, 58
50, 62
51, 63
52, 64
53, 65
53, 66
53, 66
54, 65
54, 65
54, 65
53, 69
54, 70
55, 71
56, 72
56, 72
57, 73
57, 74
57, 74
57, 75
57, 76
57, 76
60, 82
59, 83
59, 84
59, 84
58, 84
57, 84
56, 84
57, 84
57, 84
56, 84
56, 84
55, 66
56, 67
57, 68
58, 69
59, 70
60, 71
60, 71
61, 75
60, 75
60, 75
61, 76
62, 77
63, 78
64, 79
64, 80
64, 81
64, 82
64, 82
66, 77
66, 77
67, 76
68, 75
69, 74
69, 73
69, 73
69, 73
69, 73
68, 74
68, 74
69, 73
69, 73
64, 75
64, 76
64, 77
64, 78
64, 79
64, 80
64, 81
64, 82
64, 81
64, 81
64, 82
64, 82
54, 85
54, 85
55, 84
54, 85
54, 85
55, 84
56, 83
55, 82
55, 82
55, 82
56, 85
55, 84
54, 83
53, 83
53, 83
52, 83
52, 83
51, 83
51, 83
52, 83
53, 83
53, 83
53, 83
61, 75
60, 76
59, 77
58, 78
57, 78
57, 78
58, 83
58, 82
58, 82
59, 83
60, 84
61, 84
61, 84
63, 72
62, 73
61, 74
61, 75
61, 76
61, 77
61, 78
61, 78
60, 84
61, 83
62, 82
63, 81
63, 80
63, 79
63, 79
60, 79
61, 78
62, 77
62, 76
62, 75
62, 74
62, 73
62, 72
62, 71
62, 71
60, 85
60, 85
61, 84
60, 85
60, 85
61, 84
62, 83
63, 84
63, 84
64, 83
65, 82
65, 82
53, 77
52, 78
51, 79
51, 80
51, 81
51, 82
51, 83
51, 83
51, 75
51, 76
51, 76
51, 77
51, 78
51, 79
51, 79
51, 79
51, 79
51, 79
56, 59
56, 60
56, 61
55, 62
55, 62
56, 63
56, 64
57, 64
57, 64
56, 65
55, 65
55, 65
54, 66
54, 66
54, 66
63, 78
62, 77
62, 76
63, 76
63, 76
62, 75
62, 74
62, 74
52, 79
53, 78
53, 78
54, 77
55, 76
56, 75
56, 75
60, 82
61, 83
62, 84
62, 84
63, 85
62, 86
62, 86
63, 87
64, 86
64, 86
64, 87
64, 87
62, 76
62, 76
63, 75
64, 74
65, 74
66, 74
67, 74
68, 74
67, 73
67, 73
68, 74
68, 74
63, 82
63, 81
63, 81
62, 82
61, 83
60, 83
59, 83
59, 83
58, 77
59, 78
60, 79
61, 80
61, 81
61, 81
61, 81
62, 82
63, 83
64, 84
64, 85
64, 86
64, 85
64, 85
64, 86
65, 86
65, 86
65, 86
59, 64
58, 64
58, 64
59, 65
60, 66
61, 67
62, 68
62, 69
62, 69
63, 70
64, 71
65, 72
65, 72
63, 87
63, 87
64, 88
64, 88
63, 87
62, 86
61, 85
60, 85
59, 85
59, 85
60, 82
60, 83
60, 84
60, 85
60, 86
60, 87
60, 88
61, 87
61, 87
60, 88
60, 88
63, 72
64, 73
64, 72
64, 72
63, 71
63, 71
63, 72
63, 72
63, 72
68, 75
68, 75
67, 76
66, 77
65, 78
64, 79
63, 80
62, 81
62, 81
61, 82
60, 83
59, 84
59, 84
57, 79
57, 80
56, 79
56, 79
57, 79
57, 79
57, 80
58, 79
58, 79
57, 80
56, 81
56, 81
56, 81
54, 84
55, 85
56, 86
57, 87
58, 88
59, 88
60, 88
60, 88
60, 79
59, 80
58, 81
57, 82
58, 83
58, 83
57, 84
56, 84
55, 84
54, 84
55, 84
55, 84
55, 84
64, 72
63, 72
62, 72
61, 72
60, 72
60, 72
59, 72
58, 72
57, 72
57, 72
57, 72
63, 73
64, 72
65, 72
64, 72
64, 72
65, 72
66, 72
66, 72
65, 73
65, 73
64, 72
64, 72
64, 72
68, 74
67, 75
66, 76
65, 77
64, 77
63, 77
62, 77
61, 77
60, 77
59, 77
59, 77
62, 83
63, 82
64, 81
65, 80
64, 81
64, 81
64, 81
57, 83
58, 82
59, 81
60, 80
59, 81
59, 81
60, 80
61, 79
62, 78
63, 79
63, 79
64, 78
64, 78
62, 78
62, 78
62, 79
62, 80
62, 81
62, 82
62, 83
62, 83
52, 78
53, 77
54, 76
55, 75
56, 74
57, 74
58, 74
59, 74
60, 74
61, 73
61, 73
61, 73
63, 82
63, 82
62, 83
61, 84
60, 85
59, 86
58, 87
57, 87
56, 87
56, 87
54, 82
54, 82
55, 81
56, 80
57, 79
58, 79
58, 79
59, 78
60, 77
60, 77
61, 76
61, 76
62, 77
63, 77
63, 77
52, 83
52, 83
53, 83
53, 83
54, 82
55, 82
56, 82
56, 82
57, 82
58, 82
59, 82
60, 81
60, 81
60, 81
66, 83
66, 82
66, 82
67, 83
68, 82
68, 82
69, 83
70, 84
70, 85
70, 86
70, 86
57, 76
58, 77
58, 78
58, 78
59, 79
60, 80
61, 81
62, 82
62, 82
53, 67
52, 68
51, 69
51, 70
51, 71
51, 72
51, 72
58, 84
57, 85
57, 86
57, 86
56, 87
55, 86
55, 86
54, 87
54, 87
63, 83
62, 84
62, 83
62, 83
61, 84
60, 85
59, 86
58, 87
57, 88
57, 89
57, 89
64, 87
63, 87
62, 87
61, 87
60, 87
59, 88
59, 88
58, 87
57, 87
57, 87
59, 72
59, 72
58, 71
58, 71
57, 72
56, 73
55, 74
54, 75
53, 76
53, 76
54, 77
54, 78
54, 78
60, 77
60, 77
59, 77
59, 77
58, 76
58, 75
58, 75
57, 75
56, 75
55, 75
54, 75
53, 75
52, 74
52, 74
52, 74
61, 74
61, 74
62, 75
63, 76
63, 77
63, 78
62, 77
62, 77
63, 78
63, 78
58, 86
59, 85
59, 85
60, 84
61, 83
62, 82
61, 82
61, 82
62, 81
62, 81
58, 85
58, 85
59, 84
60, 83
59, 82
59, 82
60, 81
61, 80
61, 79
61, 79
61, 79
61, 79
61, 79
57, 81
58, 81
59, 81
60, 81
61, 81
61, 81
56, 73
55, 74
54, 75
53, 76
52, 77
51, 78
51, 78
65, 81
66, 81
67, 81
67, 81
67, 81
67, 80
67, 80
67, 80
61, 82
60, 81
59, 80
59, 79
59, 78
59, 78
59, 78
59, 78
60, 78
60, 78
59, 78
59, 78
62, 78
61, 78
61, 78
60, 79
59, 80
58, 81
58, 80
58, 80
57, 81
57, 81
56, 86
56, 86
55, 85
55, 84
54, 84
54, 84
55, 83
55, 82
55, 81
56, 80
56, 80
56, 80
63, 73
62, 74
63, 73
63, 73
62, 74
61, 75
60, 76
59, 77
58, 78
58, 78
62, 81
62, 80
62, 79
62, 78
62, 77
62, 76
62, 76
62, 76
62, 76
65, 79
66, 80
67, 80
68, 80
68, 80
68, 80
69, 80
69, 80
70, 80
70, 80
69, 80
69, 80
55, 77
56, 76
57, 75
58, 74
59, 73
60, 73
61, 74
61, 74
61, 74
50, 73
50, 74
50, 75
50, 76
50, 77
50, 77
50, 78
50, 79
51, 80
51, 80
50, 81
50, 81
64, 73
65, 74
66, 75
67, 76
66, 75
66, 75
66, 75
61, 87
62, 86
63, 85
62, 86
62, 86
63, 85
64, 84
65, 84
66, 84
66, 83
66, 83
66, 83
59, 80
58, 80
57, 80
56, 80
56, 80
56, 80
56, 80
69, 85
68, 84
67, 83
66, 82
67, 83
67, 83
66, 82
65, 81
66, 81
66, 81
66, 81
58, 84
58, 84
59, 83
59, 83
58, 82
57, 82
57, 82
58, 82
58, 82
58, 82
57, 83
57, 83
56, 82
56, 82
56, 82
56, 83
57, 83
58, 83
58, 82
58, 82
58, 83
58, 83
58, 83
58, 83
58, 82
58, 82
58, 83
58, 83
55, 86
56, 85
57, 84
58, 83
59, 82
60, 82
60, 82
60, 81
60, 81
61, 87
62, 87
62, 87
63, 86
64, 85
65, 84
65, 85
65, 85
65, 85
57, 88
57, 87
57, 86
57, 85
57, 84
57, 83
57, 82
57, 81
57, 80
57, 79
57, 79
53, 75
54, 76
55, 77
55, 76
55, 76
56, 75
56, 75
57, 76
57, 75
57, 75
58, 76
58, 76
64, 84
63, 83
62, 82
62, 81
62, 81
61, 80
60, 79
61, 78
61, 78
60, 77
60, 76
60, 76
60, 76
61, 77
61, 76
61, 76
60, 77
59, 77
59, 77
58, 78
58, 78
62, 80
63, 79
64, 78
65, 77
66, 77
67, 77
68, 77
67, 77
67, 77
67, 77
64, 79
65, 79
66, 79
67, 79
68, 79
69, 79
69, 79
69, 79
69, 78
69, 78
69, 79
69, 79
68, 79
69, 79
69, 79
68, 78
67, 77
66, 76
65, 75
65, 75
65, 75
55, 81
55, 81
56, 82
56, 81
56, 81
57, 82
58, 83
58, 83
57, 83
58, 84
59, 85
59, 85
59, 85
59, 85
59, 85
59, 85
65, 76
64, 77
63, 78
62, 79
61, 79
60, 79
59, 79
58, 80
58, 80
58, 81
58, 81
58, 81
50, 82
50, 82
51, 81
52, 80
53, 79
54, 78
55, 77
56, 77
57, 77
57, 77
57, 77
58, 82
59, 83
59, 82
59, 82
60, 83
61, 84
62, 85
62, 85
60, 77
61, 76
62, 76
63, 76
64, 76
65, 76
65, 76
67, 82
68, 83
69, 84
69, 85
69, 86
69, 87
69, 87
69, 87
69, 87
57, 77
57, 77
56, 76
55, 75
54, 74
54, 73
54, 73
55, 73
55, 73
55, 73
63, 82
64, 83
65, 84
66, 85
67, 86
68, 85
68, 85
67, 86
67, 87
67, 88
67, 88
67, 88
59, 82
60, 81
61, 80
61, 79
61, 79
62, 78
62, 78
61, 79
61, 80
61, 80
61, 80
57, 79
57, 79
56, 78
55, 77
54, 76
53, 75
52, 74
51, 73
50, 74
50, 74
49, 73
49, 73
49, 73
65, 82
64, 81
63, 80
62, 79
61, 78
60, 77
59, 76
58, 75
58, 75
60, 75
59, 76
58, 77
57, 78
56, 79
57, 79
57, 79
57, 79
61, 80
62, 79
63, 78
64, 77
65, 77
65, 77
65, 77
65, 77
66, 76
66, 76
66, 76
60, 78
59, 77
59, 76
59, 75
59, 74
59, 73
59, 73
67, 81
67, 82
67, 83
67, 84
67, 84
66, 83
66, 83
67, 84
67, 84
52, 79
53, 79
53, 79
54, 80
55, 81
54, 80
54, 80
55, 81
56, 81
57, 81
56, 80
56, 80
57, 81
57, 81
56, 80
56, 81
56, 82
56, 83
56, 84
56, 85
56, 86
55, 87
55, 87
56, 88
56, 89
56, 89
57, 88
58, 87
59, 86
60, 85
61, 84
61, 84
65, 77
64, 78
63, 79
62, 80
61, 81
60, 81
59, 81
58, 81
58, 80
58, 80
57, 81
57, 81
50, 73
51, 73
50, 72
50, 72
51, 72
51, 72
51, 73
52, 74
52, 74
51, 74
51, 74
51, 73
51, 72
51, 72
51, 73
51, 73
54, 72
54, 71
54, 70
54, 70
54, 70
54, 70
54, 69
54, 69
54, 70
54, 70
54, 70
54, 70
64, 77
63, 78
63, 77
63, 77
62, 78
63, 79
63, 79
62, 79
62, 79
61, 80
60, 81
59, 82
58, 83
58, 83
59, 77
60, 76
59, 76
59, 76
60, 75
61, 75
60, 74
60, 74
61, 75
61, 75
68, 86
67, 87
67, 87
66, 86
65, 85
64, 85
63, 85
62, 85
61, 85
61, 85
60, 85
60, 85
64, 76
63, 77
62, 77
62, 78
62, 78
62, 77
63, 78
63, 78
62, 77
62, 77
62, 77
62, 77
62, 77
59, 77
60, 78
60, 79
60, 80
60, 81
60, 82
60, 83
60, 84
60, 85
60, 86
60, 86
59, 84
60, 85
61, 86
62, 87
63, 87
64, 87
64, 86
64, 86
64, 87
64, 87
64, 87
64, 87
57, 76
57, 75
57, 75
56, 74
56, 74
55, 75
55, 75
56, 74
56, 75
56, 75
57, 75
57, 75
57, 74
57, 74
57, 74
66, 87
65, 86
64, 85
63, 85
62, 85
61, 85
60, 85
59, 85
60, 84
60, 84
59, 85
59, 85
57, 76
56, 77
55, 78
54, 79
53, 80
52, 81
52, 82
52, 83
52, 84
52, 84
60, 81
61, 80
61, 80
60, 81
59, 82
58, 83
58, 83
61, 86
60, 87
59, 88
58, 89
57, 90
56, 90
56, 90
56, 90
56, 90
56, 90
56, 90
56, 90
56, 90
56, 90
56, 90
56, 90
56, 90
56, 90
56, 90
56, 90
56, 90
56, 90
56, 90
56, 90
56, 90
56, 90
56, 90
56, 89
56, 89
56, 89
66, 77
66, 77
65, 78
64, 79
64, 80
64, 80
63, 81
62, 82
61, 83
60, 84
61, 84
61, 84
61, 84
68, 78
67, 77
66, 76
66, 76
65, 75
64, 74
63, 74
63, 74
62, 73
62, 73
60, 84
61, 83
62, 82
63, 81
64, 80
65, 79
65, 79
65, 78
65, 77
65, 76
65, 77
65, 77
65, 77
59, 75
58, 74
58, 74
57, 73
57, 74
57, 74
57, 73
57, 73
57, 73
57, 73
57, 73
57, 73
59, 74
59, 75
59, 76
59, 76
59, 76
59, 76
59, 76
59, 76
59, 75
59, 75
59, 75
56, 82
56, 82
55, 83
55, 82
55, 82
55, 83
55, 84
55, 85
55, 84
55, 84
55, 85
55, 86
55, 86
66, 83
65, 82
66, 83
66, 83
65, 82
64, 81
63, 80
62, 79
61, 79
60, 79
61, 79
61, 79
61, 79
59, 80
58, 79
58, 79
59, 78
60, 77
60, 78
60, 78
60, 78
58, 78
58, 77
58, 77
58, 76
58, 75
58, 74
58, 74
61, 85
62, 84
61, 83
62, 83
63, 82
64, 83
63, 83
64, 83
65, 83
64, 82
64, 82
59, 86
58, 85
57, 84
56, 85
57, 86
58, 86
59, 85
60, 86
60, 86
59, 75
59, 76
58, 76
59, 77
60, 78
60, 77
59, 77
58, 78
59, 77
58, 78
58, 78
60, 80
59, 79
58, 80
58, 79
58, 78
59, 78
59, 78
60, 84
60, 85
61, 84
62, 84
61, 85
61, 85
59, 79
60, 79
59, 80
60, 79
59, 80
59, 79
59, 80
58, 79
58, 79
64, 78
64, 77
64, 78
64, 79
64, 80
65, 80
65, 80
56, 80
56, 79
57, 80
56, 79
57, 79
58, 79
58, 78
58, 78
50, 72
50, 71
51, 70
51, 71
51, 70
50, 70
50, 71
49, 72
49, 72
57, 73
58, 73
57, 72
56, 72
57, 73
56, 72
56, 71
56, 71
60, 76
61, 75
61, 76
60, 75
61, 76
60, 77
61, 77
61, 78
62, 77
61, 78
61, 78
55, 89
54, 88
54, 89
55, 89
55, 90
55, 90
56, 72
57, 72
56, 71
56, 70
57, 69
57, 70
57, 71
58, 72
57, 71
57, 71
58, 82
58, 81
58, 82
59, 83
58, 82
57, 81
57, 81
61, 76
60, 75
61, 76
61, 75
62, 74
63, 73
63, 73
61, 76
60, 76
59, 76
60, 75
60, 76
60, 76
58, 84
58, 85
57, 84
58, 85
59, 85
58, 85
59, 84
60, 83
60, 83
53, 84
54, 83
53, 82
54, 81
55, 82
55, 83
55, 83
61, 74
62, 74
61, 73
62, 72
63, 72
64, 72
64, 73
65, 72
66, 73
66, 73
61, 85
62, 85
62, 84
61, 84
62, 83
62, 83
55, 85
55, 86
56, 85
57, 86
58, 86
58, 86
57, 83
57, 82
56, 83
56, 84
57, 84
56, 85
56, 84
55, 85
56, 84
56, 84
53, 69
52, 69
52, 68
53, 69
53, 70
52, 69
53, 69
52, 70
51, 70
51, 70
65, 86
65, 87
64, 87
63, 88
64, 87
64, 87
56, 89
57, 88
57, 89
56, 88
56, 89
57, 89
56, 88
56, 88
66, 79
67, 80
67, 79
68, 78
67, 78
68, 79
68, 79
60, 85
61, 84
62, 83
61, 84
62, 84
62, 83
62, 83
55, 71
54, 72
53, 72
54, 71
53, 71
52, 71
52, 72
52, 72
65, 81
65, 80
64, 79
63, 79
62, 79
61, 78
61, 78
63, 88
62, 89
63, 89
64, 89
64, 90
65, 89
64, 88
64, 88
64, 74
64, 75
65, 74
64, 73
64, 72
65, 73
64, 74
64, 73
64, 73
60, 78
59, 78
59, 79
60, 78
61, 79
62, 80
62, 80
57, 83
56, 82
57, 81
58, 81
57, 80
57, 80
60, 84
59, 83
59, 82
58, 81
57, 81
56, 82
56, 82
59, 78
58, 78
59, 78
58, 79
58, 78
59, 79
59, 80
60, 79
60, 79
58, 72
57, 73
57, 72
58, 73
59, 74
60, 75
59, 75
58, 74
57, 75
57, 75
61, 84
60, 84
60, 83
59, 84
59, 85
60, 86
60, 85
61, 84
61, 85
61, 85
57, 79
58, 79
57, 79
58, 79
59, 80
58, 79
57, 78
56, 79
56, 78
56, 78
56, 82
57, 81
58, 80
59, 79
59, 80
58, 81
59, 81
58, 81
57, 81
57, 81
60, 77
60, 76
60, 75
60, 74
59, 75
59, 75
62, 79
61, 79
60, 78
59, 77
58, 78
57, 77
58, 77
58, 78
58, 78
59, 86
58, 85
58, 84
59, 83
60, 84
59, 85
60, 86
61, 87
61, 88
61, 88
52, 70
51, 70
51, 71
50, 72
51, 72
52, 71
53, 72
53, 71
54, 71
55, 72
55, 72
56, 82
57, 82
58, 81
58, 80
57, 80
57, 79
58, 79
58, 79
48, 73
49, 73
48, 74
47, 75
47, 74
47, 74
61, 83
60, 83
61, 84
60, 84
61, 83
61, 83
58, 79
58, 78
58, 77
57, 77
58, 76
57, 77
56, 78
56, 78
65, 72
64, 72
63, 72
64, 72
63, 72
62, 71
63, 71
64, 71
64, 72
64, 71
64, 71
56, 80
56, 80
56, 80
55, 79
54, 78
53, 77
52, 76
51, 75
51, 75
56, 74
55, 73
54, 73
53, 73
53, 73
53, 73
60, 84
59, 83
58, 82
57, 81
56, 80
56, 80
55, 79
55, 79
63, 87
62, 86
61, 85
60, 84
59, 83
58, 82
57, 81
56, 80
56, 80
56, 80
62, 81
62, 82
62, 83
62, 84
62, 85
62, 86
62, 86
63, 72
63, 72
62, 71
62, 70
62, 69
62, 68
62, 68
62, 68
60, 76
60, 76
61, 77
61, 77
62, 78
63, 79
63, 79
63, 79
58, 79
58, 79
57, 78
56, 77
55, 76
55, 76
55, 76
54, 75
53, 74
53, 74
56, 79
55, 78
54, 77
53, 76
52, 75
52, 75
51, 74
51, 74
50, 73
50, 73
60, 79
59, 80
58, 81
57, 82
57, 82
57, 82
56, 83
56, 83
63, 70
63, 69
63, 68
63, 67
63, 66
63, 66
63, 65
63, 64
63, 63
63, 62
63, 62
55, 72
56, 73
56, 73
57, 74
58, 75
59, 76
59, 76
53, 71
54, 70
55, 69
56, 69
56, 69
56, 69
57, 69
58, 69
59, 69
60, 69
60, 69
55, 81
54, 80
53, 79
52, 78
52, 78
51, 77
51, 77
67, 80
66, 80
66, 80
65, 80
64, 80
63, 80
63, 80
60, 79
59, 78
58, 77
57, 76
56, 75
55, 74
55, 74
62, 83
62, 83
61, 82
60, 81
59, 80
58, 79
58, 79
60, 82
59, 81
58, 80
57, 79
56, 78
55, 77
55, 77
54, 76
54, 76
54, 76
55, 87
54, 86
53, 85
52, 84
52, 84
51, 83
50, 82
50, 82
50, 82
47, 74
48, 73
49, 72
50, 71
51, 70
51, 70
52, 69
52, 69
53, 68
54, 67
54, 67
55, 77
54, 76
53, 75
52, 75
51, 75
50, 75
49, 75
49, 75
49, 75
56, 78
57, 78
57, 78
57, 78
58, 78
59, 78
60, 78
61, 78
62, 78
63, 78
63, 78
61, 88
61, 88
61, 88
62, 89
63, 90
63, 90
57, 77
56, 76
55, 75
54, 74
53, 73
53, 73
62, 86
63, 85
64, 84
65, 83
66, 82
66, 81
66, 81
66, 80
66, 80
52, 72
51, 71
50, 71
50, 71
49, 71
49, 71
49, 71
62, 89
61, 88
60, 87
59, 86
58, 85
57, 84
57, 83
57, 83
57, 78
56, 77
55, 76
54, 75
54, 75
53, 74
52, 73
51, 72
51, 72
58, 77
57, 78
56, 79
55, 80
54, 81
53, 82
52, 82
51, 82
51, 82
56, 83
56, 83
55, 82
55, 81
55, 80
55, 80
55, 79
55, 79
60, 69
59, 68
58, 67
57, 66
56, 65
55, 64
54, 63
53, 62
53, 62
50, 73
51, 74
51, 74
52, 75
52, 75
53, 76
54, 77
55, 77
56, 77
57, 77
57, 77
54, 73
54, 73
53, 72
52, 71
51, 70
51, 70
50, 76
50, 76
49, 75
48, 74
47, 73
46, 72
45, 71
44, 70
43, 69
43, 69
63, 80
64, 79
64, 79
64, 79
65, 78
66, 77
66, 77
51, 81
52, 80
52, 80
52, 80
53, 79
53, 79
54, 78
55, 77
55, 76
55, 76
51, 75
51, 75
50, 74
49, 73
49, 73
48, 72
48, 72
53, 73
53, 72
53, 71
53, 70
53, 70
53, 70
53, 70
53, 70
53, 70
53, 70
53, 70
53, 75
52, 74
51, 73
50, 72
49, 71
49, 71
62, 63
61, 64
60, 65
60, 65
60, 65
59, 66
58, 67
58, 67
54, 78
53, 77
52, 76
51, 75
50, 74
50, 74
50, 74
50, 76
51, 77
52, 78
52, 78
53, 79
53, 79
54, 80
54, 80
54, 80
56, 80
55, 79
54, 78
53, 77
53, 77
53, 77
52, 76
51, 75
50, 74
50, 74
62, 78
62, 78
61, 77
60, 76
59, 75
59, 75
53, 67
52, 67
51, 67
50, 67
49, 67
48, 67
47, 67
46, 67
46, 67
62, 77
61, 76
61, 76
61, 76
60, 75
59, 74
58, 73
58, 73
61, 67
60, 66
59, 65
59, 65
59, 65
58, 64
57, 63
56, 62
56, 62
54, 72
54, 72
55, 71
56, 70
57, 69
58, 68
58, 68
58, 68
58, 68
55, 79
54, 78
54, 78
53, 77
53, 77
52, 76
52, 76
51, 75
50, 74
50, 74
43, 69
42, 68
41, 67
40, 66
39, 65
38, 64
37, 63
36, 62
36, 62
58, 73
57, 72
57, 72
57, 71
57, 71
57, 70
57, 70
57, 69
57, 69
65, 78
64, 79
64, 79
63, 80
62, 81
62, 81
57, 77
57, 76
57, 75
57, 74
57, 74
57, 74
52, 83
53, 84
54, 85
55, 85
56, 85
57, 85
57, 85
54, 75
53, 75
52, 75
51, 75
50, 75
50, 75
49, 73
48, 72
47, 71
46, 70
45, 69
44, 68
44, 68
44, 68
50, 71
49, 70
48, 69
48, 69
47, 68
46, 67
45, 66
44, 65
43, 64
43, 64
43, 64
59, 75
59, 75
58, 74
57, 73
56, 72
56, 72
50, 72
51, 73
52, 74
53, 75
54, 76
55, 77
55, 78
55, 79
55, 80
55, 80
51, 73
52, 72
52, 72
52, 72
53, 71
54, 70
55, 69
55, 69
47, 73
46, 74
46, 74
45, 75
44, 76
43, 77
42, 78
42, 78
56, 82
55, 81
54, 80
53, 79
52, 78
52, 78
51, 77
50, 76
49, 75
49, 75
49, 75
58, 67
57, 66
56, 66
56, 66
56, 66
56, 66
65, 79
65, 79
65, 79
65, 79
64, 78
63, 77
63, 77
63, 77
57, 69
56, 70
55, 71
54, 72
53, 73
52, 73
51, 73
50, 73
50, 73
53, 79
53, 79
52, 78
52, 78
51, 77
51, 77
50, 76
49, 75
48, 74
48, 74
51, 70
50, 69
49, 68
48, 67
47, 66
46, 65
46, 65
45, 64
45, 64
52, 69
51, 68
50, 67
49, 66
48, 65
48, 65
47, 64
46, 63
45, 62
45, 62
48, 72
47, 73
46, 74
45, 75
44, 75
43, 75
42, 75
41, 75
40, 75
39, 75
39, 75
55, 63
54, 64
53, 65
53, 65
53, 66
53, 66
47, 68
48, 69
49, 69
49, 69
50, 69
51, 69
52, 69
53, 69
54, 69
54, 69
52, 61
51, 60
50, 59
49, 58
48, 57
47, 56
46, 55
45, 54
45, 54
61, 80
60, 79
59, 78
58, 77
58, 77
57, 76
57, 76
44, 65
45, 66
46, 67
47, 68
48, 69
49, 70
49, 71
49, 72
49, 73
49, 73
63, 77
62, 76
61, 75
60, 74
59, 73
58, 72
57, 71
57, 71
49, 75
50, 74
51, 74
52, 74
52, 74
53, 74
53, 74
54, 74
54, 74
54, 74
58, 73
58, 73
59, 72
60, 71
61, 70
61, 70
61, 70
62, 69
62, 69
44, 53
43, 52
42, 51
41, 50
40, 49
39, 48
38, 47
38, 47
38, 47
36, 62
35, 61
35, 61
34, 60
33, 59
32, 58
32, 58
32, 58
31, 57
30, 56
30, 56
56, 68
57, 67
58, 66
59, 65
60, 65
60, 65
61, 65
62, 65
63, 65
63, 65
63, 65
43, 67
42, 66
41, 65
40, 64
39, 63
38, 62
37, 61
36, 60
36, 60
35, 59
35, 59
56, 84
55, 83
54, 82
54, 82
54, 82
53, 81
52, 80
51, 79
50, 78
49, 77
49, 77
55, 65
54, 64
54, 64
54, 64
53, 63
53, 63
53, 63
52, 62
51, 62
50, 62
50, 62
49, 75
50, 76
51, 77
52, 78
52, 78
53, 79
53, 79
49, 73
48, 72
48, 72
47, 71
46, 70
45, 69
45, 69
55, 71
54, 70
53, 69
52, 68
51, 67
50, 66
49, 65
48, 64
47, 63
46, 62
46, 62
53, 70
53, 70
53, 71
53, 71
53, 72
53, 73
53, 73
53, 66
52, 65
51, 64
50, 62
50, 61
50, 60
50, 59
50, 58
50, 57
50, 56
50, 55
49, 54
48, 53
48, 52
48, 51
48, 50
48, 50
55, 80
54, 79
53, 78
52, 77
51, 76
51, 76
58, 70
59, 71
60, 72
60, 72
61, 73
61, 73
62, 74
62, 75
62, 76
62, 76
45, 64
45, 64
44, 63
44, 61
45, 60
46, 59
47, 58
48, 57
47, 56
46, 55
46, 54
47, 53
48, 52
49, 51
50, 50
50, 50
50, 50
50, 50
46, 63
47, 64
48, 65
49, 66
50, 67
51, 68
51, 68
41, 77
40, 76
39, 75
38, 74
37, 73
36, 72
35, 71
34, 70
34, 69
34, 69
50, 73
51, 74
51, 74
52, 75
53, 76
53, 76
53, 76
54, 77
55, 78
55, 78
38, 76
37, 77
37, 77
36, 78
36, 78
36, 78
36, 78
36, 78
36, 78
36, 78
36, 78
49, 74
48, 73
47, 72
46, 71
45, 70
44, 69
43, 68
42, 67
41, 66
41, 66
31, 57
31, 57
32, 58
33, 59
34, 59
35, 59
36, 59
37, 59
37, 59
38, 59
38, 59
51, 76
52, 77
53, 78
54, 79
54, 79
55, 80
56, 81
57, 81
57, 81
56, 70
56, 70
56, 70
56, 70
55, 69
55, 69
54, 68
53, 67
52, 66
52, 66
52, 66
49, 51
50, 52
51, 53
51, 53
52, 54
53, 55
54, 56
54, 56
54, 56
40, 47
41, 48
42, 49
43, 50
44, 50
45, 50
46, 50
46, 50
47, 49
48, 48
48, 48
49, 47
49, 47
50, 46
51, 45
51, 45
53, 73
52, 72
51, 71
50, 70
49, 69
49, 69
49, 69
49, 69
37, 77
38, 76
38, 75
38, 75
38, 74
38, 73
38, 73
41, 66
40, 65
40, 65
39, 64
38, 63
37, 62
36, 61
35, 60
35, 60
51, 61
51, 61
52, 60
53, 59
54, 58
55, 57
55, 57
61, 75
60, 74
60, 74
59, 73
58, 72
57, 71
57, 71
44, 68
43, 67
42, 66
41, 65
40, 64
39, 63
38, 62
37, 61
37, 61
35, 68
36, 67
37, 66
38, 65
38, 65
39, 64
41, 62
42, 61
43, 60
44, 59
45, 58
46, 57
47, 56
48, 55
49, 54
50, 53
51, 52
52, 51
52, 51
48, 76
47, 75
46, 74
45, 73
44, 72
44, 72
45, 61
45, 59
46, 58
47, 57
48, 56
49, 55
50, 54
50, 53
50, 52
50, 51
50, 50
49, 51
48, 52
47, 53
46, 54
46, 54
35, 59
35, 59
36, 60
37, 61
38, 62
39, 62
40, 62
41, 62
43, 61
44, 60
45, 59
46, 58
47, 57
48, 56
49, 55
50, 54
50, 53
50, 54
50, 54
62, 70
62, 71
62, 72
62, 72
62, 73
62, 73
62, 66
61, 67
60, 68
59, 69
59, 69
59, 69
51, 51
52, 52
53, 53
54, 54
55, 55
56, 56
57, 57
58, 58
59, 59
59, 59
52, 72
51, 71
50, 70
50, 70
49, 69
49, 69
48, 68
48, 68
54, 78
55, 77
56, 76
57, 75
58, 74
58, 74
49, 73
49, 73
48, 72
47, 71
46, 70
46, 70
54, 77
53, 76
52, 75
51, 74
50, 73
50, 73
51, 68
50, 67
50, 67
49, 66
49, 66
49, 66
56, 75
55, 74
54, 73
53, 72
52, 71
51, 70
50, 69
49, 68
48, 67
47, 66
47, 66
57, 73
56, 72
56, 71
56, 71
56, 70
56, 69
56, 68
56, 67
56, 66
56, 66
37, 72
37, 72
36, 71
36, 71
35, 70
35, 69
35, 69
48, 65
48, 65
49, 64
50, 62
50, 61
50, 60
50, 59
50, 58
50, 57
51, 58
51, 58
52, 59
53, 59
53, 59
37, 61
38, 60
39, 59
40, 58
41, 57
41, 57
42, 56
42, 56
51, 67
50, 68
49, 69
48, 70
47, 71
46, 72
45, 72
44, 72
43, 72
42, 72
42, 72
57, 81
56, 80
55, 79
54, 79
54, 79
54, 79
49, 72
48, 71
47, 70
47, 68
48, 67
49, 66
50, 65
50, 64
50, 63
50, 62
50, 61
49, 60
48, 59
48, 59
48, 59
47, 58
47, 58
50, 44
49, 43
49, 43
48, 42
47, 41
46, 40
45, 39
45, 39
47, 69
48, 68
49, 67
50, 66
51, 65
51, 65
52, 64
52, 64
46, 54
46, 54
47, 53
48, 52
49, 51
50, 50
50, 50
50, 50
50, 50
49, 51
48, 52
47, 53
47, 53
46, 54
46, 54
52, 51
51, 50
51, 50
50, 49
49, 48
49, 48
61, 72
60, 71
59, 70
58, 69
57, 68
56, 67
55, 66
54, 65
54, 65
49, 55
48, 56
48, 56
47, 57
47, 57
48, 56
49, 55
50, 54
50, 53
49, 54
48, 55
47, 56
47, 56
53, 55
52, 54
51, 53
50, 52
49, 51
48, 50
47, 49
47, 49
34, 59
33, 58
32, 57
31, 56
30, 55
29, 54
28, 53
28, 53
27, 52
27, 52
27, 52
58, 60
58, 60
57, 61
56, 62
55, 63
54, 64
53, 65
52, 66
51, 67
51, 67
48, 68
47, 67
47, 67
46, 66
46, 66
46, 66
55, 57
54, 56
53, 55
52, 54
51, 53
51, 53
50, 52
50, 52
50, 52
49, 51
49, 51
50, 67
50, 67
50, 67
51, 68
52, 69
53, 70
53, 71
53, 71
53, 72
53, 72
53, 72
39, 60
39, 61
39, 62
39, 63
39, 64
39, 65
39, 65
39, 65
39, 65
39, 66
39, 66
48, 68
48, 68
47, 67
46, 66
45, 65
44, 64
44, 64
43, 63
43, 61
44, 60
45, 59
46, 58
47, 57
48, 56
48, 56
56, 70
55, 69
54, 68
53, 67
52, 66
51, 65
50, 64
50, 64
59, 69
58, 68
57, 67
57, 66
57, 65
57, 64
57, 63
57, 62
57, 61
57, 61
57, 61
45, 73
46, 74
46, 74
47, 75
48, 76
48, 76
48, 77
48, 78
48, 79
48, 79
49, 78
50, 77
51, 76
52, 75
53, 74
54, 73
55, 72
55, 72
53, 78
52, 77
52, 77
51, 76
50, 75
49, 74
48, 73
48, 73
56, 62
55, 63
54, 64
53, 65
52, 66
51, 67
51, 67
50, 68
50, 68
49, 69
49, 69
36, 68
36, 68
36, 68
37, 67
37, 67
38, 66
38, 66
38, 66
43, 73
44, 74
44, 74
45, 75
45, 75
46, 76
47, 77
47, 77
47, 77
44, 40
43, 41
42, 42
42, 44
43, 45
44, 46
45, 47
46, 48
45, 49
44, 50
43, 51
42, 52
41, 53
41, 53
41, 53
46, 66
47, 67
48, 68
49, 69
50, 70
50, 70
47, 55
47, 55
47, 55
48, 56
49, 57
49, 57
50, 58
50, 58
49, 51
48, 52
47, 53
46, 54
46, 54
46, 54
47, 53
48, 52
49, 51
50, 50
49, 51
48, 52
48, 52
50, 49
51, 50
52, 51
53, 52
54, 53
55, 54
56, 55
57, 56
58, 57
58, 57
27, 52
27, 52
28, 53
29, 54
30, 55
30, 55
31, 56
31, 56
46, 50
45, 51
45, 51
45, 51
44, 52
43, 53
42, 54
42, 54
47, 55
46, 54
45, 53
44, 52
43, 51
42, 50
41, 49
40, 48
39, 47
39, 47
52, 71
51, 70
50, 69
49, 68
48, 67
47, 66
47, 66
38, 67
37, 68
36, 69
35, 70
34, 71
33, 72
32, 73
32, 73
42, 56
43, 57
45, 57
46, 56
47, 55
48, 54
49, 53
50, 52
50, 52
51, 53
52, 54
52, 54
53, 55
53, 55
48, 57
48, 57
49, 58
49, 58
49, 58
50, 59
50, 59
51, 60
52, 61
52, 61
50, 62
50, 61
50, 60
50, 59
50, 58
50, 57
50, 56
50, 55
50, 54
50, 53
49, 52
49, 52
48, 51
47, 50
47, 50
52, 58
51, 57
51, 57
50, 56
49, 55
49, 55
47, 58
48, 57
49, 56
50, 55
50, 54
50, 53
50, 52
50, 51
50, 50
49, 51
48, 52
47, 53
46, 54
46, 54
47, 53
48, 52
49, 51
50, 50
50, 50
50, 50
49, 51
48, 52
47, 53
46, 54
46, 54
51, 65
51, 65
50, 66
49, 67
48, 68
47, 69
46, 70
45, 71
44, 72
43, 73
43, 73
53, 64
52, 63
51, 62
50, 61
49, 60
48, 59
47, 58
46, 57
46, 57
46, 57
50, 66
49, 65
48, 64
47, 63
46, 62
45, 61
45, 61
45, 59
46, 58
47, 57
48, 56
49, 55
50, 54
50, 53
50, 52
50, 51
50, 50
50, 50
56, 66
57, 67
58, 68
59, 69
60, 70
60, 70
61, 71
62, 72
63, 73
64, 74
64, 74
49, 54
48, 54
49, 55
49, 54
48, 55
49, 55
50, 54
49, 55
50, 56
51, 57
51, 57
51, 57
51, 58
50, 59
50, 60
49, 61
49, 61
51, 50
50, 50
51, 50
50, 50
50, 51
51, 51
51, 52
51, 53
51, 52
50, 52
50, 52
49, 69
49, 68
50, 68
49, 68
50, 67
49, 68
49, 67
48, 66
47, 65
48, 65
48, 65
58, 58
59, 57
58, 58
57, 57
56, 58
55, 57
56, 58
56, 58
48, 74
48, 75
49, 75
50, 75
49, 76
49, 77
49, 77
47, 53
46, 54
47, 53
48, 54
48, 53
48, 54
47, 55
46, 56
46, 56
46, 56
46, 55
46, 56
47, 56
47, 57
47, 58
47, 57
46, 56
47, 56
48, 55
48, 55
48, 68
48, 67
49, 66
50, 67
49, 67
49, 67
47, 76
46, 77
45, 78
45, 77
44, 78
44, 79
44, 79
63, 75
64, 76
64, 77
63, 78
64, 78
63, 78
63, 79
64, 78
64, 78
48, 65
49, 66
48, 65
49, 66
49, 67
49, 68
49, 68
30, 56
31, 55
30, 56
30, 55
31, 56
30, 56
29, 56
28, 55
29, 54
29, 55
29, 55
54, 72
54, 73
55, 73
56, 73
57, 72
58, 72
59, 73
59, 72
58, 72
59, 73
59, 73
44, 74
45, 73
45, 74
44, 75
45, 76
46, 76
46, 76
41, 55
42, 55
43, 56
42, 57
41, 56
41, 57
40, 56
40, 55
40, 55
40, 54
39, 54
39, 53
40, 53
40, 54
39, 55
39, 55
38, 67
37, 67
38, 68
37, 68
37, 69
38, 69
38, 68
38, 67
37, 68
36, 69
36, 69
38, 48
39, 47
38, 46
38, 47
37, 48
36, 49
35, 49
36, 49
37, 48
37, 49
37, 49
53, 62
53, 61
53, 62
52, 62
53, 61
54, 62
54, 62
31, 73
31, 74
31, 73
31, 74
32, 75
32, 75
46, 51
45, 52
44, 52
44, 53
45, 52
45, 52
48, 53
47, 53
47, 52
47, 51
46, 50
45, 49
44, 49
44, 48
43, 47
43, 47
52, 55
51, 54
52, 53
52, 52
53, 53
54, 54
55, 55
55, 55
49, 54
48, 54
47, 53
47, 52
46, 51
46, 50
47, 49
47, 49
43, 46
44, 47
44, 48
43, 49
44, 49
44, 49
49, 52
48, 53
47, 53
46, 53
47, 52
48, 53
47, 54
47, 54
60, 73
60, 74
61, 74
62, 75
61, 74
62, 73
61, 72
60, 71
60, 70
59, 69
59, 69
49, 64
48, 65
49, 66
50, 65
49, 64
50, 65
50, 65
57, 59
58, 60
59, 61
58, 60
59, 59
58, 60
59, 60
60, 60
60, 60
49, 78
48, 77
48, 78
47, 78
46, 78
45, 77
46, 76
47, 77
46, 76
46, 77
46, 77
33, 76
34, 77
33, 77
34, 77
34, 78
34, 78
35, 70
34, 70
34, 71
35, 72
34, 72
33, 73
33, 72
32, 71
32, 71
63, 78
63, 77
62, 78
61, 77
60, 77
60, 77
49, 66
48, 65
49, 64
50, 64
51, 63
51, 64
52, 64
52, 64
44, 53
43, 54
44, 55
43, 55
43, 54
44, 53
44, 53
40, 56
40, 57
39, 57
40, 57
39, 56
38, 57
39, 57
39, 57
47, 75
46, 75
47, 74
48, 74
47, 75
46, 76
46, 77
46, 77
51, 56
50, 55
51, 54
51, 55
52, 56
52, 55
52, 56
53, 56
54, 55
55, 54
55, 54
28, 56
29, 56
30, 57
30, 58
31, 59
30, 58
30, 59
31, 60
31, 60
36, 49
37, 48
36, 48
36, 49
37, 50
37, 51
38, 51
39, 52
39, 52
54, 61
54, 62
55, 63
56, 63
57, 62
57, 63
58, 63
57, 63
57, 64
57, 65
57, 65
49, 60
50, 59
51, 59
50, 59
50, 58
50, 57
51, 56
50, 56
49, 57
50, 58
50, 58
50, 69
49, 68
50, 68
49, 69
50, 70
50, 71
51, 70
50, 71
50, 71
39, 56
39, 55
38, 54
37, 54
36, 53
36, 54
36, 54
54, 55
53, 54
54, 54
53, 53
53, 52
53, 52
46, 55
45, 54
44, 54
43, 53
42, 53
43, 52
43, 53
44, 53
45, 54
45, 54
43, 78
44, 78
44, 79
45, 79
46, 78
46, 78
60, 70
61, 69
62, 70
63, 71
63, 72
63, 73
62, 73
61, 73
61, 73
35, 54
34, 54
34, 53
33, 52
32, 52
31, 51
32, 50
31, 50
31, 50
47, 76
48, 76
47, 77
46, 78
46, 77
47, 78
48, 79
47, 80
47, 80
33, 79
33, 78
32, 78
33, 78
32, 78
31, 79
32, 79
33, 80
33, 80
59, 77
59, 76
60, 75
61, 76
60, 75
59, 74
60, 74
59, 75
58, 75
58, 75
33, 71
32, 72
33, 73
34, 74
34, 73
35, 73
36, 74
35, 75
35, 75
31, 59
32, 60
31, 59
30, 60
29, 59
29, 59
56, 53
57, 53
56, 54
55, 54
55, 55
56, 55
55, 55
54, 55
54, 55
49, 65
50, 65
50, 66
49, 67
49, 66
48, 66
47, 67
46, 67
47, 66
47, 66
52, 52
53, 51
52, 50
52, 49
51, 49
50, 49
50, 49
51, 72
51, 73
50, 74
51, 73
52, 74
51, 74
50, 74
49, 75
50, 75
50, 75
46, 55
46, 56
46, 57
47, 56
47, 55
47, 54
46, 55
46, 56
46, 56
48, 48
47, 48
48, 48
48, 47
49, 47
50, 46
49, 47
50, 48
51, 48
51, 49
51, 49
40, 52
41, 51
41, 50
41, 49
42, 50
43, 51
42, 52
41, 52
41, 52
38, 56
39, 57
39, 56
39, 55
38, 56
39, 56
39, 55
39, 55
46, 53
46, 54
47, 53
48, 53
49, 53
49, 53
53, 65
54, 65
53, 64
53, 63
54, 63
54, 62
53, 63
54, 62
54, 62
45, 52
46, 51
46, 52
47, 52
46, 53
45, 52
44, 53
44, 54
44, 54
47, 76
46, 75
47, 76
48, 77
49, 76
50, 76
50, 76
45, 77
46, 77
45, 78
44, 78
43, 79
44, 80
45, 81
44, 81
44, 81
43, 49
43, 50
42, 51
42, 52
41, 52
40, 51
40, 51
61, 61
62, 61
61, 62
60, 63
61, 63
60, 64
59, 64
60, 65
61, 64
60, 63
60, 63
51, 57
51, 58
50, 58
49, 57
49, 56
49, 55
48, 56
48, 56
57, 66
57, 67
57, 68
56, 69
55, 69
55, 70
55, 70
30, 58
29, 59
30, 60
30, 61
31, 61
32, 62
31, 62
31, 62
38, 55
38, 56
38, 57
38, 56
37, 55
36, 54
36, 53
36, 54
36, 54
59, 74
58, 75
57, 74
58, 75
58, 74
59, 75
60, 76
60, 76
46, 67
47, 68
46, 68
46, 67
45, 68
45, 69
45, 69
34, 74
33, 73
34, 74
35, 73
36, 73
35, 72
35, 73
34, 73
34, 73
30, 49
29, 48
30, 48
29, 47
28, 47
27, 47
28, 47
29, 47
28, 46
28, 46
51, 50
52, 50
52, 51
51, 51
50, 52
51, 51
50, 52
50, 51
51, 51
51, 50
51, 50
49, 57
50, 58
49, 57
48, 57
48, 56
48, 55
49, 54
48, 55
47, 55
48, 56
48, 56
43, 55
44, 54
45, 53
46, 52
45, 52
45, 53
46, 54
46, 55
47, 54
47, 54
50, 50
49, 51
48, 52
47, 53
48, 52
48, 53
49, 52
48, 53
49, 54
49, 54
60, 64
61, 64
60, 64
61, 63
60, 64
60, 65
59, 64
58, 63
59, 62
59, 62
55, 62
55, 63
56, 63
56, 64
55, 65
54, 65
54, 65
54, 56
54, 57
55, 58
55, 57
56, 58
57, 57
56, 56
56, 57
56, 56
56, 56
61, 74
60, 73
59, 72
59, 71
60, 71
60, 72
59, 72
60, 71
59, 71
59, 71
40, 52
39, 53
39, 54
40, 54
39, 53
40, 54
41, 55
40, 55
40, 55
40, 52
39, 52
39, 53
39, 54
39, 55
38, 56
38, 56
49, 75
50, 76
49, 75
50, 74
51, 74
50, 74
50, 75
49, 75
49, 75
55, 71
56, 71
57, 70
56, 71
56, 70
57, 70
57, 70
47, 55
48, 54
47, 53
48, 52
49, 52
49, 53
49, 54
50, 53
49, 54
49, 53
49, 53
50, 75
51, 75
52, 74
52, 73
52, 72
52, 72
46, 79
45, 78
46, 78
45, 78
46, 79
46, 78
47, 78
46, 79
46, 79
33, 81
32, 82
31, 82
31, 81
31, 82
31, 82
48, 53
48, 54
49, 55
48, 55
47, 55
46, 55
47, 55
46, 56
46, 55
47, 56
47, 56
43, 80
42, 80
43, 79
44, 80
43, 81
43, 80
42, 81
42, 80
42, 79
42, 79
45, 78
44, 79
44, 80
44, 81
43, 80
44, 81
45, 82
45, 82
53, 66
52, 67
52, 66
51, 65
51, 66
50, 65
50, 65
52, 73
52, 74
53, 74
52, 75
53, 75
53, 76
54, 76
54, 76
48, 76
49, 77
49, 78
49, 77
50, 77
49, 78
49, 78
58, 70
58, 71
57, 71
56, 72
57, 72
57, 73
56, 72
56, 72
30, 81
31, 80
31, 79
30, 79
30, 80
31, 81
31, 81
60, 71
60, 70
60, 69
61, 70
61, 69
62, 70
62, 69
63, 68
64, 68
64, 68
43, 78
44, 78
45, 77
46, 76
45, 76
46, 76
45, 76
44, 76
44, 76
33, 74
32, 73
33, 72
33, 73
34, 73
35, 72
36, 73
35, 74
36, 73
36, 73
29, 45
28, 46
28, 45
29, 45
28, 45
28, 45
44, 70
45, 70
44, 71
45, 72
44, 73
43, 73
42, 72
42, 71
43, 70
43, 70
46, 53
45, 54
45, 53
46, 53
46, 52
46, 53
46, 53
49, 53
50, 53
50, 52
49, 51
48, 50
49, 50
50, 51
50, 50
51, 51
51, 52
51, 52
59, 76
60, 76
59, 77
58, 77
59, 76
58, 76
57, 75
58, 75
58, 76
58, 76
60, 61
60, 60
60, 61
61, 61
60, 61
60, 61
39, 55
38, 56
37, 56
36, 57
35, 57
36, 57
37, 58
38, 59
39, 60
40, 61
40, 61
35, 55
35, 56
35, 57
34, 58
35, 58
35, 57
35, 56
36, 56
36, 55
36, 55
51, 51
52, 51
53, 51
52, 50
52, 49
52, 49
32, 61
32, 60
31, 60
31, 61
32, 62
33, 62
34, 61
35, 62
35, 62
47, 57
47, 58
48, 58
49, 57
48, 56
48, 57
49, 56
49, 56
55, 57
56, 58
55, 57
54, 56
55, 56
56, 57
55, 56
56, 57
56, 57
48, 55
49, 55
49, 54
50, 55
51, 56
50, 55
51, 55
51, 54
51, 53
50, 52
50, 52
49, 54
48, 53
47, 52
47, 51
47, 52
48, 51
48, 51
37, 57
37, 56
38, 56
37, 55
38, 55
38, 56
39, 57
38, 56
38, 55
37, 56
37, 56
36, 72
36, 73
35, 72
35, 73
34, 74
34, 74
59, 77
59, 76
58, 76
58, 77
57, 76
57, 75
58, 74
59, 74
59, 75
59, 75
44, 69
45, 68
44, 68
45, 68
46, 67
46, 67
51, 51
52, 52
51, 51
50, 50
49, 49
48, 50
49, 51
50, 52
51, 52
52, 52
52, 52
51, 50
50, 50
49, 49
48, 49
47, 48
48, 47
48, 47
40, 62
41, 61
42, 61
42, 60
41, 60
42, 61
42, 61
59, 61
59, 62
60, 62
60, 63
61, 64
60, 65
60, 66
61, 66
61, 65
61, 65
44, 81
43, 80
44, 81
43, 80
43, 79
42, 79
43, 80
42, 79
42, 79
63, 67
63, 68
62, 69
63, 69
63, 68
63, 67
63, 68
63, 67
62, 68
62, 68
55, 71
54, 70
54, 71
53, 70
52, 70
52, 71
51, 71
51, 71
36, 57
35, 58
36, 58
36, 59
37, 58
37, 57
37, 57
37, 54
37, 55
37, 56
37, 57
37, 56
37, 55
38, 55
38, 54
38, 53
38, 53
56, 56
56, 55
56, 54
56, 55
56, 56
56, 56
51, 51
50, 52
51, 51
52, 52
53, 51
52, 51
52, 51
49, 55
48, 54
49, 55
48, 56
49, 55
48, 55
49, 54
48, 53
48, 54
48, 54
43, 77
42, 76
43, 77
44, 77
45, 77
46, 78
45, 77
44, 78
45, 77
46, 78
46, 78
49, 64
48, 64
47, 64
46, 64
46, 65
46, 65
30, 82
31, 83
30, 84
31, 85
32, 85
31, 85
30, 84
31, 84
32, 84
32, 84
36, 63
35, 64
36, 63
37, 62
36, 62
36, 62
27, 45
26, 46
27, 47
27, 48
28, 48
29, 48
30, 48
30, 49
29, 49
29, 49
50, 77
51, 77
51, 78
52, 79
53, 79
54, 78
54, 78
47, 52
46, 51
47, 51
47, 52
48, 53
49, 53
50, 54
51, 53
52, 54
52, 53
52, 53
55, 76
56, 77
56, 78
57, 77
57, 76
58, 77
58, 78
58, 78
47, 50
47, 51
47, 50
47, 51
48, 50
47, 50
47, 50
34, 73
35, 72
36, 72
35, 73
36, 73
35, 72
35, 73
34, 73
34, 73
28, 50
29, 50
28, 51
27, 52
26, 51
27, 51
26, 51
25, 50
25, 49
25, 50
25, 50
45, 66
45, 67
45, 66
45, 67
44, 67
44, 68
44, 68
47, 53
48, 52
49, 52
48, 53
48, 52
49, 51
50, 50
51, 51
51, 50
50, 50
50, 50
59, 77
60, 77
61, 76
62, 76
61, 77
62, 78
61, 79
60, 80
59, 80
59, 80
52, 52
52, 53
51, 53
50, 53
49, 53
48, 52
49, 51
50, 51
49, 51
49, 51
53, 78
54, 78
55, 78
54, 77
55, 78
54, 78
54, 77
54, 77
38, 56
37, 57
37, 56
37, 57
36, 58
35, 57
35, 57
51, 54
50, 54
50, 53
51, 53
50, 53
49, 54
49, 53
50, 53
50, 52
50, 52
42, 60
41, 60
42, 60
41, 60
42, 59
41, 60
42, 61
41, 62
42, 61
41, 61
41, 61
57, 55
56, 54
56, 53
56, 54
55, 53
55, 53
49, 46
50, 47
51, 47
52, 47
52, 46
53, 45
53, 45
43, 79
44, 79
44, 78
43, 79
44, 80
43, 79
43, 79
37, 61
38, 62
37, 63
38, 62
37, 61
38, 62
38, 62
61, 64
60, 64
61, 64
60, 63
59, 62
60, 63
61, 64
61, 63
61, 62
61, 62
45, 66
44, 66
44, 67
45, 67
45, 66
45, 65
46, 64
47, 64
48, 64
48, 64
47, 78
46, 79
45, 78
46, 79
45, 78
46, 77
47, 76
47, 76
37, 54
37, 53
38, 53
39, 52
38, 53
37, 52
37, 51
38, 50
38, 50
61, 68
62, 67
63, 67
64, 68
65, 67
66, 66
67, 67
66, 67
65, 66
64, 66
64, 66
51, 70
50, 71
49, 72
50, 72
49, 72
48, 71
49, 72
50, 72
50, 72
51, 53
52, 53
52, 54
51, 53
50, 54
49, 53
49, 53
33, 83
32, 82
31, 81
30, 82
31, 83
30, 83
31, 83
32, 83
33, 84
32, 84
32, 84
58, 75
58, 76
57, 77
57, 76
58, 76
58, 77
57, 76
58, 76
59, 75
59, 74
59, 74
46, 49
45, 48
46, 48
46, 47
46, 46
47, 47
46, 47
46, 47
24, 50
25, 50
26, 49
25, 49
24, 50
23, 51
24, 51
24, 51
48, 53
48, 52
49, 53
48, 53
48, 54
48, 53
49, 54
48, 54
49, 54
50, 53
50, 53
47, 63
46, 62
45, 63
46, 63
45, 64
45, 63
44, 62
44, 62
65, 65
64, 65
63, 66
63, 65
63, 64
62, 64
62, 65
61, 64
61, 64
39, 62
40, 61
41, 62
40, 62
39, 61
40, 61
40, 61
59, 79
58, 80
59, 79
58, 79
57, 80
56, 79
55, 79
55, 78
56, 77
56, 77
61, 63
60, 63
60, 62
59, 62
60, 61
60, 62
60, 61
60, 60
61, 61
61, 61
51, 51
51, 50
52, 50
53, 50
52, 51
52, 52
52, 52
42, 61
41, 61
40, 61
41, 61
42, 61
41, 60
42, 59
41, 60
40, 61
40, 61
49, 72
50, 73
50, 74
51, 74
52, 75
53, 75
54, 76
54, 76
46, 77
46, 76
47, 77
46, 77
47, 76
47, 76
54, 53
55, 54
54, 55
55, 55
56, 54
55, 54
56, 54
57, 55
57, 55
35, 72
36, 71
37, 71
38, 71
38, 70
38, 69
39, 68
38, 69
37, 70
37, 70
33, 84
33, 83
32, 82
31, 81
31, 81
54, 76
54, 75
53, 75
52, 74
51, 74
50, 73
51, 72
50, 71
49, 72
48, 73
48, 73
39, 51
38, 52
38, 51
37, 51
38, 50
37, 50
37, 50
54, 44
54, 43
54, 44
54, 45
54, 46
53, 47
54, 46
53, 46
53, 45
53, 46
53, 46
42, 78
41, 78
42, 79
43, 79
42, 80
41, 80
42, 79
42, 80
42, 80
45, 67
44, 67
43, 67
42, 66
43, 66
44, 67
43, 68
44, 67
44, 67
58, 75
59, 74
60, 73
61, 74
62, 73
61, 72
61, 72
46, 48
45, 49
44, 48
43, 47
44, 46
45, 45
44, 46
44, 46
50, 52
51, 51
50, 51
51, 51
52, 51
53, 51
52, 50
53, 50
54, 49
54, 50
54, 50
36, 57
36, 56
37, 57
36, 56
35, 57
34, 58
34, 58
51, 51
50, 52
51, 51
51, 50
52, 49
52, 48
52, 48
48, 74
48, 73
48, 74
49, 74
50, 75
49, 76
48, 77
47, 78
47, 78
25, 51
25, 52
24, 52
25, 52
26, 53
25, 53
24, 53
23, 53
23, 53
37, 51
38, 51
39, 50
38, 51
37, 51
36, 51
36, 50
36, 50
56, 54
56, 55
55, 54
56, 55
55, 54
56, 54
56, 55
56, 55
55, 77
55, 76
55, 75
55, 76
56, 77
55, 76
56, 76
56, 76
62, 71
61, 72
62, 72
62, 71
61, 72
61, 72
31, 80
32, 81
32, 80
32, 79
32, 78
31, 78
32, 79
33, 80
32, 80
32, 80
36, 69
36, 68
35, 68
36, 69
37, 70
37, 71
37, 71
45, 47
44, 48
43, 49
44, 49
43, 49
44, 49
43, 49
42, 49
43, 49
43, 49
45, 62
46, 62
47, 63
46, 62
46, 63
47, 64
46, 63
47, 63
48, 63
49, 64
49, 64
52, 51
53, 51
54, 51
54, 50
54, 49
53, 49
53, 50
53, 50
49, 53
50, 53
49, 53
49, 52
50, 51
49, 52
48, 53
49, 52
49, 52
54, 47
55, 46
54, 46
54, 47
54, 48
53, 49
52, 48
51, 47
50, 46
50, 46
43, 79
42, 79
41, 79
40, 79
40, 78
40, 78
57, 78
58, 78
58, 79
59, 80
60, 79
60, 79
62, 62
63, 63
63, 64
64, 65
63, 66
64, 65
63, 64
63, 65
64, 66
65, 67
65, 67
41, 62
42, 61
42, 60
42, 61
41, 62
41, 62
60, 64
59, 64
58, 65
57, 64
57, 63
57, 62
56, 61
57, 60
57, 61
56, 62
56, 62
51, 47
52, 48
51, 47
51, 46
50, 46
49, 47
49, 48
48, 48
49, 47
49, 47
39, 62
40, 62
39, 61
40, 62
41, 63
41, 62
41, 61
42, 60
42, 59
42, 59
55, 49
54, 49
53, 48
52, 49
51, 49
52, 50
53, 51
54, 50
55, 50
55, 50
46, 77
45, 77
44, 77
44, 76
43, 75
43, 74
43, 75
43, 75
33, 58
34, 57
34, 58
35, 57
36, 57
35, 56
34, 55
35, 54
34, 55
34, 54
34, 54
45, 67
46, 68
47, 69
47, 68
48, 67
47, 67
46, 67
47, 67
48, 66
48, 65
48, 65
43, 50
44, 51
45, 52
44, 52
43, 53
44, 52
45, 53
45, 54
44, 53
44, 54
44, 54
55, 61
55, 62
54, 63
54, 64
53, 65
53, 65
49, 66
48, 65
49, 66
50, 65
49, 66
48, 66
49, 67
50, 67
51, 66
51, 66
49, 65
50, 66
51, 66
52, 67
52, 68
51, 68
52, 69
51, 68
51, 69
51, 68
51, 68
60, 72
61, 73
61, 72
60, 71
60, 70
59, 71
60, 71
60, 72
61, 73
61, 73
48, 47
47, 46
46, 47
45, 46
44, 47
45, 46
46, 47
45, 48
45, 48
41, 58
41, 57
40, 57
41, 56
42, 57
41, 58
42, 59
41, 59
41, 58
42, 59
42, 59
49, 53
49, 54
48, 55
48, 56
47, 55
47, 54
46, 53
46, 52
46, 52
31, 81
32, 82
33, 81
33, 80
32, 80
33, 80
33, 80
57, 77
58, 77
58, 76
57, 76
56, 77
57, 76
56, 77
57, 77
57, 77
48, 77
48, 78
49, 77
49, 78
50, 77
50, 76
50, 75
49, 75
49, 75
56, 50
57, 49
58, 49
57, 48
58, 49
58, 49
36, 70
37, 71
36, 70
37, 70
36, 71
36, 71
59, 80
58, 79
59, 79
60, 78
59, 79
59, 79
34, 53
33, 52
34, 51
35, 52
34, 52
34, 52
41, 61
40, 61
41, 62
40, 62
40, 61
40, 60
39, 61
39, 60
38, 60
39, 60
39, 60
42, 74
43, 75
44, 76
45, 77
44, 77
45, 76
45, 77
44, 77
44, 77
37, 51
36, 52
37, 52
36, 53
36, 54
35, 55
34, 55
35, 56
35, 56
66, 68
67, 68
66, 68
65, 67
66, 68
66, 69
65, 69
65, 68
65, 68
57, 56
58, 57
57, 56
58, 55
57, 54
58, 54
58, 54
22, 53
23, 53
22, 54
21, 54
22, 53
21, 52
20, 52
20, 51
19, 52
19, 52
52, 49
53, 48
54, 47
53, 46
52, 45
53, 46
52, 45
52, 44
53, 44
54, 44
54, 44
41, 77
41, 78
41, 77
40, 76
39, 75
39, 75
51, 46
52, 47
51, 46
50, 46
51, 45
50, 45
51, 44
51, 44
51, 43
52, 42
53, 41
53, 42
52, 43
53, 44
54, 44
55, 44
56, 43
57, 42
57, 42
56, 76
55, 77
54, 78
53, 77
54, 76
55, 75
54, 76
54, 76
41, 60
42, 60
41, 61
41, 60
42, 61
41, 60
41, 61
41, 61
61, 74
60, 73
61, 74
61, 75
62, 76
61, 75
61, 76
60, 75
60, 76
60, 76
33, 53
32, 54
31, 55
30, 55
29, 54
28, 55
28, 55
20, 52
21, 53
22, 52
22, 51
23, 50
22, 51
21, 50
22, 50
22, 51
22, 50
22, 50
53, 43
52, 42
53, 42
54, 41
54, 42
55, 41
54, 42
53, 43
53, 43
49, 76
48, 77
47, 77
48, 76
49, 75
50, 74
49, 75
49, 76
48, 75
48, 75
57, 54
56, 53
55, 53
56, 54
57, 54
58, 55
57, 54
57, 55
57, 55
50, 65
51, 66
51, 67
52, 66
51, 67
52, 66
53, 67
53, 67
36, 70
35, 70
36, 69
35, 70
34, 71
34, 71
40, 75
39, 76
38, 75
39, 74
40, 73
39, 72
40, 73
41, 72
40, 72
40, 72
59, 78
58, 77
58, 78
57, 77
58, 77
57, 76
58, 76
58, 77
58, 77
59, 48
60, 49
60, 48
59, 49
58, 50
58, 49
58, 49
36, 57
36, 58
36, 57
37, 57
38, 57
39, 56
40, 56
39, 57
39, 58
39, 58
66, 68
66, 69
66, 68
66, 69
65, 69
66, 70
67, 70
66, 71
66, 71
32, 79
31, 78
30, 78
29, 78
28, 78
29, 77
29, 78
29, 78
43, 76
44, 76
45, 76
45, 77
45, 76
46, 76
47, 77
46, 77
46, 76
47, 76
47, 76
43, 53
44, 53
44, 54
43, 53
42, 54
43, 53
43, 52
42, 52
42, 53
42, 53
39, 61
39, 60
39, 61
39, 62
39, 63
39, 63
45, 52
44, 53
45, 53
44, 54
43, 53
44, 52
43, 52
43, 52
50, 69
50, 70
50, 69
49, 70
49, 69
49, 70
49, 70
52, 64
52, 63
51, 64
50, 65
49, 65
50, 65
49, 64
48, 65
47, 65
47, 65
44, 48
43, 48
42, 49
41, 49
40, 49
40, 48
40, 47
41, 48
40, 49
40, 49
57, 41
58, 40
59, 40
60, 39
61, 38
60, 38
60, 38
48, 77
47, 76
46, 75
46, 76
47, 75
47, 76
47, 76
33, 72
32, 71
32, 72
33, 73
32, 72
32, 71
32, 72
33, 73
33, 73
58, 48
58, 47
59, 47
59, 48
59, 49
60, 49
60, 48
61, 48
62, 47
62, 46
62, 46
56, 56
57, 55
58, 55
57, 54
56, 55
56, 55
61, 77
62, 78
62, 77
61, 78
60, 79
59, 80
59, 81
60, 81
60, 81
57, 76
57, 77
56, 78
57, 77
57, 76
57, 76
41, 62
40, 61
39, 61
40, 61
41, 61
40, 62
40, 61
40, 61
28, 77
28, 78
29, 79
29, 80
30, 79
29, 80
28, 79
27, 78
26, 78
27, 79
27, 79
41, 48
42, 48
43, 48
43, 47
44, 46
43, 46
44, 47
45, 47
46, 48
46, 49
46, 49
53, 77
54, 77
53, 78
54, 79
55, 79
55, 78
55, 78
39, 64
39, 63
38, 63
38, 64
38, 63
39, 64
39, 64
47, 74
48, 73
47, 74
48, 74
49, 74
48, 73
47, 73
46, 72
46, 71
46, 70
46, 70
52, 44
53, 43
54, 43
53, 44
54, 45
54, 46
54, 47
53, 48
54, 47
54, 47
27, 56
26, 55
27, 55
28, 55
27, 55
26, 56
26, 55
26, 54
27, 55
27, 55
48, 69
47, 70
47, 71
47, 72
48, 72
48, 72
41, 54
41, 55
41, 56
40, 57
40, 56
40, 57
41, 56
40, 56
39, 56
39, 56
43, 51
42, 50
42, 51
42, 50
41, 51
42, 51
42, 51
39, 72
38, 73
38, 72
39, 72
38, 72
38, 73
39, 74
38, 73
38, 73
22, 49
21, 50
20, 51
21, 50
22, 49
23, 50
23, 50
39, 57
38, 58
38, 57
37, 58
37, 57
37, 56
37, 56
53, 66
54, 67
55, 68
56, 67
57, 68
58, 69
58, 68
59, 68
59, 69
58, 69
58, 69
48, 64
47, 65
46, 64
46, 63
47, 63
48, 63
48, 64
47, 65
47, 65
65, 71
64, 72
63, 71
62, 70
62, 69
61, 68
60, 69
61, 70
62, 70
62, 70
28, 79
28, 80
27, 80
27, 81
27, 80
27, 80
37, 55
38, 56
37, 57
36, 56
36, 57
37, 57
38, 57
38, 57
23, 51
24, 51
23, 52
24, 51
25, 52
24, 53
23, 54
24, 53
23, 54
23, 53
23, 53
57, 56
57, 55
58, 56
57, 56
56, 56
56, 56
54, 48
54, 47
54, 46
53, 45
53, 44
53, 44
32, 72
31, 71
30, 71
29, 70
30, 70
31, 71
31, 71
39, 65
40, 64
41, 65
42, 66
41, 66
40, 65
41, 65
41, 65
57, 70
56, 71
57, 70
58, 71
57, 70
57, 69
57, 69
46, 77
47, 76
47, 77
48, 78
49, 79
48, 79
47, 78
46, 78
46, 77
46, 77
61, 39
62, 40
61, 40
61, 41
60, 40
61, 40
62, 39
62, 38
61, 39
61, 39
39, 55
40, 56
39, 57
39, 58
38, 59
37, 58
36, 57
36, 57
41, 50
40, 51
39, 50
40, 51
40, 50
41, 50
42, 49
41, 48
41, 48
56, 78
56, 77
56, 76
57, 76
58, 77
59, 78
60, 79
61, 78
62, 78
62, 78
48, 65
47, 66
48, 65
47, 65
46, 66
45, 67
44, 68
44, 68
57, 75
56, 75
55, 75
55, 76
56, 75
56, 75
37, 73
38, 74
39, 73
40, 74
41, 74
41, 75
40, 74
39, 74
40, 73
40, 73
63, 47
62, 46
63, 45
63, 46
62, 45
62, 45
49, 71
50, 72
49, 72
48, 72
47, 73
46, 73
46, 74
45, 74
45, 74
61, 70
61, 69
60, 70
59, 70
60, 71
61, 71
62, 71
62, 71
47, 69
47, 68
47, 67
48, 68
49, 68
48, 67
47, 67
46, 67
47, 66
47, 66
59, 82
59, 81
58, 80
59, 79
59, 78
60, 77
60, 78
59, 78
58, 77
57, 77
57, 77
39, 62
40, 61
39, 61
38, 62
39, 62
38, 61
39, 62
39, 61
39, 61
28, 54
27, 54
28, 53
29, 54
28, 54
29, 55
29, 56
28, 57
27, 57
27, 57
46, 50
47, 49
46, 49
46, 48
46, 47
45, 48
45, 48
32, 72
33, 73
34, 74
35, 75
36, 75
35, 75
35, 75
36, 75
37, 75
38, 75
38, 75
61, 72
60, 73
59, 74
58, 75
57, 75
56, 75
55, 75
54, 75
54, 75
55, 76
54, 77
53, 78
53, 79
53, 80
53, 81
53, 82
53, 83
53, 83
39, 58
40, 59
41, 60
42, 61
44, 63
45, 64
46, 65
47, 66
48, 67
49, 68
50, 69
51, 70
52, 71
52, 71
63, 79
64, 80
65, 81
65, 82
65, 83
66, 82
66, 82
65, 83
65, 83
65, 84
65, 84
58, 70
59, 70
60, 70
61, 70
62, 70
63, 70
64, 70
65, 70
66, 70
66, 70
62, 40
64, 42
64, 43
64, 44
64, 45
64, 46
64, 47
64, 49
64, 50
64, 51
64, 52
64, 53
64, 54
64, 55
63, 56
63, 56
64, 57
64, 58
64, 58
42, 49
43, 50
44, 51
44, 51
45, 52
46, 53
46, 53
46, 53
46, 73
47, 72
46, 73
46, 73
47, 72
48, 72
49, 72
50, 72
50, 72
42, 66
43, 67
44, 68
45, 69
46, 70
47, 71
48, 72
47, 73
47, 73
46, 73
46, 73
47, 74
47, 74
28, 81
29, 82
28, 82
28, 82
30, 84
31, 85
32, 86
33, 87
34, 88
35, 89
36, 90
37, 90
38, 90
39, 90
41, 90
42, 90
43, 90
44, 90
45, 90
46, 90
47, 90
48, 90
49, 89
49, 89
48, 88
48, 88
49, 89
49, 89
45, 76
45, 76
46, 77
47, 78
48, 79
49, 80
49, 80
41, 74
41, 75
41, 75
42, 76
41, 76
41, 76
42, 77
43, 77
43, 77
42, 78
42, 78
43, 79
44, 80
44, 80
24, 54
25, 55
26, 56
26, 56
27, 57
28, 58
28, 58
48, 65
48, 65
49, 66
50, 67
50, 68
50, 68
51, 69
52, 69
52, 69
53, 70
54, 71
54, 71
58, 76
59, 76
60, 76
61, 76
62, 76
63, 76
63, 76
63, 77
63, 77
63, 76
63, 76
63, 76
45, 69
46, 70
47, 71
48, 72
47, 72
47, 72
48, 73
49, 74
50, 75
50, 75
26, 57
26, 57
25, 56
25, 56
26, 57
27, 58
28, 58
28, 58
28, 57
28, 57
28, 57
56, 57
56, 57
57, 58
56, 59
56, 59
57, 60
58, 61
59, 62
60, 63
61, 64
61, 64
37, 56
37, 56
36, 56
36, 56
37, 57
38, 58
39, 59
40, 60
41, 61
43, 63
44, 64
45, 65
46, 66
47, 67
48, 68
49, 69
50, 70
51, 71
51, 71
61, 46
61, 45
61, 45
60, 46
59, 47
58, 48
58, 48
45, 47
45, 47
46, 48
47, 49
48, 50
49, 51
48, 52
48, 52
49, 53
50, 54
51, 55
51, 55
53, 45
53, 46
53, 47
53, 48
53, 49
53, 50
53, 49
53, 49
53, 49
40, 62
41, 63
42, 64
43, 65
44, 66
45, 67
46, 68
47, 69
48, 70
48, 70
48, 75
49, 76
50, 77
51, 77
51, 77
50, 78
50, 78
54, 50
56, 52
57, 53
58, 54
59, 55
60, 56
61, 57
62, 58
63, 59
64, 60
64, 61
64, 62
64, 63
64, 63
54, 82
54, 82
53, 82
53, 82
54, 83
54, 83
55, 84
56, 85
55, 86
55, 86
56, 87
57, 87
58, 87
59, 87
59, 87
52, 56
53, 57
54, 58
55, 59
56, 60
57, 61
58, 62
59, 63
60, 64
60, 64
64, 75
64, 76
64, 76
65, 75
66, 74
67, 74
67, 74
63, 59
62, 60
61, 61
60, 60
60, 60
59, 61
59, 61
50, 88
51, 87
52, 86
53, 87
53, 87
54, 86
55, 85
56, 84
56, 84
56, 84
50, 76
50, 76
51, 77
52, 78
52, 78
53, 79
54, 80
55, 81
56, 81
57, 81
57, 81
57, 81
65, 71
64, 72
63, 73
62, 74
61, 75
60, 76
59, 77
58, 78
57, 79
57, 79
57, 79
45, 79
46, 78
47, 77
48, 76
49, 75
50, 74
51, 73
51, 73
50, 74
50, 74
50, 74
50, 79
51, 80
51, 80
52, 79
53, 78
54, 78
55, 78
56, 78
57, 78
58, 78
59, 78
59, 78
47, 54
48, 55
49, 56
49, 55
49, 55
50, 56
51, 57
52, 58
53, 59
54, 60
53, 59
53, 59
53, 59
62, 64
62, 64
63, 65
64, 66
65, 67
66, 68
67, 69
68, 70
68, 70
67, 70
67, 70
29, 58
30, 57
30, 57
31, 58
30, 58
30, 58
31, 59
31, 60
31, 60
31, 60
51, 72
51, 73
51, 74
51, 75
51, 76
52, 77
52, 77
51, 77
51, 77
54, 76
54, 76
55, 77
56, 78
57, 79
58, 79
59, 79
60, 79
60, 79
55, 72
56, 73
57, 74
58, 74
59, 74
59, 74
57, 49
56, 50
55, 50
55, 50
56, 50
56, 50
55, 52
55, 53
55, 54
55, 55
55, 56
55, 57
55, 58
55, 59
55, 60
55, 61
55, 62
55, 63
55, 63
39, 76
40, 76
41, 76
42, 76
43, 76
44, 76
45, 76
46, 76
47, 76
48, 76
48, 76
66, 83
65, 84
65, 84
66, 83
67, 82
68, 81
67, 81
67, 81
68, 80
69, 79
69, 78
69, 77
69, 77
49, 71
50, 72
51, 73
52, 74
53, 75
53, 76
53, 77
53, 78
53, 78
53, 78
53, 78
29, 59
30, 60
31, 61
32, 62
31, 62
31, 62
32, 62
32, 62
33, 63
34, 64
35, 64
35, 64
36, 65
36, 65
52, 72
53, 71
53, 71
54, 72
55, 71
55, 71
56, 72
56, 72
51, 73
50, 73
50, 73
51, 74
51, 75
51, 75
52, 74
52, 74
56, 64
57, 65
58, 66
59, 67
60, 68
60, 69
61, 68
61, 68
60, 69
60, 68
60, 68
60, 68
68, 78
67, 77
67, 77
68, 78
68, 78
68, 78
68, 78
68, 78
68, 78
68, 78
57, 83
57, 83
58, 84
57, 85
57, 85
58, 84
58, 84
59, 85
60, 86
60, 87
60, 88
60, 88
60, 88
58, 75
57, 76
56, 77
55, 78
54, 79
53, 80
53, 80
66, 71
65, 72
64, 73
63, 73
62, 73
61, 73
61, 73
61, 73
61, 73
53, 75
54, 76
54, 77
54, 78
54, 79
54, 80
54, 81
54, 81
66, 75
66, 74
66, 74
65, 75
64, 76
63, 77
62, 78
61, 79
60, 80
59, 81
59, 81
60, 79
60, 78
60, 78
61, 79
62, 80
63, 81
63, 81
32, 61
33, 62
33, 63
33, 63
34, 64
35, 65
36, 66
36, 65
36, 65
36, 65
53, 77
53, 77
53, 77
53, 77
53, 77
53, 77
53, 77
52, 77
52, 77
51, 78
51, 78
51, 78
57, 73
58, 74
59, 75
59, 76
59, 77
59, 78
59, 79
59, 79
52, 78
53, 78
53, 78
54, 77
54, 77
53, 78
53, 78
53, 78
53, 78
53, 78
53, 78
51, 77
51, 76
51, 76
52, 75
53, 74
54, 73
54, 73
54, 73
47, 75
47, 75
47, 76
47, 76
48, 77
49, 78
50, 79
51, 80
50, 79
50, 79
50, 79
54, 60
54, 61
54, 62
54, 63
54, 64
54, 65
54, 66
54, 67
54, 68
54, 68
61, 78
62, 77
61, 78
61, 78
62, 77
63, 76
63, 76
64, 77
64, 77
63, 76
63, 76
63, 76
63, 76
58, 78
58, 78
58, 78
57, 78
57, 78
58, 78
58, 78
58, 78
58, 78
37, 66
37, 67
37, 67
38, 68
39, 69
40, 70
40, 70
63, 64
62, 65
61, 66
61, 67
61, 68
61, 67
61, 67
61, 68
61, 69
61, 69
58, 80
59, 79
60, 78
61, 77
62, 76
63, 75
64, 75
65, 75
66, 75
67, 75
67, 75
51, 75
52, 76
53, 77
54, 78
55, 79
56, 80
57, 81
58, 82
59, 83
59, 83
60, 86
61, 85
62, 85
63, 85
64, 85
65, 85
65, 85
65, 85
60, 62
61, 63
62, 64
62, 64
63, 63
63, 63
64, 64
65, 65
66, 66
67, 67
68, 68
69, 69
69, 69
61, 65
62, 66
63, 67
64, 68
65, 69
65, 69
60, 82
61, 81
62, 80
63, 79
64, 78
65, 77
66, 76
66, 75
66, 75
37, 66
38, 67
39, 68
40, 69
41, 70
40, 71
40, 71
41, 72
42, 73
43, 74
44, 75
44, 75
44, 75
66, 84
67, 83
68, 82
68, 83
68, 83
68, 82
68, 82
52, 81
52, 82
52, 82
52, 83
52, 83
52, 83
52, 83
52, 83
52, 83
55, 69
56, 70
57, 71
58, 72
59, 73
60, 73
61, 73
61, 73
61, 72
61, 72
62, 73
63, 73
63, 73
51, 80
52, 81
52, 80
52, 80
53, 81
54, 82
55, 82
55, 82
55, 82
67, 79
68, 80
68, 80
67, 81
66, 82
65, 83
64, 84
63, 85
62, 85
62, 85
55, 74
56, 75
57, 75
58, 75
59, 75
60, 75
61, 75
61, 75
64, 77
64, 78
64, 79
64, 80
64, 81
64, 81
66, 76
66, 76
65, 77
65, 77
64, 78
63, 79
62, 80
62, 80
62, 82
61, 82
61, 82
62, 82
62, 82
61, 83
61, 84
61, 84
61, 84
51, 79
51, 79
51, 79
51, 79
51, 78
51, 78
51, 79
51, 79
51, 79
59, 87
60, 86
60, 86
61, 87
61, 87
60, 86
59, 85
58, 84
57, 83
57, 83
61, 69
61, 70
61, 71
61, 72
61, 73
61, 74
61, 75
61, 75
61, 75
61, 75
61, 75
68, 70
67, 71
66, 72
65, 73
64, 74
63, 75
63, 75
60, 80
60, 80
59, 79
58, 78
58, 77
58, 77
57, 76
57, 75
57, 74
57, 73
57, 72
57, 72
54, 80
54, 80
55, 81
54, 81
54, 81
55, 81
55, 81
55, 81
60, 82
61, 83
62, 84
62, 85
62, 85
62, 85
62, 85
62, 84
62, 84
61, 85
61, 85
62, 85
62, 85
60, 70
59, 70
58, 70
57, 70
57, 70
57, 70
57, 70
57, 70
57, 70
54, 77
55, 76
56, 76
56, 76
57, 76
58, 77
58, 77
57, 78
57, 78
58, 77
58, 76
58, 76
58, 76
66, 70
67, 71
67, 72
66, 71
66, 71
67, 72
67, 73
67, 74
67, 75
67, 75
41, 71
42, 72
43, 73
44, 74
45, 75
46, 76
47, 77
47, 78
47, 78
48, 79
48, 79
58, 77
58, 76
59, 76
59, 76
58, 75
58, 74
58, 73
58, 72
58, 72
57, 71
57, 71
58, 72
58, 72
62, 72
63, 71
64, 71
65, 71
64, 71
64, 71
65, 71
65, 71
56, 81
57, 80
58, 80
58, 80
59, 79
60, 80
60, 80
60, 80
49, 78
50, 77
51, 76
51, 76
52, 75
53, 74
54, 73
55, 72
56, 71
56, 71
63, 80
63, 79
63, 78
63, 77
63, 76
63, 75
63, 75
63, 75
63, 79
63, 78
62, 79
62, 79
62, 80
62, 80
61, 79
61, 79
62, 78
62, 77
62, 77
62, 77
52, 84
52, 85
53, 84
53, 84
52, 85
51, 84
51, 84
51, 84
62, 74
62, 74
61, 73
61, 73
60, 74
59, 75
60, 75
60, 75
59, 74
59, 74
58, 75
57, 74
57, 74
57, 75
57, 75
60, 83
59, 82
59, 81
59, 80
59, 79
59, 78
59, 77
59, 77
59, 77
59, 77
60, 76
59, 76
58, 76
57, 76
57, 76
57, 76
57, 76
59, 75
59, 74
59, 73
59, 73
59, 73
59, 73
56, 82
57, 83
56, 84
56, 84
57, 85
58, 86
58, 86
57, 71
57, 72
57, 73
57, 74
56, 75
56, 75
56, 75
57, 73
57, 74
57, 75
57, 75
57, 75
57, 75
57, 75
57, 75
57, 75
57, 75
58, 82
59, 81
60, 80
61, 79
62, 78
62, 78
45, 76
46, 75
46, 75
47, 76
48, 77
49, 78
50, 79
51, 80
51, 80
64, 72
63, 73
62, 74
61, 75
60, 76
59, 77
58, 78
58, 78
65, 76
64, 77
63, 78
64, 79
64, 79
63, 80
62, 81
61, 82
61, 83
61, 84
61, 85
61, 85
60, 74
59, 73
58, 72
57, 72
56, 73
56, 73
57, 73
57, 73
56, 72
56, 72
56, 72
58, 73
59, 74
60, 75
60, 76
61, 77
61, 77
60, 78
60, 79
60, 79
67, 74
67, 74
67, 75
67, 74
67, 74
67, 75
67, 76
67, 77
67, 77
67, 77
52, 79
53, 79
54, 79
55, 79
56, 79
57, 79
57, 78
57, 78
58, 79
58, 79
61, 84
60, 83
59, 82
58, 81
57, 80
56, 79
55, 78
55, 78
63, 86
64, 86
65, 86
66, 86
66, 86
66, 86
69, 81
69, 81
70, 81
70, 81
69, 81
69, 81
69, 81
69, 81
62, 74
61, 75
60, 76
59, 77
58, 78
57, 79
56, 80
56, 81
56, 81
61, 78
61, 78
60, 77
60, 76
60, 75
60, 75
61, 76
61, 76
60, 75
61, 76
61, 76
61, 75
61, 75
60, 75
60, 75
52, 79
53, 78
54, 78
55, 78
56, 78
56, 78
66, 78
65, 79
65, 80
65, 81
65, 82
65, 83
65, 83
57, 75
57, 75
58, 75
59, 75
60, 75
60, 75
61, 75
62, 75
63, 75
64, 75
64, 75
58, 78
58, 78
57, 77
56, 76
55, 76
55, 75
55, 75
54, 76
55, 76
55, 76
55, 76
61, 79
61, 79
60, 78
59, 77
58, 76
58, 76
58, 75
58, 74
58, 73
58, 72
59, 72
59, 72
58, 71
58, 71
60, 84
59, 83
58, 82
57, 81
56, 80
55, 79
54, 78
54, 77
54, 76
54, 76
60, 76
61, 75
60, 74
60, 74
61, 73
61, 72
61, 71
61, 71
61, 71
61, 71
61, 71
56, 76
55, 77
54, 78
53, 79
54, 79
54, 79
53, 80
52, 81
52, 82
52, 82
54, 79
53, 80
53, 81
54, 82
54, 82
53, 82
53, 82
53, 82
58, 76
59, 77
59, 78
59, 78
60, 77
60, 77
59, 78
59, 78
59, 78
59, 78
62, 76
62, 77
62, 78
62, 78
62, 78
62, 78
57, 72
57, 72
56, 71
55, 71
55, 71
55, 71
55, 71
55, 71
58, 77
58, 77
57, 76
56, 76
55, 76
54, 76
54, 76
54, 76
54, 76
68, 82
67, 83
66, 84
65, 85
66, 86
66, 86
65, 85
64, 85
63, 85
62, 85
61, 85
61, 85
52, 83
53, 82
54, 81
55, 80
56, 79
57, 78
57, 79
57, 79
58, 78
58, 78
59, 85
60, 84
61, 83
62, 82
63, 81
64, 80
64, 80
65, 79
66, 78
66, 78
61, 78
61, 77
61, 77
62, 77
63, 77
63, 77
63, 76
63, 76
63, 77
63, 77
67, 85
68, 84
68, 83
68, 82
68, 81
68, 81
58, 74
57, 75
56, 76
55, 77
55, 76
55, 76
55, 77
55, 78
55, 78
57, 71
58, 71
59, 71
60, 71
59, 72
59, 72
60, 71
61, 71
61, 71
57, 77
56, 77
56, 77
55, 76
56, 75
56, 75
55, 74
54, 73
55, 72
55, 72
54, 73
54, 73
63, 79
63, 79
62, 78
62, 77
62, 77
61, 76
60, 75
59, 74
58, 73
57, 72
56, 71
55, 71
55, 71
57, 82
58, 83
59, 84
59, 85
59, 86
59, 87
59, 87
55, 75
56, 74
56, 74
57, 74
57, 73
57, 73
58, 74
58, 74
67, 80
66, 79
65, 78
64, 77
63, 76
63, 76
56, 79
56, 78
56, 78
57, 79
58, 79
58, 79
59, 80
60, 81
60, 81
61, 82
61, 83
61, 83
61, 82
61, 82
56, 72
57, 73
57, 74
57, 75
57, 76
57, 76
65, 79
64, 80
63, 81
62, 82
61, 83
60, 83
59, 83
59, 83
58, 83
58, 83
56, 71
56, 71
56, 72
56, 73
56, 74
56, 75
56, 75
55, 74
56, 75
57, 76
57, 76
58, 77
59, 78
58, 78
58, 78
58, 78
57, 79
58, 79
59, 79
60, 79
61, 79
62, 79
62, 79
55, 75
56, 74
57, 74
58, 74
59, 74
58, 73
58, 73
59, 74
60, 74
60, 74
59, 75
59, 75
59, 75
61, 75
61, 75
60, 76
60, 76
61, 76
61, 76
60, 75
59, 74
58, 74
57, 74
56, 74
56, 74
62, 72
63, 73
64, 74
65, 75
65, 76
65, 76
59, 79
60, 80
61, 80
62, 80
63, 81
63, 81
63, 81
63, 76
62, 77
62, 78
63, 78
63, 78
62, 79
62, 80
62, 81
62, 82
62, 83
62, 83
53, 83
54, 84
55, 84
56, 84
57, 84
57, 84
56, 85
56, 85
57, 84
57, 84
58, 88
57, 89
57, 90
57, 90
56, 89
55, 89
54, 89
53, 89
53, 89
53, 89
53, 89
62, 84
61, 83
61, 83
62, 82
63, 81
64, 81
65, 81
66, 81
66, 81
67, 81
68, 81
69, 81
69, 81
58, 79
57, 79
57, 79
57, 79
57, 79
58, 78
58, 78
57, 79
57, 79
57, 79
57, 79
62, 72
63, 73
64, 73
65, 73
65, 73
66, 74
66, 74
65, 73
65, 73
64, 84
63, 85
62, 85
62, 85
61, 85
62, 84
62, 84
61, 85
61, 85
52, 81
51, 80
51, 80
52, 79
52, 79
51, 80
51, 81
51, 81
52, 80
52, 80
51, 81
51, 81
61, 77
60, 76
59, 76
58, 76
57, 76
56, 76
56, 76
62, 78
61, 79
61, 79
60, 80
59, 81
58, 82
57, 83
57, 83
56, 77
57, 78
56, 79
56, 79
57, 80
56, 79
56, 79
57, 80
58, 81
58, 81
59, 72
60, 73
60, 73
61, 74
62, 75
61, 76
61, 76
60, 75
60, 75
59, 75
59, 75
60, 75
61, 75
62, 75
62, 75
68, 80
69, 81
69, 81
69, 82
69, 82
69, 81
69, 81
68, 80
67, 79
68, 78
68, 78
67, 77
66, 76
66, 76
57, 77
56, 77
55, 77
54, 77
53, 77
53, 77
52, 81
53, 81
54, 81
54, 82
54, 82
54, 81
54, 80
54, 80
54, 80
64, 77
63, 77
62, 77
61, 77
62, 76
62, 76
61, 77
62, 77
62, 77
61, 77
61, 77
58, 83
59, 82
60, 81
59, 80
59, 80
60, 79
60, 79
60, 83
59, 84
58, 85
58, 85
57, 86
56, 87
56, 87
58, 76
57, 77
56, 77
56, 77
55, 77
55, 77
56, 78
56, 78
61, 80
60, 81
59, 82
58, 83
57, 84
57, 85
57, 85
61, 82
60, 81
59, 80
58, 79
58, 78
58, 77
58, 77
66, 74
67, 75
67, 75
68, 76
69, 77
70, 78
70, 79
70, 79
57, 75
57, 74
57, 74
57, 74
57, 74
57, 74
62, 80
61, 80
60, 80
59, 80
58, 80
58, 80
57, 75
58, 76
59, 77
60, 78
60, 77
60, 77
61, 78
61, 78
62, 84
63, 83
64, 82
64, 81
64, 80
64, 79
64, 79
63, 78
63, 78
62, 77
62, 77
63, 77
63, 77
63, 77
58, 82
58, 81
58, 80
58, 79
58, 78
58, 77
58, 76
58, 75
58, 74
58, 74
57, 76
58, 77
59, 78
60, 77
60, 77
61, 78
61, 78
61, 78
61, 78
61, 78
61, 78
61, 78
59, 82
60, 81
60, 81
61, 80
62, 79
63, 78
63, 78
55, 75
55, 75
55, 75
55, 75
54, 74
54, 74
55, 75
55, 75
55, 75
55, 75
55, 75
64, 77
65, 78
64, 77
64, 77
65, 78
66, 79
66, 80
66, 81
66, 82
66, 82
59, 75
60, 76
59, 75
59, 75
60, 76
61, 77
61, 77
57, 82
56, 83
56, 83
56, 83
56, 83
56, 83
56, 83
58, 80
59, 80
60, 80
61, 80
62, 80
62, 80
62, 80
62, 80
61, 81
61, 81
61, 81
54, 89
54, 89
55, 89
54, 89
54, 89
55, 89
55, 90
55, 90
56, 89
56, 89
56, 89
56, 89
63, 74
62, 75
62, 75
63, 75
63, 75
64, 74
64, 74
65, 73
66, 73
67, 73
67, 73
68, 73
69, 73
69, 73
61, 78
62, 77
62, 78
63, 78
64, 78
65, 79
65, 79
56, 86
57, 85
56, 84
56, 83
55, 84
56, 84
56, 84
55, 80
56, 81
56, 80
55, 80
56, 80
55, 80
56, 79
57, 79
57, 80
58, 81
58, 81
65, 76
66, 75
65, 74
64, 73
63, 74
63, 75
62, 74
62, 75
62, 74
62, 74
69, 72
70, 71
70, 72
69, 71
70, 71
71, 71
71, 72
71, 72
66, 81
67, 80
68, 81
67, 80
68, 80
67, 80
66, 80
66, 81
66, 81
57, 84
56, 84
56, 83
55, 84
54, 85
55, 86
55, 86
57, 73
58, 74
58, 75
59, 76
58, 76
57, 77
57, 78
56, 79
55, 80
56, 80
56, 80
62, 82
63, 83
64, 84
63, 85
63, 86
63, 85
64, 84
65, 83
65, 82
65, 82
62, 77
63, 76
64, 77
65, 77
65, 76
65, 77
66, 78
66, 78
57, 75
58, 75
58, 74
58, 75
58, 74
58, 75
59, 76
58, 75
58, 76
58, 76
63, 77
63, 76
63, 75
63, 76
64, 76
64, 76
55, 78
56, 78
57, 77
58, 76
58, 77
57, 78
56, 77
56, 77
57, 84
58, 84
58, 85
57, 84
56, 85
55, 85
56, 84
56, 84
59, 76
58, 76
59, 77
60, 76
61, 76
60, 76
60, 76
60, 80
59, 81
58, 80
59, 80
60, 80
60, 79
59, 80
60, 80
59, 80
59, 80
62, 78
63, 79
63, 78
64, 77
63, 78
63, 77
63, 77
55, 90
54, 91
53, 91
53, 92
54, 91
53, 91
53, 90
53, 90
60, 77
61, 77
60, 77
59, 78
60, 79
61, 78
61, 79
61, 79
54, 77
55, 76
55, 77
56, 78
56, 77
57, 76
56, 77
56, 77
61, 79
62, 79
61, 78
62, 78
62, 79
63, 79
64, 79
64, 79
57, 81
56, 81
56, 82
56, 81
57, 82
57, 82
54, 74
53, 75
53, 76
54, 77
53, 78
52, 77
51, 77
50, 76
50, 76
70, 78
70, 79
69, 78
70, 78
70, 77
69, 77
69, 78
68, 79
69, 80
69, 80
66, 81
65, 81
65, 80
64, 79
65, 80
65, 79
65, 79
59, 80
58, 79
58, 80
57, 81
56, 82
55, 81
56, 80
57, 80
58, 81
58, 81
70, 81
69, 80
70, 81
69, 80
68, 79
68, 79
66, 80
65, 81
64, 80
63, 81
64, 81
65, 81
64, 81
63, 82
64, 81
64, 81
61, 75
60, 75
61, 75
62, 74
63, 75
63, 74
63, 74
57, 76
57, 75
58, 74
57, 73
58, 72
59, 72
58, 72
58, 72
64, 78
63, 77
64, 76
65, 76
64, 77
64, 76
65, 75
65, 75
54, 91
53, 91
53, 90
53, 89
53, 90
53, 89
54, 88
54, 87
54, 88
54, 88
57, 85
57, 84
56, 85
56, 84
56, 83
57, 84
56, 84
56, 84
70, 71
71, 71
72, 71
72, 72
71, 72
70, 71
69, 70
68, 71
69, 72
70, 72
70, 72
57, 81
58, 80
57, 81
57, 82
58, 82
59, 82
59, 83
58, 83
58, 82
58, 82
55, 87
55, 88
55, 89
56, 89
57, 89
58, 88
57, 87
56, 87
55, 86
55, 86
56, 78
57, 79
56, 78
56, 77
57, 77
57, 78
57, 77
58, 77
59, 78
59, 78
62, 79
63, 80
62, 81
61, 81
60, 81
61, 82
60, 83
60, 83
57, 80
57, 79
57, 80
58, 80
57, 81
58, 81
57, 82
57, 82
56, 85
55, 86
56, 86
55, 87
54, 87
53, 87
54, 88
54, 88
64, 80
65, 81
64, 82
63, 83
63, 84
64, 84
63, 84
63, 85
64, 84
64, 84
61, 74
62, 74
63, 75
63, 76
62, 76
61, 77
62, 76
61, 75
61, 76
61, 76
50, 77
50, 76
49, 76
50, 75
49, 75
49, 75
65, 77
64, 76
64, 75
65, 75
66, 74
66, 74
56, 76
57, 77
58, 76
57, 77
56, 76
56, 75
56, 74
56, 74
65, 75
66, 75
66, 74
65, 75
64, 75
65, 75
66, 76
67, 76
66, 77
66, 77
58, 80
59, 80
60, 80
61, 79
60, 79
61, 78
61, 78
63, 76
64, 76
64, 75
64, 76
65, 76
66, 77
66, 78
67, 79
68, 80
69, 79
69, 79
68, 78
68, 78
67, 78
66, 78
65, 78
64, 78
64, 78
63, 78
62, 78
62, 78
55, 83
55, 83
54, 82
53, 81
52, 80
51, 79
50, 78
49, 77
48, 76
48, 76
63, 80
63, 80
62, 79
62, 79
61, 78
60, 77
59, 76
58, 75
58, 75
65, 79
66, 80
67, 81
67, 81
68, 82
69, 83
70, 84
71, 85
71, 86
71, 87
71, 87
57, 83
57, 83
56, 84
55, 85
55, 85
55, 85
55, 85
55, 85
55, 73
55, 72
55, 71
55, 71
55, 70
55, 69
55, 69
55, 68
55, 67
55, 67
63, 74
63, 74
62, 73
61, 72
60, 71
59, 70
58, 69
57, 68
57, 68
57, 68
54, 88
53, 87
52, 86
51, 85
50, 84
49, 83
48, 82
48, 82
69, 71
68, 70
67, 69
66, 68
65, 67
64, 66
63, 65
63, 65
56, 81
55, 80
54, 79
53, 78
52, 77
51, 76
51, 76
65, 76
64, 75
63, 74
62, 73
61, 72
60, 71
60, 71
61, 78
60, 77
59, 76
58, 75
57, 74
56, 73
55, 72
54, 71
54, 71
65, 75
64, 76
63, 77
62, 78
62, 78
61, 79
61, 80
61, 80
63, 83
62, 82
61, 81
60, 80
60, 80
59, 79
58, 78
57, 77
56, 76
55, 75
55, 75
50, 74
51, 73
51, 73
52, 72
53, 71
53, 71
54, 70
55, 69
55, 69
56, 68
56, 68
57, 80
56, 79
55, 78
55, 78
54, 77
53, 76
53, 76
53, 76
58, 77
57, 76
56, 75
55, 74
54, 74
53, 74
52, 74
51, 74
51, 74
67, 80
67, 80
66, 80
65, 80
64, 80
64, 80
60, 83
60, 83
59, 82
58, 81
58, 81
57, 80
56, 79
55, 78
55, 78
65, 73
64, 72
63, 71
62, 70
61, 69
60, 68
60, 68
55, 87
55, 87
55, 87
56, 86
57, 85
57, 84
57, 83
57, 82
57, 81
57, 80
57, 80
57, 71
57, 71
57, 71
56, 70
55, 69
54, 68
54, 68
54, 85
53, 84
53, 84
52, 83
51, 82
50, 81
50, 81
49, 80
49, 80
60, 75
60, 75
59, 74
58, 73
57, 72
56, 71
56, 71
55, 70
55, 70
55, 70
55, 70
59, 72
58, 73
57, 74
57, 74
56, 75
55, 76
55, 76
56, 81
55, 81
54, 81
54, 81
54, 81
54, 81
54, 81
54, 81
54, 81
54, 81
54, 81
55, 67
54, 66
53, 65
52, 64
52, 64
51, 64
51, 64
54, 84
53, 83
52, 82
51, 81
50, 80
49, 80
48, 80
48, 80
47, 80
46, 80
46, 80
52, 77
52, 78
52, 79
52, 80
52, 81
52, 82
52, 82
52, 82
52, 82
53, 67
52, 66
51, 65
50, 64
50, 62
50, 61
50, 60
50, 59
50, 58
49, 59
48, 60
48, 59
49, 58
50, 57
50, 56
50, 55
50, 54
50, 53
49, 54
49, 54
57, 74
56, 73
55, 72
54, 71
53, 70
52, 69
51, 68
50, 67
49, 66
49, 66
49, 81
50, 80
51, 79
52, 78
53, 77
54, 76
55, 76
56, 76
56, 76
70, 86
69, 85
68, 84
67, 83
66, 82
65, 81
64, 80
63, 79
62, 78
62, 78
61, 77
60, 76
59, 75
59, 74
59, 73
59, 73
59, 73
54, 77
53, 76
52, 75
51, 74
50, 73
50, 73
49, 80
48, 79
48, 79
47, 78
47, 78
46, 77
45, 76
44, 75
43, 74
43, 74
65, 79
66, 78
66, 77
66, 76
66, 75
66, 75
66, 75
54, 74
54, 74
53, 73
52, 72
52, 72
51, 71
50, 70
49, 69
48, 68
48, 68
56, 67
56, 67
55, 66
54, 65
53, 64
52, 63
51, 62
50, 61
49, 60
48, 59
48, 59
52, 75
52, 75
51, 74
50, 73
49, 72
48, 71
47, 70
47, 68
48, 67
49, 66
50, 65
50, 64
50, 64
54, 71
53, 72
52, 73
51, 74
50, 74
49, 74
48, 74
47, 74
47, 74
46, 74
46, 74
50, 73
49, 72
48, 71
47, 70
47, 68
48, 67
49, 66
50, 65
50, 64
50, 62
50, 61
50, 60
50, 59
50, 58
49, 57
48, 56
47, 55
47, 55
48, 75
48, 74
48, 73
48, 73
48, 72
48, 71
48, 70
48, 70
54, 66
53, 65
52, 64
51, 63
50, 62
50, 62
53, 70
52, 69
51, 68
50, 67
50, 67
50, 67
49, 66
49, 66
48, 65
48, 65
61, 69
62, 70
63, 71
64, 72
64, 73
64, 74
64, 75
64, 75
62, 64
61, 63
60, 62
60, 62
59, 61
59, 61
58, 60
57, 59
56, 58
55, 57
55, 57
60, 79
59, 78
58, 77
57, 76
57, 75
57, 74
57, 73
57, 72
57, 71
57, 70
57, 70
55, 75
54, 74
53, 73
52, 72
51, 71
50, 71
50, 71
49, 71
49, 71
49, 71
49, 71
48, 70
49, 71
50, 72
51, 73
52, 74
53, 75
53, 76
53, 77
53, 77
51, 64
50, 62
50, 61
50, 60
50, 59
50, 58
50, 57
50, 56
49, 55
48, 54
47, 53
47, 53
49, 69
49, 69
50, 69
50, 69
50, 69
50, 69
50, 69
56, 56
57, 55
57, 54
57, 53
57, 53
56, 51
55, 50
54, 50
53, 50
52, 50
51, 50
50, 50
50, 50
50, 50
51, 49
51, 49
52, 48
52, 48
51, 81
50, 80
49, 79
48, 78
47, 77
46, 76
45, 75
45, 75
44, 74
44, 74
44, 73
44, 73
45, 72
46, 71
46, 71
47, 70
48, 69
48, 69
48, 69
49, 68
49, 68
56, 71
56, 71
56, 71
56, 72
56, 73
56, 74
56, 74
46, 55
46, 55
46, 54
47, 53
48, 52
49, 51
50, 50
50, 50
50, 50
50, 50
50, 50
50, 50
49, 51
49, 51
49, 51
55, 76
55, 76
54, 77
53, 78
52, 79
52, 80
52, 81
52, 81
52, 81
47, 73
48, 72
49, 71
50, 70
51, 69
51, 69
49, 66
50, 67
51, 68
51, 68
52, 69
52, 69
48, 59
49, 58
50, 57
50, 56
50, 55
50, 54
50, 53
49, 54
48, 55
47, 56
46, 57
46, 57
46, 57
61, 79
60, 80
59, 81
58, 82
57, 83
56, 84
55, 85
55, 85
54, 86
54, 86
48, 65
47, 64
46, 63
45, 62
45, 60
46, 59
47, 58
48, 57
49, 56
50, 55
50, 54
50, 53
49, 52
48, 51
48, 51
58, 72
58, 72
57, 71
56, 70
56, 70
55, 69
54, 68
53, 67
53, 67
52, 66
52, 66
49, 72
49, 72
48, 71
47, 70
47, 68
48, 67
49, 66
50, 65
50, 64
50, 63
50, 62
50, 61
50, 60
50, 60
50, 60
48, 53
47, 52
47, 52
46, 51
45, 50
44, 49
43, 48
42, 47
42, 47
43, 48
44, 49
45, 50
46, 50
47, 50
47, 50
47, 50
50, 62
50, 61
50, 60
50, 59
50, 58
50, 57
50, 56
50, 55
49, 54
48, 54
47, 54
46, 54
45, 54
45, 54
45, 79
44, 78
43, 77
42, 76
41, 75
40, 74
39, 73
38, 72
38, 71
38, 71
63, 74
62, 73
61, 72
61, 72
60, 71
59, 70
58, 69
57, 68
56, 67
55, 66
55, 66
53, 80
52, 79
51, 78
50, 77
50, 77
49, 76
48, 75
47, 74
46, 73
46, 73
51, 63
52, 64
53, 65
54, 66
54, 66
55, 67
56, 68
57, 69
58, 70
59, 71
59, 71
65, 74
64, 73
63, 72
62, 71
61, 70
60, 69
59, 68
59, 68
58, 70
58, 70
57, 69
56, 68
55, 67
54, 66
54, 66
47, 50
46, 49
46, 49
45, 48
44, 47
44, 47
54, 65
53, 64
52, 63
51, 62
50, 61
50, 61
49, 60
48, 59
47, 58
47, 58
52, 81
51, 80
50, 79
49, 78
48, 77
47, 76
46, 75
45, 74
44, 73
44, 73
50, 52
51, 53
52, 54
53, 55
54, 56
55, 57
56, 58
57, 59
58, 60
58, 60
57, 73
58, 72
58, 72
59, 71
59, 70
59, 69
59, 68
59, 67
59, 67
59, 67
59, 67
49, 68
49, 68
48, 67
47, 66
46, 65
45, 64
44, 63
44, 63
54, 76
55, 75
55, 75
56, 74
57, 73
58, 72
59, 71
60, 70
61, 69
61, 69
53, 85
52, 84
51, 83
51, 83
50, 82
50, 82
44, 74
43, 73
42, 72
41, 71
41, 71
40, 70
39, 69
38, 68
38, 68
48, 52
49, 51
50, 50
51, 49
51, 49
52, 48
52, 48
52, 48
53, 47
53, 47
38, 71
39, 70
40, 69
40, 69
40, 69
41, 68
41, 68
42, 67
43, 66
43, 66
59, 67
59, 66
59, 66
59, 66
59, 66
59, 66
59, 66
45, 72
45, 72
44, 71
43, 70
42, 69
42, 69
49, 59
48, 58
47, 57
46, 56
46, 54
47, 53
48, 52
49, 51
50, 50
50, 50
50, 50
50, 50
49, 49
48, 48
48, 48
51, 68
50, 67
50, 67
49, 66
48, 65
47, 64
47, 64
47, 58
48, 59
49, 60
50, 61
51, 62
51, 62
52, 63
53, 64
54, 65
54, 65
48, 72
47, 73
46, 74
45, 75
44, 76
43, 77
42, 77
41, 77
41, 77
41, 77
53, 67
54, 68
55, 69
55, 70
55, 71
55, 72
55, 73
55, 74
55, 74
50, 70
49, 71
49, 71
48, 72
48, 72
47, 73
47, 73
46, 74
45, 75
44, 76
44, 76
48, 69
48, 69
47, 70
47, 70
47, 70
47, 70
48, 51
49, 52
50, 53
51, 54
52, 55
53, 56
54, 57
55, 58
55, 58
51, 47
50, 46
49, 45
48, 44
47, 43
46, 42
46, 42
45, 41
44, 40
43, 39
43, 39
45, 54
44, 55
44, 55
43, 56
42, 57
41, 58
40, 59
39, 60
39, 60
59, 61
60, 62
61, 63
62, 64
63, 65
64, 66
64, 66
51, 81
52, 80
53, 79
54, 78
55, 77
56, 76
57, 75
58, 74
58, 74
47, 70
47, 70
48, 69
49, 68
50, 67
50, 67
54, 57
53, 56
53, 56
52, 55
51, 54
50, 53
49, 52
48, 51
47, 50
47, 50
58, 65
58, 65
57, 64
56, 63
56, 63
56, 63
55, 62
54, 61
54, 61
60, 70
59, 71
59, 71
58, 72
57, 72
57, 72
56, 72
55, 72
55, 72
45, 72
46, 71
47, 70
48, 69
48, 69
49, 68
50, 67
50, 67
38, 68
39, 67
40, 66
40, 65
40, 64
41, 62
42, 61
43, 60
44, 59
45, 58
46, 57
47, 56
46, 55
46, 55
42, 76
43, 75
44, 74
45, 73
46, 72
46, 72
47, 49
47, 49
46, 50
45, 51
44, 52
43, 53
43, 53
56, 73
57, 72
58, 71
59, 70
60, 69
61, 68
62, 67
63, 66
63, 66
55, 67
56, 68
57, 69
58, 70
59, 71
59, 71
40, 61
41, 62
41, 62
42, 63
43, 64
44, 65
44, 65
55, 66
56, 67
57, 68
58, 69
59, 70
60, 71
60, 71
43, 70
44, 71
44, 71
45, 72
45, 72
46, 73
46, 73
53, 47
54, 48
55, 49
55, 49
55, 49
56, 50
56, 50
55, 50
54, 50
53, 50
52, 50
51, 50
50, 50
50, 50
50, 50
50, 50
51, 51
52, 52
53, 53
53, 53
46, 63
45, 62
45, 60
46, 59
47, 58
48, 57
49, 56
50, 55
50, 54
50, 53
50, 52
50, 51
49, 50
48, 49
47, 48
46, 47
45, 46
44, 45
44, 45
58, 68
57, 69
56, 70
55, 71
55, 71
54, 72
53, 72
53, 72
44, 61
45, 60
46, 59
47, 58
48, 57
49, 56
50, 55
50, 54
50, 53
50, 52
49, 51
48, 50
47, 49
46, 48
45, 47
45, 47
42, 40
41, 41
41, 43
42, 44
43, 45
44, 46
45, 47
46, 48
45, 47
44, 46
43, 46
43, 47
44, 48
45, 49
46, 50
47, 50
48, 50
47, 49
46, 48
45, 47
45, 47
47, 58
47, 58
46, 57
46, 55
47, 54
48, 53
49, 52
50, 51
50, 50
50, 50
49, 49
49, 49
48, 48
47, 47
47, 47
45, 75
45, 75
46, 74
47, 73
48, 72
49, 71
49, 70
49, 69
49, 69
43, 48
42, 49
41, 50
40, 51
39, 52
38, 53
37, 54
36, 55
36, 56
36, 56
42, 65
42, 65
41, 64
41, 62
42, 61
43, 60
44, 59
45, 58
46, 57
47, 56
48, 55
47, 54
47, 54
50, 67
49, 66
48, 65
48, 65
47, 64
46, 63
45, 63
44, 63
44, 63
60, 71
61, 72
62, 73
63, 74
64, 75
64, 75
54, 71
54, 71
53, 70
53, 70
52, 70
52, 70
47, 54
48, 53
48, 52
48, 52
48, 51
48, 51
48, 51
48, 51
47, 71
48, 70
49, 69
50, 68
51, 67
51, 67
51, 67
53, 60
52, 59
52, 58
52, 57
52, 57
52, 56
52, 55
52, 54
52, 53
52, 53
48, 68
47, 67
46, 66
45, 65
44, 64
43, 63
43, 61
44, 60
45, 59
46, 58
47, 57
48, 56
49, 55
50, 54
50, 53
50, 52
49, 51
49, 51
47, 50
47, 50
47, 50
48, 49
48, 48
48, 47
48, 46
48, 45
48, 44
48, 43
48, 43
44, 48
43, 49
42, 50
41, 51
41, 51
40, 52
39, 53
39, 53
39, 53
39, 53
39, 53
44, 65
43, 64
42, 63
41, 62
40, 61
40, 60
40, 60
40, 59
40, 58
40, 58
53, 53
53, 53
53, 53
53, 53
53, 53
53, 53
53, 53
45, 46
46, 47
47, 48
48, 49
48, 49
49, 50
49, 50
50, 51
50, 51
44, 54
46, 54
47, 53
48, 52
49, 51
50, 50
51, 51
52, 52
53, 53
53, 53
58, 70
57, 69
56, 68
55, 67
54, 66
53, 65
52, 64
51, 63
50, 62
50, 62
50, 62
51, 66
52, 65
52, 65
53, 64
53, 64
54, 63
55, 62
55, 62
52, 71
51, 70
51, 70
50, 69
49, 68
48, 67
47, 66
47, 66
46, 65
45, 64
45, 64
46, 48
45, 49
44, 50
43, 51
42, 52
41, 53
40, 54
40, 54
63, 65
62, 65
62, 65
61, 65
61, 65
61, 65
60, 65
59, 65
58, 65
58, 65
35, 55
35, 55
34, 54
34, 54
33, 53
32, 52
32, 51
32, 50
32, 50
62, 65
61, 64
60, 63
60, 63
59, 62
58, 61
57, 60
57, 60
48, 55
48, 55
48, 55
49, 56
50, 57
50, 57
46, 48
47, 49
47, 49
48, 50
49, 51
50, 52
51, 53
51, 53
45, 72
44, 71
43, 70
42, 69
41, 68
40, 67
40, 67
59, 73
60, 72
60, 72
60, 72
60, 72
61, 71
62, 70
62, 70
47, 44
46, 45
45, 46
44, 47
43, 48
42, 49
42, 49
41, 50
40, 51
39, 52
39, 52
64, 75
63, 74
62, 73
61, 72
61, 72
60, 71
59, 70
59, 70
51, 58
52, 59
53, 60
54, 61
55, 62
55, 62
48, 51
49, 52
49, 52
50, 53
51, 54
51, 54
40, 67
39, 66
38, 65
37, 64
37, 64
37, 64
37, 63
37, 63
56, 59
55, 58
54, 57
54, 57
53, 56
52, 55
51, 54
50, 53
50, 53
39, 57
38, 56
37, 55
36, 54
35, 53
34, 52
33, 51
32, 50
31, 49
31, 49
50, 52
51, 53
52, 54
53, 55
53, 55
54, 56
55, 57
55, 57
50, 66
49, 65
49, 65
48, 64
47, 63
46, 62
45, 61
45, 61
45, 59
46, 58
47, 57
48, 56
49, 55
50, 54
50, 53
50, 52
50, 51
50, 51
50, 51
53, 69
54, 68
54, 68
55, 67
56, 66
57, 65
57, 65
40, 52
41, 51
41, 51
42, 50
42, 50
43, 49
43, 49
44, 48
45, 47
45, 47
32, 50
31, 51
31, 52
31, 53
31, 54
31, 54
51, 52
50, 51
49, 50
48, 49
47, 48
46, 47
45, 46
45, 46
45, 46
52, 54
51, 55
50, 56
49, 57
49, 57
49, 57
44, 65
43, 66
42, 67
41, 68
40, 69
39, 70
39, 70
38, 71
38, 71
38, 71
52, 54
51, 55
50, 56
50, 56
49, 57
48, 58
47, 59
47, 58
48, 57
49, 56
50, 55
50, 54
50, 53
50, 52
50, 51
49, 52
48, 53
48, 53
50, 52
49, 51
48, 50
48, 50
47, 49
46, 48
45, 48
45, 48
44, 63
44, 61
45, 60
46, 59
47, 58
48, 57
49, 56
50, 55
49, 56
48, 57
47, 57
46, 57
46, 56
47, 55
48, 54
49, 53
50, 52
49, 53
49, 53
49, 61
48, 60
47, 59
47, 57
48, 56
49, 55
50, 54
50, 53
50, 52
50, 51
50, 50
50, 50
50, 50
50, 50
49, 49
49, 49
48, 48
47, 47
47, 47
57, 66
56, 67
55, 68
54, 69
53, 69
52, 69
52, 69
40, 54
40, 54
39, 53
38, 52
37, 51
36, 50
35, 49
34, 48
33, 47
32, 46
32, 46
54, 63
53, 64
52, 65
51, 66
50, 67
50, 67
51, 52
52, 53
52, 53
52, 54
52, 55
52, 56
52, 56
62, 70
61, 69
60, 68
59, 67
58, 66
57, 65
56, 64
56, 64
55, 65
56, 64
56, 63
57, 63
56, 64
56, 64
44, 49
43, 49
42, 48
41, 48
40, 47
41, 48
40, 47
41, 47
40, 48
40, 48
49, 53
50, 53
49, 52
49, 53
49, 54
50, 53
50, 53
47, 46
46, 46
45, 45
46, 46
45, 46
44, 46
45, 45
45, 44
44, 45
44, 45
44, 46
43, 47
44, 47
45, 47
46, 46
47, 47
47, 47
31, 46
32, 47
31, 47
31, 46
31, 45
32, 46
31, 47
31, 47
56, 61
55, 60
55, 59
55, 58
56, 57
56, 58
56, 58
49, 67
49, 68
48, 68
49, 68
49, 67
50, 68
51, 68
51, 68
39, 70
40, 71
41, 70
42, 70
43, 69
44, 70
43, 69
43, 70
43, 71
43, 71
49, 51
48, 50
48, 51
48, 52
47, 52
47, 51
46, 51
46, 50
46, 49
46, 49
60, 70
61, 71
61, 70
60, 69
59, 69
58, 68
59, 69
58, 70
57, 71
58, 70
58, 70
51, 69
50, 70
50, 69
49, 68
50, 69
51, 70
51, 70
45, 47
46, 48
45, 47
46, 48
47, 48
46, 48
46, 49
46, 48
46, 48
54, 56
53, 55
52, 54
52, 53
51, 54
50, 55
51, 56
51, 55
50, 54
50, 54
40, 52
41, 51
42, 50
43, 50
42, 50
42, 49
41, 48
42, 49
42, 49
58, 65
58, 66
59, 65
58, 66
59, 67
60, 67
59, 67
60, 66
61, 66
61, 66
50, 57
51, 57
50, 56
50, 57
50, 58
51, 57
50, 57
49, 57
50, 58
50, 58
37, 62
36, 63
36, 62
35, 61
36, 61
36, 60
35, 61
34, 62
33, 63
33, 63
52, 55
53, 55
54, 56
54, 55
53, 55
53, 56
52, 56
52, 57
52, 57
51, 54
52, 54
51, 53
51, 52
51, 53
51, 53
30, 48
31, 49
30, 48
31, 47
32, 48
32, 47
33, 46
34, 46
33, 47
34, 47
34, 47
30, 53
29, 53
28, 54
28, 55
29, 54
28, 53
28, 53
48, 52
48, 53
49, 52
50, 52
49, 53
48, 52
49, 52
49, 52
53, 56
54, 55
55, 55
56, 55
56, 54
56, 53
56, 53
50, 55
51, 54
50, 53
49, 54
49, 55
50, 55
50, 56
50, 56
52, 70
51, 71
52, 72
51, 71
52, 70
51, 70
50, 71
49, 72
49, 73
48, 73
48, 73
41, 48
40, 47
41, 47
40, 47
41, 47
41, 47
42, 72
41, 72
42, 71
41, 71
42, 72
41, 72
40, 73
40, 73
34, 63
33, 63
32, 62
33, 62
34, 62
33, 63
32, 63
31, 64
32, 63
32, 63
51, 58
52, 59
51, 58
50, 57
49, 56
49, 56
50, 53
50, 54
51, 53
51, 54
51, 53
52, 54
51, 55
51, 54
51, 54
56, 54
55, 54
56, 53
56, 54
56, 53
55, 53
55, 54
55, 54
52, 52
53, 51
52, 50
52, 49
52, 50
51, 51
51, 51
61, 65
60, 65
59, 64
59, 65
58, 65
57, 66
56, 65
56, 64
57, 63
57, 62
57, 62
57, 71
57, 72
57, 73
58, 73
59, 72
58, 71
58, 72
57, 72
57, 71
57, 71
29, 53
30, 53
29, 53
29, 54
29, 55
30, 56
30, 56
45, 50
46, 49
47, 50
47, 49
47, 48
47, 48
55, 64
56, 63
56, 64
57, 64
56, 63
56, 64
56, 64
45, 44
46, 43
46, 42
45, 42
46, 41
46, 41
51, 56
50, 55
49, 55
48, 55
47, 56
48, 55
47, 54
46, 54
46, 54
46, 47
46, 48
47, 47
46, 46
47, 45
48, 45
49, 44
49, 44
52, 67
51, 66
52, 66
53, 67
53, 66
52, 67
51, 67
51, 67
46, 46
47, 45
46, 44
45, 44
44, 43
43, 42
42, 43
41, 42
41, 42
49, 53
48, 53
47, 54
47, 53
47, 54
48, 54
47, 53
47, 53
31, 48
31, 47
32, 47
33, 47
34, 47
34, 46
34, 46
35, 47
35, 46
34, 47
35, 47
36, 48
36, 48
41, 47
40, 48
41, 48
42, 48
41, 48
41, 47
40, 47
40, 47
55, 58
55, 59
55, 58
55, 57
55, 58
56, 59
55, 59
54, 60
54, 60
33, 64
33, 65
34, 66
35, 65
36, 66
36, 67
36, 68
37, 69
36, 69
35, 68
35, 68
47, 54
47, 55
46, 55
47, 55
46, 56
46, 55
47, 56
48, 56
48, 56
49, 57
50, 56
49, 57
49, 56
50, 56
49, 55
48, 55
47, 55
47, 55
51, 50
50, 49
49, 50
48, 51
49, 52
50, 52
50, 51
49, 50
49, 50
41, 48
40, 48
40, 49
41, 50
40, 51
41, 52
40, 51
40, 51
55, 63
54, 64
55, 64
55, 65
54, 66
54, 66
37, 47
38, 48
37, 48
38, 48
37, 49
37, 49
34, 45
35, 46
34, 47
34, 48
33, 47
34, 48
35, 47
35, 48
34, 48
33, 48
33, 48
30, 55
31, 54
32, 53
31, 52
32, 52
31, 53
32, 54
31, 54
30, 54
30, 54
49, 45
50, 44
51, 43
50, 43
49, 42
50, 42
50, 42
54, 61
54, 60
55, 60
54, 59
55, 59
54, 58
54, 58
49, 57
48, 56
49, 55
48, 56
47, 55
47, 55
45, 54
46, 55
46, 54
47, 54
48, 53
49, 52
49, 53
50, 54
49, 54
49, 53
49, 53
39, 48
40, 48
39, 48
38, 48
39, 47
38, 46
39, 47
39, 48
38, 48
38, 48
48, 49
49, 50
48, 51
48, 50
47, 51
47, 51
56, 70
57, 70
57, 71
56, 71
56, 72
56, 72
40, 74
40, 73
41, 72
42, 71
42, 72
43, 73
43, 72
43, 72
50, 54
49, 54
48, 54
49, 53
49, 52
50, 52
50, 52
52, 67
51, 68
51, 69
52, 69
51, 68
51, 67
52, 68
51, 68
52, 68
52, 68
56, 54
55, 55
56, 54
55, 53
56, 53
56, 54
56, 53
56, 53
47, 42
47, 43
48, 44
47, 45
46, 46
47, 45
46, 44
46, 43
46, 43
58, 62
59, 62
60, 62
59, 63
60, 62
60, 62
42, 41
41, 42
42, 42
43, 42
43, 41
43, 40
44, 40
43, 39
42, 40
42, 40
49, 73
48, 74
47, 75
48, 76
49, 76
49, 75
48, 76
48, 75
48, 75
48, 57
47, 56
48, 57
49, 57
50, 57
50, 56
50, 55
51, 54
52, 54
52, 54
48, 54
48, 55
48, 54
49, 53
50, 53
50, 53
50, 53
51, 54
51, 55
51, 54
51, 55
52, 56
53, 56
54, 56
55, 55
54, 56
54, 56
53, 57
54, 56
54, 55
54, 56
55, 56
56, 55
55, 55
55, 56
54, 56
54, 55
54, 55
34, 69
35, 69
35, 70
36, 70
36, 71
37, 71
38, 72
37, 72
36, 71
36, 71
30, 55
31, 54
31, 53
31, 52
31, 51
31, 52
31, 52
41, 50
42, 50
41, 49
41, 48
40, 47
39, 48
38, 48
37, 48
38, 49
38, 49
43, 40
42, 39
43, 39
44, 40
43, 41
44, 41
44, 42
43, 41
43, 42
43, 42
53, 69
52, 68
51, 69
50, 68
51, 69
52, 70
53, 69
52, 69
52, 69
42, 71
42, 72
43, 71
42, 70
41, 70
40, 71
40, 72
40, 72
50, 50
49, 49
48, 49
48, 50
49, 51
50, 52
51, 52
50, 51
51, 50
51, 50
45, 44
45, 45
46, 46
47, 45
46, 44
46, 44
55, 53
54, 53
53, 53
52, 52
51, 53
51, 53
37, 50
37, 51
37, 50
37, 49
38, 50
37, 49
38, 50
39, 49
39, 50
39, 50
48, 74
49, 75
49, 76
48, 77
47, 78
48, 79
47, 79
48, 78
49, 78
48, 77
48, 77
47, 50
46, 51
47, 52
48, 51
49, 51
49, 50
48, 50
48, 50
37, 48
38, 47
39, 47
38, 47
39, 47
39, 47
32, 47
31, 46
32, 47
31, 47
31, 46
31, 45
32, 45
33, 45
34, 45
35, 46
35, 46
50, 52
49, 52
50, 52
51, 53
52, 54
53, 55
53, 55
57, 71
58, 71
59, 72
59, 73
59, 72
60, 73
60, 74
61, 75
60, 75
60, 75
54, 67
54, 68
55, 68
56, 67
57, 66
58, 67
59, 68
60, 69
61, 68
61, 68
61, 61
62, 61
61, 60
60, 61
61, 62
60, 63
60, 62
60, 62
49, 41
50, 41
49, 41
50, 42
51, 42
51, 42
46, 56
46, 55
46, 56
46, 55
47, 55
48, 54
49, 53
48, 53
49, 53
48, 52
48, 52
55, 54
54, 54
55, 53
54, 53
53, 54
52, 55
51, 55
51, 54
51, 55
50, 55
50, 55
35, 72
34, 73
34, 72
34, 71
35, 70
34, 70
33, 71
32, 70
33, 69
33, 70
33, 70
52, 54
51, 54
52, 54
53, 53
52, 53
53, 54
52, 53
53, 54
54, 54
54, 54
38, 47
38, 48
39, 48
40, 49
39, 50
38, 51
39, 50
40, 51
40, 51
45, 45
46, 44
46, 43
47, 44
48, 45
49, 45
49, 44
50, 43
50, 43
55, 56
55, 57
54, 56
54, 57
55, 58
55, 59
55, 59
52, 68
53, 69
52, 70
52, 71
53, 71
54, 71
55, 70
55, 70
52, 51
51, 50
50, 50
51, 50
51, 49
51, 48
51, 48
49, 52
50, 53
49, 53
48, 53
47, 54
48, 53
48, 53
51, 54
50, 54
49, 54
50, 53
49, 54
50, 55
49, 55
50, 55
50, 56
49, 55
49, 55
41, 71
42, 71
43, 71
44, 72
43, 73
43, 74
44, 73
43, 74
42, 73
41, 74
41, 74
60, 68
59, 69
59, 70
58, 71
57, 72
57, 72
53, 56
53, 57
53, 58
53, 57
54, 57
55, 57
56, 56
57, 57
57, 56
58, 55
58, 55
39, 49
38, 49
39, 50
39, 49
38, 49
37, 48
38, 48
38, 47
39, 47
39, 47
38, 50
38, 49
37, 48
37, 47
36, 47
37, 46
37, 46
49, 50
50, 51
51, 51
51, 50
52, 51
51, 51
51, 51
52, 42
51, 43
52, 44
53, 44
52, 45
52, 46
51, 47
52, 48
52, 48
49, 77
48, 77
47, 78
46, 77
46, 78
45, 78
44, 78
44, 77
43, 77
44, 77
44, 77
59, 62
59, 61
60, 62
60, 63
61, 62
61, 61
62, 62
61, 63
61, 63
49, 53
50, 52
50, 51
49, 51
48, 50
47, 49
48, 50
48, 51
48, 51
61, 75
62, 74
61, 74
61, 73
60, 72
61, 73
61, 73
42, 41
41, 40
42, 40
42, 41
43, 40
44, 40
44, 40
32, 52
31, 51
30, 50
30, 49
29, 49
29, 50
30, 51
29, 50
28, 51
29, 50
29, 50
35, 45
36, 45
35, 44
36, 44
36, 45
36, 44
36, 45
35, 45
35, 45
53, 49
53, 48
52, 48
53, 48
54, 48
53, 49
54, 49
54, 48
54, 48
57, 54
58, 53
57, 53
56, 53
55, 54
56, 53
57, 54
57, 53
57, 53
57, 73
57, 72
58, 71
57, 70
56, 69
57, 70
57, 70
53, 54
54, 54
55, 54
54, 54
55, 55
54, 55
53, 55
54, 54
55, 53
56, 54
56, 54
50, 51
49, 50
48, 50
47, 50
46, 49
47, 50
47, 51
46, 52
47, 51
48, 52
48, 52
29, 51
30, 51
31, 52
31, 51
32, 50
33, 50
32, 50
32, 50
38, 46
39, 47
40, 48
41, 47
40, 47
39, 47
40, 47
40, 48
40, 48
61, 72
61, 73
62, 74
61, 73
60, 72
61, 73
61, 74
61, 74
45, 39
44, 39
43, 39
42, 40
43, 39
44, 38
44, 38
55, 60
56, 61
56, 62
57, 62
57, 61
57, 62
56, 63
56, 63
39, 52
40, 51
39, 51
39, 52
40, 53
40, 53
54, 69
55, 69
54, 69
55, 70
56, 70
55, 69
56, 69
57, 68
57, 67
57, 67
32, 71
32, 72
33, 73
32, 74
31, 75
32, 76
32, 77
31, 77
30, 76
30, 76
44, 78
45, 78
45, 77
44, 77
45, 76
44, 76
45, 77
44, 77
44, 76
44, 76
49, 54
49, 53
50, 54
49, 53
48, 52
49, 51
49, 51
34, 44
35, 45
35, 46
36, 46
35, 45
34, 45
33, 46
34, 46
34, 46
49, 51
48, 52
47, 52
48, 53
47, 54
48, 54
47, 54
46, 55
47, 55
47, 54
47, 54
50, 42
51, 41
50, 42
51, 43
51, 44
52, 44
53, 43
52, 42
51, 42
50, 41
50, 41
40, 73
39, 72
38, 72
37, 72
36, 72
35, 71
35, 71
49, 54
49, 53
50, 54
51, 55
52, 56
52, 55
52, 55
62, 64
61, 64
62, 64
63, 64
64, 63
65, 62
64, 63
65, 62
66, 62
67, 61
67, 61
36, 46
35, 47
36, 46
36, 47
35, 48
35, 48
49, 53
48, 52
48, 53
49, 53
48, 52
48, 52
51, 49
52, 49
51, 48
52, 47
51, 46
50, 46
49, 46
49, 46
33, 51
32, 51
33, 51
34, 52
35, 53
34, 54
35, 55
34, 56
34, 55
33, 54
33, 54
40, 49
41, 48
40, 49
41, 48
40, 48
39, 49
39, 50
38, 51
38, 51
41, 54
42, 54
43, 53
43, 52
44, 53
45, 52
44, 53
45, 54
46, 55
47, 54
47, 54
53, 55
54, 55
53, 54
52, 54
53, 55
54, 56
55, 56
55, 56
43, 76
44, 75
45, 74
45, 73
45, 72
46, 71
46, 71
29, 77
28, 78
27, 79
27, 78
26, 77
27, 76
27, 76
55, 49
56, 50
55, 49
55, 50
54, 51
53, 50
52, 49
51, 48
51, 48
49, 53
48, 53
48, 52
47, 52
46, 53
45, 54
46, 55
45, 54
45, 54
62, 73
63, 72
63, 71
64, 72
64, 71
65, 72
65, 71
64, 72
64, 71
64, 71
34, 70
33, 71
32, 70
31, 70
30, 70
29, 70
28, 71
28, 71
48, 47
48, 48
49, 48
50, 47
51, 47
51, 47
48, 51
49, 52
49, 53
48, 53
47, 53
48, 54
48, 54
58, 53
57, 53
58, 54
57, 55
56, 56
55, 55
55, 54
54, 53
53, 54
53, 54
44, 37
43, 37
42, 38
43, 38
42, 37
42, 37
57, 69
56, 69
55, 68
54, 68
54, 69
54, 69
57, 55
58, 56
58, 55
58, 56
57, 56
58, 57
59, 57
59, 57
46, 55
47, 55
46, 54
46, 53
47, 52
46, 52
46, 52
66, 61
65, 61
66, 60
67, 59
67, 58
68, 59
67, 60
66, 59
65, 58
65, 57
65, 57
34, 45
35, 45
35, 46
34, 45
34, 44
33, 44
32, 45
31, 44
32, 45
32, 45
58, 68
59, 69
59, 70
60, 70
59, 69
59, 69
57, 64
58, 64
58, 65
59, 64
58, 65
58, 66
59, 65
59, 64
60, 65
60, 65
49, 42
50, 43
49, 43
49, 44
48, 43
49, 43
48, 42
48, 41
48, 41
34, 48
33, 47
34, 48
35, 49
34, 49
35, 49
36, 49
37, 48
36, 49
37, 50
37, 50
48, 52
47, 52
47, 53
46, 53
46, 52
45, 51
44, 52
43, 52
43, 52
44, 54
44, 53
44, 52
44, 53
45, 52
45, 53
46, 53
45, 54
45, 53
45, 53
43, 37
42, 36
42, 37
41, 36
41, 37
42, 36
41, 36
40, 36
41, 36
41, 37
41, 37
48, 53
48, 52
47, 53
48, 53
48, 54
49, 54
49, 54
37, 50
36, 50
35, 50
34, 51
35, 51
35, 50
34, 50
33, 49
32, 50
33, 51
33, 51
51, 49
52, 48
53, 48
53, 49
54, 50
54, 50
59, 65
60, 66
60, 65
59, 66
58, 66
59, 65
60, 64
60, 64
64, 72
63, 71
64, 72
64, 71
64, 72
63, 73
64, 74
64, 74
32, 53
31, 52
30, 53
31, 53
30, 54
29, 53
30, 54
29, 53
29, 53
54, 57
54, 56
55, 55
55, 56
54, 56
55, 56
54, 57
54, 57
27, 71
26, 72
26, 71
27, 70
28, 71
28, 72
28, 72
52, 47
53, 46
52, 45
51, 44
52, 45
52, 46
52, 45
51, 44
52, 45
52, 45
44, 52
44, 53
45, 53
46, 52
46, 51
46, 51
54, 54
54, 53
53, 52
52, 52
53, 53
53, 54
54, 54
54, 54
45, 51
44, 52
43, 51
43, 50
44, 51
45, 50
44, 51
43, 50
42, 51
42, 50
42, 50
65, 58
64, 57
63, 57
62, 57
62, 56
61, 57
62, 58
62, 58
49, 41
49, 40
48, 39
49, 40
48, 39
49, 40
50, 40
50, 40
58, 57
58, 56
58, 57
58, 56
57, 55
56, 55
55, 56
55, 56
60, 69
60, 70
59, 70
60, 70
61, 70
62, 71
63, 71
63, 70
64, 69
65, 68
65, 68
31, 46
30, 47
31, 46
30, 46
31, 47
30, 46
30, 45
29, 46
30, 46
29, 47
29, 47
48, 53
49, 53
48, 53
48, 54
47, 53
47, 54
47, 54
45, 72
44, 73
43, 72
43, 73
44, 74
44, 74
26, 75
26, 74
26, 73
25, 72
26, 73
25, 73
26, 73
25, 72
25, 72
37, 49
36, 49
36, 50
35, 49
35, 48
34, 49
35, 50
35, 49
35, 50
34, 50
34, 50
54, 70
55, 70
55, 71
56, 70
57, 71
57, 71
30, 52
31, 53
31, 54
32, 54
33, 55
32, 54
31, 53
31, 52
32, 51
33, 50
33, 50
54, 53
53, 54
54, 53
53, 52
54, 51
53, 52
53, 53
53, 53
50, 55
49, 54
48, 54
47, 55
46, 54
47, 53
48, 53
47, 53
46, 52
46, 52
44, 52
45, 51
44, 50
44, 51
43, 51
44, 50
45, 50
44, 51
44, 51
49, 39
48, 40
48, 41
49, 42
48, 42
48, 42
61, 65
61, 64
60, 65
61, 65
62, 64
61, 65
61, 65
41, 49
41, 48
42, 49
43, 50
44, 50
45, 51
46, 50
46, 50
65, 67
64, 68
64, 67
65, 66
64, 67
64, 67
45, 75
45, 74
46, 73
47, 74
48, 73
48, 73
51, 44
50, 44
50, 45
49, 44
48, 43
48, 44
47, 44
48, 43
47, 43
47, 43
58, 72
59, 71
59, 70
60, 69
61, 70
62, 69
62, 70
63, 71
63, 71
35, 50
35, 51
34, 52
34, 51
33, 50
33, 49
32, 48
32, 48
63, 74
64, 75
63, 74
64, 75
65, 75
66, 76
65, 75
65, 75
32, 50
32, 49
31, 50
30, 50
31, 51
31, 52
32, 51
32, 51
25, 73
24, 74
23, 75
23, 74
23, 75
22, 75
21, 75
22, 74
22, 74
55, 49
56, 50
55, 49
56, 49
55, 50
54, 51
53, 50
52, 51
51, 52
51, 52
55, 57
56, 58
55, 57
56, 58
55, 58
54, 57
55, 58
54, 59
54, 60
54, 60
54, 58
53, 58
53, 59
53, 60
53, 61
53, 61
28, 71
27, 70
28, 71
28, 70
28, 71
29, 70
30, 70
30, 70
42, 38
41, 39
40, 39
41, 38
40, 39
40, 39
61, 57
60, 57
59, 57
60, 57
60, 58
59, 57
60, 58
60, 58
47, 53
48, 53
47, 52
48, 52
47, 53
46, 54
46, 54
28, 48
29, 47
29, 46
28, 47
29, 47
30, 47
30, 46
31, 47
31, 48
31, 48
45, 52
46, 53
46, 54
45, 54
46, 53
46, 52
47, 51
47, 52
48, 51
48, 51
46, 53
47, 53
46, 52
45, 52
44, 52
43, 51
43, 51
54, 61
53, 60
54, 59
55, 59
54, 60
53, 61
52, 61
52, 61
65, 76
65, 77
66, 76
66, 77
67, 76
67, 76
62, 64
63, 63
62, 62
63, 63
63, 62
62, 62
61, 61
60, 62
61, 63
61, 63
39, 39
38, 38
38, 39
37, 39
36, 40
36, 39
37, 38
38, 38
37, 37
37, 37
54, 54
54, 53
53, 53
54, 53
55, 53
54, 53
53, 52
54, 51
53, 52
53, 52
47, 74
47, 75
48, 76
49, 77
50, 76
49, 77
49, 77
33, 47
32, 48
31, 48
30, 47
30, 46
29, 45
29, 44
30, 44
30, 44
52, 61
52, 60
53, 61
54, 61
54, 62
53, 61
52, 61
52, 61
61, 57
62, 57
63, 58
62, 59
63, 58
63, 57
62, 58
63, 59
63, 60
63, 60
46, 43
47, 42
48, 41
49, 41
49, 42
50, 43
51, 42
52, 43
53, 42
53, 42
32, 47
32, 48
31, 49
32, 48
31, 49
31, 50
32, 51
31, 52
31, 52
21, 73
22, 72
22, 71
23, 72
22, 71
22, 71
33, 50
33, 51
33, 50
32, 50
32, 49
33, 50
32, 51
31, 51
30, 50
30, 49
30, 49
47, 51
46, 51
46, 52
47, 51
46, 51
45, 51
44, 51
44, 52
44, 52
48, 43
48, 42
47, 41
48, 42
48, 43
48, 42
47, 42
48, 41
48, 41
52, 51
53, 51
52, 52
53, 52
54, 51
55, 50
54, 49
54, 50
54, 50
45, 54
46, 54
47, 53
48, 52
49, 51
50, 51
49, 51
48, 50
47, 50
48, 49
48, 49
29, 70
29, 71
28, 72
27, 73
28, 74
29, 74
29, 74
65, 66
66, 66
66, 65
65, 66
64, 66
64, 67
65, 66
64, 67
65, 66
65, 66
63, 70
62, 71
63, 71
63, 70
64, 71
65, 70
64, 69
65, 69
65, 69
33, 51
33, 50
34, 50
35, 51
34, 50
34, 50
45, 51
44, 50
44, 49
44, 50
44, 51
43, 51
42, 51
42, 51
46, 51
47, 50
47, 49
46, 50
47, 50
47, 50
22, 70
21, 70
22, 69
23, 68
23, 67
22, 68
23, 67
23, 68
24, 67
23, 68
23, 68
64, 65
65, 66
66, 67
66, 66
66, 65
65, 66
66, 65
66, 65
28, 74
28, 75
28, 76
29, 76
29, 77
29, 77
53, 49
52, 50
51, 50
51, 51
52, 50
53, 50
53, 49
53, 49
34, 49
33, 48
33, 47
34, 47
34, 46
33, 47
33, 47
38, 37
37, 37
38, 36
39, 37
38, 36
38, 36
47, 42
46, 42
46, 41
45, 41
46, 40
46, 41
46, 41
52, 51
52, 52
53, 51
53, 50
52, 51
53, 51
52, 52
53, 53
53, 53
66, 76
65, 75
64, 74
64, 73
63, 72
63, 72
66, 69
66, 70
65, 70
64, 71
63, 72
64, 73
64, 74
64, 75
63, 76
63, 76
51, 61
52, 61
51, 62
50, 62
49, 61
49, 61
64, 61
64, 62
64, 61
63, 62
64, 63
64, 62
63, 62
63, 61
62, 61
61, 60
61, 60
31, 51
32, 52
31, 51
32, 50
31, 49
32, 50
31, 50
32, 50
32, 50
62, 62
62, 63
63, 62
63, 63
63, 62
64, 61
63, 60
64, 61
65, 60
65, 60
44, 51
44, 52
45, 53
44, 54
43, 54
43, 54
51, 60
50, 61
51, 62
51, 63
51, 62
51, 63
51, 62
51, 62
29, 45
30, 44
29, 45
29, 44
29, 43
29, 42
29, 42
43, 50
44, 50
44, 49
43, 49
42, 48
41, 47
41, 48
41, 48
53, 41
54, 41
53, 42
53, 41
54, 41
54, 41
47, 50
46, 50
45, 50
44, 51
45, 50
45, 50
48, 50
49, 50
49, 51
48, 51
48, 52
47, 53
47, 53
50, 77
49, 77
50, 76
49, 77
48, 76
47, 76
47, 77
47, 78
48, 79
48, 79
43, 50
43, 49
42, 49
42, 50
43, 49
44, 48
43, 48
44, 49
43, 48
43, 47
43, 47
31, 48
30, 47
29, 47
28, 46
27, 46
27, 47
27, 47
64, 76
63, 75
62, 74
62, 73
63, 72
63, 73
63, 74
62, 73
63, 73
63, 73
37, 37
37, 36
36, 36
37, 36
38, 37
37, 38
37, 38
64, 61
63, 61
62, 62
63, 62
64, 63
65, 62
66, 61
66, 60
66, 60
23, 69
24, 69
25, 69
24, 69
23, 68
24, 69
23, 68
23, 69
22, 69
21, 68
21, 68
53, 52
53, 51
53, 50
52, 51
52, 50
52, 49
53, 50
53, 50
49, 60
48, 60
49, 61
50, 61
51, 61
51, 61
54, 42
55, 42
55, 43
54, 44
55, 45
54, 46
53, 45
52, 46
52, 46
45, 49
44, 50
43, 50
42, 50
41, 51
41, 50
42, 50
41, 49
41, 49
65, 64
64, 63
63, 64
63, 63
62, 63
63, 62
62, 63
63, 62
64, 61
65, 61
65, 61
51, 61
51, 60
50, 61
51, 61
50, 62
51, 62
52, 61
52, 61
28, 42
27, 41
26, 41
27, 42
26, 43
25, 43
24, 43
23, 43
23, 43
42, 55
43, 56
43, 57
42, 57
42, 56
42, 55
42, 56
42, 56
33, 50
32, 50
33, 51
34, 51
33, 50
34, 50
34, 50
45, 42
44, 41
45, 41
45, 42
45, 41
46, 42
46, 42
48, 54
47, 54
48, 54
49, 55
49, 56
48, 55
48, 54
47, 54
47, 55
47, 55
27, 48
26, 49
25, 48
26, 49
25, 50
25, 49
26, 49
27, 50
28, 51
28, 50
28, 50
30, 78
30, 77
29, 77
28, 76
29, 76
29, 76
49, 78
50, 77
49, 78
50, 78
49, 77
50, 76
50, 76
34, 47
35, 48
36, 47
36, 48
37, 49
37, 49
63, 73
64, 72
64, 71
65, 70
66, 70
67, 70
68, 69
67, 68
67, 68
52, 49
51, 49
51, 50
50, 51
51, 50
50, 49
51, 50
51, 49
51, 50
51, 50
60, 60
59, 59
60, 59
59, 60
58, 61
57, 61
57, 60
56, 61
55, 61
55, 61
42, 47
43, 46
44, 45
45, 45
46, 45
45, 45
44, 45
43, 46
44, 47
44, 47
44, 48
45, 47
46, 47
46, 48
47, 49
48, 50
48, 49
47, 49
47, 49
20, 69
21, 69
21, 68
22, 69
23, 69
22, 69
21, 70
21, 71
22, 72
22, 72
34, 51
35, 50
35, 51
35, 52
34, 51
33, 51
33, 51
43, 46
42, 47
41, 48
40, 49
41, 50
41, 50
38, 38
39, 37
39, 38
38, 38
37, 39
37, 39
67, 67
66, 66
67, 66
66, 66
67, 65
68, 66
69, 67
69, 68
70, 68
70, 68
52, 50
53, 49
54, 48
53, 48
52, 49
52, 50
51, 50
51, 50
46, 50
47, 51
47, 50
47, 49
48, 50
49, 49
49, 49
49, 76
49, 77
48, 78
47, 78
47, 77
46, 78
46, 78
38, 50
37, 49
36, 48
36, 47
37, 48
36, 48
36, 47
37, 46
37, 46
46, 56
47, 55
48, 54
49, 55
50, 56
51, 55
52, 54
52, 54
53, 60
52, 61
53, 61
54, 61
54, 60
53, 61
53, 61
53, 47
54, 47
55, 46
54, 47
53, 46
54, 47
53, 48
53, 47
53, 47
24, 43
24, 44
25, 45
26, 44
26, 43
25, 43
26, 44
26, 45
26, 45
29, 75
30, 74
31, 74
30, 73
31, 72
32, 73
31, 74
31, 74
27, 50
27, 49
28, 50
27, 49
28, 48
28, 47
28, 47
52, 49
53, 50
53, 51
52, 51
51, 50
51, 49
50, 49
51, 49
52, 49
52, 49
62, 74
63, 74
64, 75
64, 76
64, 75
64, 75
54, 60
55, 60
55, 59
54, 58
53, 58
53, 57
54, 56
53, 57
53, 57
47, 41
47, 40
46, 39
46, 40
46, 39
45, 38
46, 39
47, 38
48, 38
48, 39
48, 39
67, 61
68, 61
67, 62
68, 61
67, 60
66, 59
66, 58
67, 59
68, 59
68, 59
66, 60
65, 60
66, 60
65, 61
64, 60
65, 59
66, 60
66, 60
40, 48
39, 48
38, 48
37, 48
36, 47
37, 47
36, 46
35, 45
34, 45
34, 45
43, 57
44, 56
44, 55
45, 54
46, 54
47, 53
48, 52
49, 51
49, 52
50, 53
50, 53
52, 60
51, 59
50, 59
51, 60
52, 60
52, 61
51, 62
51, 62
50, 50
49, 51
48, 50
47, 51
46, 51
46, 51
37, 47
38, 47
39, 48
38, 47
38, 46
37, 47
36, 48
35, 49
35, 49
23, 73
22, 73
21, 72
21, 73
22, 73
22, 72
23, 73
23, 72
23, 73
22, 72
22, 72
50, 54
50, 53
50, 54
49, 53
50, 53
50, 54
50, 54
27, 48
28, 47
29, 48
30, 48
30, 47
30, 48
31, 47
31, 46
30, 45
30, 45
52, 48
52, 47
51, 48
51, 49
51, 50
50, 50
51, 50
51, 50
47, 78
48, 79
47, 80
46, 80
47, 80
47, 80
32, 74
32, 73
32, 72
32, 71
33, 72
32, 73
32, 73
53, 50
52, 50
51, 49
50, 49
51, 48
52, 48
53, 48
54, 47
55, 46
55, 46
50, 48
50, 49
50, 50
51, 50
50, 51
51, 50
50, 49
50, 50
51, 51
51, 52
51, 52
51, 55
52, 56
53, 55
52, 55
53, 55
52, 55
53, 55
52, 54
51, 53
52, 54
52, 54
67, 60
68, 61
69, 61
68, 62
67, 62
66, 63
67, 62
66, 62
66, 61
66, 61
41, 49
40, 50
39, 50
38, 50
39, 49
39, 48
38, 48
38, 47
38, 48
38, 48
34, 52
35, 51
34, 51
33, 51
32, 52
32, 52
51, 63
52, 64
52, 65
51, 66
52, 67
52, 66
52, 65
52, 65
69, 68
68, 69
69, 70
70, 70
69, 69
69, 70
69, 70
35, 46
34, 47
35, 47
34, 48
35, 47
35, 48
34, 47
34, 47
25, 44
26, 43
27, 43
28, 43
29, 42
29, 43
30, 42
30, 42
67, 60
66, 59
67, 60
67, 61
67, 60
68, 61
68, 61
48, 40
48, 39
47, 39
46, 40
45, 39
45, 39
54, 56
54, 57
54, 58
53, 58
54, 58
54, 59
55, 58
54, 59
53, 58
54, 57
54, 57
65, 74
64, 73
63, 74
63, 73
63, 72
62, 71
63, 72
62, 72
62, 72
52, 62
53, 61
53, 62
54, 62
54, 61
54, 60
54, 61
55, 62
55, 62
37, 40
36, 40
37, 39
38, 38
39, 39
40, 40
41, 41
40, 40
40, 40
21, 73
20, 74
20, 73
21, 73
20, 72
20, 71
20, 70
20, 71
20, 70
20, 71
20, 71
49, 53
48, 54
47, 54
47, 53
48, 52
49, 53
50, 52
50, 53
49, 53
49, 53
45, 52
46, 51
47, 50
47, 49
48, 50
49, 51
49, 51
56, 45
55, 46
54, 47
54, 48
53, 49
54, 48
54, 47
54, 47
52, 49
52, 50
51, 51
50, 52
50, 51
51, 51
50, 50
51, 50
51, 50
61, 73
61, 72
62, 71
63, 70
64, 69
64, 69
67, 60
66, 61
67, 60
68, 60
68, 59
69, 58
70, 58
70, 58
46, 40
45, 41
46, 40
47, 39
46, 39
46, 39
52, 55
53, 54
54, 54
53, 54
53, 53
54, 54
54, 53
55, 53
55, 53
51, 51
52, 51
52, 52
53, 52
52, 53
53, 53
53, 54
54, 54
54, 54
54, 62
53, 63
54, 62
55, 63
56, 64
55, 64
55, 64
65, 62
65, 61
64, 61
65, 60
65, 61
66, 62
66, 62
32, 72
31, 72
31, 73
32, 72
32, 71
32, 70
31, 71
31, 70
30, 71
30, 71
69, 69
68, 70
69, 69
70, 70
69, 71
70, 71
69, 72
69, 71
70, 72
71, 72
71, 72
31, 44
30, 44
30, 45
29, 45
30, 45
30, 46
29, 45
30, 45
31, 46
31, 46
30, 43
29, 44
29, 43
30, 44
31, 43
32, 42
31, 43
31, 44
31, 44
51, 65
51, 66
50, 65
49, 66
48, 65
48, 66
48, 67
48, 67
35, 48
34, 48
33, 49
32, 48
32, 49
33, 50
32, 49
33, 48
33, 47
33, 47
41, 39
41, 40
42, 41
43, 40
42, 41
42, 41
35, 47
34, 47
33, 48
34, 48
33, 48
34, 47
33, 46
32, 47
33, 48
34, 49
34, 49
37, 48
36, 49
37, 50
37, 51
37, 50
36, 51
35, 52
34, 53
35, 52
34, 51
34, 51
55, 56
55, 55
56, 54
55, 54
54, 54
53, 54
53, 54
48, 80
47, 81
47, 82
48, 83
48, 82
48, 83
47, 84
46, 85
46, 86
46, 86
33, 53
33, 54
34, 53
33, 52
32, 51
33, 52
33, 53
33, 53
19, 72
20, 72
21, 72
20, 73
21, 72
21, 71
22, 72
23, 72
23, 72
31, 45
30, 44
31, 44
32, 44
33, 45
34, 46
35, 46
35, 45
35, 46
34, 45
34, 45
69, 59
68, 58
67, 58
68, 59
69, 59
70, 59
71, 58
72, 59
72, 58
71, 57
71, 57
72, 73
71, 73
70, 73
71, 73
70, 72
71, 73
72, 73
73, 72
73, 72
47, 38
47, 37
48, 36
48, 37
48, 38
49, 38
49, 38
48, 68
49, 68
50, 69
51, 69
52, 70
52, 70
52, 53
53, 52
54, 53
53, 53
53, 52
52, 53
52, 52
52, 52
55, 46
56, 45
56, 44
56, 45
55, 46
56, 46
57, 47
57, 47
63, 70
64, 70
65, 70
64, 71
64, 72
63, 73
62, 72
62, 72
55, 53
56, 53
56, 54
56, 53
55, 54
54, 55
55, 56
55, 56
33, 48
34, 47
34, 48
34, 49
34, 50
35, 51
36, 50
37, 49
37, 49
41, 40
42, 41
41, 40
42, 40
41, 40
42, 40
41, 39
40, 40
41, 41
41, 41
67, 61
66, 60
67, 61
68, 60
67, 59
67, 59
32, 52
33, 53
34, 52
33, 51
33, 50
33, 50
48, 54
49, 54
49, 53
48, 52
47, 51
47, 51
31, 70
32, 70
31, 70
32, 70
33, 71
34, 71
33, 71
34, 70
33, 71
33, 72
33, 72
52, 49
53, 48
52, 48
51, 49
52, 50
52, 50
56, 54
57, 54
56, 54
55, 54
54, 55
54, 54
54, 53
54, 54
55, 54
54, 55
54, 55
56, 65
57, 64
56, 65
55, 66
54, 67
53, 68
54, 69
55, 70
56, 70
56, 70
47, 85
48, 86
49, 85
50, 86
51, 85
52, 86
52, 87
52, 87
33, 52
32, 53
33, 52
33, 51
33, 52
33, 52
34, 48
33, 48
32, 49
33, 50
33, 49
34, 49
33, 50
33, 49
33, 49
32, 46
33, 47
33, 46
33, 47
34, 46
33, 46
34, 45
35, 44
35, 43
35, 43
50, 52
51, 52
52, 53
53, 52
53, 51
53, 52
53, 52
73, 73
74, 72
73, 72
74, 72
73, 72
72, 73
71, 73
72, 72
71, 71
71, 70
71, 70
32, 49
32, 48
32, 47
32, 48
32, 49
33, 49
32, 50
32, 51
32, 51
33, 46
32, 46
33, 47
34, 48
35, 49
34, 49
34, 50
35, 49
35, 49
51, 69
50, 70
51, 70
52, 71
53, 70
52, 71
53, 72
53, 72
67, 58
68, 59
69, 59
68, 60
69, 60
68, 59
69, 59
69, 59
55, 55
54, 55
53, 55
54, 55
54, 56
54, 56
36, 44
36, 45
35, 45
34, 46
33, 46
32, 46
31, 45
32, 46
32, 47
31, 48
31, 48
48, 52
49, 51
50, 51
49, 52
48, 52
48, 52
62, 73
61, 73
60, 73
59, 73
60, 73
60, 73
32, 49
33, 50
34, 51
35, 52
35, 51
35, 51
32, 51
31, 50
31, 49
30, 49
29, 50
28, 51
29, 51
28, 51
29, 50
30, 50
30, 50
53, 53
52, 52
51, 52
52, 51
51, 51
51, 52
52, 52
51, 53
50, 53
49, 52
49, 52
71, 58
71, 59
70, 58
69, 59
69, 58
70, 59
69, 58
68, 57
68, 57
52, 49
51, 49
52, 48
52, 47
52, 46
52, 46
34, 72
33, 72
34, 72
34, 71
35, 71
34, 70
33, 70
33, 71
33, 71
54, 56
55, 56
54, 55
53, 54
54, 53
53, 53
53, 54
52, 55
51, 56
52, 57
52, 57
51, 87
52, 87
53, 87
53, 86
54, 85
54, 86
54, 86
48, 38
49, 37
48, 36
48, 37
47, 38
48, 37
47, 37
47, 36
47, 36
56, 48
57, 48
56, 48
57, 48
58, 47
58, 47
55, 70
54, 69
54, 68
55, 69
54, 69
53, 70
52, 71
53, 70
53, 70
22, 71
21, 71
21, 72
22, 73
21, 73
22, 72
22, 72
37, 48
38, 48
37, 49
38, 50
37, 49
37, 49
41, 42
42, 41
43, 41
42, 40
41, 40
41, 40
53, 53
52, 52
53, 53
53, 54
54, 53
54, 53
59, 47
58, 47
59, 47
60, 46
61, 45
62, 46
62, 46
55, 54
56, 53
57, 54
56, 53
57, 53
57, 53
53, 56
54, 55
53, 56
53, 57
53, 56
52, 57
51, 58
50, 59
49, 58
49, 58
21, 72
22, 72
22, 73
22, 72
23, 72
23, 73
23, 72
23, 73
23, 73
35, 48
34, 48
35, 49
35, 50
34, 51
34, 51
47, 51
48, 50
48, 49
49, 50
50, 50
51, 49
52, 48
51, 49
52, 50
53, 50
53, 50
53, 55
54, 56
53, 57
52, 56
53, 57
54, 57
53, 56
53, 56
67, 58
66, 59
65, 59
65, 60
64, 60
64, 60
54, 70
53, 69
53, 68
54, 68
54, 67
55, 66
55, 67
54, 66
54, 66
41, 39
40, 39
40, 38
41, 39
40, 38
39, 38
39, 38
32, 72
33, 72
34, 73
34, 72
34, 71
34, 70
33, 69
32, 70
31, 71
31, 71
50, 53
51, 54
52, 55
51, 55
52, 56
51, 56
51, 56
33, 50
33, 51
33, 52
32, 52
32, 53
33, 54
32, 54
32, 54
47, 35
46, 36
46, 37
47, 36
46, 36
47, 36
47, 37
46, 38
46, 38
38, 48
39, 49
38, 50
37, 51
36, 50
37, 50
36, 50
35, 50
35, 49
36, 49
36, 49
29, 51
28, 52
29, 51
28, 50
28, 51
27, 52
26, 51
25, 50
24, 49
24, 50
24, 50
36, 50
35, 50
35, 49
34, 49
33, 48
32, 47
31, 47
32, 47
33, 48
33, 48
54, 73
55, 72
56, 72
55, 72
56, 73
55, 72
55, 72
53, 46
52, 47
51, 46
52, 46
53, 47
54, 48
54, 47
53, 48
52, 48
52, 48
59, 74
60, 74
61, 74
60, 75
59, 76
60, 76
60, 76
32, 49
32, 48
33, 47
34, 46
34, 47
33, 47
33, 47
71, 71
71, 72
72, 71
71, 71
72, 70
72, 70
68, 59
68, 60
68, 61
68, 60
67, 61
66, 61
65, 62
64, 61
64, 61
55, 87
56, 86
57, 85
57, 86
56, 86
56, 85
55, 85
55, 85
46, 39
45, 40
46, 39
46, 40
46, 41
46, 42
45, 43
46, 42
46, 42
63, 61
62, 61
61, 61
60, 62
61, 62
61, 62
55, 86
56, 85
57, 84
57, 83
56, 83
57, 84
56, 85
55, 84
54, 85
54, 85
55, 71
56, 71
57, 71
56, 72
56, 71
57, 71
58, 70
59, 69
58, 68
57, 69
57, 69
65, 60
66, 59
65, 59
66, 60
65, 60
64, 60
63, 61
63, 61
63, 46
64, 46
65, 46
66, 45
67, 45
67, 45
33, 51
34, 51
33, 51
33, 50
34, 51
35, 52
34, 52
34, 51
35, 51
35, 51
52, 57
51, 56
50, 57
50, 56
51, 56
52, 56
52, 55
52, 55
33, 49
32, 48
31, 49
32, 48
31, 47
32, 48
31, 49
31, 49
38, 37
39, 37
40, 36
41, 35
40, 35
40, 35
52, 56
53, 56
54, 56
55, 56
55, 57
56, 56
57, 55
56, 54
57, 54
57, 54
55, 67
56, 68
56, 67
55, 67
55, 68
56, 69
55, 69
55, 69
53, 48
52, 47
52, 48
51, 48
52, 49
51, 48
50, 49
50, 49
52, 50
53, 49
54, 49
53, 48
54, 47
54, 48
53, 48
54, 49
55, 49
54, 50
54, 50
23, 72
22, 73
22, 74
22, 73
22, 72
22, 73
22, 73
30, 71
31, 72
30, 71
31, 70
31, 69
32, 69
31, 70
32, 70
33, 69
33, 69
35, 49
34, 49
34, 48
33, 47
33, 46
33, 46
33, 46
34, 46
33, 46
34, 45
34, 46
33, 45
33, 44
34, 44
35, 45
35, 45
61, 75
61, 74
62, 73
61, 74
62, 75
63, 76
64, 75
63, 75
64, 76
65, 75
65, 75
73, 69
72, 68
73, 69
72, 68
72, 67
72, 67
23, 49
22, 48
21, 48
22, 47
23, 47
22, 47
22, 47
32, 55
31, 55
30, 54
29, 54
30, 54
30, 55
30, 56
30, 55
30, 55
56, 53
57, 53
58, 53
57, 54
58, 55
58, 54
57, 55
57, 56
57, 56
48, 59
48, 58
48, 59
47, 59
48, 58
48, 59
48, 60
47, 59
47, 58
46, 57
46, 57
52, 56
51, 57
50, 56
50, 55
49, 54
50, 54
51, 55
50, 55
51, 56
51, 57
51, 57
36, 45
35, 45
36, 46
36, 47
36, 48
37, 48
37, 49
37, 50
37, 51
37, 51
53, 49
54, 49
53, 48
54, 47
54, 46
55, 46
55, 46
66, 75
65, 75
66, 75
67, 75
68, 75
68, 76
69, 75
69, 76
69, 76
62, 61
62, 60
62, 61
61, 62
61, 63
62, 62
62, 62
72, 68
72, 69
71, 68
72, 68
71, 68
70, 67
70, 67
34, 51
34, 50
35, 51
35, 52
34, 53
34, 53
23, 47
23, 46
24, 45
23, 45
22, 46
23, 46
22, 47
22, 47
58, 69
57, 68
56, 68
57, 67
58, 68
59, 68
58, 69
59, 68
59, 68
34, 68
33, 68
32, 68
31, 69
30, 68
29, 67
29, 66
28, 66
27, 66
28, 65
28, 65
64, 61
63, 61
64, 61
65, 61
65, 60
66, 59
65, 58
64, 57
64, 58
64, 58
30, 56
31, 57
31, 58
31, 57
31, 56
30, 57
29, 58
30, 57
30, 56
29, 55
29, 55
47, 56
46, 55
46, 54
46, 53
47, 53
48, 54
47, 54
48, 54
47, 55
47, 55
55, 68
54, 69
54, 68
54, 69
53, 68
54, 69
53, 70
52, 70
51, 69
51, 69
58, 57
58, 56
57, 55
58, 55
57, 56
57, 55
57, 56
58, 55
57, 55
57, 55
21, 72
22, 71
23, 72
23, 73
23, 72
22, 73
21, 73
20, 72
21, 71
21, 71
32, 48
32, 47
32, 48
31, 48
30, 47
31, 48
31, 48
51, 49
50, 50
49, 50
49, 51
49, 50
50, 50
50, 50
41, 34
41, 33
42, 34
42, 35
43, 35
43, 35
68, 45
68, 44
68, 45
68, 44
67, 43
66, 43
65, 42
66, 43
65, 44
66, 44
66, 44
56, 54
55, 55
56, 56
55, 57
56, 58
57, 59
58, 60
59, 60
59, 60
53, 84
53, 83
53, 82
53, 83
52, 83
51, 82
52, 81
53, 80
53, 81
53, 81
32, 47
32, 48
31, 49
32, 49
33, 49
32, 48
31, 47
32, 48
33, 47
33, 48
33, 48
45, 41
44, 40
44, 39
44, 40
43, 41
42, 41
41, 42
41, 42
46, 56
46, 55
47, 54
48, 53
48, 52
47, 51
47, 51
49, 49
48, 49
47, 50
47, 49
47, 48
46, 47
47, 48
47, 47
48, 47
48, 48
48, 48
51, 58
51, 57
51, 58
51, 59
50, 59
50, 58
49, 58
50, 58
50, 58
65, 43
64, 43
65, 43
64, 42
63, 43
64, 44
64, 44
63, 57
64, 58
63, 57
62, 56
63, 57
62, 57
63, 56
63, 57
64, 58
64, 57
64, 57
52, 80
52, 79
51, 80
52, 81
53, 82
53, 81
53, 81
30, 48
31, 48
32, 49
33, 48
33, 49
33, 48
34, 48
34, 47
33, 46
33, 46
21, 72
22, 73
23, 72
22, 71
21, 71
21, 70
20, 71
19, 70
20, 71
21, 70
21, 70
42, 43
43, 43
44, 42
43, 41
44, 41
44, 40
45, 41
46, 40
45, 41
46, 41
46, 41
43, 34
43, 33
43, 34
42, 34
41, 35
42, 35
43, 35
42, 35
42, 35
33, 52
34, 51
35, 51
35, 50
36, 51
37, 51
37, 50
37, 50
54, 45
53, 44
54, 43
54, 42
55, 41
55, 41
58, 68
59, 69
60, 70
61, 70
61, 69
60, 69
61, 70
60, 69
61, 70
62, 69
62, 69
38, 50
38, 51
37, 50
38, 50
37, 49
36, 50
36, 51
35, 52
34, 51
35, 52
35, 52
70, 75
69, 75
69, 74
69, 73
68, 72
67, 71
67, 70
67, 70
62, 63
63, 64
63, 65
64, 64
63, 63
64, 62
65, 63
65, 62
65, 62
30, 54
30, 55
30, 54
29, 53
29, 52
30, 53
29, 52
29, 51
30, 50
30, 50
21, 47
21, 48
20, 47
19, 46
20, 46
20, 47
20, 46
20, 46
52, 70
53, 70
53, 71
53, 70
53, 69
53, 69
56, 54
56, 55
56, 54
55, 53
56, 54
57, 54
56, 53
56, 54
56, 53
55, 53
55, 53
69, 67
69, 68
70, 69
70, 68
69, 67
69, 68
68, 67
68, 67
58, 60
58, 61
58, 62
57, 63
56, 64
57, 63
56, 63
57, 64
56, 65
56, 65
29, 64
30, 63
29, 62
29, 61
28, 61
29, 62
29, 63
28, 62
27, 61
26, 61
26, 61
32, 49
31, 50
31, 51
30, 51
30, 52
31, 51
31, 50
31, 50
64, 62
65, 63
65, 62
66, 62
65, 61
66, 60
66, 60
67, 67
67, 68
66, 69
67, 68
66, 69
65, 70
64, 71
64, 70
63, 70
64, 71
64, 71
45, 41
44, 41
44, 40
45, 39
44, 40
44, 39
45, 38
45, 39
46, 39
46, 39
31, 49
30, 50
31, 51
31, 50
30, 51
29, 50
28, 50
28, 50
55, 54
54, 55
53, 55
52, 55
53, 54
53, 55
53, 55
67, 69
68, 70
69, 70
68, 69
67, 69
68, 70
68, 70
52, 70
51, 71
52, 72
51, 73
51, 74
51, 75
51, 74
51, 73
51, 73
56, 42
56, 43
56, 42
57, 42
57, 43
58, 43
58, 44
59, 43
59, 43
20, 70
20, 71
19, 71
20, 70
21, 70
21, 70
37, 49
38, 50
38, 51
39, 50
40, 51
40, 51
21, 47
20, 46
19, 46
19, 47
18, 48
18, 48
48, 49
47, 48
46, 48
46, 47
46, 48
45, 47
44, 47
43, 48
43, 48
56, 66
55, 67
55, 68
56, 68
56, 67
56, 67
46, 51
45, 51
46, 52
45, 52
45, 53
45, 54
46, 55
47, 54
46, 55
46, 55
27, 61
27, 62
27, 63
28, 64
29, 65
29, 65
34, 45
35, 44
36, 44
35, 44
34, 45
33, 44
32, 44
33, 45
32, 44
32, 44
31, 51
30, 51
31, 51
32, 50
32, 49
32, 49
53, 82
54, 81
53, 81
52, 81
53, 80
52, 81
52, 81
61, 70
62, 69
63, 68
63, 67
64, 67
65, 67
64, 66
63, 67
64, 66
65, 66
65, 66
65, 45
66, 46
65, 47
65, 48
66, 48
65, 47
65, 47
42, 34
42, 33
42, 34
42, 35
42, 34
41, 34
41, 34
35, 53
34, 54
33, 53
34, 52
33, 51
32, 52
33, 52
33, 52
63, 58
62, 57
63, 56
63, 55
64, 54
63, 55
63, 55
51, 59
52, 59
51, 60
51, 61
52, 61
53, 62
52, 63
52, 63
31, 44
31, 45
30, 44
29, 44
29, 45
30, 46
29, 46
29, 46
63, 54
62, 54
62, 55
63, 56
64, 57
65, 57
66, 56
66, 56
32, 52
31, 51
31, 52
30, 51
31, 52
31, 52
19, 47
19, 46
20, 47
21, 48
21, 47
21, 47
69, 71
70, 70
70, 71
70, 72
69, 73
68, 73
68, 73
33, 49
32, 49
31, 50
31, 49
32, 50
33, 49
33, 49
53, 63
52, 64
53, 63
53, 62
52, 61
51, 62
52, 63
51, 62
51, 62
44, 49
45, 50
46, 49
46, 50
45, 50
45, 49
46, 48
47, 48
47, 48
64, 46
65, 47
66, 48
66, 49
65, 48
64, 47
63, 46
63, 47
63, 47
46, 38
45, 37
46, 36
47, 35
47, 34
48, 34
47, 33
47, 34
47, 34
58, 42
57, 43
57, 44
56, 44
57, 45
56, 46
57, 45
56, 46
55, 45
54, 46
54, 46
40, 52
41, 51
42, 52
43, 53
43, 54
43, 55
42, 54
42, 55
42, 54
42, 54
53, 81
53, 82
52, 83
51, 83
50, 82
50, 82
65, 60
64, 61
65, 61
66, 62
67, 62
68, 61
68, 61
30, 65
29, 64
28, 65
29, 64
30, 65
29, 65
29, 65
21, 69
22, 69
22, 70
22, 71
21, 72
22, 72
22, 72
47, 56
47, 57
46, 57
46, 56
47, 55
47, 55
50, 72
50, 73
51, 74
50, 73
49, 74
48, 74
49, 73
49, 73
55, 66
54, 66
53, 67
53, 68
52, 67
52, 68
51, 68
51, 68
63, 71
63, 72
62, 71
62, 70
63, 69
64, 69
64, 68
65, 68
66, 69
66, 69
66, 67
65, 67
64, 66
65, 67
66, 67
66, 67
42, 34
43, 33
44, 33
44, 32
44, 31
45, 31
45, 30
44, 31
43, 32
43, 31
43, 31
27, 51
28, 51
29, 50
28, 51
29, 50
30, 50
31, 49
32, 49
31, 50
32, 49
32, 49
53, 56
54, 55
53, 55
52, 54
53, 54
53, 54
30, 66
29, 66
28, 67
28, 66
27, 66
27, 67
28, 66
28, 66
55, 45
54, 46
53, 46
52, 47
53, 47
53, 46
53, 47
53, 47
50, 73
51, 73
51, 72
50, 73
50, 74
50, 74
50, 68
51, 68
52, 67
53, 68
53, 67
54, 66
54, 66
33, 49
34, 49
33, 50
32, 50
31, 50
31, 50
33, 48
32, 48
32, 49
33, 49
34, 48
33, 47
34, 47
34, 47
49, 83
48, 83
49, 84
50, 83
51, 83
51, 84
52, 85
52, 86
53, 87
53, 87
65, 56
66, 56
66, 57
67, 58
67, 57
67, 58
67, 58
21, 73
22, 74
23, 74
23, 73
22, 72
22, 73
22, 73
46, 49
45, 48
46, 47
46, 46
46, 47
45, 48
46, 47
46, 47
20, 46
20, 47
20, 48
21, 47
20, 48
20, 49
21, 50
22, 49
22, 49
54, 53
53, 52
52, 51
52, 52
51, 52
50, 53
49, 53
49, 52
49, 53
50, 54
50, 54
30, 53
31, 52
30, 52
30, 53
29, 52
30, 52
29, 52
28, 51
29, 50
29, 50
46, 34
45, 33
46, 33
45, 33
46, 32
47, 33
47, 34
47, 33
48, 33
48, 33
66, 68
67, 67
66, 68
65, 68
64, 67
65, 68
65, 67
65, 67
66, 68
67, 68
67, 67
68, 68
67, 68
67, 68
42, 31
41, 30
40, 29
41, 30
42, 29
42, 29
52, 63
53, 64
53, 63
54, 64
53, 65
54, 64
54, 64
41, 54
41, 55
40, 54
41, 54
41, 55
42, 56
42, 56
29, 45
29, 46
28, 45
28, 46
27, 46
28, 47
28, 48
27, 49
27, 50
27, 50
68, 74
67, 73
66, 74
65, 74
65, 75
65, 75
62, 47
63, 46
63, 47
64, 47
63, 46
63, 46
67, 60
66, 61
65, 62
66, 61
66, 60
66, 61
66, 61
48, 55
49, 54
48, 55
48, 54
47, 54
47, 54
67, 57
67, 56
66, 57
65, 58
64, 59
64, 58
64, 59
65, 59
65, 59
23, 50
23, 51
24, 52
24, 51
25, 50
25, 50
54, 48
54, 47
53, 46
52, 47
53, 48
54, 47
54, 47
28, 51
27, 50
26, 51
25, 51
26, 51
25, 50
25, 51
25, 52
26, 52
26, 53
26, 53
65, 66
65, 67
64, 68
64, 69
65, 69
65, 70
64, 70
65, 70
66, 71
66, 71
53, 64
54, 64
55, 64
56, 65
55, 64
55, 64
64, 47
65, 46
64, 45
63, 44
64, 43
64, 43
49, 74
49, 75
49, 74
49, 73
48, 74
48, 73
47, 72
47, 72
26, 49
27, 50
28, 51
27, 51
26, 51
27, 51
28, 50
27, 50
27, 50
41, 30
42, 30
41, 29
40, 29
40, 30
41, 30
42, 31
42, 31
45, 48
44, 47
43, 48
42, 49
41, 50
42, 50
43, 51
43, 51
27, 66
28, 65
28, 66
27, 65
26, 66
27, 66
28, 67
28, 67
47, 32
46, 32
46, 31
47, 32
48, 33
48, 34
48, 33
48, 33
31, 49
32, 50
33, 51
34, 51
33, 50
32, 49
32, 50
32, 50
54, 67
53, 68
54, 67
55, 68
56, 67
55, 67
55, 66
54, 66
54, 66
66, 68
65, 67
65, 66
65, 67
66, 67
66, 67
51, 54
51, 55
52, 55
51, 56
52, 56
52, 56
65, 60
65, 59
64, 58
64, 59
63, 60
62, 60
61, 61
61, 61
66, 76
67, 76
68, 76
69, 75
68, 76
67, 76
66, 76
67, 75
67, 75
46, 55
46, 56
46, 55
47, 55
46, 54
46, 53
47, 53
47, 53
43, 56
42, 56
42, 57
43, 56
43, 57
42, 56
42, 56
21, 73
20, 74
19, 73
20, 73
20, 72
19, 73
18, 73
19, 72
19, 72
33, 48
34, 47
33, 46
33, 45
34, 46
33, 46
32, 45
31, 44
30, 43
30, 44
30, 44
54, 88
53, 89
54, 90
53, 91
54, 90
54, 89
54, 88
55, 88
55, 87
54, 87
54, 87
60, 61
61, 60
61, 59
60, 58
61, 57
62, 58
61, 59
60, 60
60, 60
31, 44
31, 43
30, 44
31, 45
32, 44
33, 44
33, 44
55, 46
55, 45
54, 46
55, 46
56, 46
57, 45
57, 44
58, 43
59, 42
59, 42
28, 66
29, 67
28, 66
27, 67
28, 66
27, 67
27, 67
25, 54
24, 54
25, 54
24, 55
24, 54
25, 53
25, 53
52, 57
53, 56
52, 56
51, 56
51, 55
51, 56
50, 55
50, 54
51, 55
52, 54
52, 54
33, 49
32, 49
31, 48
30, 47
29, 48
30, 47
30, 46
29, 46
28, 45
29, 46
29, 46
43, 52
44, 53
43, 52
43, 51
44, 50
43, 50
44, 50
43, 49
43, 50
43, 50
53, 88
54, 87
53, 88
53, 87
53, 86
52, 86
52, 87
52, 87
66, 60
65, 59
65, 58
66, 59
67, 59
66, 59
66, 58
66, 59
66, 59
49, 33
50, 33
51, 33
50, 34
49, 35
48, 35
48, 35
43, 30
44, 30
45, 31
44, 32
44, 31
45, 31
44, 31
43, 30
42, 30
42, 30
46, 72
47, 73
48, 73
48, 74
48, 73
47, 73
47, 73
65, 72
64, 72
65, 72
64, 72
63, 71
62, 72
62, 72
67, 74
67, 75
67, 76
68, 75
68, 74
69, 74
69, 75
69, 76
69, 76
65, 67
66, 66
65, 67
65, 68
66, 69
67, 68
68, 67
68, 67
41, 56
40, 57
41, 58
41, 57
40, 57
39, 57
40, 56
41, 56
40, 56
40, 57
40, 57
19, 71
20, 71
20, 70
21, 71
21, 70
22, 69
22, 70
22, 70
53, 67
52, 68
53, 67
54, 68
53, 67
54, 66
54, 66
26, 49
25, 48
24, 47
25, 47
24, 46
24, 46
54, 63
55, 63
54, 62
53, 61
54, 62
54, 63
55, 64
56, 65
56, 66
55, 65
55, 65
65, 44
66, 44
65, 43
65, 44
64, 45
64, 45
47, 52
46, 51
46, 50
45, 51
46, 50
46, 50
25, 49
24, 49
24, 50
23, 51
23, 50
24, 51
25, 50
25, 50
23, 71
24, 72
25, 73
26, 74
27, 75
27, 75
68, 77
67, 78
66, 78
66, 78
65, 79
64, 80
63, 81
62, 81
63, 81
63, 81
62, 81
62, 81
61, 81
61, 81
48, 74
49, 74
50, 74
51, 74
51, 74
52, 74
53, 74
53, 74
26, 51
27, 52
28, 52
28, 52
29, 53
28, 52
28, 52
29, 53
30, 54
30, 54
30, 54
44, 51
45, 52
46, 53
47, 54
48, 55
49, 56
49, 55
49, 55
50, 56
50, 56
51, 56
51, 56
51, 56
43, 31
44, 32
44, 32
45, 33
46, 34
47, 35
48, 36
49, 37
50, 37
50, 37
50, 37
54, 66
54, 66
55, 67
56, 68
56, 67
56, 67
57, 68
57, 69
57, 69
58, 70
59, 71
59, 71
30, 47
31, 48
32, 49
33, 50
34, 51
35, 52
36, 53
37, 54
37, 54
53, 86
52, 86
52, 86
53, 85
54, 84
54, 83
54, 82
54, 82
54, 82
54, 82
41, 58
42, 59
42, 59
42, 60
42, 60
41, 60
41, 60
42, 61
42, 61
44, 63
45, 64
46, 65
47, 66
48, 67
49, 68
49, 68
33, 43
33, 43
34, 44
35, 45
36, 46
37, 47
38, 48
39, 49
39, 49
53, 66
53, 66
52, 67
51, 68
52, 69
52, 69
51, 70
50, 71
49, 72
49, 72
50, 73
50, 73
26, 54
27, 55
28, 56
27, 55
27, 55
28, 56
28, 55
28, 55
29, 56
30, 57
30, 57
63, 73
64, 74
65, 75
64, 74
64, 74
65, 75
66, 76
66, 76
67, 66
67, 66
66, 67
65, 68
65, 69
65, 70
65, 70
64, 71
64, 71
63, 71
63, 71
64, 70
64, 70
65, 71
65, 71
48, 36
48, 36
49, 37
50, 38
51, 39
51, 40
51, 40
52, 41
52, 41
63, 46
62, 47
61, 48
60, 49
59, 50
58, 49
58, 49
58, 50
58, 50
65, 60
64, 61
63, 62
62, 63
61, 64
60, 65
59, 66
58, 67
57, 68
57, 68
59, 61
58, 62
57, 61
57, 61
57, 62
58, 61
58, 61
57, 62
57, 63
58, 63
58, 63
57, 64
58, 64
58, 64
58, 64
60, 43
59, 42
59, 42
60, 43
62, 45
63, 46
64, 47
65, 48
66, 49
67, 50
69, 52
69, 53
69, 54
69, 55
69, 56
69, 57
69, 58
69, 59
69, 59
69, 58
69, 58
69, 59
69, 59
25, 47
24, 47
24, 47
25, 48
24, 49
24, 49
25, 50
26, 51
26, 51
46, 49
46, 49
47, 50
48, 51
49, 52
50, 53
50, 53
28, 68
29, 69
30, 70
31, 71
32, 72
33, 73
32, 73
32, 73
33, 74
34, 75
35, 76
35, 76
53, 55
54, 56
55, 56
55, 56
56, 57
56, 57
57, 58
57, 57
57, 57
58, 58
59, 59
60, 60
61, 61
61, 61
51, 54
52, 55
53, 56
53, 55
53, 55
54, 56
55, 57
56, 58
57, 59
57, 59
65, 77
64, 76
64, 76
65, 75
65, 75
64, 76
64, 77
64, 77
68, 60
69, 61
69, 61
68, 62
68, 61
68, 61
67, 62
67, 64
67, 65
67, 66
67, 67
67, 68
67, 69
67, 70
67, 71
68, 72
68, 72
67, 73
67, 74
67, 75
67, 75
31, 55
32, 56
33, 57
33, 57
34, 58
35, 58
35, 58
35, 58
38, 55
39, 56
40, 57
39, 57
39, 57
40, 58
40, 58
41, 59
42, 60
44, 62
45, 63
46, 64
47, 65
48, 66
49, 67
50, 68
50, 69
50, 69
52, 57
53, 58
54, 59
55, 60
56, 61
56, 62
56, 63
55, 64
55, 64
56, 65
57, 65
57, 65
57, 65
40, 50
41, 51
42, 52
43, 53
44, 54
46, 56
47, 57
48, 58
49, 59
50, 60
51, 61
52, 62
53, 63
53, 63
51, 38
52, 39
53, 40
54, 41
55, 42
55, 42
51, 74
52, 75
53, 75
54, 75
55, 76
55, 76
56, 75
57, 76
57, 76
56, 76
56, 76
55, 76
55, 76
55, 76
26, 76
26, 76
27, 77
28, 78
28, 77
28, 77
29, 78
30, 79
31, 80
32, 81
32, 81
62, 80
63, 79
64, 78
65, 77
65, 77
65, 76
65, 75
65, 74
65, 74
31, 58
32, 59
33, 60
34, 61
33, 60
33, 60
34, 61
35, 62
36, 63
37, 64
37, 64
64, 72
63, 73
62, 73
61, 73
60, 73
59, 73
58, 73
58, 73
58, 73
58, 73
58, 73
59, 65
60, 66
61, 67
62, 68
63, 69
64, 70
65, 71
65, 71
57, 69
57, 70
57, 70
57, 70
57, 70
57, 70
57, 70
57, 71
57, 71
57, 71
62, 62
62, 62
61, 63
60, 64
59, 65
59, 66
59, 66
59, 67
59, 68
59, 68
60, 72
61, 72
61, 72
62, 73
63, 74
63, 73
63, 73
64, 74
65, 75
66, 76
66, 76
55, 81
54, 81
54, 81
55, 82
55, 82
56, 81
57, 80
58, 79
59, 78
60, 77
61, 76
62, 75
62, 75
27, 52
28, 53
27, 54
27, 54
28, 55
29, 56
30, 57
31, 58
31, 57
31, 57
32, 58
32, 58
52, 74
52, 74
52, 74
53, 75
53, 75
52, 74
52, 74
52, 74
52, 74
52, 74
52, 74
52, 74
51, 42
50, 43
50, 44
51, 43
51, 43
50, 44
50, 45
50, 46
50, 46
51, 47
51, 47
51, 47
36, 77
37, 78
38, 79
39, 80
40, 81
40, 81
41, 81
41, 81
42, 82
42, 82
58, 49
58, 49
57, 48
57, 48
58, 49
59, 50
61, 52
62, 53
63, 54
64, 55
64, 56
64, 57
64, 58
64, 59
64, 60
64, 61
64, 62
64, 63
64, 63
64, 64
64, 65
64, 65
64, 66
64, 66
64, 66
50, 69
51, 70
52, 71
53, 72
54, 72
54, 72
56, 77
57, 78
58, 79
58, 78
58, 78
59, 79
60, 79
60, 79
60, 79
60, 79
60, 79
60, 79
63, 77
63, 77
62, 78
62, 79
62, 80
62, 79
62, 79
62, 79
43, 83
44, 84
44, 85
44, 85
45, 84
46, 84
47, 84
48, 84
49, 84
50, 84
51, 84
51, 84
53, 62
53, 62
54, 63
55, 64
56, 65
57, 66
57, 66
64, 72
63, 73
62, 74
61, 75
61, 76
60, 75
60, 75
61, 76
61, 77
61, 77
65, 77
64, 78
63, 78
63, 78
62, 79
61, 80
60, 81
59, 82
58, 82
58, 82
58, 82
33, 59
34, 60
35, 61
36, 62
35, 62
35, 62
35, 62
58, 60
59, 61
58, 60
58, 60
59, 61
59, 61
60, 62
60, 63
60, 63
61, 64
62, 65
63, 66
63, 66
57, 66
57, 67
57, 68
57, 69
57, 70
57, 69
57, 69
57, 70
57, 69
57, 69
57, 70
57, 71
57, 71
56, 43
57, 44
57, 43
57, 43
57, 44
58, 44
58, 44
57, 45
57, 47
57, 48
57, 49
57, 50
57, 51
57, 52
57, 53
57, 54
57, 55
58, 56
58, 56
57, 57
57, 57
65, 75
65, 76
65, 77
65, 78
65, 79
65, 80
65, 81
65, 81
66, 76
65, 77
64, 78
63, 79
62, 80
61, 81
60, 82
60, 82
60, 69
60, 69
61, 70
62, 71
63, 72
64, 73
64, 74
64, 75
64, 76
64, 77
64, 77
36, 59
37, 60
38, 61
39, 62
41, 64
42, 65
43, 66
44, 67
45, 68
45, 68
64, 67
64, 68
64, 69
64, 70
64, 70
63, 69
63, 69
64, 70
64, 71
64, 72
64, 72
52, 75
52, 76
51, 77
51, 77
52, 77
52, 77
53, 76
53, 76
54, 75
54, 75
53, 76
53, 76
51, 70
52, 71
53, 71
53, 71
52, 72
52, 73
52, 74
52, 75
52, 76
52, 76
38, 65
39, 66
40, 67
40, 66
40, 66
41, 67
42, 68
43, 69
44, 70
44, 70
63, 75
63, 75
62, 76
62, 77
62, 77
63, 78
63, 78
62, 79
62, 79
58, 72
59, 72
59, 72
60, 73
61, 74
61, 73
61, 73
62, 74
61, 75
61, 75
62, 76
62, 76
62, 76
59, 74
58, 74
58, 74
59, 75
60, 75
61, 75
62, 75
63, 75
63, 75
51, 46
51, 46
50, 45
50, 45
51, 46
50, 45
50, 45
51, 46
52, 47
53, 46
53, 46
53, 46
53, 73
52, 74
52, 75
53, 74
53, 74
52, 75
52, 76
52, 77
51, 77
51, 77
52, 78
52, 78
33, 82
33, 82
33, 82
33, 81
33, 81
33, 81
33, 81
33, 81
33, 81
33, 81
62, 78
62, 78
61, 79
60, 79
59, 79
58, 79
57, 79
56, 79
56, 79
53, 77
54, 78
55, 79
56, 79
56, 79
57, 80
57, 80
57, 83
57, 83
56, 82
55, 81
54, 80
53, 79
52, 78
52, 78
44, 69
44, 69
43, 68
43, 68
44, 69
45, 70
46, 71
47, 70
47, 70
47, 71
47, 71
48, 72
48, 72
62, 76
63, 77
63, 77
62, 78
61, 79
60, 80
60, 80
65, 72
65, 72
64, 72
64, 72
63, 72
62, 72
61, 73
61, 73
60, 72
59, 72
59, 72
36, 63
37, 64
38, 65
39, 66
40, 67
41, 68
42, 69
43, 69
43, 69
43, 69
61, 83
62, 84
63, 85
64, 86
65, 86
66, 86
66, 86
66, 86
66, 86
66, 86
66, 86
33, 81
33, 81
33, 81
33, 81
33, 81
33, 81
33, 81
33, 81
33, 81
54, 47
54, 48
54, 48
55, 49
56, 50
58, 52
59, 53
60, 54
61, 55
62, 56
62, 57
62, 57
53, 77
54, 76
55, 75
56, 74
57, 73
58, 72
59, 72
59, 72
59, 72
45, 71
44, 72
44, 72
45, 73
46, 74
47, 75
48, 76
49, 76
50, 76
51, 76
52, 76
52, 76
56, 58
55, 59
54, 60
55, 60
55, 60
54, 61
54, 62
54, 63
54, 64
54, 63
54, 63
54, 63
60, 77
59, 77
59, 77
59, 77
59, 77
59, 77
59, 77
58, 65
58, 65
59, 66
59, 66
60, 67
59, 67
59, 67
60, 68
61, 69
61, 70
61, 71
61, 71
64, 67
65, 68
66, 69
67, 70
68, 71
69, 71
69, 71
69, 71
69, 71
68, 71
68, 71
68, 71
61, 80
62, 81
63, 80
63, 80
62, 81
62, 82
62, 83
62, 83
52, 83
53, 82
52, 82
52, 82
53, 81
54, 80
55, 79
56, 78
56, 78
58, 71
58, 71
59, 72
60, 73
61, 74
62, 74
62, 73
62, 73
62, 73
53, 77
52, 78
52, 78
53, 79
53, 80
52, 81
52, 81
53, 82
53, 82
53, 82
53, 82
53, 82
53, 82
63, 76
62, 75
61, 74
60, 73
59, 72
59, 71
59, 71
58, 72
58, 72
61, 80
60, 81
59, 82
60, 81
60, 81
60, 80
60, 80
60, 81
60, 81
60, 81
63, 75
63, 75
62, 76
61, 77
60, 78
60, 77
60, 77
60, 77
64, 80
63, 79
64, 80
64, 80
63, 79
62, 78
61, 77
62, 78
62, 78
61, 77
60, 76
60, 76
61, 78
62, 79
63, 80
64, 81
64, 82
64, 82
65, 81
66, 81
66, 81
66, 81
57, 80
58, 80
59, 80
58, 79
58, 79
59, 80
60, 80
61, 80
60, 80
60, 80
60, 80
59, 79
59, 79
58, 78
57, 77
56, 76
55, 75
54, 74
53, 74
52, 74
51, 74
51, 74
54, 81
55, 80
56, 79
56, 79
57, 78
58, 77
59, 76
60, 75
61, 75
62, 75
62, 75
58, 73
57, 74
56, 74
56, 74
57, 75
57, 76
56, 77
56, 77
57, 78
57, 79
57, 80
57, 80
49, 73
48, 73
48, 73
49, 74
49, 75
49, 75
50, 76
51, 77
51, 77
44, 70
45, 71
46, 72
47, 73
48, 74
49, 75
50, 76
51, 77
52, 78
52, 78
62, 72
62, 72
61, 73
60, 74
59, 75
58, 76
57, 77
56, 78
56, 79
56, 80
56, 81
56, 81
61, 82
62, 81
62, 81
63, 81
63, 81
62, 81
62, 81
61, 82
61, 82
61, 82
61, 82
52, 77
52, 77
53, 76
54, 76
54, 76
55, 75
55, 75
54, 76
54, 76
54, 76
54, 76
33, 81
33, 81
33, 81
33, 81
33, 81
33, 81
33, 81
33, 81
33, 81
33, 81
55, 64
56, 65
57, 65
57, 65
58, 66
59, 67
60, 68
61, 69
62, 70
62, 70
57, 71
56, 71
55, 71
55, 70
55, 70
54, 71
54, 71
54, 71
54, 71
61, 82
60, 83
60, 83
59, 82
58, 81
59, 82
59, 82
59, 82
56, 79
56, 79
57, 78
56, 79
56, 79
57, 78
58, 77
59, 76
60, 75
61, 74
62, 73
63, 73
63, 73
63, 73
58, 76
57, 75
56, 74
55, 73
54, 72
53, 72
53, 72
67, 87
67, 87
66, 86
65, 85
64, 84
63, 83
62, 82
61, 81
60, 81
60, 81
60, 81
61, 77
62, 78
63, 79
64, 80
65, 81
64, 80
64, 80
65, 81
65, 81
65, 82
66, 81
66, 81
65, 82
65, 82
58, 79
59, 78
60, 78
61, 78
62, 78
63, 78
63, 78
52, 77
52, 78
53, 78
53, 78
54, 79
54, 79
53, 80
52, 81
52, 81
67, 72
67, 72
66, 73
65, 74
64, 75
64, 75
64, 74
64, 74
64, 74
62, 72
63, 72
63, 72
64, 73
65, 72
65, 72
66, 73
66, 73
61, 58
60, 59
60, 60
60, 59
60, 59
60, 60
60, 61
60, 61
60, 73
61, 74
62, 75
62, 76
62, 76
62, 76
56, 79
55, 78
54, 77
53, 76
54, 77
54, 77
53, 76
52, 75
51, 75
50, 75
50, 75
50, 75
64, 81
63, 80
62, 79
61, 78
60, 77
60, 77
55, 77
56, 78
57, 79
57, 78
57, 78
58, 79
58, 79
62, 78
62, 78
61, 77
60, 76
59, 75
59, 74
60, 73
60, 73
59, 72
59, 72
59, 80
58, 79
58, 80
58, 80
57, 79
56, 78
57, 79
57, 79
56, 78
55, 77
55, 77
65, 74
64, 75
63, 76
62, 77
61, 78
60, 79
59, 80
58, 81
58, 81
53, 77
53, 77
54, 78
55, 79
56, 80
56, 80
57, 81
57, 82
57, 82
58, 83
57, 84
57, 84
57, 84
61, 71
60, 72
60, 73
59, 72
59, 72
60, 73
60, 73
61, 72
61, 72
61, 72
54, 72
54, 72
55, 73
56, 74
57, 75
58, 76
58, 76
52, 78
53, 79
54, 80
55, 81
56, 82
57, 83
58, 84
58, 85
58, 86
58, 86
58, 86
60, 81
60, 80
60, 80
60, 81
60, 82
60, 83
61, 82
61, 82
61, 81
61, 81
61, 81
51, 80
51, 80
50, 79
50, 79
51, 78
51, 77
51, 77
52, 76
53, 75
54, 74
54, 74
33, 81
33, 81
33, 81
33, 81
33, 81
32, 82
32, 82
32, 82
62, 74
62, 75
62, 75
61, 76
60, 77
59, 78
59, 78
57, 82
58, 83
58, 83
59, 84
60, 85
61, 86
62, 86
63, 86
62, 86
62, 86
62, 86
65, 82
65, 82
64, 82
63, 82
62, 82
61, 82
60, 82
60, 82
60, 62
60, 63
60, 63
60, 64
60, 65
60, 66
60, 67
60, 66
60, 66
60, 66
65, 73
65, 73
64, 72
64, 72
64, 72
64, 71
64, 71
63, 71
63, 71
63, 71
58, 81
57, 80
58, 80
58, 80
59, 79
59, 79
58, 78
57, 77
57, 77
54, 71
55, 70
56, 70
57, 70
58, 70
58, 71
58, 71
59, 72
59, 72
60, 71
61, 70
61, 70
62, 83
63, 84
64, 84
65, 84
65, 84
65, 85
65, 85
65, 84
65, 84
65, 84
63, 76
63, 75
63, 75
64, 76
64, 75
64, 75
65, 76
66, 77
67, 78
67, 78
67, 78
52, 75
53, 76
54, 77
55, 78
56, 78
56, 78
57, 79
57, 80
57, 81
57, 82
57, 83
57, 83
61, 77
60, 78
59, 79
58, 80
59, 81
59, 81
59, 81
56, 78
57, 79
58, 80
59, 81
60, 82
60, 82
59, 83
59, 83
60, 84
60, 84
60, 73
59, 74
58, 75
57, 76
56, 77
56, 77
61, 85
60, 84
59, 83
58, 82
59, 81
59, 81
58, 80
58, 80
64, 72
64, 72
63, 73
63, 73
62, 74
61, 74
61, 74
60, 75
60, 75
58, 82
59, 81
58, 81
58, 81
59, 80
59, 80
59, 81
59, 81
59, 81
58, 80
58, 80
58, 80
58, 78
59, 79
60, 80
61, 81
62, 82
62, 83
62, 84
62, 85
63, 85
63, 85
64, 86
64, 86
64, 86
59, 67
58, 68
57, 67
57, 67
56, 68
55, 69
54, 70
53, 71
52, 72
51, 73
51, 73
56, 84
56, 84
57, 85
58, 86
59, 87
60, 87
61, 87
62, 87
61, 88
61, 88
62, 87
63, 87
63, 87
57, 87
56, 88
55, 89
55, 89
54, 90
54, 90
53, 90
53, 90
59, 73
59, 73
58, 72
57, 72
56, 72
55, 72
54, 72
53, 72
53, 72
51, 76
51, 76
50, 77
50, 78
49, 78
49, 78
50, 79
50, 80
51, 80
51, 80
50, 81
50, 82
50, 83
50, 83
60, 71
59, 72
59, 73
59, 74
59, 75
59, 76
59, 76
59, 76
58, 77
58, 77
59, 76
59, 76
60, 77
61, 76
61, 75
61, 75
62, 76
62, 76
63, 75
63, 75
62, 75
62, 75
57, 76
57, 76
58, 76
59, 76
60, 76
61, 76
62, 76
63, 76
64, 75
64, 75
64, 75
59, 80
60, 81
61, 82
62, 83
63, 84
64, 85
63, 86
63, 86
64, 85
63, 85
63, 85
62, 86
62, 86
62, 86
53, 75
53, 75
54, 76
55, 77
56, 78
57, 77
57, 77
58, 78
58, 78
64, 83
63, 82
62, 81
63, 81
63, 81
64, 81
64, 81
64, 81
59, 78
58, 79
59, 79
59, 79
60, 78
60, 78
59, 79
58, 80
57, 81
56, 82
55, 83
56, 83
56, 83
56, 83
66, 77
65, 76
64, 75
63, 74
62, 74
61, 74
60, 74
59, 74
58, 74
58, 74
60, 82
61, 83
62, 83
62, 83
63, 84
62, 84
62, 84
63, 85
63, 85
60, 82
59, 83
60, 83
60, 83
59, 84
58, 85
57, 85
57, 85
59, 80
60, 79
61, 78
62, 77
63, 76
64, 75
65, 74
65, 75
65, 75
65, 75
33, 83
34, 84
35, 84
35, 84
35, 85
35, 85
36, 84
36, 84
59, 81
58, 80
57, 79
56, 78
56, 77
56, 76
56, 75
56, 75
63, 76
64, 77
65, 78
66, 79
66, 79
66, 79
64, 76
63, 77
62, 78
61, 79
60, 80
59, 81
59, 82
59, 83
59, 83
57, 78
58, 79
58, 80
58, 80
59, 81
60, 81
60, 81
60, 81
64, 85
65, 85
65, 85
66, 84
66, 84
65, 85
65, 85
66, 86
66, 86
66, 86
57, 81
56, 82
55, 83
54, 84
55, 83
55, 83
55, 83
51, 82
52, 81
53, 82
53, 82
54, 81
55, 80
55, 80
65, 85
65, 85
64, 86
63, 87
62, 88
63, 88
63, 88
62, 89
62, 90
63, 91
63, 91
62, 90
62, 90
52, 74
53, 75
54, 76
55, 77
56, 78
57, 79
58, 80
58, 80
59, 79
60, 79
61, 79
61, 79
60, 78
60, 78
60, 78
61, 86
61, 86
62, 85
63, 84
64, 83
65, 82
66, 81
67, 80
67, 80
68, 80
68, 80
37, 83
38, 82
38, 83
38, 83
38, 83
38, 83
38, 83
38, 83
38, 83
63, 74
62, 73
61, 72
60, 72
59, 72
59, 72
59, 77
59, 77
60, 76
61, 75
62, 74
63, 73
63, 74
63, 74
63, 74
52, 88
52, 87
52, 86
52, 85
52, 84
52, 83
52, 82
52, 81
52, 80
52, 79
52, 78
52, 77
52, 76
52, 76
52, 75
52, 74
52, 74
52, 74
52, 73
52, 73
52, 73
61, 76
62, 77
63, 78
64, 79
65, 80
66, 81
66, 82
67, 83
67, 83
66, 84
66, 84
59, 85
58, 86
57, 87
56, 88
55, 89
55, 90
55, 90
54, 91
54, 91
54, 90
54, 90
54, 90
58, 84
59, 83
60, 82
61, 81
62, 80
61, 80
61, 80
61, 80
59, 73
59, 73
60, 74
59, 73
59, 73
60, 74
61, 75
62, 76
63, 77
63, 77
63, 77
57, 76
58, 77
59, 78
60, 79
59, 79
59, 79
59, 79
59, 79
59, 79
58, 80
57, 81
56, 82
55, 82
55, 83
55, 83
54, 82
53, 82
52, 82
52, 82
64, 82
64, 83
63, 82
63, 82
64, 83
64, 84
64, 85
64, 85
65, 86
65, 86
66, 86
66, 86
65, 85
65, 85
54, 73
55, 74
56, 73
56, 73
57, 74
58, 75
59, 76
59, 76
57, 84
58, 85
59, 86
60, 87
61, 87
62, 87
63, 87
64, 87
65, 87
64, 88
64, 88
64, 88
64, 86
64, 86
63, 85
62, 84
61, 83
61, 82
61, 81
61, 80
60, 81
60, 81
61, 80
61, 80
61, 80
60, 79
60, 78
61, 77
61, 78
62, 79
62, 78
61, 78
61, 77
61, 77
57, 79
57, 78
57, 77
58, 76
59, 76
59, 77
59, 77
59, 84
60, 84
61, 85
60, 84
61, 84
60, 84
60, 85
60, 85
61, 89
62, 90
63, 91
62, 90
63, 89
62, 89
61, 90
60, 89
61, 89
61, 89
62, 80
63, 79
63, 78
63, 77
64, 77
63, 78
64, 77
65, 76
65, 76
59, 73
58, 73
58, 72
57, 72
58, 72
58, 71
59, 71
58, 70
59, 71
59, 70
59, 70
38, 82
38, 82
66, 85
67, 84
68, 83
69, 84
69, 83
69, 83
60, 77
61, 76
60, 77
60, 76
59, 75
59, 76
59, 76
56, 81
55, 81
54, 81
55, 80
56, 79
57, 79
56, 79
57, 78
58, 78
57, 77
57, 77
63, 89
63, 88
63, 87
64, 87
63, 87
63, 87
60, 80
61, 80
62, 80
61, 79
62, 80
63, 80
63, 79
62, 80
63, 80
63, 80
55, 89
54, 90
55, 91
55, 90
55, 89
55, 88
54, 89
53, 88
53, 88
60, 79
59, 78
58, 78
59, 79
58, 79
59, 79
60, 79
60, 78
60, 78
53, 82
52, 81
52, 82
53, 81
54, 80
53, 79
53, 79
65, 80
65, 81
66, 82
65, 81
64, 82
65, 82
64, 82
63, 81
64, 80
65, 80
65, 80
67, 81
66, 81
65, 81
65, 80
66, 80
65, 81
66, 82
65, 82
66, 81
65, 80
65, 80
64, 78
65, 79
64, 79
63, 79
62, 80
61, 79
61, 78
61, 77
61, 76
62, 75
62, 75
54, 84
55, 84
56, 83
57, 83
58, 83
59, 83
60, 83
60, 84
59, 85
59, 85
58, 75
59, 75
58, 76
57, 76
56, 75
55, 74
55, 74
52, 74
53, 75
52, 74
52, 73
51, 73
52, 74
52, 74
64, 74
64, 73
64, 74
64, 75
65, 75
64, 74
65, 74
65, 75
65, 74
65, 75
65, 75
67, 87
68, 88
67, 87
68, 88
67, 87
66, 87
67, 87
66, 86
66, 86
64, 86
64, 85
63, 84
63, 83
62, 83
62, 83
61, 83
62, 83
61, 84
60, 84
60, 83
61, 84
61, 84
62, 76
63, 77
63, 78
63, 77
64, 77
64, 76
63, 76
64, 77
64, 77
65, 75
66, 75
67, 76
68, 75
69, 74
68, 75
69, 74
70, 73
70, 72
70, 72
64, 79
64, 78
65, 78
64, 79
63, 79
64, 78
65, 79
65, 80
66, 79
66, 79
59, 75
58, 74
59, 73
58, 72
59, 73
60, 74
61, 75
61, 75
62, 89
61, 88
60, 89
61, 90
60, 91
59, 90
58, 89
57, 90
56, 89
56, 89
61, 77
60, 78
61, 79
61, 80
60, 80
60, 80
67, 86
66, 86
67, 87
67, 86
68, 85
69, 84
70, 83
69, 84
69, 84
64, 79
65, 78
66, 77
65, 77
66, 78
66, 78
54, 74
54, 75
55, 74
56, 75
57, 75
58, 75
59, 74
60, 75
61, 76
61, 76
66, 81
66, 80
65, 81
64, 81
63, 81
64, 81
64, 81
62, 88
61, 89
60, 89
61, 88
61, 87
62, 86
62, 85
62, 85
68, 83
68, 82
69, 83
69, 84
68, 85
68, 86
69, 87
69, 87
60, 71
60, 70
60, 69
59, 70
59, 69
60, 70
61, 71
62, 72
62, 72
57, 76
58, 75
57, 76
56, 77
55, 78
56, 79
57, 78
58, 78
57, 77
57, 77
54, 87
53, 88
53, 87
54, 86
53, 85
54, 85
53, 84
52, 84
53, 83
53, 83
58, 86
59, 85
59, 86
60, 86
61, 87
60, 87
60, 86
60, 87
60, 87
63, 76
62, 75
62, 74
63, 73
63, 74
63, 74
54, 78
55, 78
55, 79
55, 80
54, 80
55, 80
55, 80
65, 76
66, 75
67, 76
68, 75
69, 75
69, 75
60, 84
59, 84
59, 83
60, 84
59, 83
58, 84
58, 85
58, 85
38, 81
37, 82
38, 83
38, 82
38, 82
51, 73
52, 74
51, 73
51, 74
50, 73
51, 73
51, 72
50, 73
51, 72
51, 72
59, 76
60, 75
61, 76
62, 77
61, 76
61, 75
62, 76
62, 75
63, 75
64, 75
64, 75
62, 85
61, 84
60, 83
59, 82
58, 81
58, 81
66, 79
65, 78
64, 77
63, 76
62, 75
61, 74
60, 73
60, 72
60, 72
60, 83
59, 82
59, 82
59, 82
58, 81
58, 81
62, 73
61, 72
60, 71
59, 70
58, 69
57, 68
57, 68
64, 75
63, 74
62, 73
61, 72
60, 71
59, 70
59, 70
58, 69
57, 68
57, 68
56, 79
57, 78
57, 78
58, 77
58, 77
59, 76
60, 75
61, 74
62, 73
63, 72
63, 72
70, 72
69, 73
68, 74
67, 75
66, 75
65, 75
64, 75
63, 75
63, 75
63, 75
63, 75
37, 81
37, 81
37, 81
37, 81
37, 81
37, 81
61, 71
60, 70
59, 69
58, 68
57, 67
56, 66
55, 65
55, 65
55, 65
68, 86
67, 85
66, 84
65, 83
64, 82
63, 81
62, 80
61, 79
61, 79
56, 76
55, 75
54, 74
53, 73
53, 73
53, 73
61, 79
62, 78
63, 77
64, 76
65, 75
66, 74
67, 73
67, 73
63, 76
62, 75
62, 75
61, 74
61, 74
61, 74
61, 74
60, 73
59, 72
59, 72
60, 74
59, 73
58, 72
57, 71
57, 71
57, 71
56, 70
55, 69
54, 68
54, 68
59, 86
60, 87
60, 87
60, 87
61, 88
62, 89
62, 89
62, 89
53, 82
53, 81
53, 80
53, 80
53, 79
53, 78
53, 78
53, 77
53, 76
53, 76
61, 88
61, 88
62, 89
62, 90
62, 91
62, 92
62, 93
62, 94
62, 94
60, 75
59, 74
58, 73
57, 72
56, 71
55, 70
55, 70
55, 88
54, 87
53, 86
52, 85
51, 84
50, 83
49, 82
49, 82
49, 82
49, 82
65, 77
64, 76
63, 75
62, 74
62, 74
61, 73
61, 73
70, 84
70, 84
70, 84
70, 84
70, 84
70, 84
70, 84
70, 84
70, 84
70, 84
68, 74
67, 73
66, 72
65, 71
65, 71
64, 70
63, 69
62, 68
61, 67
61, 67
51, 72
50, 71
50, 71
49, 70
48, 69
47, 68
46, 67
46, 67
63, 80
62, 79
61, 78
60, 77
59, 76
59, 76
58, 75
58, 75
59, 82
60, 83
60, 83
61, 84
62, 85
63, 86
64, 87
64, 88
64, 88
64, 88
64, 88
55, 65
54, 64
53, 64
52, 64
51, 64
51, 64
63, 72
62, 71
61, 70
60, 69
60, 69
59, 68
58, 67
57, 66
57, 66
60, 78
60, 78
59, 77
58, 76
57, 75
56, 74
56, 74
56, 74
66, 74
65, 75
65, 75
65, 75
64, 76
63, 77
63, 78
63, 79
63, 79
52, 75
51, 74
50, 73
49, 72
48, 71
47, 70
47, 68
48, 67
49, 66
50, 65
50, 64
50, 63
50, 61
50, 60
50, 59
50, 58
50, 57
50, 56
50, 55
49, 54
49, 54
49, 54
58, 75
59, 74
60, 73
60, 73
61, 72
61, 72
61, 72
59, 73
58, 74
57, 74
56, 74
55, 74
54, 74
54, 74
70, 83
70, 82
70, 81
70, 80
70, 80
70, 79
70, 79
70, 78
70, 78
52, 74
51, 75
50, 75
50, 75
50, 75
50, 75
50, 75
50, 75
48, 81
47, 80
46, 79
45, 78
44, 77
44, 77
43, 76
42, 75
42, 75
41, 74
41, 74
60, 66
60, 66
60, 66
60, 66
59, 65
58, 64
57, 63
56, 62
56, 62
56, 62
58, 67
59, 66
60, 65
61, 64
62, 63
62, 63
45, 66
44, 65
43, 64
42, 63
41, 62
40, 61
40, 61
61, 93
60, 92
59, 91
58, 90
58, 90
57, 89
56, 88
56, 87
56, 86
56, 85
56, 85
60, 71
61, 70
62, 69
63, 68
64, 67
64, 67
64, 67
64, 67
64, 67
65, 66
65, 66
38, 82
38, 82
38, 82
38, 82
38, 82
38, 82
38, 82
38, 82
38, 82
38, 82
38, 82
62, 74
62, 74
61, 73
60, 72
60, 72
60, 72
59, 71
58, 70
58, 70
58, 70
54, 69
53, 68
52, 67
51, 66
50, 65
50, 65
60, 74
60, 74
59, 75
59, 75
59, 75
58, 76
58, 76
62, 88
62, 87
62, 86
62, 85
62, 85
62, 85
53, 69
52, 70
51, 71
50, 72
49, 73
49, 73
49, 73
48, 74
48, 74
48, 74
59, 82
59, 83
59, 83
59, 84
59, 85
59, 86
59, 87
59, 88
59, 88
56, 67
55, 66
54, 65
53, 64
52, 63
51, 62
50, 61
49, 60
48, 59
47, 58
47, 58
57, 73
57, 73
58, 72
59, 71
60, 70
60, 70
60, 71
59, 70
58, 69
57, 68
57, 68
56, 67
55, 66
54, 65
53, 64
52, 63
52, 63
50, 64
49, 64
48, 64
48, 64
47, 64
46, 64
45, 64
45, 64
38, 82
38, 82
38, 82
38, 82
38, 82
38, 82
38, 82
41, 62
42, 63
43, 64
44, 65
45, 66
46, 67
46, 67
50, 65
51, 64
51, 63
51, 62
51, 61
51, 60
51, 60
66, 67
67, 68
67, 68
67, 68
67, 68
67, 68
67, 68
50, 55
50, 55
51, 56
52, 57
53, 58
54, 59
55, 60
56, 61
57, 62
58, 63
58, 63
51, 76
52, 77
53, 78
53, 78
54, 79
54, 79
55, 80
56, 81
57, 82
57, 82
42, 75
42, 75
42, 75
43, 76
44, 76
44, 76
55, 61
54, 60
53, 59
53, 59
52, 58
51, 57
50, 56
49, 55
48, 54
48, 54
61, 64
60, 64
59, 64
58, 64
57, 64
56, 64
55, 64
54, 64
53, 64
53, 64
58, 65
59, 64
60, 63
60, 63
61, 62
62, 61
63, 60
64, 59
64, 59
63, 87
63, 87
62, 86
61, 85
60, 84
60, 84
57, 69
56, 68
55, 67
54, 66
53, 65
52, 64
51, 63
50, 62
49, 61
49, 61
48, 59
48, 59
49, 60
49, 60
50, 61
51, 62
52, 63
53, 64
54, 65
54, 65
69, 77
69, 77
68, 76
67, 75
67, 75
66, 74
65, 73
64, 72
64, 72
58, 87
57, 86
57, 85
57, 84
57, 83
57, 82
57, 82
62, 78
61, 77
60, 76
59, 75
59, 75
58, 74
57, 73
56, 72
55, 71
54, 70
54, 70
57, 75
56, 74
56, 74
56, 73
56, 72
56, 72
56, 71
56, 70
56, 69
56, 68
56, 68
54, 74
53, 73
52, 72
51, 71
50, 70
49, 69
49, 69
57, 84
58, 83
59, 82
60, 81
61, 80
62, 79
63, 78
64, 77
64, 77
49, 73
50, 72
50, 72
51, 71
52, 70
53, 69
54, 68
55, 67
55, 67
62, 85
61, 84
60, 83
59, 82
58, 81
58, 81
65, 60
66, 61
66, 62
66, 63
66, 63
65, 63
64, 62
63, 61
62, 60
61, 59
60, 58
59, 57
58, 56
57, 55
56, 54
56, 54
57, 55
57, 55
53, 64
53, 64
53, 64
53, 64
53, 64
53, 64
59, 69
58, 68
57, 67
56, 66
55, 65
55, 65
53, 69
53, 69
52, 68
51, 67
50, 66
49, 65
49, 65
49, 64
50, 62
50, 61
50, 60
50, 59
50, 58
50, 57
50, 56
50, 56
57, 80
56, 79
55, 78
54, 77
54, 77
54, 77
54, 77
44, 75
44, 74
44, 73
44, 73
44, 72
44, 71
44, 70
44, 69
44, 68
44, 68
45, 65
45, 66
45, 67
45, 68
45, 69
45, 70
45, 70
45, 70
45, 70
58, 81
59, 80
60, 79
61, 78
62, 77
62, 76
62, 75
62, 75
62, 74
62, 74
51, 62
50, 61
49, 60
48, 59
47, 58
46, 57
46, 55
47, 54
48, 53
49, 52
50, 51
50, 51
49, 50
49, 50
49, 50
50, 59
49, 58
48, 57
47, 56
46, 55
45, 54
44, 53
43, 52
43, 52
43, 52
56, 68
57, 68
58, 68
59, 68
60, 68
61, 68
62, 68
62, 68
45, 66
44, 65
43, 64
42, 63
42, 63
41, 62
40, 61
40, 61
38, 82
37, 81
37, 81
37, 81
37, 81
37, 81
59, 83
58, 82
57, 81
56, 80
55, 79
54, 78
53, 77
52, 76
51, 75
51, 75
49, 61
48, 60
47, 59
47, 57
48, 56
49, 55
50, 54
50, 53
49, 52
48, 51
47, 50
47, 50
64, 72
63, 71
62, 70
61, 69
61, 69
60, 68
59, 67
59, 67
58, 81
59, 80
60, 79
61, 78
61, 78
61, 78
67, 68
66, 67
66, 67
66, 67
65, 66
64, 65
63, 64
63, 64
63, 64
62, 63
62, 63
48, 54
47, 53
46, 52
46, 52
46, 52
45, 51
44, 51
43, 51
42, 51
42, 51
57, 62
57, 62
56, 61
56, 61
55, 60
54, 59
53, 58
53, 58
49, 69
48, 68
47, 67
47, 67
46, 66
45, 65
44, 64
43, 63
43, 63
53, 64
52, 63
51, 62
50, 61
49, 60
48, 59
48, 59
56, 68
55, 69
55, 69
55, 69
54, 70
54, 70
53, 71
52, 72
52, 72
63, 76
62, 75
61, 74
60, 73
59, 72
58, 71
57, 70
57, 70
56, 69
55, 68
55, 68
55, 76
56, 75
57, 74
58, 73
58, 73
58, 73
37, 81
37, 81
37, 81
37, 81
37, 81
37, 81
37, 81
37, 81
37, 81
37, 81
61, 67
60, 66
59, 65
59, 65
58, 64
58, 64
55, 69
55, 70
55, 71
55, 72
55, 72
55, 73
55, 73
55, 73
55, 73
55, 73
50, 74
49, 73
49, 73
48, 72
48, 72
47, 71
46, 70
45, 69
44, 68
44, 68
61, 78
60, 77
59, 76
58, 75
57, 74
56, 73
56, 73
56, 54
56, 54
55, 53
53, 51
52, 50
51, 50
50, 50
50, 50
50, 50
50, 50
50, 50
54, 64
54, 64
54, 64
53, 63
52, 62
51, 61
51, 61
51, 61
49, 50
50, 51
51, 52
52, 53
53, 54
54, 55
54, 55
43, 50
44, 50
45, 50
46, 50
47, 50
47, 50
47, 50
54, 59
55, 60
56, 61
57, 62
58, 63
59, 64
60, 65
61, 66
61, 66
45, 70
44, 69
44, 69
44, 69
43, 68
43, 68
43, 68
42, 67
42, 67
44, 53
44, 53
45, 54
46, 55
46, 55
46, 55
47, 56
47, 57
47, 58
47, 58
48, 51
49, 52
50, 53
51, 54
52, 55
52, 55
43, 63
42, 64
41, 65
40, 66
39, 67
38, 68
37, 69
37, 69
49, 58
50, 57
51, 56
51, 55
51, 54
51, 53
51, 53
51, 53
51, 53
51, 53
53, 64
53, 63
53, 62
53, 61
53, 60
53, 60
53, 59
53, 58
53, 57
53, 57
43, 67
42, 66
41, 65
40, 64
41, 62
42, 61
43, 60
44, 59
45, 58
46, 57
47, 56
48, 55
48, 55
48, 55
61, 64
60, 65
59, 66
58, 67
57, 68
57, 68
57, 68
56, 69
55, 70
55, 70
51, 71
50, 70
50, 70
49, 69
48, 68
47, 67
46, 66
46, 66
46, 66
45, 65
45, 65
41, 62
41, 62
42, 63
42, 63
42, 63
42, 63
42, 63
58, 66
57, 65
56, 64
55, 63
54, 62
53, 61
53, 61
63, 73
64, 72
64, 71
64, 70
64, 69
64, 68
64, 67
64, 66
64, 66
51, 57
51, 57
52, 58
52, 58
53, 59
53, 59
51, 56
50, 57
49, 58
48, 59
48, 59
49, 58
50, 57
50, 56
50, 55
50, 54
49, 55
48, 56
48, 56
46, 49
45, 48
44, 47
43, 46
43, 46
44, 47
45, 48
46, 49
47, 50
48, 50
49, 50
50, 50
50, 50
49, 49
48, 48
48, 48
48, 48
55, 74
54, 74
53, 74
52, 74
52, 74
52, 74
52, 74
54, 60
55, 61
56, 62
57, 63
58, 64
59, 65
59, 65
60, 66
61, 67
62, 68
62, 68
37, 81
37, 81
37, 81
37, 81
37, 81
37, 81
54, 55
53, 56
52, 56
51, 56
50, 56
49, 56
49, 56
48, 56
47, 56
46, 56
46, 56
58, 64
57, 63
56, 62
56, 62
55, 61
54, 60
53, 59
53, 59
52, 52
53, 51
53, 51
54, 50
54, 50
55, 49
56, 49
57, 49
57, 49
44, 64
43, 63
43, 61
44, 60
45, 59
46, 58
47, 57
46, 56
46, 54
47, 53
48, 52
49, 51
50, 50
49, 51
48, 52
48, 52
47, 52
46, 52
46, 52
47, 56
47, 56
46, 57
46, 57
47, 56
48, 55
49, 54
50, 53
50, 52
49, 53
48, 54
47, 55
47, 55
46, 56
46, 56
47, 55
48, 54
49, 53
50, 52
50, 51
50, 50
50, 50
50, 50
50, 50
50, 50
52, 56
51, 55
50, 54
49, 53
48, 52
47, 51
46, 50
45, 49
44, 48
43, 47
43, 47
50, 60
50, 60
49, 59
49, 59
49, 59
48, 58
47, 57
47, 57
48, 57
49, 56
50, 55
51, 54
51, 53
51, 52
51, 51
51, 51
51, 50
51, 50
44, 61
45, 60
46, 59
47, 58
48, 57
49, 56
50, 55
50, 54
50, 53
50, 52
51, 51
52, 50
52, 50
52, 50
52, 50
52, 50
49, 49
48, 48
47, 47
46, 46
46, 46
45, 45
44, 44
43, 43
43, 43
43, 68
43, 68
44, 69
44, 69
45, 70
45, 70
45, 70
65, 67
66, 68
66, 68
67, 69
68, 70
68, 70
45, 69
46, 70
47, 71
48, 72
49, 73
49, 73
60, 65
59, 64
58, 63
57, 62
56, 61
55, 60
54, 59
53, 58
53, 58
58, 73
57, 72
56, 71
56, 71
55, 70
54, 69
53, 68
53, 68
54, 72
54, 72
53, 71
52, 70
51, 69
50, 68
49, 67
48, 66
48, 66
48, 66
54, 69
53, 68
52, 67
51, 66
50, 65
50, 65
38, 70
38, 70
39, 71
40, 72
41, 73
42, 74
42, 74
54, 60
55, 60
56, 60
57, 60
57, 60
58, 60
59, 60
59, 60
56, 48
54, 48
53, 49
52, 50
51, 50
50, 50
50, 50
51, 49
52, 48
53, 47
54, 46
54, 46
47, 49
46, 50
46, 51
46, 51
46, 52
46, 52
46, 53
46, 53
47, 65
46, 64
46, 64
45, 63
44, 62
44, 60
45, 59
46, 58
47, 57
48, 56
49, 55
48, 54
47, 53
47, 53
46, 54
47, 53
48, 52
49, 51
50, 50
49, 49
48, 48
47, 47
46, 46
45, 45
44, 44
43, 43
43, 43
42, 42
42, 42
45, 51
44, 50
43, 49
42, 48
42, 48
42, 48
52, 58
51, 57
50, 56
49, 55
48, 54
47, 53
47, 53
44, 69
43, 68
42, 67
41, 66
40, 65
40, 65
40, 65
61, 67
61, 67
61, 67
61, 66
61, 65
61, 64
61, 63
61, 62
61, 61
61, 60
61, 60
50, 65
51, 64
52, 63
52, 62
52, 61
52, 60
52, 60
37, 81
37, 81
37, 81
37, 81
37, 81
37, 81
37, 81
37, 81
37, 81
37, 81
43, 47
44, 48
45, 49
46, 50
47, 50
48, 50
47, 49
46, 48
45, 47
44, 46
44, 46
45, 47
46, 48
47, 49
48, 50
47, 49
46, 48
46, 48
47, 55
46, 54
46, 54
45, 53
44, 52
43, 51
43, 51
43, 51
42, 50
42, 50
42, 50
52, 57
52, 57
51, 56
50, 55
49, 54
48, 53
48, 53
52, 50
51, 49
50, 48
50, 48
50, 48
50, 48
53, 75
53, 75
53, 75
54, 76
55, 77
56, 78
57, 79
58, 80
58, 80
59, 81
59, 81
50, 72
51, 71
51, 71
52, 71
52, 71
53, 71
54, 71
55, 71
56, 71
57, 71
57, 71
50, 51
49, 52
48, 53
48, 53
47, 54
47, 54
46, 55
46, 56
46, 56
53, 69
53, 70
53, 71
53, 72
53, 73
53, 74
53, 75
53, 75
43, 45
44, 46
45, 47
46, 48
47, 49
48, 50
49, 50
50, 50
49, 51
48, 52
47, 53
46, 54
46, 54
47, 53
48, 52
49, 51
50, 50
50, 50
50, 50
50, 50
50, 50
50, 50
49, 51
49, 51
49, 51
42, 74
43, 75
43, 75
44, 76
45, 77
45, 77
46, 78
47, 79
48, 79
49, 79
49, 79
51, 51
52, 52
53, 53
54, 54
55, 55
56, 56
57, 57
58, 58
59, 59
60, 60
60, 60
68, 70
67, 69
66, 68
65, 67
64, 66
63, 65
62, 65
61, 65
61, 65
61, 65
60, 61
61, 62
61, 63
61, 64
61, 64
61, 64
61, 64
46, 56
46, 54
47, 53
48, 52
49, 51
50, 50
49, 49
48, 48
47, 47
46, 46
46, 46
60, 59
61, 59
61, 58
60, 58
61, 59
62, 59
62, 59
43, 42
44, 43
45, 42
44, 41
43, 42
43, 42
46, 49
47, 49
47, 50
46, 49
46, 48
46, 47
47, 48
46, 48
46, 48
47, 56
47, 57
47, 58
48, 57
47, 56
47, 56
49, 50
50, 49
49, 49
50, 50
51, 50
50, 51
50, 51
53, 74
54, 75
53, 74
54, 74
53, 73
52, 74
53, 73
53, 72
54, 71
55, 70
55, 70
62, 59
63, 59
62, 60
62, 59
62, 60
61, 59
61, 59
46, 54
47, 53
48, 52
48, 51
48, 50
48, 50
48, 54
49, 54
48, 53
47, 52
46, 51
46, 52
45, 53
44, 54
45, 53
44, 52
44, 52
58, 71
59, 71
60, 72
61, 73
62, 73
61, 73
60, 74
59, 75
59, 75
43, 49
42, 50
43, 51
44, 50
45, 50
46, 50
46, 51
47, 52
46, 53
46, 53
53, 61
52, 62
51, 61
50, 61
50, 62
50, 61
50, 62
49, 61
50, 62
50, 62
41, 51
40, 50
41, 49
41, 50
41, 49
41, 50
42, 50
41, 50
41, 50
47, 52
46, 53
45, 53
46, 53
46, 54
47, 53
47, 54
47, 54
60, 64
59, 64
59, 63
59, 64
60, 63
61, 62
60, 62
59, 61
59, 61
55, 45
54, 46
54, 47
53, 47
52, 47
52, 47
62, 63
61, 64
62, 65
63, 66
62, 66
62, 66
40, 64
39, 63
40, 62
41, 63
42, 64
43, 64
44, 63
44, 62
45, 62
44, 63
44, 63
58, 82
59, 83
58, 83
58, 84
57, 84
57, 85
57, 84
57, 84
50, 49
50, 50
51, 51
51, 52
50, 51
50, 50
51, 49
51, 48
50, 47
50, 47
50, 79
49, 78
50, 79
51, 78
51, 77
51, 76
51, 76
46, 53
47, 54
46, 55
46, 54
46, 53
46, 52
45, 53
44, 53
43, 52
43, 52
47, 45
48, 44
47, 45
46, 46
45, 45
45, 45
38, 80
39, 79
38, 79
37, 79
38, 79
37, 80
37, 80
47, 55
47, 54
46, 54
45, 54
44, 55
43, 55
44, 55
45, 54
45, 53
46, 54
46, 54
52, 46
51, 45
52, 44
52, 45
51, 45
50, 45
51, 45
51, 45
60, 58
59, 58
58, 58
59, 58
58, 59
58, 59
43, 64
43, 63
44, 62
45, 63
44, 62
45, 63
46, 63
45, 63
45, 63
49, 52
50, 52
50, 51
49, 50
49, 49
50, 48
51, 49
51, 49
40, 50
40, 49
41, 48
42, 48
43, 47
43, 46
43, 46
44, 45
45, 45
45, 44
44, 45
44, 46
44, 46
46, 53
46, 52
47, 51
48, 52
49, 53
48, 53
49, 52
49, 52
42, 52
42, 51
42, 50
41, 49
40, 48
40, 48
45, 52
44, 53
45, 52
46, 53
46, 52
47, 52
46, 51
46, 52
45, 52
46, 52
46, 52
55, 69
54, 69
55, 69
54, 70
53, 70
54, 71
55, 70
55, 71
56, 71
55, 70
55, 70
38, 79
37, 80
38, 80
39, 79
39, 78
40, 77
41, 78
40, 77
40, 77
45, 49
44, 50
45, 49
46, 48
47, 48
46, 48
45, 48
45, 47
45, 46
45, 46
57, 85
58, 85
57, 84
56, 85
57, 84
58, 85
57, 85
57, 85
50, 61
50, 60
50, 61
50, 62
51, 63
51, 64
52, 64
51, 63
51, 63
60, 61
59, 62
60, 61
59, 62
60, 62
60, 61
60, 61
58, 76
59, 77
59, 78
58, 78
57, 78
56, 78
57, 78
58, 79
58, 79
63, 66
64, 67
63, 67
62, 67
61, 66
60, 65
61, 66
61, 66
61, 60
62, 59
61, 59
62, 59
61, 58
61, 59
62, 58
62, 58
43, 43
44, 43
45, 43
44, 43
45, 44
46, 45
47, 45
47, 45
51, 77
51, 78
50, 78
49, 79
50, 78
50, 77
50, 77
50, 48
49, 47
49, 48
50, 49
49, 49
49, 48
49, 47
49, 47
43, 52
42, 52
42, 51
41, 51
42, 50
41, 51
42, 50
41, 51
41, 51
48, 51
49, 51
48, 51
48, 52
47, 52
46, 51
46, 50
47, 49
47, 49
55, 71
56, 70
56, 69
56, 70
56, 69
57, 70
58, 69
57, 69
57, 69
41, 78
40, 77
41, 78
40, 78
40, 77
41, 76
40, 77
39, 76
38, 75
39, 75
39, 75
44, 45
45, 46
45, 45
46, 44
47, 45
48, 45
49, 45
48, 44
48, 44
45, 53
46, 53
46, 54
45, 53
46, 54
45, 54
44, 55
44, 55
51, 50
50, 51
51, 51
52, 52
52, 51
53, 51
53, 50
52, 51
51, 50
51, 51
51, 51
61, 67
61, 66
60, 65
61, 65
62, 65
61, 66
60, 66
60, 65
60, 64
59, 65
59, 65
51, 44
52, 45
53, 46
52, 45
53, 45
53, 46
53, 45
53, 45
48, 47
49, 48
48, 47
48, 48
48, 49
48, 49
42, 47
41, 48
40, 49
41, 49
41, 50
41, 50
56, 85
55, 86
54, 85
53, 84
53, 85
54, 85
54, 85
45, 47
44, 46
45, 46
45, 47
44, 47
45, 47
45, 48
46, 47
45, 48
46, 48
46, 48
60, 62
59, 62
58, 61
57, 61
57, 60
56, 59
57, 58
56, 57
56, 57
48, 48
49, 48
50, 47
51, 47
50, 48
51, 49
52, 49
52, 49
51, 78
50, 79
51, 78
52, 79
53, 79
52, 79
53, 78
52, 79
52, 79
63, 58
63, 59
63, 60
64, 60
63, 59
63, 59
45, 64
45, 65
46, 64
45, 65
45, 64
44, 64
43, 65
42, 65
42, 65
50, 51
49, 52
50, 53
49, 54
48, 53
48, 52
48, 52
47, 51
47, 50
46, 49
46, 48
47, 49
47, 49
46, 44
47, 44
46, 45
46, 44
47, 44
47, 44
41, 50
40, 49
40, 50
39, 51
40, 51
41, 50
42, 49
42, 50
43, 49
42, 50
42, 50
50, 62
50, 61
50, 60
49, 59
50, 60
49, 61
50, 62
51, 62
51, 62
59, 80
59, 79
59, 80
59, 81
59, 82
59, 82
57, 58
57, 57
56, 56
57, 55
56, 55
56, 54
55, 54
56, 55
55, 55
55, 54
55, 54
39, 48
40, 48
39, 48
40, 49
41, 49
42, 48
41, 47
41, 47
64, 60
63, 60
63, 61
64, 60
65, 61
65, 62
64, 62
65, 62
64, 61
64, 60
64, 60
41, 48
41, 49
40, 49
39, 48
38, 47
38, 47
41, 66
40, 65
41, 65
42, 64
41, 65
40, 66
41, 66
40, 67
40, 66
39, 65
39, 65
47, 48
47, 47
48, 48
48, 47
49, 46
48, 47
49, 47
49, 47
55, 85
55, 84
56, 83
56, 82
57, 81
56, 80
57, 81
56, 82
57, 82
58, 83
58, 83
52, 50
51, 50
50, 50
50, 51
49, 50
49, 50
40, 51
39, 50
38, 51
38, 52
39, 51
38, 50
38, 50
50, 62
51, 62
51, 61
52, 61
53, 60
52, 61
53, 61
53, 61
47, 43
48, 44
49, 43
50, 44
50, 43
51, 42
50, 42
50, 42
54, 54
54, 53
54, 54
53, 54
54, 55
55, 54
54, 53
55, 53
56, 54
55, 54
55, 54
58, 69
57, 70
56, 70
55, 71
56, 71
56, 70
55, 71
56, 71
57, 72
57, 71
57, 71
38, 75
39, 76
40, 76
40, 75
40, 74
39, 73
39, 73
52, 48
51, 48
52, 47
53, 48
54, 49
54, 48
54, 48
49, 51
49, 50
49, 51
50, 51
51, 50
52, 50
53, 50
52, 50
53, 50
53, 50
43, 54
43, 53
44, 53
44, 54
43, 54
43, 54
58, 65
57, 65
57, 66
57, 67
57, 68
57, 68
47, 47
47, 48
48, 49
48, 48
49, 48
48, 47
48, 48
47, 48
48, 47
47, 48
47, 48
51, 80
50, 81
51, 82
52, 81
52, 80
52, 80
57, 56
57, 57
56, 57
56, 58
57, 58
56, 58
55, 59
55, 59
60, 83
61, 82
61, 81
62, 81
63, 80
64, 80
64, 79
63, 80
62, 80
62, 80
42, 49
42, 48
43, 47
44, 47
44, 48
45, 49
44, 50
43, 50
44, 49
45, 50
45, 50
53, 44
53, 45
52, 46
52, 45
52, 44
51, 45
50, 44
50, 45
49, 46
48, 45
48, 45
47, 44
46, 44
45, 44
44, 44
45, 45
45, 44
44, 44
45, 43
45, 43
48, 50
49, 51
50, 51
49, 51
50, 52
51, 52
51, 51
52, 51
51, 52
52, 51
52, 51
37, 48
36, 49
36, 48
37, 48
38, 49
38, 49
50, 46
49, 45
50, 45
51, 44
52, 45
53, 46
53, 46
38, 51
38, 52
37, 51
36, 52
35, 51
36, 50
35, 49
34, 50
35, 50
35, 51
35, 51
64, 61
63, 60
62, 59
61, 59
60, 59
60, 60
60, 59
61, 60
61, 59
61, 59
49, 46
48, 45
49, 44
50, 45
49, 46
48, 47
48, 47
49, 49
48, 50
47, 50
48, 50
48, 49
48, 50
49, 49
48, 48
49, 47
49, 47
55, 58
56, 59
55, 60
54, 61
53, 61
54, 61
53, 62
54, 62
55, 61
54, 60
54, 60
40, 74
39, 75
39, 76
40, 76
41, 75
42, 74
42, 74
44, 53
45, 54
46, 54
46, 53
45, 53
45, 52
44, 53
43, 54
43, 53
42, 52
42, 52
52, 50
53, 51
54, 50
53, 50
53, 51
52, 50
53, 50
54, 49
55, 49
56, 50
56, 50
54, 61
54, 60
54, 59
55, 60
56, 60
55, 59
54, 58
55, 58
56, 59
56, 59
53, 51
54, 50
55, 50
56, 49
56, 48
56, 49
56, 48
57, 47
57, 47
44, 49
44, 50
45, 49
46, 48
47, 47
47, 46
47, 45
48, 44
48, 44
57, 70
56, 70
55, 71
56, 70
56, 71
56, 71
62, 81
61, 81
60, 80
61, 80
60, 81
61, 80
62, 81
61, 81
60, 80
60, 80
55, 49
56, 48
57, 48
57, 49
56, 49
56, 49
52, 79
51, 78
51, 79
51, 80
52, 79
52, 79
40, 66
39, 65
40, 66
39, 67
40, 66
41, 65
42, 65
43, 66
42, 67
42, 67
46, 49
47, 48
46, 47
47, 48
46, 47
45, 46
44, 46
45, 45
45, 45
57, 84
56, 84
57, 85
58, 85
57, 86
56, 86
56, 86
56, 54
56, 53
57, 54
57, 53
58, 54
57, 53
56, 54
57, 54
57, 54
44, 42
45, 42
45, 41
46, 42
47, 43
48, 43
48, 44
47, 43
48, 42
48, 43
48, 43
49, 43
49, 44
48, 44
48, 45
48, 44
47, 43
46, 44
45, 45
44, 44
44, 44
56, 68
56, 69
57, 68
58, 68
57, 69
57, 68
56, 67
57, 66
58, 66
58, 66
43, 43
44, 43
43, 42
43, 41
43, 42
43, 42
44, 44
45, 43
44, 44
43, 43
42, 42
42, 42
42, 68
43, 67
43, 68
42, 67
41, 66
41, 65
41, 65
52, 78
52, 77
51, 76
52, 77
52, 78
52, 77
52, 76
53, 75
53, 74
53, 75
53, 75
56, 58
56, 57
55, 57
55, 58
56, 58
57, 58
57, 57
57, 58
57, 58
55, 49
54, 50
53, 50
52, 50
51, 51
51, 52
51, 51
51, 52
52, 51
52, 51
62, 60
61, 60
62, 59
63, 60
63, 59
62, 59
62, 58
62, 58
47, 43
47, 42
46, 43
47, 43
46, 43
46, 43
53, 47
54, 47
54, 48
53, 49
52, 48
52, 48
43, 52
43, 53
44, 54
45, 54
46, 53
46, 52
47, 53
48, 54
48, 54
60, 81
59, 80
58, 80
59, 81
60, 80
60, 81
59, 80
59, 80
58, 55
58, 56
58, 57
58, 56
57, 57
57, 58
57, 59
57, 59
55, 49
55, 50
54, 49
55, 50
54, 51
54, 50
54, 49
53, 49
53, 49
55, 59
56, 60
57, 60
56, 61
56, 60
57, 61
57, 61
56, 87
57, 86
58, 87
57, 87
58, 87
58, 87
50, 46
51, 47
52, 47
51, 46
51, 47
52, 47
51, 48
52, 47
52, 48
52, 48
47, 48
46, 49
47, 49
48, 50
47, 50
48, 50
47, 51
46, 52
45, 51
45, 51
42, 73
42, 72
43, 73
43, 74
44, 73
44, 73
39, 48
38, 47
39, 48
39, 49
38, 48
37, 47
37, 47
47, 42
47, 41
46, 42
47, 41
47, 40
47, 40
57, 48
56, 49
57, 48
57, 47
56, 46
57, 45
56, 46
55, 45
56, 44
57, 43
57, 43
36, 52
37, 52
37, 51
38, 52
38, 51
38, 50
39, 49
38, 49
37, 48
36, 48
36, 48
57, 66
57, 67
57, 68
56, 67
57, 67
58, 67
59, 67
59, 67
55, 70
54, 71
53, 71
54, 72
53, 73
52, 72
52, 71
52, 72
51, 73
51, 73
58, 59
58, 58
58, 59
59, 58
58, 58
58, 59
57, 60
58, 61
58, 61
36, 47
35, 46
35, 47
34, 46
35, 46
34, 45
35, 45
34, 45
33, 46
34, 45
34, 45
36, 47
35, 46
34, 46
33, 47
34, 46
33, 47
34, 48
33, 49
33, 49
50, 74
50, 73
51, 73
50, 73
51, 74
51, 74
62, 57
63, 58
64, 57
65, 58
66, 58
65, 59
64, 59
65, 58
65, 58
58, 81
57, 80
56, 79
55, 80
56, 79
55, 80
56, 79
57, 79
57, 79
56, 43
57, 44
56, 45
57, 44
58, 44
59, 44
59, 43
60, 43
59, 42
59, 41
59, 41
47, 42
48, 42
49, 43
48, 43
49, 44
49, 44
44, 72
45, 72
46, 73
46, 74
46, 75
45, 76
44, 76
45, 75
45, 75
58, 61
57, 60
58, 59
59, 59
60, 59
60, 58
59, 59
59, 59
54, 75
55, 76
56, 77
56, 78
55, 77
55, 77
43, 41
44, 41
45, 41
44, 42
43, 42
44, 43
44, 42
43, 43
43, 43
53, 49
52, 50
52, 51
51, 51
51, 50
50, 51
49, 50
50, 51
49, 50
49, 49
49, 49
44, 51
45, 52
44, 51
43, 51
42, 50
41, 49
41, 48
41, 48
52, 50
53, 51
52, 52
52, 53
53, 54
53, 55
54, 54
54, 54
56, 58
57, 59
58, 59
59, 60
58, 59
57, 58
57, 57
56, 56
56, 56
59, 87
58, 86
59, 87
58, 86
58, 87
57, 86
57, 86
42, 66
41, 66
40, 65
40, 64
39, 64
40, 64
39, 65
39, 64
39, 64
59, 66
59, 65
58, 65
59, 66
59, 65
59, 65
52, 50
51, 49
52, 48
52, 49
51, 50
51, 50
48, 40
49, 41
50, 40
49, 39
48, 40
48, 40
42, 41
42, 42
41, 41
42, 41
41, 40
41, 41
42, 40
43, 39
43, 39
51, 49
52, 50
52, 51
51, 50
51, 51
50, 51
51, 52
50, 51
51, 50
50, 49
50, 49
49, 54
50, 54
49, 55
49, 54
50, 54
49, 53
50, 53
49, 52
49, 52
58, 64
58, 63
59, 62
59, 63
58, 64
59, 63
59, 64
59, 63
59, 63
46, 75
47, 74
46, 73
47, 74
46, 75
47, 74
46, 74
46, 73
45, 72
45, 72
58, 58
58, 59
57, 58
56, 58
55, 59
55, 60
55, 59
55, 59
44, 42
43, 41
44, 40
44, 41
44, 42
45, 41
45, 41
50, 51
51, 50
52, 51
51, 50
50, 50
50, 50
32, 48
31, 47
30, 46
30, 45
29, 46
29, 46
50, 45
49, 44
48, 43
49, 44
49, 45
49, 45
56, 55
55, 54
55, 53
56, 54
57, 54
58, 54
57, 55
56, 55
57, 54
56, 55
56, 55
49, 48
50, 47
50, 48
49, 49
49, 50
50, 49
49, 49
49, 48
49, 49
50, 48
50, 48
40, 65
39, 64
39, 65
40, 64
40, 65
40, 65
44, 39
43, 40
43, 41
44, 40
43, 40
43, 41
43, 41
55, 78
54, 78
55, 79
55, 80
56, 80
56, 79
56, 80
57, 81
58, 81
58, 81
60, 40
59, 39
59, 40
58, 40
58, 41
59, 40
60, 39
60, 40
60, 39
60, 40
60, 40
49, 53
48, 52
47, 52
47, 51
46, 52
47, 53
47, 54
47, 54
58, 87
59, 87
58, 88
59, 87
59, 88
59, 89
58, 88
58, 88
35, 46
34, 46
35, 47
34, 47
35, 48
34, 47
35, 47
35, 47
66, 57
66, 56
65, 57
66, 57
66, 58
65, 57
66, 56
66, 57
65, 56
65, 57
65, 57
40, 49
39, 50
40, 49
39, 49
40, 49
41, 49
40, 50
39, 51
39, 51
58, 80
59, 80
60, 79
61, 79
60, 80
60, 80
49, 48
48, 47
47, 48
46, 48
45, 49
45, 48
45, 49
44, 50
43, 51
43, 51
53, 53
54, 54
54, 53
53, 53
53, 52
52, 52
51, 53
51, 53
47, 39
46, 39
45, 38
45, 39
45, 40
45, 39
46, 40
47, 40
48, 41
48, 41
59, 60
59, 59
60, 59
60, 60
61, 60
60, 60
61, 61
61, 62
60, 62
61, 62
61, 62
52, 74
51, 75
51, 76
52, 77
53, 78
53, 78
42, 51
42, 50
41, 50
40, 51
41, 50
41, 49
41, 48
40, 48
40, 47
40, 47
59, 89
60, 89
61, 88
60, 89
60, 88
60, 89
61, 89
62, 90
62, 91
61, 92
61, 92
51, 47
51, 48
52, 49
53, 50
52, 50
51, 50
51, 50
44, 41
45, 40
44, 41
43, 40
42, 41
42, 40
42, 40
45, 73
46, 72
47, 72
46, 73
45, 73
45, 73
54, 59
54, 60
53, 61
54, 60
54, 61
53, 61
54, 62
55, 61
55, 62
55, 63
55, 63
46, 54
47, 54
47, 55
48, 55
48, 54
47, 54
48, 55
49, 56
49, 56
41, 66
41, 67
42, 66
42, 67
43, 68
42, 69
43, 70
42, 71
42, 71
66, 58
65, 57
65, 56
66, 57
66, 56
67, 56
67, 56
39, 50
38, 49
37, 50
36, 49
37, 49
38, 48
39, 47
38, 48
38, 48
58, 82
59, 83
59, 84
59, 85
59, 84
60, 84
60, 85
61, 85
61, 85
60, 64
61, 64
61, 63
61, 64
62, 65
61, 64
61, 64
60, 41
61, 40
60, 40
61, 41
60, 41
61, 41
61, 40
61, 40
30, 45
30, 44
29, 43
28, 43
27, 44
27, 44
60, 81
61, 82
60, 83
61, 84
62, 85
63, 85
64, 85
64, 86
64, 87
64, 88
64, 88
49, 44
49, 43
48, 42
49, 42
48, 43
48, 43
47, 42
46, 42
45, 42
44, 42
45, 42
45, 42
62, 61
63, 60
62, 59
61, 60
62, 60
62, 61
63, 61
63, 61
54, 78
54, 77
54, 76
54, 77
53, 78
52, 78
52, 77
52, 78
52, 78
35, 46
36, 46
37, 46
36, 46
36, 45
35, 46
35, 47
35, 47
49, 51
50, 51
50, 50
49, 51
49, 50
49, 49
48, 49
49, 50
48, 49
48, 49
50, 53
49, 52
48, 51
47, 52
48, 51
47, 51
47, 51
44, 42
43, 43
42, 43
43, 42
43, 43
44, 44
45, 43
44, 42
44, 43
44, 44
44, 44
55, 55
54, 55
55, 54
55, 53
54, 54
53, 53
52, 54
52, 55
52, 55
42, 70
43, 69
44, 70
43, 69
42, 70
43, 69
43, 69
62, 85
63, 86
64, 86
64, 85
65, 84
64, 84
65, 84
65, 84
47, 49
48, 50
49, 51
49, 50
50, 49
49, 50
48, 51
49, 50
48, 49
49, 50
49, 50
52, 50
53, 51
54, 51
55, 50
56, 50
56, 49
57, 48
58, 48
58, 48
50, 56
50, 55
51, 56
52, 56
52, 57
52, 58
52, 58
48, 52
47, 51
47, 52
48, 53
47, 53
46, 53
45, 53
44, 53
44, 53
62, 40
61, 41
61, 40
61, 39
62, 40
62, 40
66, 57
67, 56
68, 56
67, 57
68, 58
69, 57
70, 56
69, 55
69, 56
69, 56
27, 45
26, 45
25, 44
25, 43
26, 43
26, 42
27, 41
28, 41
28, 41
64, 60
65, 59
64, 58
63, 58
63, 57
63, 56
63, 57
62, 57
62, 57
34, 47
35, 48
34, 47
33, 46
34, 47
33, 47
32, 46
32, 46
49, 44
48, 44
49, 45
49, 46
50, 47
50, 47
63, 87
62, 88
61, 88
60, 89
59, 88
58, 87
57, 88
57, 87
57, 87
53, 56
54, 56
53, 55
52, 56
52, 57
53, 57
54, 57
55, 57
55, 57
61, 65
60, 64
61, 63
61, 64
60, 65
59, 65
59, 65
54, 64
53, 64
52, 65
53, 64
52, 64
53, 65
52, 64
51, 64
51, 64
40, 48
41, 48
41, 49
40, 48
40, 47
40, 48
39, 47
39, 47
45, 74
44, 75
45, 76
44, 75
45, 74
45, 73
46, 73
45, 73
44, 74
44, 74
46, 42
46, 41
45, 40
45, 41
46, 42
46, 42
61, 91
60, 90
59, 89
60, 90
59, 90
60, 91
59, 90
60, 90
61, 89
61, 89
37, 47
36, 47
35, 46
36, 46
35, 45
35, 46
36, 47
35, 48
36, 48
36, 47
36, 47
45, 44
45, 43
45, 44
44, 44
44, 43
44, 43
43, 41
43, 40
42, 40
41, 39
40, 40
41, 39
41, 40
42, 39
42, 40
42, 39
42, 39
52, 79
51, 80
52, 80
52, 79
51, 79
50, 78
51, 77
50, 77
49, 77
49, 77
27, 41
26, 42
26, 43
25, 44
26, 44
25, 44
25, 44
52, 57
53, 58
53, 59
52, 60
51, 61
51, 61
52, 65
51, 64
51, 63
52, 63
52, 64
53, 63
53, 64
52, 65
51, 64
51, 65
51, 65
44, 69
45, 70
46, 71
47, 72
48, 71
47, 72
47, 72
49, 51
50, 50
51, 50
51, 51
51, 50
50, 51
51, 50
50, 50
50, 50
45, 74
44, 73
45, 72
44, 72
43, 73
43, 73
45, 42
46, 43
46, 42
45, 42
44, 42
45, 42
45, 42
50, 48
49, 48
50, 49
49, 48
48, 49
48, 50
47, 50
46, 50
46, 51
45, 51
45, 51
68, 56
68, 57
67, 57
68, 56
67, 56
67, 57
66, 56
67, 57
67, 58
67, 58
58, 65
57, 65
56, 66
55, 67
56, 67
55, 68
55, 68
45, 53
44, 52
45, 51
46, 52
47, 51
47, 50
47, 49
48, 49
48, 49
43, 38
44, 39
43, 40
42, 40
43, 39
42, 40
41, 40
41, 40
54, 57
53, 56
53, 57
53, 56
54, 57
54, 58
54, 58
62, 90
61, 91
60, 90
59, 90
58, 91
59, 91
60, 90
59, 90
59, 90
57, 86
58, 87
58, 88
59, 87
60, 88
59, 87
60, 88
60, 88
46, 41
47, 41
47, 42
46, 43
46, 44
47, 43
46, 44
47, 45
47, 45
65, 83
64, 83
64, 84
64, 83
63, 82
64, 83
65, 83
65, 84
66, 83
66, 83
39, 48
38, 48
37, 47
38, 46
39, 47
38, 47
38, 47
48, 76
47, 76
47, 75
48, 74
49, 73
50, 73
49, 73
50, 73
51, 74
52, 73
52, 73
35, 48
34, 47
35, 47
35, 46
34, 45
34, 46
34, 46
58, 47
57, 48
57, 47
56, 48
57, 47
58, 48
57, 48
58, 47
58, 47
62, 56
61, 57
62, 57
63, 58
64, 59
64, 60
63, 61
63, 61
61, 40
60, 41
60, 40
59, 40
58, 40
59, 41
58, 40
58, 40
33, 46
32, 45
33, 46
34, 45
33, 45
32, 46
33, 45
34, 46
34, 46
46, 43
47, 42
47, 41
47, 40
46, 40
45, 41
45, 41
64, 62
63, 61
63, 60
63, 61
62, 62
63, 63
63, 64
63, 64
52, 65
52, 64
51, 63
52, 64
51, 65
52, 64
52, 65
53, 66
54, 67
55, 66
55, 66
57, 41
57, 40
58, 41
57, 41
58, 40
59, 40
59, 41
58, 41
58, 40
59, 41
59, 41
33, 45
34, 45
33, 45
32, 45
33, 46
33, 47
32, 46
31, 46
32, 46
31, 47
31, 47
42, 39
41, 39
41, 40
40, 39
41, 39
41, 38
42, 39
43, 38
43, 39
44, 40
44, 40
35, 47
36, 48
37, 48
38, 49
39, 48
39, 49
38, 50
37, 49
38, 50
38, 50
48, 45
49, 44
49, 43
50, 44
49, 44
50, 45
49, 45
50, 46
49, 45
49, 45
26, 43
25, 44
24, 45
25, 44
25, 45
25, 45
66, 57
65, 58
64, 59
63, 58
62, 58
61, 58
60, 58
61, 59
61, 58
61, 58
60, 87
59, 88
60, 88
59, 87
60, 88
60, 89
60, 89
52, 62
51, 62
50, 62
49, 61
49, 60
48, 59
49, 58
49, 57
50, 58
50, 58
44, 73
45, 72
45, 71
45, 72
44, 72
43, 71
44, 70
44, 70
51, 51
50, 50
51, 49
52, 50
52, 51
52, 50
52, 49
52, 49
65, 83
64, 82
63, 81
64, 80
64, 79
65, 79
64, 80
65, 80
66, 81
66, 81
56, 69
57, 70
57, 69
56, 69
55, 68
56, 68
57, 67
58, 68
58, 69
58, 69
51, 72
50, 72
50, 71
50, 70
51, 71
52, 71
52, 72
52, 72
39, 47
40, 48
41, 47
41, 48
40, 47
41, 47
41, 47
59, 47
60, 46
61, 45
62, 45
63, 46
64, 47
64, 47
44, 51
43, 52
43, 53
44, 54
43, 55
44, 56
44, 55
45, 54
45, 54
49, 50
50, 50
49, 49
50, 50
49, 51
50, 52
51, 52
52, 51
53, 51
54, 50
54, 50
55, 59
55, 60
56, 60
57, 60
57, 61
57, 61
58, 89
59, 90
58, 91
59, 92
60, 92
61, 91
60, 90
59, 91
58, 90
58, 90
48, 72
47, 71
46, 72
45, 72
45, 73
44, 74
44, 73
45, 74
45, 74
40, 47
39, 48
38, 47
37, 46
38, 46
37, 46
38, 47
38, 48
38, 48
38, 49
37, 48
36, 47
37, 48
37, 47
38, 46
37, 47
37, 47
44, 74
44, 75
45, 76
44, 77
43, 78
43, 79
42, 79
43, 79
43, 79
30, 47
29, 48
28, 49
29, 48
30, 47
31, 46
32, 47
32, 47
64, 64
65, 63
66, 63
65, 63
64, 63
65, 62
65, 61
64, 60
64, 61
64, 61
59, 89
58, 89
57, 90
58, 90
59, 89
59, 90
59, 89
58, 88
58, 89
58, 89
61, 59
60, 59
59, 60
58, 60
58, 61
59, 61
58, 60
58, 60
60, 41
59, 40
60, 39
61, 38
62, 38
61, 38
61, 38
24, 46
25, 47
24, 48
24, 47
23, 46
23, 46
54, 65
55, 65
56, 66
56, 67
55, 66
54, 67
54, 67
49, 57
50, 57
50, 56
49, 57
50, 56
51, 55
51, 55
53, 72
54, 71
53, 71
52, 70
52, 71
53, 72
53, 73
54, 74
55, 73
55, 73
58, 68
59, 69
58, 68
59, 67
58, 66
58, 67
57, 66
58, 66
57, 66
57, 67
57, 67
51, 49
52, 48
53, 48
54, 47
53, 47
54, 48
53, 47
53, 47
50, 45
49, 45
50, 44
49, 43
50, 43
49, 44
49, 44
44, 42
43, 43
43, 42
42, 41
43, 41
42, 41
43, 40
44, 41
43, 42
43, 42
44, 41
45, 41
45, 40
45, 41
44, 40
44, 39
43, 38
44, 38
44, 37
45, 38
45, 38
67, 80
68, 79
69, 78
70, 78
70, 77
71, 77
72, 78
72, 79
73, 78
73, 78
44, 54
43, 55
44, 56
43, 57
42, 57
43, 56
42, 55
42, 56
42, 55
42, 56
42, 56
44, 71
43, 71
44, 72
45, 73
46, 72
45, 71
44, 72
44, 71
44, 71
57, 89
58, 89
57, 89
57, 88
56, 89
56, 88
56, 88
63, 46
63, 47
62, 46
63, 47
62, 47
61, 48
61, 48
55, 49
54, 48
53, 49
53, 48
54, 48
54, 49
55, 50
54, 50
54, 51
54, 51
56, 60
55, 59
56, 58
57, 57
57, 56
57, 56
65, 62
65, 63
65, 63
65, 64
66, 65
66, 65
65, 66
65, 67
65, 67
44, 43
45, 44
46, 45
46, 45
47, 46
48, 47
49, 48
50, 49
50, 49
24, 47
25, 48
26, 49
27, 50
28, 51
29, 52
30, 53
30, 53
31, 54
31, 54
59, 88
60, 87
61, 86
61, 86
62, 86
63, 86
64, 86
63, 87
63, 87
64, 86
64, 86
46, 39
46, 40
46, 40
47, 41
48, 40
48, 40
49, 41
50, 42
49, 43
49, 43
49, 44
49, 44
48, 45
48, 45
48, 45
62, 39
63, 41
63, 42
63, 43
63, 44
63, 45
63, 46
63, 47
63, 48
63, 49
63, 50
63, 52
63, 53
63, 54
63, 55
63, 56
63, 57
63, 58
63, 59
63, 60
63, 61
63, 62
63, 62
58, 61
58, 61
59, 62
59, 61
59, 61
60, 62
60, 63
60, 63
60, 49
61, 48
61, 48
60, 49
59, 50
58, 50
58, 50
58, 52
58, 53
58, 54
58, 55
58, 56
58, 57
58, 58
58, 59
58, 60
58, 61
59, 61
59, 61
59, 61
39, 49
40, 50
41, 51
42, 52
43, 53
44, 54
46, 56
47, 57
48, 58
49, 59
50, 60
51, 61
52, 62
53, 63
54, 64
55, 65
55, 65
37, 46
37, 46
38, 47
39, 48
39, 47
39, 47
40, 48
41, 49
42, 50
42, 50
42, 50
58, 66
58, 66
59, 67
60, 68
61, 69
62, 70
62, 70
52, 48
53, 47
53, 47
52, 48
51, 49
51, 50
51, 51
52, 50
52, 50
51, 51
51, 52
51, 53
51, 53
55, 87
54, 86
53, 85
53, 85
52, 84
51, 83
50, 82
50, 82
50, 82
45, 72
45, 71
45, 71
46, 72
46, 71
46, 71
47, 72
46, 71
46, 71
46, 71
72, 79
71, 80
70, 81
69, 81
69, 81
69, 81
69, 81
50, 45
51, 44
51, 44
51, 43
51, 43
52, 44
53, 45
54, 46
54, 45
54, 45
54, 45
53, 68
52, 69
52, 70
52, 71
52, 72
52, 73
52, 73
33, 48
34, 49
35, 50
36, 51
37, 52
38, 53
39, 54
40, 55
41, 56
42, 57
42, 57
56, 74
57, 75
58, 76
59, 77
60, 78
60, 78
44, 80
45, 81
46, 82
47, 83
48, 83
49, 83
50, 83
50, 83
56, 53
57, 54
58, 55
59, 56
60, 57
61, 58
62, 59
63, 60
64, 60
64, 60
63, 61
63, 62
63, 63
63, 63
57, 57
57, 58
57, 59
57, 60
57, 61
57, 61
52, 56
53, 57
54, 58
55, 59
56, 60
57, 61
58, 62
59, 63
60, 64
60, 64
43, 57
45, 59
46, 60
47, 61
48, 62
49, 63
50, 64
51, 65
52, 66
53, 67
54, 68
53, 69
53, 69
54, 70
55, 71
55, 72
55, 72
56, 71
56, 71
57, 71
58, 71
58, 71
44, 59
45, 60
46, 61
47, 62
48, 63
49, 64
50, 65
51, 66
52, 67
53, 68
54, 69
55, 70
56, 71
57, 72
58, 72
58, 72
59, 73
59, 73
68, 82
67, 83
66, 82
66, 82
65, 83
64, 84
63, 85
63, 85
64, 64
65, 64
65, 64
64, 65
65, 65
65, 65
64, 66
64, 66
53, 74
52, 74
52, 74
53, 75
54, 76
55, 77
56, 78
57, 79
58, 80
58, 80
58, 80
57, 60
57, 60
58, 61
59, 62
60, 63
61, 64
62, 65
63, 66
64, 67
64, 68
64, 68
65, 69
65, 69
62, 63
61, 63
61, 63
60, 64
60, 65
60, 66
60, 67
60, 68
60, 69
60, 70
60, 71
60, 71
63, 85
62, 84
63, 85
63, 85
63, 86
63, 86
62, 85
61, 84
60, 83
60, 83
58, 61
58, 61
57, 62
58, 62
58, 62
57, 63
58, 63
58, 63
59, 64
59, 64
58, 65
59, 64
59, 64
59, 64
61, 79
62, 80
61, 79
61, 79
62, 80
62, 80
62, 80
62, 80
43, 51
44, 52
45, 53
45, 52
45, 52
46, 53
47, 54
48, 55
49, 56
49, 56
51, 50
51, 51
51, 52
51, 53
52, 52
52, 52
51, 53
51, 53
64, 68
63, 69
62, 70
61, 71
60, 72
60, 72
59, 65
59, 65
58, 66
57, 67
57, 67
56, 68
55, 69
55, 69
56, 66
56, 67
56, 68
56, 69
56, 70
57, 69
57, 69
56, 70
56, 71
56, 71
57, 71
57, 71
58, 72
59, 73
60, 74
59, 74
59, 74
60, 75
61, 76
61, 76
32, 55
33, 56
34, 57
33, 58
33, 58
34, 59
34, 59
35, 60
36, 61
35, 62
35, 62
35, 62
51, 83
52, 84
53, 85
54, 86
55, 87
56, 88
57, 89
57, 90
57, 90
58, 90
58, 90
63, 71
64, 72
65, 73
64, 72
64, 72
65, 73
66, 74
67, 75
67, 75
59, 64
58, 65
58, 66
58, 67
58, 68
58, 68
49, 46
49, 46
50, 47
51, 48
52, 49
53, 49
53, 49
54, 50
56, 52
57, 53
58, 54
58, 55
58, 56
58, 57
58, 58
57, 58
57, 58
58, 59
58, 59
50, 84
50, 84
51, 83
52, 82
53, 82
54, 82
53, 83
53, 83
53, 82
53, 82
54, 81
54, 81
55, 82
55, 82
45, 71
45, 71
46, 72
46, 71
46, 71
47, 72
48, 73
49, 74
50, 75
50, 75
54, 44
54, 44
55, 45
56, 46
57, 47
58, 48
59, 49
58, 48
58, 48
59, 49
61, 51
62, 52
63, 53
64, 54
64, 55
64, 56
64, 57
64, 58
64, 58
52, 54
53, 55
53, 56
53, 57
53, 58
53, 59
53, 59
53, 60
53, 60
63, 59
63, 60
63, 59
63, 59
63, 60
63, 61
63, 61
60, 76
60, 76
59, 77
58, 78
57, 79
56, 80
56, 80
51, 76
50, 75
50, 75
51, 76
52, 77
51, 76
51, 76
52, 77
53, 78
53, 78
56, 81
57, 80
57, 79
57, 78
57, 77
57, 76
57, 75
57, 75
57, 75
63, 79
62, 78
62, 78
63, 78
64, 78
65, 78
65, 78
66, 78
67, 78
68, 78
69, 78
69, 78
60, 65
61, 66
62, 67
62, 68
62, 69
62, 69
62, 84
61, 83
60, 82
59, 81
58, 80
57, 79
57, 79
59, 89
60, 88
60, 89
60, 89
60, 90
60, 90
60, 89
60, 89
60, 90
60, 90
60, 90
57, 79
56, 78
57, 77
57, 77
57, 76
57, 76
56, 75
55, 74
54, 74
54, 74
66, 75
66, 75
65, 75
65, 75
66, 74
67, 73
67, 73
67, 73
67, 73
67, 73
67, 73
52, 54
52, 54
53, 55
54, 56
55, 57
56, 58
57, 59
58, 60
59, 61
60, 62
60, 63
60, 63
58, 74
57, 75
56, 76
55, 77
55, 78
55, 78
54, 77
54, 77
53, 78
53, 78
36, 63
37, 64
38, 65
38, 65
39, 66
39, 67
39, 67
40, 68
41, 69
42, 70
43, 71
44, 70
44, 70
44, 70
59, 69
59, 70
60, 70
60, 70
59, 71
59, 72
59, 73
59, 74
59, 75
59, 75
59, 71
59, 71
60, 71
61, 71
62, 71
63, 71
64, 70
64, 70
65, 71
65, 71
65, 71
65, 71
65, 71
61, 84
62, 85
63, 86
63, 87
63, 88
63, 89
63, 89
63, 89
63, 89
63, 89
54, 61
55, 62
56, 63
57, 64
56, 64
56, 64
57, 65
58, 66
59, 67
60, 68
61, 69
61, 69
59, 60
60, 61
61, 62
62, 63
62, 63
63, 64
64, 65
65, 66
66, 67
66, 68
66, 69
66, 69
50, 57
51, 58
52, 59
53, 60
54, 61
55, 62
55, 62
57, 72
58, 73
59, 74
59, 74
59, 75
59, 76
59, 76
60, 77
60, 77
59, 76
59, 76
59, 76
64, 70
65, 69
65, 69
64, 70
63, 71
64, 72
64, 72
63, 73
62, 74
61, 75
61, 75
63, 67
62, 68
61, 69
60, 70
59, 71
58, 72
59, 73
59, 73
58, 74
57, 75
57, 75
61, 73
60, 74
60, 74
61, 75
61, 76
61, 76
61, 77
61, 78
61, 79
60, 80
60, 80
60, 80
55, 70
55, 70
56, 71
57, 70
57, 70
58, 71
59, 72
59, 72
60, 73
61, 72
61, 72
62, 73
63, 73
63, 73
61, 64
61, 65
61, 65
62, 66
63, 67
64, 68
65, 69
65, 69
65, 69
60, 89
60, 89
60, 89
60, 89
60, 89
60, 89
56, 61
56, 61
57, 62
56, 61
56, 61
57, 62
57, 63
57, 64
57, 65
57, 65
60, 76
61, 75
61, 75
62, 76
63, 76
64, 76
65, 76
65, 76
59, 76
59, 76
58, 75
58, 75
57, 76
57, 77
57, 77
56, 78
56, 78
45, 71
46, 72
47, 73
48, 74
48, 73
48, 73
49, 74
49, 74
66, 74
65, 75
64, 75
64, 75
63, 76
62, 77
62, 77
67, 70
67, 71
67, 72
67, 72
67, 73
67, 74
67, 74
52, 79
51, 80
51, 81
51, 82
51, 83
51, 83
51, 83
56, 74
55, 73
54, 72
53, 72
52, 72
51, 72
52, 72
52, 72
51, 72
50, 73
50, 73
50, 73
57, 79
58, 78
59, 77
59, 76
59, 76
60, 75
61, 74
61, 73
61, 72
61, 72
62, 62
61, 61
61, 61
60, 62
59, 63
60, 64
60, 64
60, 63
60, 63
59, 64
59, 65
59, 66
59, 66
57, 74
56, 73
56, 73
57, 72
56, 71
56, 71
57, 70
57, 70
57, 70
57, 70
64, 72
64, 72
64, 71
64, 71
63, 72
64, 73
64, 73
65, 73
65, 73
64, 74
63, 75
63, 75
61, 70
60, 71
60, 72
60, 73
60, 74
60, 74
56, 78
55, 77
54, 76
53, 75
52, 74
52, 74
64, 88
65, 87
66, 86
67, 85
68, 84
68, 84
52, 78
52, 78
53, 79
54, 80
55, 81
56, 80
56, 80
57, 81
58, 82
59, 83
58, 84
58, 84
58, 84
62, 69
62, 69
61, 70
62, 71
62, 71
61, 72
60, 73
60, 74
60, 75
60, 74
60, 74
60, 74
62, 74
61, 75
60, 76
59, 77
59, 78
59, 79
59, 79
53, 75
53, 76
53, 76
52, 77
51, 77
50, 77
50, 77
51, 77
51, 77
50, 77
49, 78
49, 78
49, 78
60, 79
60, 78
60, 77
60, 76
60, 75
60, 74
59, 75
59, 75
60, 74
60, 73
61, 73
61, 73
61, 73
68, 77
68, 77
67, 78
66, 79
65, 78
65, 78
66, 79
66, 80
66, 80
62, 76
63, 77
62, 76
62, 76
63, 77
64, 78
64, 77
64, 77
64, 77
48, 75
48, 75
49, 76
50, 77
51, 78
50, 79
50, 79
51, 80
52, 81
53, 82
53, 82
69, 83
70, 83
70, 83
70, 83
70, 83
70, 83
70, 83
70, 83
70, 83
70, 83
51, 74
52, 74
53, 74
54, 74
55, 74
56, 74
57, 74
58, 74
59, 74
60, 74
60, 74
65, 80
64, 79
64, 79
63, 80
62, 80
61, 80
60, 80
60, 80
59, 80
58, 80
57, 80
57, 80
64, 70
63, 71
64, 70
64, 70
63, 71
62, 72
61, 73
60, 74
59, 75
58, 76
58, 76
58, 71
59, 72
60, 73
61, 74
62, 75
63, 76
63, 77
63, 77
63, 77
61, 88
62, 87
63, 86
64, 86
65, 86
66, 86
66, 86
66, 86
66, 86
68, 74
69, 74
70, 74
70, 74
69, 74
69, 75
69, 75
69, 74
69, 74
69, 74
69, 74
58, 80
57, 81
56, 82
55, 83
55, 84
55, 85
55, 86
55, 87
55, 87
65, 78
66, 79
66, 80
66, 81
66, 82
66, 83
66, 83
59, 75
58, 76
57, 77
56, 78
55, 79
55, 80
55, 81
55, 81
59, 75
59, 75
58, 76
57, 77
56, 78
55, 79
55, 79
52, 82
53, 81
54, 80
55, 79
56, 78
57, 78
58, 78
59, 78
59, 78
50, 77
51, 76
52, 75
53, 74
54, 73
54, 73
60, 67
61, 67
61, 67
62, 66
62, 66
61, 67
61, 67
61, 68
61, 68
62, 69
63, 70
64, 71
65, 72
66, 73
66, 73
64, 75
64, 75
65, 76
66, 77
67, 78
67, 79
67, 80
67, 80
61, 78
60, 79
59, 80
58, 81
59, 80
59, 80
58, 81
58, 81
58, 81
58, 81
60, 74
59, 75
59, 74
59, 74
58, 75
57, 76
56, 77
56, 77
59, 85
60, 86
61, 87
61, 88
61, 88
62, 89
63, 89
64, 89
64, 89
65, 90
65, 90
66, 89
66, 89
62, 73
63, 74
64, 75
65, 76
65, 76
66, 77
67, 77
68, 77
68, 77
62, 74
61, 73
60, 74
60, 74
59, 73
58, 72
58, 72
53, 75
53, 76
54, 75
54, 75
53, 76
53, 77
53, 78
53, 79
53, 79
57, 77
58, 76
58, 75
59, 75
59, 75
58, 74
58, 74
57, 66
57, 67
57, 68
57, 69
57, 70
57, 71
57, 72
57, 72
66, 74
66, 75
67, 75
67, 75
66, 76
66, 77
66, 78
66, 78
67, 78
67, 78
66, 77
67, 77
67, 77
66, 76
65, 75
65, 74
65, 73
65, 73
59, 75
58, 76
59, 76
59, 76
58, 77
57, 78
56, 79
55, 80
54, 81
54, 81
54, 81
54, 81
54, 80
53, 79
54, 79
54, 79
53, 78
53, 78
53, 79
53, 79
53, 79
53, 79
53, 79
53, 79
53, 79
56, 80
56, 80
56, 79
56, 79
56, 79
56, 79
56, 79
56, 79
56, 79
56, 79
59, 73
60, 74
61, 74
61, 74
62, 75
63, 76
64, 77
65, 78
66, 79
66, 80
66, 80
66, 80
57, 75
57, 75
58, 76
59, 77
60, 78
61, 79
61, 79
61, 79
61, 79
61, 79
68, 75
67, 76
66, 77
65, 77
64, 77
64, 77
63, 77
62, 77
62, 77
57, 77
56, 78
56, 79
56, 79
55, 79
55, 79
54, 80
54, 80
56, 80
57, 81
57, 80
57, 80
58, 81
59, 82
60, 82
60, 82
60, 82
60, 82
67, 83
67, 83
67, 83
67, 83
67, 83
67, 83
67, 83
67, 83
67, 83
67, 83
58, 73
59, 74
60, 75
60, 75
61, 76
62, 77
63, 78
64, 78
64, 78
65, 79
66, 80
66, 80
56, 76
57, 77
57, 77
56, 76
56, 75
55, 74
55, 74
56, 75
57, 76
57, 76
56, 75
56, 75
56, 75
62, 78
62, 79
62, 80
62, 80
62, 81
62, 82
62, 83
62, 83
62, 84
62, 85
62, 85
69, 82
68, 81
67, 80
66, 79
65, 78
65, 78
65, 85
65, 85
66, 84
67, 84
68, 84
68, 84
68, 83
68, 83
68, 84
68, 84
68, 84
68, 84
66, 79
65, 78
64, 77
63, 76
62, 75
61, 74
60, 74
61, 74
61, 74
60, 74
60, 74
54, 83
55, 83
56, 83
56, 83
57, 83
57, 83
58, 83
59, 83
60, 83
61, 84
61, 84
62, 83
62, 83
58, 79
57, 80
57, 80
56, 81
55, 82
54, 83
55, 82
55, 82
54, 83
53, 84
52, 85
52, 85
53, 80
53, 80
54, 79
55, 78
55, 79
55, 79
56, 78
57, 77
58, 76
59, 75
59, 74
59, 74
59, 74
59, 80
58, 79
58, 79
59, 78
60, 77
61, 76
62, 75
63, 74
63, 73
63, 72
63, 72
63, 72
67, 89
67, 89
66, 88
66, 88
67, 89
67, 88
67, 88
67, 88
56, 86
57, 85
57, 85
58, 84
58, 84
58, 84
57, 84
57, 84
58, 84
58, 84
58, 84
55, 74
55, 73
55, 73
56, 74
57, 74
57, 74
58, 75
59, 76
60, 77
61, 78
60, 79
60, 79
60, 79
53, 86
54, 87
55, 88
55, 87
55, 87
56, 87
56, 87
57, 88
57, 88
56, 88
56, 89
56, 89
55, 89
55, 89
55, 88
55, 88
60, 75
61, 76
62, 76
62, 76
63, 76
63, 76
64, 77
65, 78
65, 78
63, 83
63, 83
62, 84
61, 85
62, 86
62, 86
61, 85
60, 85
59, 85
58, 85
58, 85
62, 79
62, 79
61, 80
60, 81
60, 82
60, 82
60, 82
60, 82
60, 82
60, 81
60, 81
60, 81
66, 84
65, 85
64, 85
63, 85
62, 86
62, 86
62, 86
64, 79
63, 80
62, 81
61, 82
60, 83
60, 84
60, 85
60, 85
63, 86
63, 86
62, 85
62, 84
62, 83
62, 83
61, 83
61, 83
62, 82
62, 81
62, 80
62, 79
62, 78
62, 78
60, 83
60, 84
60, 85
60, 86
60, 87
60, 88
60, 88
65, 79
64, 78
63, 78
62, 78
61, 78
60, 78
60, 78
59, 77
59, 77
60, 78
60, 78
66, 87
65, 86
66, 85
66, 85
65, 84
64, 84
64, 84
67, 79
67, 78
67, 77
68, 77
68, 77
67, 76
68, 77
68, 77
68, 77
61, 78
60, 79
59, 79
58, 79
57, 79
56, 79
55, 79
54, 79
54, 79
66, 79
66, 79
67, 78
67, 77
67, 76
67, 76
67, 76
67, 76
67, 76
59, 75
58, 76
57, 77
57, 78
57, 78
57, 77
57, 77
57, 77
61, 80
60, 80
60, 80
61, 80
61, 80
62, 81
63, 81
63, 81
64, 82
65, 83
66, 84
66, 84
59, 85
60, 86
61, 87
62, 88
63, 89
64, 90
64, 90
54, 80
55, 81
56, 82
55, 83
55, 83
56, 84
56, 84
57, 76
58, 77
59, 78
60, 79
61, 80
61, 81
61, 82
61, 83
61, 84
61, 84
62, 73
63, 74
63, 74
62, 75
62, 76
62, 77
62, 78
62, 79
62, 80
62, 81
62, 82
62, 82
57, 80
58, 79
58, 79
57, 79
57, 79
58, 80
59, 81
60, 82
60, 82
55, 81
55, 81
54, 80
55, 80
55, 80
54, 79
54, 78
53, 79
53, 79
54, 78
55, 78
55, 78
54, 77
53, 77
53, 77
53, 77
55, 81
56, 80
56, 80
57, 81
58, 81
59, 81
59, 81
67, 83
67, 82
67, 81
67, 82
67, 82
66, 81
66, 81
67, 80
67, 79
67, 78
67, 78
64, 72
64, 71
64, 71
64, 71
64, 71
64, 71
64, 72
64, 72
64, 71
64, 71
64, 71
63, 83
62, 82
61, 81
62, 81
62, 81
61, 80
60, 79
59, 78
58, 77
58, 76
58, 76
58, 76
54, 87
53, 86
53, 85
53, 84
53, 83
53, 82
53, 82
61, 81
62, 80
63, 79
62, 79
62, 79
63, 79
64, 79
65, 79
65, 79
59, 82
58, 83
57, 84
56, 85
55, 84
55, 84
54, 85
53, 86
53, 86
64, 79
63, 80
62, 81
61, 82
62, 82
62, 82
61, 83
60, 83
59, 84
59, 84
59, 84
60, 83
59, 82
58, 81
58, 80
58, 79
59, 79
59, 79
59, 79
61, 81
62, 82
62, 82
61, 81
60, 80
59, 79
60, 78
60, 78
60, 78
57, 86
57, 85
57, 85
56, 86
55, 87
54, 87
55, 88
55, 88
54, 89
54, 89
55, 88
55, 88
54, 87
54, 87
63, 85
64, 84
65, 83
66, 83
66, 83
65, 82
65, 81
65, 80
65, 79
65, 78
65, 78
60, 82
59, 82
59, 82
59, 81
59, 81
60, 82
61, 82
62, 81
62, 81
63, 82
64, 82
65, 82
65, 82
66, 82
66, 82
54, 76
55, 76
55, 77
55, 77
56, 76
57, 76
57, 76
59, 88
58, 88
57, 88
56, 88
55, 88
54, 88
54, 88
55, 78
56, 77
57, 77
56, 76
56, 76
57, 77
56, 78
56, 78
57, 77
57, 77
61, 79
62, 80
63, 81
63, 81
63, 81
63, 81
63, 81
63, 81
63, 81
64, 81
64, 81
64, 81
63, 89
62, 88
61, 87
61, 87
60, 87
60, 87
60, 87
60, 87
60, 87
61, 86
61, 86
62, 86
62, 86
61, 87
60, 88
59, 88
59, 88
67, 75
67, 75
68, 76
69, 77
69, 78
69, 79
69, 80
69, 80
69, 80
69, 80
58, 78
59, 79
60, 80
61, 81
62, 81
62, 81
65, 85
64, 86
63, 87
62, 88
61, 89
61, 89
61, 89
63, 72
62, 71
62, 71
61, 72
60, 73
59, 74
58, 75
57, 76
56, 77
56, 78
56, 79
56, 79
61, 79
62, 80
62, 80
61, 81
60, 82
59, 83
58, 83
58, 83
57, 83
58, 82
58, 82
59, 81
58, 82
58, 82
58, 83
58, 83
59, 82
60, 81
61, 80
61, 80
67, 76
66, 75
65, 74
64, 73
64, 72
64, 72
63, 71
64, 71
64, 71
63, 70
62, 70
61, 70
61, 70
66, 77
66, 78
66, 78
65, 77
64, 76
65, 75
65, 75
64, 74
63, 73
63, 73
63, 81
62, 82
61, 81
62, 81
62, 80
62, 79
62, 79
67, 82
66, 81
65, 80
64, 81
63, 81
63, 81
66, 80
65, 81
64, 80
65, 81
64, 81
65, 82
65, 81
65, 82
64, 83
65, 82
65, 82
62, 79
61, 78
60, 79
61, 78
62, 78
62, 78
59, 87
58, 88
58, 87
58, 88
59, 89
59, 88
59, 87
59, 87
58, 77
57, 77
57, 76
58, 76
58, 75
57, 76
56, 75
56, 75
57, 83
56, 82
56, 81
56, 82
57, 81
57, 82
57, 82
53, 81
53, 82
54, 82
54, 83
55, 84
54, 83
55, 82
55, 82
53, 88
54, 89
54, 90
55, 91
54, 91
53, 91
54, 90
54, 89
53, 88
53, 88
68, 80
67, 79
67, 78
66, 79
65, 78
65, 78
65, 79
64, 80
63, 80
62, 81
63, 82
64, 83
64, 83
54, 87
53, 88
54, 87
54, 88
54, 87
54, 87
60, 88
61, 87
61, 86
60, 86
61, 85
62, 84
62, 83
63, 83
63, 82
63, 82
65, 81
66, 81
67, 82
66, 82
66, 83
66, 84
66, 84
56, 77
55, 77
54, 77
54, 76
53, 76
53, 76
55, 79
55, 78
54, 77
55, 76
54, 77
54, 76
53, 77
52, 78
52, 78
62, 71
62, 70
62, 69
61, 69
60, 68
59, 69
60, 68
61, 69
60, 68
60, 68
59, 85
59, 86
58, 85
59, 85
60, 85
60, 85
64, 74
63, 75
64, 74
63, 74
62, 75
61, 74
60, 74
60, 74
57, 75
58, 74
58, 75
57, 75
56, 75
55, 76
55, 76
55, 88
54, 89
53, 90
53, 91
53, 92
53, 91
53, 91
58, 79
57, 80
58, 80
57, 81
57, 80
56, 80
55, 81
54, 82
54, 82
59, 77
58, 77
59, 78
58, 79
58, 78
59, 78
59, 77
59, 77
59, 87
59, 88
58, 88
59, 88
60, 89
59, 90
60, 90
60, 90
59, 84
60, 85
61, 86
60, 87
60, 86
61, 87
61, 86
61, 86
62, 82
63, 81
62, 80
61, 81
61, 82
61, 82
51, 77
52, 76
53, 75
52, 75
52, 74
52, 73
51, 72
51, 71
51, 71
54, 83
53, 83
52, 82
51, 82
51, 83
51, 82
52, 82
52, 82
59, 86
60, 85
59, 84
58, 85
57, 84
56, 85
55, 84
56, 83
56, 83
56, 75
57, 75
58, 74
58, 75
57, 75
57, 76
56, 75
56, 76
55, 75
55, 75
63, 79
64, 78
64, 77
65, 78
64, 79
63, 80
63, 79
63, 79
61, 89
62, 90
62, 91
62, 90
62, 91
62, 90
63, 90
63, 89
62, 89
63, 90
63, 90
54, 88
55, 88
55, 87
55, 88
55, 87
55, 86
55, 86
57, 83
57, 82
58, 83
59, 82
60, 81
60, 81
65, 79
66, 80
67, 79
68, 78
69, 77
69, 77
53, 86
54, 85
53, 86
54, 86
53, 87
52, 87
51, 86
50, 86
51, 85
51, 86
51, 86
61, 75
60, 76
59, 75
59, 76
59, 77
60, 78
61, 79
61, 79
65, 82
66, 82
65, 82
65, 81
64, 80
65, 79
66, 80
65, 81
66, 81
67, 82
67, 82
60, 77
60, 76
60, 77
60, 78
60, 79
60, 78
60, 77
59, 78
59, 78
59, 67
59, 68
58, 67
57, 67
57, 66
56, 66
57, 67
57, 68
56, 69
56, 69
63, 79
64, 79
65, 79
64, 79
65, 78
65, 79
65, 80
66, 80
66, 80
53, 90
53, 91
54, 91
53, 92
54, 91
54, 90
53, 91
54, 90
54, 90
52, 77
51, 78
52, 78
53, 78
54, 79
55, 80
56, 80
55, 81
55, 81
65, 84
65, 83
65, 82
66, 82
67, 81
68, 80
68, 79
67, 79
66, 79
66, 79
64, 82
63, 82
62, 82
61, 81
61, 80
60, 81
59, 82
58, 81
58, 81
57, 75
58, 74
57, 73
56, 74
57, 75
56, 75
55, 75
54, 74
55, 73
55, 73
53, 82
53, 83
52, 82
51, 81
52, 82
52, 82
64, 82
63, 83
62, 84
63, 83
62, 84
61, 85
61, 84
62, 85
62, 85
55, 70
54, 71
53, 72
52, 73
51, 74
50, 75
50, 75
62, 85
63, 84
64, 83
65, 82
66, 81
66, 80
66, 80
66, 79
66, 78
66, 78
66, 78
57, 80
56, 79
55, 78
54, 77
53, 76
52, 75
52, 75
51, 74
51, 74
50, 70
49, 69
48, 68
47, 67
46, 66
45, 65
44, 64
43, 63
43, 63
55, 72
55, 71
55, 70
55, 69
55, 68
55, 67
55, 66
55, 65
55, 64
55, 63
55, 63
59, 80
58, 80
58, 80
57, 80
56, 80
55, 80
54, 80
53, 80
52, 80
52, 80
62, 89
61, 88
60, 87
59, 86
58, 85
58, 85
57, 84
57, 84
57, 84
56, 85
57, 84
57, 84
57, 84
58, 83
58, 83
55, 81
54, 80
53, 79
52, 78
51, 77
50, 76
49, 76
48, 76
47, 76
47, 76
47, 76
58, 79
58, 79
57, 79
57, 79
56, 79
55, 79
54, 79
53, 79
52, 79
52, 79
69, 77
68, 76
67, 75
66, 74
65, 73
64, 72
63, 71
62, 70
61, 69
60, 68
60, 68
51, 81
50, 80
50, 80
50, 80
49, 79
49, 79
51, 81
50, 80
49, 79
48, 78
47, 77
46, 76
46, 76
60, 81
59, 80
58, 79
57, 78
56, 77
56, 77
55, 76
54, 75
53, 74
53, 74
61, 79
60, 78
59, 77
58, 76
57, 75
56, 74
56, 73
56, 72
56, 72
55, 82
54, 81
54, 81
53, 80
53, 79
53, 78
53, 77
53, 77
53, 77
67, 82
66, 81
65, 80
64, 79
63, 78
62, 77
61, 76
60, 75
59, 74
58, 73
58, 73
66, 79
65, 78
64, 77
63, 76
62, 75
61, 74
60, 73
60, 73
55, 89
55, 89
55, 89
56, 88
57, 87
58, 86
59, 85
59, 85
59, 85
59, 85
55, 75
56, 76
57, 77
57, 77
58, 77
58, 77
58, 77
62, 78
61, 77
61, 77
60, 76
59, 75
58, 74
58, 74
51, 86
51, 86
52, 85
53, 84
54, 83
55, 82
55, 81
55, 80
55, 79
55, 78
55, 78
65, 81
64, 82
63, 83
62, 84
61, 84
60, 84
59, 84
58, 84
58, 84
60, 85
59, 84
58, 83
57, 82
57, 82
57, 82
56, 81
55, 80
55, 80
54, 79
54, 79
59, 74
60, 75
61, 76
62, 77
63, 78
64, 79
65, 80
66, 81
66, 81
57, 76
56, 75
55, 74
54, 73
54, 73
53, 72
52, 71
52, 71
51, 79
50, 78
49, 77
49, 77
48, 76
48, 76
55, 71
54, 70
54, 70
53, 69
52, 68
51, 67
51, 67
51, 67
51, 67
51, 67
51, 67
48, 75
49, 74
49, 74
49, 73
49, 72
49, 71
49, 71
49, 71
49, 71
49, 70
49, 70
54, 76
55, 75
56, 74
57, 73
57, 73
57, 73
57, 73
58, 72
59, 71
59, 71
54, 73
55, 72
56, 71
57, 70
57, 70
57, 69
57, 68
57, 68
57, 68
60, 68
59, 67
59, 67
58, 66
57, 65
57, 65
57, 65
57, 65
51, 74
50, 73
50, 73
49, 72
48, 71
48, 71
47, 70
47, 68
48, 67
49, 66
50, 65
50, 64
50, 63
50, 62
50, 61
50, 60
50, 59
50, 58
50, 57
50, 56
50, 56
59, 74
59, 74
58, 75
58, 75
57, 76
56, 77
56, 77
43, 61
44, 60
45, 59
46, 58
47, 57
48, 56
47, 55
46, 54
45, 53
45, 53
44, 53
44, 53
43, 53
42, 53
42, 53
65, 77
64, 76
63, 75
62, 74
62, 73
62, 72
62, 71
62, 70
62, 70
62, 70
47, 77
48, 77
49, 77
50, 77
50, 77
50, 77
51, 77
52, 77
53, 77
53, 77
58, 84
57, 83
56, 82
56, 82
56, 82
55, 81
55, 81
54, 80
54, 80
54, 62
53, 61
53, 61
52, 60
51, 59
50, 58
49, 57
49, 57
57, 83
56, 82
56, 82
55, 81
54, 80
53, 79
52, 78
51, 77
51, 77
53, 78
52, 77
51, 76
50, 75
49, 74
48, 73
47, 72
46, 71
46, 71
56, 77
57, 76
58, 75
59, 74
60, 73
60, 72
60, 71
60, 71
60, 70
60, 70
57, 82
56, 81
55, 80
54, 79
53, 78
52, 77
51, 76
51, 76
50, 75
49, 74
49, 74
50, 76
50, 77
50, 78
50, 79
50, 79
50, 80
50, 81
50, 82
50, 82
49, 79
49, 78
49, 77
49, 76
49, 76
49, 76
57, 73
56, 72
55, 71
54, 70
54, 70
53, 69
52, 68
51, 67
50, 66
50, 66
50, 66
51, 78
50, 77
50, 77
49, 76
48, 75
47, 74
47, 74
47, 74
47, 73
47, 72
47, 72
56, 83
55, 82
54, 81
53, 80
52, 79
51, 78
50, 77
49, 76
48, 75
47, 74
47, 74
43, 54
43, 54
43, 54
44, 55
44, 55
44, 55
46, 71
45, 70
44, 69
43, 68
42, 67
42, 67
49, 77
50, 78
51, 79
52, 80
53, 81
53, 81
52, 71
52, 71
51, 70
50, 69
49, 68
49, 68
55, 76
54, 75
53, 74
52, 73
51, 73
51, 73
50, 73
50, 73
50, 66
50, 66
49, 66
48, 66
47, 66
46, 66
45, 66
45, 66
49, 70
48, 69
47, 68
47, 68
46, 67
45, 66
44, 65
43, 64
42, 63
42, 63
42, 63
47, 70
48, 69
49, 68
49, 67
49, 66
49, 66
49, 66
48, 73
48, 73
48, 73
48, 73
47, 72
47, 72
50, 75
51, 74
52, 73
53, 72
54, 71
55, 70
56, 69
56, 69
57, 68
57, 68
57, 68
66, 81
65, 82
64, 83
64, 83
63, 83
63, 83
50, 76
49, 75
48, 74
47, 73
46, 72
46, 72
59, 69
58, 68
57, 67
57, 67
56, 66
56, 66
51, 81
52, 80
53, 79
54, 78
55, 77
56, 76
56, 76
49, 67
48, 68
47, 69
47, 69
46, 70
46, 70
46, 70
46, 71
46, 71
46, 72
46, 72
49, 57
50, 58
51, 59
52, 60
53, 61
53, 61
49, 55
48, 54
48, 54
47, 53
46, 52
45, 51
44, 50
43, 49
43, 49
63, 69
63, 68
63, 67
63, 66
63, 65
63, 64
63, 64
63, 63
63, 62
63, 62
48, 73
49, 72
50, 71
50, 71
51, 70
51, 69
51, 68
51, 67
51, 66
51, 66
56, 69
56, 69
55, 70
54, 71
53, 72
52, 73
52, 73
52, 74
52, 74
53, 79
53, 79
52, 78
52, 78
51, 77
50, 76
49, 75
48, 74
47, 73
47, 73
56, 64
56, 64
55, 63
54, 62
53, 61
53, 61
52, 76
51, 75
50, 74
49, 73
49, 72
49, 71
49, 70
49, 69
49, 69
58, 70
57, 69
56, 68
55, 67
54, 66
54, 66
62, 61
62, 61
61, 60
60, 59
60, 59
59, 58
58, 57
57, 56
57, 56
56, 67
55, 66
55, 66
55, 66
54, 65
54, 65
50, 65
49, 64
48, 64
48, 64
48, 64
47, 64
47, 64
41, 62
40, 61
39, 60
38, 59
37, 58
36, 57
35, 56
34, 55
34, 55
45, 66
46, 67
47, 68
47, 69
47, 70
47, 71
47, 71
55, 75
55, 75
54, 74
53, 73
52, 72
51, 71
50, 70
50, 70
48, 72
49, 71
50, 70
50, 70
51, 69
52, 68
53, 67
54, 66
54, 66
55, 65
55, 65
50, 70
50, 70
50, 70
51, 71
52, 72
53, 73
53, 73
53, 73
52, 74
52, 74
51, 73
50, 72
50, 72
49, 71
48, 70
47, 69
47, 69
44, 50
45, 51
45, 51
46, 52
47, 53
48, 54
49, 55
49, 55
54, 80
55, 79
56, 78
57, 77
58, 76
59, 75
59, 75
60, 74
60, 74
47, 71
48, 70
49, 69
50, 68
51, 67
52, 66
52, 66
52, 66
50, 65
51, 64
51, 64
52, 63
52, 62
52, 61
52, 61
52, 60
52, 59
52, 59
63, 83
62, 82
62, 82
61, 81
61, 81
60, 80
60, 80
59, 79
59, 79
52, 60
51, 59
50, 58
50, 58
49, 57
48, 56
47, 56
47, 56
48, 71
49, 70
49, 69
49, 68
49, 67
49, 66
49, 66
49, 72
48, 71
47, 70
47, 68
48, 67
49, 66
50, 65
50, 64
50, 63
50, 61
50, 60
50, 59
50, 58
50, 57
50, 56
50, 55
50, 54
50, 53
49, 52
49, 52
47, 71
48, 70
49, 69
50, 68
51, 67
52, 66
52, 66
53, 65
53, 65
55, 65
54, 64
53, 63
52, 62
51, 61
51, 61
50, 60
49, 59
48, 58
47, 57
47, 57
54, 60
54, 60
55, 59
56, 58
57, 57
58, 56
58, 54
57, 53
56, 52
55, 51
54, 50
53, 50
54, 49
54, 49
41, 66
41, 66
41, 66
40, 65
39, 64
38, 63
37, 62
36, 61
36, 61
55, 67
55, 67
56, 68
56, 68
56, 68
56, 68
56, 69
56, 69
56, 69
56, 69
49, 69
49, 70
49, 70
49, 71
49, 71
49, 72
49, 73
49, 74
49, 74
43, 56
43, 56
42, 57
41, 58
40, 59
39, 60
38, 61
38, 61
38, 61
58, 78
57, 77
56, 76
56, 76
55, 75
54, 74
54, 74
53, 73
52, 72
52, 72
35, 54
35, 54
36, 53
37, 52
38, 51
39, 50
40, 49
41, 49
41, 49
49, 69
48, 68
47, 67
47, 67
46, 66
45, 65
44, 64
43, 63
43, 61
44, 60
45, 59
46, 58
47, 57
48, 56
49, 55
50, 54
50, 53
50, 53
48, 58
48, 58
49, 59
50, 60
51, 61
51, 62
51, 63
51, 63
37, 61
37, 61
37, 61
38, 61
39, 61
39, 61
48, 56
47, 57
47, 57
48, 56
49, 55
50, 54
50, 53
50, 52
49, 53
48, 54
47, 55
47, 55
51, 65
50, 64
50, 62
50, 61
50, 60
50, 59
50, 58
50, 57
50, 56
50, 55
49, 54
48, 53
48, 53
48, 53
46, 55
46, 55
45, 54
44, 53
43, 52
42, 51
42, 51
42, 51
53, 50
52, 51
51, 52
50, 53
49, 54
48, 54
48, 54
47, 54
46, 54
46, 54
54, 64
54, 63
54, 62
54, 61
54, 60
54, 59
54, 58
54, 58
53, 64
52, 63
52, 63
51, 62
50, 61
49, 60
48, 59
48, 59
56, 64
56, 63
56, 62
56, 62
56, 62
56, 62
56, 61
56, 61
56, 60
56, 60
56, 60
48, 68
49, 67
50, 66
50, 66
51, 65
51, 64
51, 64
51, 63
51, 62
51, 61
51, 61
56, 55
55, 54
54, 53
53, 52
52, 51
52, 51
51, 50
50, 49
49, 48
49, 48
49, 66
48, 65
48, 65
47, 64
46, 63
46, 63
50, 51
51, 50
52, 49
53, 48
53, 48
54, 47
55, 46
56, 45
57, 44
58, 44
58, 44
46, 65
45, 66
44, 67
43, 68
42, 69
42, 69
55, 68
55, 68
54, 67
53, 66
52, 65
52, 65
60, 74
59, 73
58, 72
58, 72
58, 72
57, 71
57, 71
51, 60
50, 60
49, 60
49, 60
48, 60
48, 59
49, 58
50, 57
50, 56
50, 55
50, 54
50, 53
49, 54
48, 55
47, 56
47, 56
47, 71
47, 71
46, 70
45, 69
44, 69
44, 69
43, 69
43, 69
42, 69
42, 69
54, 74
55, 75
56, 76
56, 76
56, 76
57, 77
57, 77
48, 73
48, 73
47, 72
46, 71
45, 70
44, 69
43, 68
42, 67
41, 66
41, 65
41, 65
37, 62
36, 63
35, 64
34, 65
34, 66
34, 67
34, 68
34, 69
34, 70
34, 70
42, 50
43, 51
43, 52
43, 53
43, 53
43, 53
43, 53
43, 53
46, 63
46, 63
45, 62
45, 60
46, 59
47, 58
48, 57
49, 56
50, 55
50, 54
50, 53
50, 52
50, 51
50, 51
49, 50
48, 49
48, 49
47, 48
46, 47
46, 47
40, 62
40, 62
41, 63
42, 64
42, 64
43, 65
43, 65
50, 49
51, 50
52, 51
53, 52
54, 53
54, 53
49, 54
50, 55
51, 56
52, 57
53, 58
54, 59
55, 60
56, 61
56, 61
57, 77
56, 76
55, 75
55, 75
54, 74
53, 73
52, 73
52, 73
58, 72
59, 73
60, 74
61, 75
62, 76
63, 76
63, 76
64, 76
64, 76
64, 76
57, 45
57, 45
56, 46
54, 48
53, 49
52, 50
51, 50
50, 50
51, 51
52, 52
53, 53
53, 54
53, 55
53, 56
53, 56
48, 56
48, 56
49, 57
50, 58
51, 59
52, 60
53, 61
54, 62
54, 62
54, 62
35, 69
35, 68
35, 67
35, 66
35, 65
35, 64
35, 63
35, 62
35, 61
35, 61
48, 59
47, 58
46, 57
46, 57
46, 55
47, 54
48, 53
49, 52
50, 51
50, 50
50, 50
50, 50
50, 50
50, 50
49, 49
49, 49
49, 49
50, 64
49, 65
48, 66
48, 66
47, 67
47, 67
46, 68
45, 69
45, 69
49, 52
49, 52
48, 51
47, 51
46, 51
45, 51
45, 51
45, 51
53, 66
54, 67
54, 67
55, 68
56, 69
56, 69
56, 69
57, 70
57, 70
41, 52
40, 52
39, 52
38, 52
37, 52
36, 52
36, 52
36, 52
48, 57
49, 58
49, 58
50, 59
50, 59
51, 60
52, 61
53, 61
53, 61
53, 57
53, 57
52, 56
51, 55
50, 54
50, 54
50, 54
47, 53
47, 53
48, 52
49, 51
50, 50
51, 49
52, 48
52, 48
42, 64
43, 63
44, 62
45, 61
47, 59
48, 58
49, 57
50, 56
50, 55
50, 54
50, 53
49, 52
48, 51
48, 50
48, 49
48, 49
48, 49
52, 72
51, 71
50, 70
50, 70
50, 70
49, 69
48, 68
47, 67
46, 66
45, 65
45, 65
43, 70
43, 70
44, 71
45, 72
46, 73
47, 74
48, 75
49, 76
50, 77
50, 77
52, 62
53, 63
53, 63
53, 64
53, 64
53, 64
53, 65
53, 66
53, 66
43, 68
44, 67
45, 66
46, 65
47, 64
47, 64
55, 61
55, 61
54, 62
54, 62
53, 63
53, 63
51, 55
52, 56
53, 57
54, 58
54, 59
54, 59
51, 72
50, 71
50, 71
49, 70
48, 69
48, 69
48, 69
44, 54
44, 54
46, 54
47, 53
48, 52
49, 51
50, 50
50, 50
50, 50
50, 50
51, 51
51, 52
51, 53
51, 54
51, 54
51, 54
54, 62
55, 63
56, 64
56, 64
56, 64
56, 64
53, 52
53, 52
52, 51
51, 50
50, 49
50, 49
49, 48
48, 47
47, 46
47, 46
46, 52
46, 52
47, 53
47, 53
48, 54
48, 54
47, 48
47, 48
46, 47
45, 46
44, 45
44, 45
45, 46
46, 47
47, 48
48, 49
49, 50
50, 50
50, 50
56, 61
55, 60
54, 59
53, 58
52, 57
52, 57
52, 57
53, 55
53, 54
53, 53
53, 53
53, 52
53, 51
53, 50
53, 50
53, 50
53, 50
49, 76
49, 76
48, 75
47, 74
46, 73
45, 72
45, 72
64, 76
63, 77
62, 78
61, 79
61, 79
61, 79
60, 80
60, 80
52, 65
51, 64
50, 62
50, 61
50, 60
50, 59
50, 58
50, 57
50, 56
50, 55
49, 55
48, 55
47, 55
47, 55
46, 55
46, 54
47, 53
48, 52
49, 51
50, 50
50, 50
50, 50
50, 50
50, 50
49, 51
49, 51
53, 49
54, 50
54, 50
53, 50
52, 50
51, 50
50, 50
50, 50
50, 50
50, 50
50, 50
51, 51
52, 52
53, 53
54, 54
55, 55
55, 56
55, 56
44, 66
45, 67
46, 68
47, 69
48, 70
49, 71
50, 72
50, 72
44, 64
43, 63
43, 61
44, 60
45, 59
46, 58
47, 57
48, 56
49, 55
50, 54
49, 53
48, 52
47, 52
47, 52
47, 52
48, 63
50, 61
50, 60
50, 59
50, 58
50, 57
50, 56
50, 56
51, 55
52, 54
53, 53
53, 51
52, 50
51, 50
50, 50
50, 50
50, 50
50, 50
47, 48
47, 48
47, 48
48, 49
49, 50
49, 50
49, 50
44, 68
43, 67
42, 66
41, 65
40, 64
39, 63
39, 63
38, 62
37, 61
37, 61
35, 61
36, 62
36, 62
37, 62
38, 62
39, 62
40, 62
40, 62
35, 53
34, 54
33, 55
32, 56
31, 57
31, 57
30, 58
30, 58
29, 59
29, 59
52, 64
52, 64
51, 65
50, 66
49, 67
49, 67
52, 62
51, 63
50, 64
49, 65
48, 65
47, 65
47, 65
46, 65
46, 65
56, 69
55, 68
55, 68
54, 67
53, 66
52, 65
51, 64
51, 64
51, 64
50, 62
50, 61
50, 60
50, 59
50, 58
50, 57
50, 56
50, 55
50, 54
50, 54
50, 50
51, 51
51, 52
51, 53
51, 54
51, 55
51, 56
51, 57
51, 58
51, 58
46, 53
47, 54
47, 55
47, 54
47, 55
47, 55
46, 45
45, 45
44, 44
45, 45
46, 46
47, 46
47, 46
36, 62
37, 62
36, 62
35, 63
36, 62
36, 63
36, 64
35, 64
35, 64
50, 51
50, 50
50, 51
49, 50
48, 49
48, 50
48, 49
48, 49
48, 53
47, 52
48, 53
48, 54
49, 53
50, 53
51, 53
50, 53
51, 53
51, 53
56, 55
55, 55
54, 55
55, 56
55, 55
54, 54
53, 55
54, 54
54, 54
41, 63
42, 64
41, 64
41, 63
42, 63
42, 63
48, 51
47, 51
48, 50
47, 51
47, 50
48, 51
49, 50
49, 50
56, 63
55, 63
56, 64
55, 63
56, 64
55, 64
54, 64
53, 63
52, 62
51, 63
51, 63
53, 49
54, 49
53, 49
52, 49
52, 48
53, 48
54, 48
54, 49
53, 50
53, 50
49, 71
48, 70
48, 69
49, 68
49, 69
50, 68
51, 68
50, 67
51, 66
50, 65
50, 65
47, 69
46, 68
47, 68
48, 68
48, 69
49, 69
48, 69
47, 70
48, 71
48, 71
50, 58
51, 58
51, 59
51, 58
51, 57
52, 56
52, 55
53, 54
52, 55
52, 55
53, 59
52, 59
52, 60
53, 60
53, 59
53, 59
49, 68
49, 69
50, 70
49, 69
50, 68
50, 69
50, 69
53, 57
53, 56
52, 57
53, 56
53, 55
54, 54
53, 53
53, 53
46, 71
47, 71
46, 70
47, 70
47, 69
48, 70
48, 70
45, 64
45, 63
44, 63
45, 63
46, 63
45, 63
46, 62
47, 63
47, 63
48, 51
48, 52
47, 52
47, 53
48, 52
49, 52
48, 53
48, 52
49, 52
49, 52
60, 81
61, 82
62, 82
61, 82
61, 81
62, 82
62, 82
30, 60
31, 61
31, 60
30, 61
31, 61
31, 60
32, 59
31, 59
30, 58
31, 58
31, 58
50, 51
49, 52
48, 53
49, 52
50, 53
51, 53
52, 52
52, 51
52, 51
51, 53
51, 54
52, 54
52, 55
51, 56
52, 55
53, 55
52, 54
52, 55
53, 55
53, 55
50, 55
49, 55
48, 54
47, 53
46, 53
45, 53
44, 52
44, 51
44, 50
43, 49
43, 49
51, 66
50, 66
50, 67
51, 66
50, 65
49, 65
49, 66
49, 66
52, 54
53, 55
53, 56
52, 55
51, 55
50, 56
50, 56
51, 62
50, 61
49, 61
50, 60
49, 60
49, 60
48, 49
47, 50
47, 51
48, 50
48, 51
48, 50
47, 51
46, 50
46, 49
47, 49
47, 49
51, 54
50, 55
49, 54
50, 54
51, 54
51, 53
52, 53
52, 53
47, 56
48, 56
49, 57
49, 56
50, 55
50, 55
34, 65
35, 66
36, 66
35, 65
34, 65
34, 65
55, 55
54, 54
53, 53
54, 53
54, 54
54, 55
54, 54
53, 55
53, 54
52, 55
52, 55
42, 64
42, 63
43, 63
42, 63
41, 63
41, 63
47, 47
48, 46
47, 46
47, 47
46, 46
46, 46
63, 81
63, 80
64, 79
65, 79
66, 79
67, 78
66, 78
66, 78
48, 53
47, 54
48, 54
48, 55
49, 56
50, 56
49, 55
50, 56
50, 57
50, 57
48, 72
48, 73
47, 72
46, 72
47, 72
47, 73
48, 73
47, 74
47, 73
47, 72
47, 72
47, 48
47, 49
47, 50
46, 50
46, 49
47, 49
46, 50
46, 50
50, 70
51, 69
50, 70
49, 69
48, 69
47, 68
48, 68
47, 68
46, 68
46, 68
49, 70
48, 70
49, 70
50, 71
49, 72
49, 72
51, 51
52, 52
52, 53
52, 52
52, 53
52, 53
48, 63
47, 64
46, 65
47, 64
47, 65
46, 64
47, 64
47, 64
53, 56
54, 57
54, 56
54, 55
54, 54
55, 53
55, 53
42, 48
43, 47
42, 47
43, 46
44, 45
44, 45
53, 54
53, 55
53, 54
52, 54
52, 55
52, 54
51, 53
51, 52
52, 51
52, 51
54, 51
53, 50
54, 49
54, 48
54, 47
54, 47
32, 58
31, 57
30, 57
31, 58
31, 57
31, 57
54, 60
54, 59
53, 58
53, 57
54, 56
55, 56
55, 55
54, 56
55, 55
55, 55
51, 52
52, 53
52, 54
52, 53
53, 54
54, 54
54, 54
53, 50
54, 51
55, 50
55, 49
54, 49
53, 50
53, 50
32, 56
32, 55
33, 55
33, 56
32, 56
32, 57
33, 58
33, 58
51, 55
52, 56
53, 56
53, 57
52, 58
52, 57
52, 56
52, 56
45, 69
44, 70
43, 69
44, 69
43, 68
43, 68
41, 64
41, 63
40, 62
39, 62
39, 61
38, 62
38, 62
51, 58
50, 58
49, 59
50, 60
49, 60
50, 59
50, 59
56, 54
56, 55
57, 54
56, 55
57, 54
58, 55
57, 54
56, 54
55, 54
55, 54
46, 49
47, 48
48, 48
49, 48
48, 48
49, 49
49, 49
33, 64
32, 65
31, 66
31, 67
30, 68
30, 68
54, 56
53, 57
52, 58
52, 59
51, 59
51, 60
51, 60
53, 56
53, 57
52, 57
52, 58
51, 59
52, 59
51, 58
51, 57
51, 58
50, 59
50, 59
50, 60
51, 61
51, 62
50, 62
49, 61
50, 61
51, 62
51, 62
45, 50
44, 50
43, 50
44, 51
44, 50
45, 50
44, 49
45, 50
45, 50
50, 55
49, 55
48, 54
48, 53
49, 53
50, 52
49, 53
49, 53
48, 71
49, 72
48, 71
49, 70
50, 69
50, 70
50, 69
50, 69
54, 46
55, 45
54, 44
54, 45
55, 46
56, 46
56, 45
57, 44
57, 44
50, 66
50, 65
51, 65
50, 64
50, 65
51, 64
52, 65
52, 65
44, 46
45, 45
46, 44
47, 45
47, 44
46, 43
47, 43
48, 42
48, 43
48, 43
46, 45
47, 44
47, 43
48, 43
48, 44
48, 43
48, 43
46, 64
47, 64
48, 64
49, 64
50, 64
49, 64
50, 64
50, 64
50, 73
51, 72
51, 71
52, 70
53, 70
52, 71
53, 71
54, 71
55, 70
55, 70
52, 52
51, 51
50, 50
49, 49
50, 49
49, 48
48, 49
48, 49
66, 79
66, 78
65, 79
66, 79
65, 80
65, 81
65, 81
48, 42
49, 41
48, 40
47, 40
48, 40
49, 39
50, 40
51, 40
50, 40
50, 40
52, 61
52, 60
51, 61
52, 62
51, 61
51, 61
46, 50
45, 50
46, 50
46, 51
46, 52
47, 52
46, 52
46, 52
52, 49
52, 48
52, 47
53, 46
52, 46
52, 46
53, 56
52, 55
51, 56
52, 56
51, 55
52, 56
52, 56
56, 53
55, 53
54, 54
55, 54
56, 55
57, 56
57, 55
56, 55
57, 56
56, 56
56, 56
49, 44
49, 45
48, 45
49, 44
48, 45
48, 45
56, 71
55, 70
54, 70
55, 69
55, 70
54, 69
55, 69
54, 70
54, 70
51, 65
51, 64
50, 64
51, 63
50, 62
51, 63
51, 63
47, 49
48, 48
49, 47
50, 48
50, 49
49, 50
50, 49
50, 50
50, 50
64, 82
63, 83
64, 82
65, 83
66, 82
66, 82
34, 58
35, 59
36, 58
35, 58
34, 57
33, 57
33, 58
33, 57
32, 58
32, 58
58, 43
58, 42
59, 43
58, 42
59, 42
59, 41
59, 41
49, 58
50, 57
49, 57
50, 58
51, 59
52, 59
51, 58
51, 58
51, 61
50, 61
50, 62
51, 63
52, 62
51, 61
51, 62
52, 63
52, 63
51, 64
52, 64
52, 63
53, 63
53, 62
54, 62
55, 62
54, 61
55, 62
56, 62
56, 62
43, 67
42, 68
41, 68
40, 68
39, 69
39, 68
40, 69
39, 70
39, 70
49, 58
48, 59
47, 59
48, 59
48, 60
48, 59
48, 59
31, 68
30, 67
29, 66
30, 67
30, 68
30, 69
30, 68
31, 69
32, 69
32, 69
38, 63
38, 62
37, 62
38, 62
37, 61
36, 60
36, 61
35, 62
35, 62
48, 48
47, 48
46, 48
45, 48
44, 47
43, 46
44, 45
44, 44
43, 43
44, 44
44, 44
51, 69
50, 68
50, 67
50, 66
49, 66
48, 67
47, 68
48, 68
48, 68
55, 54
56, 54
55, 55
56, 54
56, 55
55, 54
56, 53
57, 54
57, 54
48, 53
49, 53
50, 53
50, 52
50, 51
51, 51
51, 52
51, 52
56, 57
56, 56
55, 55
54, 55
53, 55
53, 54
52, 55
51, 54
51, 54
52, 55
52, 54
51, 53
50, 53
49, 54
49, 54
51, 49
52, 50
52, 51
53, 50
52, 51
51, 50
50, 49
51, 48
52, 49
53, 48
53, 48
51, 46
50, 45
50, 46
51, 46
52, 46
52, 46
60, 41
59, 40
60, 40
60, 39
61, 39
62, 38
62, 37
63, 37
64, 38
64, 38
65, 83
64, 82
65, 83
66, 82
67, 81
66, 81
65, 82
64, 82
65, 82
65, 82
35, 61
36, 62
35, 63
35, 62
34, 61
34, 61
50, 51
51, 51
52, 51
51, 50
51, 49
51, 48
52, 49
51, 49
50, 50
50, 50
52, 63
52, 62
52, 61
51, 60
50, 60
50, 60
51, 60
50, 59
50, 58
49, 59
49, 60
50, 61
50, 61
32, 70
33, 71
34, 71
35, 72
36, 72
35, 72
35, 71
35, 72
35, 72
49, 69
50, 68
51, 68
50, 67
50, 66
51, 67
51, 68
52, 69
51, 68
51, 68
50, 57
49, 56
49, 57
48, 57
47, 58
48, 59
49, 60
49, 59
49, 59
49, 45
50, 46
49, 47
48, 48
47, 48
48, 49
48, 49
53, 71
54, 71
55, 72
54, 71
53, 71
52, 72
51, 73
52, 73
51, 73
51, 73
47, 52
47, 53
48, 53
48, 52
49, 51
50, 52
49, 51
50, 50
50, 49
51, 50
51, 50
56, 53
57, 54
58, 54
57, 54
56, 53
55, 53
56, 53
55, 53
55, 53
39, 69
38, 68
37, 68
36, 67
37, 68
37, 68
49, 40
49, 41
50, 41
49, 40
49, 41
49, 41
33, 57
34, 56
35, 57
36, 58
37, 57
37, 57
48, 60
47, 59
48, 58
48, 59
47, 59
48, 59
49, 59
49, 59
45, 44
46, 45
47, 44
46, 45
47, 45
46, 44
46, 44
53, 64
52, 63
53, 63
52, 64
51, 64
51, 63
50, 64
50, 65
49, 65
50, 64
50, 64
55, 63
54, 62
55, 61
56, 60
57, 59
58, 60
58, 61
57, 60
57, 60
56, 60
56, 59
55, 58
54, 59
54, 60
54, 60
51, 49
52, 49
52, 50
51, 50
51, 49
52, 50
51, 50
51, 49
52, 49
52, 49
35, 61
34, 60
35, 60
35, 61
36, 61
35, 60
35, 60
37, 67
36, 68
36, 67
37, 66
37, 67
37, 68
36, 68
37, 68
37, 67
37, 67
50, 55
49, 56
48, 57
48, 58
48, 57
48, 58
48, 59
48, 59
54, 48
54, 47
55, 46
55, 45
56, 46
56, 46
37, 56
36, 56
35, 56
35, 57
35, 58
36, 57
36, 57
49, 58
48, 57
48, 56
49, 55
50, 56
51, 55
51, 55
46, 43
45, 42
46, 42
46, 41
47, 41
48, 40
47, 41
47, 41
49, 61
50, 62
51, 62
52, 62
52, 61
53, 60
53, 59
54, 60
54, 61
54, 61
54, 54
53, 55
54, 54
53, 55
53, 54
54, 55
54, 55
64, 81
65, 81
64, 80
64, 79
63, 78
64, 79
65, 79
65, 79
52, 47
53, 46
54, 47
53, 48
52, 47
52, 46
52, 47
51, 48
51, 49
51, 49
50, 60
49, 60
50, 61
50, 62
51, 62
51, 61
50, 62
51, 63
51, 63
63, 38
62, 37
62, 38
62, 39
61, 39
60, 38
60, 38
35, 71
34, 72
33, 72
34, 72
35, 73
36, 73
36, 74
37, 74
37, 74
51, 72
52, 71
53, 72
52, 72
51, 72
52, 72
53, 72
53, 72
50, 51
51, 50
50, 49
51, 49
51, 50
51, 51
52, 50
51, 50
51, 50
50, 54
51, 54
52, 54
52, 55
52, 54
52, 54
49, 60
48, 59
48, 60
49, 59
48, 58
47, 59
48, 58
49, 58
48, 57
48, 56
48, 56
47, 50
48, 49
47, 50
48, 50
49, 51
49, 50
48, 51
49, 50
50, 49
50, 49
49, 65
50, 66
49, 67
48, 68
48, 69
47, 69
46, 68
46, 68
51, 67
52, 66
51, 65
51, 66
50, 66
50, 66
49, 42
48, 41
49, 40
48, 41
47, 40
46, 41
46, 41
52, 51
53, 50
52, 51
51, 50
51, 51
50, 51
51, 51
52, 51
53, 52
53, 52
45, 68
44, 68
44, 69
43, 69
42, 69
43, 69
42, 69
41, 70
42, 70
42, 70
51, 54
50, 53
51, 54
51, 55
51, 54
50, 53
50, 53
53, 50
52, 49
53, 48
53, 47
52, 47
53, 47
53, 48
52, 47
53, 48
53, 48
38, 68
37, 68
36, 69
35, 70
36, 70
36, 71
35, 72
36, 73
37, 74
37, 74
48, 40
47, 40
48, 41
48, 42
48, 41
47, 42
47, 42
54, 61
54, 62
55, 61
56, 61
55, 62
55, 61
56, 61
57, 60
57, 61
58, 61
58, 61
53, 55
54, 56
53, 57
53, 56
54, 55
55, 55
55, 54
55, 54
66, 78
67, 79
66, 80
66, 79
67, 79
66, 79
65, 80
64, 80
65, 81
66, 81
66, 81
57, 45
57, 44
56, 43
57, 44
56, 45
56, 46
56, 45
55, 44
55, 45
55, 45
50, 48
50, 49
50, 50
50, 51
51, 52
51, 53
51, 54
50, 54
51, 54
51, 54
47, 42
48, 43
47, 43
47, 42
47, 43
48, 42
47, 41
46, 42
45, 42
44, 43
44, 43
47, 57
48, 58
47, 59
47, 58
48, 59
49, 59
49, 60
48, 59
49, 60
49, 60
36, 59
37, 59
36, 58
37, 57
38, 58
39, 58
38, 59
37, 58
37, 58
52, 62
53, 62
54, 63
53, 63
53, 64
53, 63
53, 62
52, 63
51, 62
51, 62
55, 54
56, 55
57, 55
56, 56
57, 57
56, 57
55, 57
56, 58
56, 58
49, 50
48, 49
48, 50
49, 51
49, 52
49, 51
48, 50
48, 50
49, 67
50, 68
51, 68
52, 68
52, 69
53, 70
53, 71
52, 72
51, 73
51, 72
51, 72
37, 73
38, 73
37, 73
38, 72
39, 73
39, 72
38, 72
39, 73
39, 73
53, 61
54, 62
55, 61
55, 60
56, 59
56, 58
55, 58
54, 57
54, 57
59, 38
60, 39
59, 39
60, 39
61, 40
62, 40
61, 40
62, 40
61, 39
61, 39
54, 71
53, 71
54, 72
55, 73
55, 74
55, 75
56, 75
56, 76
56, 76
49, 60
49, 61
50, 62
51, 61
52, 61
53, 60
54, 59
54, 59
36, 58
35, 59
35, 58
35, 59
34, 60
35, 59
36, 60
37, 59
37, 59
36, 73
35, 74
35, 75
34, 76
34, 77
34, 77
41, 69
41, 68
40, 67
41, 66
42, 65
42, 66
42, 65
41, 65
41, 65
54, 49
55, 49
54, 49
53, 48
54, 49
54, 49
46, 41
45, 40
44, 39
44, 38
43, 38
42, 39
43, 39
43, 38
43, 38
49, 54
50, 53
51, 52
51, 51
52, 50
52, 49
52, 49
56, 55
57, 54
58, 53
58, 54
58, 53
57, 53
57, 54
58, 53
57, 53
56, 54
56, 54
50, 59
51, 60
50, 60
51, 61
50, 60
51, 59
51, 60
52, 59
52, 59
47, 51
46, 51
45, 52
44, 52
45, 52
44, 53
45, 53
44, 53
45, 54
44, 54
44, 54
53, 56
53, 55
54, 54
53, 55
54, 55
54, 55
51, 63
52, 63
51, 63
52, 63
51, 63
51, 63
62, 38
63, 39
64, 38
63, 39
63, 38
63, 38
45, 42
46, 43
46, 44
47, 44
46, 45
47, 44
46, 45
45, 45
45, 46
46, 45
46, 45
51, 73
51, 72
51, 71
50, 71
51, 72
51, 71
50, 72
50, 72
57, 60
56, 59
57, 59
58, 60
58, 59
59, 59
59, 60
59, 60
55, 58
55, 57
54, 58
54, 57
55, 58
55, 58
52, 55
53, 55
52, 54
52, 53
53, 54
54, 55
54, 56
54, 56
56, 44
55, 45
54, 46
53, 46
54, 45
54, 44
54, 44
38, 57
37, 58
37, 57
36, 58
36, 59
36, 59
53, 53
53, 54
52, 55
53, 54
54, 55
53, 54
53, 55
53, 56
53, 56
57, 59
58, 60
58, 61
57, 60
58, 61
57, 61
56, 60
57, 60
57, 60
65, 81
65, 82
65, 83
65, 82
64, 83
64, 82
65, 81
65, 80
64, 81
65, 80
65, 80
40, 73
39, 74
40, 73
40, 72
39, 73
39, 74
39, 74
57, 77
56, 77
55, 78
56, 79
55, 80
55, 80
36, 58
37, 58
37, 59
37, 58
36, 59
35, 59
34, 60
34, 61
35, 61
34, 60
34, 60
60, 59
60, 60
59, 59
59, 60
60, 61
60, 61
42, 66
42, 67
41, 66
42, 66
41, 65
40, 64
39, 64
40, 65
41, 66
42, 67
42, 67
54, 56
53, 57
52, 58
52, 57
51, 57
52, 56
52, 55
51, 55
51, 56
51, 56
55, 54
55, 55
54, 55
53, 56
54, 55
55, 56
56, 57
56, 56
56, 56
53, 57
52, 58
53, 57
54, 56
55, 56
56, 55
56, 55
54, 50
53, 49
52, 49
52, 50
53, 51
52, 51
52, 52
52, 52
57, 53
58, 53
57, 54
56, 55
57, 56
57, 56
56, 59
57, 59
57, 58
57, 59
58, 59
58, 60
59, 61
60, 60
60, 61
60, 61
57, 59
56, 60
57, 61
56, 60
55, 59
56, 58
55, 57
55, 57
33, 60
34, 59
33, 60
34, 61
33, 60
33, 61
32, 62
31, 63
31, 63
35, 76
34, 75
33, 75
33, 76
33, 75
33, 75
62, 38
63, 37
64, 36
63, 37
64, 38
65, 38
64, 38
65, 37
65, 36
65, 37
65, 37
46, 46
45, 46
45, 45
45, 46
45, 47
45, 47
45, 53
44, 54
44, 55
43, 56
42, 57
43, 56
43, 56
40, 75
40, 74
41, 75
40, 76
40, 75
41, 75
40, 74
40, 74
36, 60
35, 60
36, 60
37, 61
36, 60
37, 61
37, 62
37, 63
38, 62
38, 62
53, 58
53, 59
53, 58
54, 58
55, 59
54, 59
55, 58
55, 58
53, 44
52, 45
53, 44
53, 45
52, 45
51, 45
52, 45
52, 46
52, 46
56, 79
55, 78
55, 77
55, 76
54, 76
55, 75
55, 76
56, 75
56, 74
56, 74
43, 37
44, 38
43, 39
42, 39
41, 38
41, 39
42, 39
41, 39
40, 38
40, 38
52, 64
52, 65
51, 65
52, 66
51, 67
51, 67
49, 72
50, 72
51, 72
52, 72
53, 72
52, 72
52, 72
52, 48
53, 48
53, 49
53, 48
52, 47
53, 46
54, 46
55, 46
55, 46
64, 79
64, 80
65, 80
64, 81
65, 81
66, 80
67, 79
67, 79
52, 53
53, 52
53, 51
53, 52
53, 53
54, 53
54, 53
32, 75
31, 75
30, 76
29, 75
28, 76
29, 76
29, 75
29, 75
54, 46
55, 46
54, 47
53, 47
54, 46
54, 47
55, 46
54, 45
53, 44
53, 44
57, 57
57, 56
58, 57
59, 58
59, 59
58, 59
59, 60
59, 60
54, 56
53, 56
54, 55
54, 56
53, 57
54, 56
55, 57
54, 58
53, 59
53, 59
57, 55
57, 54
56, 53
55, 54
54, 53
54, 53
51, 72
50, 73
49, 72
50, 73
49, 72
49, 72
43, 55
44, 55
45, 54
46, 54
47, 55
46, 56
47, 57
46, 57
47, 56
47, 56
51, 45
50, 45
51, 46
52, 45
52, 46
53, 45
52, 44
51, 43
51, 43
41, 73
42, 72
43, 71
44, 70
43, 71
44, 72
43, 72
42, 72
42, 72
41, 38
42, 39
42, 38
42, 37
41, 36
41, 35
40, 35
40, 36
41, 35
42, 35
42, 35
55, 54
56, 54
55, 53
56, 53
57, 53
56, 54
55, 53
55, 53
43, 68
44, 67
43, 67
43, 66
44, 67
44, 67
55, 57
56, 57
56, 58
57, 57
58, 56
57, 55
56, 55
55, 55
56, 56
56, 56
64, 38
64, 37
63, 36
62, 35
61, 34
62, 33
62, 33
45, 48
45, 49
46, 49
47, 49
48, 49
49, 50
49, 50
39, 61
38, 62
39, 62
38, 63
39, 63
39, 62
40, 61
40, 61
52, 55
53, 55
52, 56
53, 56
54, 55
53, 55
52, 54
51, 55
50, 55
50, 55
66, 79
66, 78
65, 77
65, 76
64, 76
64, 75
65, 76
65, 76
51, 68
52, 67
51, 68
50, 69
50, 70
49, 71
50, 70
50, 71
50, 71
61, 62
62, 63
61, 63
61, 64
61, 63
60, 62
60, 63
59, 64
58, 65
58, 65
57, 74
58, 75
59, 76
58, 77
57, 77
57, 77
60, 62
61, 62
62, 63
61, 63
60, 64
61, 64
62, 63
61, 62
61, 62
30, 63
29, 64
30, 64
29, 63
30, 63
30, 62
30, 61
31, 61
31, 61
50, 42
50, 41
51, 40
50, 41
50, 40
51, 40
52, 41
51, 42
52, 42
53, 42
53, 42
60, 63
60, 64
61, 63
61, 64
61, 65
62, 66
63, 67
64, 68
65, 68
64, 68
64, 68
60, 60
61, 60
60, 60
61, 59
60, 60
60, 60
43, 36
44, 35
45, 34
45, 35
45, 36
45, 36
48, 73
49, 74
49, 73
49, 74
48, 75
49, 75
49, 76
49, 76
61, 33
61, 34
60, 35
60, 34
59, 35
59, 36
60, 37
60, 37
41, 62
42, 61
42, 60
41, 61
41, 62
40, 62
39, 61
40, 61
40, 61
51, 71
51, 72
50, 72
49, 73
49, 74
49, 74
53, 53
54, 53
53, 54
54, 55
53, 55
54, 54
53, 54
53, 54
52, 59
53, 59
53, 58
53, 57
54, 58
54, 59
54, 60
54, 60
48, 57
47, 58
47, 57
48, 57
47, 58
48, 57
47, 57
46, 57
46, 56
46, 57
46, 57
48, 51
48, 50
48, 51
49, 51
49, 52
48, 53
49, 54
48, 53
48, 53
55, 54
54, 55
53, 54
53, 53
53, 54
53, 54
41, 71
40, 71
40, 72
39, 72
38, 72
39, 73
38, 73
39, 72
38, 73
37, 72
37, 72
49, 56
48, 55
47, 55
48, 55
47, 55
46, 54
45, 53
45, 52
46, 52
46, 51
46, 51
57, 64
58, 65
58, 64
57, 63
56, 64
56, 64
56, 76
56, 77
56, 78
56, 79
55, 80
54, 81
53, 82
53, 82
52, 43
51, 43
51, 42
50, 41
49, 42
48, 41
47, 40
47, 40
55, 57
54, 56
53, 56
52, 55
52, 54
53, 55
54, 54
55, 54
55, 54
43, 66
43, 67
44, 68
45, 69
44, 69
44, 68
44, 67
44, 67
28, 74
27, 75
27, 74
27, 75
28, 76
27, 76
26, 76
26, 76
66, 77
67, 77
67, 76
66, 77
66, 78
67, 78
66, 77
66, 78
66, 78
30, 61
29, 61
28, 60
29, 60
29, 59
28, 59
28, 59
55, 53
56, 53
57, 54
56, 54
56, 55
56, 55
54, 43
53, 42
52, 42
53, 43
54, 44
55, 44
56, 44
55, 44
56, 43
56, 43
56, 56
56, 55
57, 54
58, 54
58, 53
58, 54
58, 54
48, 77
49, 78
48, 77
47, 77
47, 76
46, 75
46, 75
54, 54
54, 55
55, 55
56, 54
57, 53
58, 53
58, 53
46, 41
47, 41
48, 40
48, 41
48, 40
48, 40
65, 67
65, 68
66, 67
67, 66
66, 65
67, 66
68, 66
68, 66
54, 59
54, 60
53, 59
53, 60
53, 61
54, 60
55, 60
56, 61
55, 61
54, 62
54, 62
61, 37
62, 36
61, 35
60, 34
61, 34
61, 33
61, 33
41, 62
41, 61
41, 60
40, 59
39, 60
40, 59
41, 59
41, 60
42, 60
42, 60
38, 71
39, 71
40, 71
41, 71
40, 70
40, 70
28, 60
27, 61
27, 62
26, 63
27, 62
28, 61
28, 61
26, 77
27, 78
28, 77
28, 76
29, 75
30, 76
29, 76
29, 76
47, 54
46, 54
46, 55
46, 56
47, 56
46, 56
46, 56
47, 58
47, 59
47, 58
47, 59
47, 58
47, 57
48, 56
48, 57
47, 57
46, 57
46, 57
52, 83
51, 82
51, 83
52, 84
53, 84
53, 84
52, 54
51, 55
51, 56
52, 57
53, 57
53, 58
53, 58
43, 67
42, 68
43, 68
42, 67
41, 66
42, 66
42, 66
47, 50
48, 49
47, 49
48, 50
47, 49
48, 50
49, 49
49, 49
55, 55
55, 56
55, 57
54, 56
54, 57
53, 58
54, 58
55, 59
55, 59
49, 75
50, 76
50, 77
51, 78
51, 79
52, 80
52, 79
52, 79
59, 61
59, 62
58, 61
59, 61
58, 61
57, 61
57, 62
58, 63
58, 63
45, 37
46, 37
46, 38
46, 37
45, 38
45, 38
66, 77
67, 78
67, 79
68, 80
68, 79
69, 79
69, 80
70, 81
71, 80
71, 80
57, 64
58, 64
58, 65
59, 66
60, 65
61, 66
61, 67
62, 67
62, 66
62, 66
56, 42
56, 41
57, 41
58, 40
59, 39
59, 39
62, 32
63, 32
63, 31
63, 32
64, 32
64, 31
64, 32
63, 32
63, 32
47, 57
47, 56
46, 56
47, 57
46, 56
47, 55
48, 54
48, 55
49, 56
49, 56
70, 80
69, 79
69, 80
69, 81
68, 81
68, 80
69, 80
70, 80
69, 80
69, 80
53, 62
53, 63
54, 63
55, 63
54, 64
53, 64
52, 63
53, 63
53, 63
30, 75
29, 75
28, 76
28, 75
29, 75
30, 75
29, 76
29, 76
51, 79
51, 80
52, 81
51, 80
51, 79
51, 79
53, 59
52, 60
53, 61
52, 61
51, 61
50, 60
51, 59
51, 59
52, 85
51, 85
50, 85
51, 84
50, 83
51, 84
51, 84
46, 57
46, 56
47, 55
48, 54
48, 53
48, 54
48, 54
58, 54
58, 53
57, 53
58, 53
57, 53
56, 54
55, 55
54, 54
55, 55
56, 55
56, 55
42, 65
41, 66
41, 67
42, 66
43, 66
44, 65
44, 64
44, 64
63, 67
64, 68
63, 68
62, 69
63, 68
62, 68
62, 67
61, 66
62, 67
61, 68
61, 68
67, 66
67, 65
66, 65
66, 66
65, 65
64, 65
64, 64
64, 64
46, 37
46, 36
46, 37
46, 36
45, 36
44, 37
44, 38
44, 37
43, 36
44, 37
44, 37
29, 61
30, 61
29, 61
29, 60
29, 59
30, 60
29, 59
30, 60
30, 61
30, 61
57, 54
57, 53
56, 54
57, 54
58, 54
58, 54
42, 61
42, 60
41, 61
41, 60
41, 61
41, 61
50, 48
49, 48
48, 47
49, 48
48, 48
49, 49
50, 49
50, 49
40, 69
41, 69
42, 68
41, 69
40, 70
41, 71
40, 71
39, 72
39, 72
56, 59
55, 60
55, 61
54, 62
53, 61
53, 61
57, 64
56, 65
56, 66
57, 67
58, 66
57, 67
56, 67
57, 68
57, 68
49, 39
48, 38
49, 37
48, 38
47, 37
48, 38
48, 39
49, 38
50, 39
49, 38
49, 38
45, 75
46, 74
46, 75
45, 76
44, 77
43, 76
43, 77
42, 78
42, 78
52, 60
52, 61
53, 62
53, 63
54, 64
54, 63
54, 62
53, 62
52, 61
52, 61
50, 56
50, 57
51, 57
50, 56
51, 57
52, 57
51, 58
51, 59
52, 60
53, 61
53, 61
52, 83
51, 84
50, 84
51, 85
50, 84
51, 85
51, 85
54, 64
53, 64
52, 64
51, 64
52, 65
51, 64
52, 65
53, 64
54, 64
54, 63
54, 63
29, 62
28, 61
29, 60
30, 60
29, 59
28, 58
28, 59
29, 58
28, 57
27, 58
27, 58
58, 39
57, 40
58, 40
57, 41
56, 41
57, 41
57, 41
43, 36
44, 37
43, 37
42, 38
42, 37
43, 37
43, 37
57, 67
57, 66
57, 65
57, 64
56, 64
57, 65
58, 65
57, 64
56, 64
56, 64
50, 50
49, 49
50, 48
49, 47
49, 46
48, 45
49, 45
49, 45
60, 67
60, 66
59, 66
60, 65
59, 66
60, 67
60, 66
61, 67
61, 68
62, 67
62, 67
70, 81
69, 80
70, 81
69, 80
68, 81
68, 82
68, 82
38, 73
37, 73
36, 72
37, 73
36, 72
35, 71
36, 70
35, 70
35, 70
40, 60
40, 61
41, 60
42, 60
42, 61
41, 61
40, 62
40, 62
65, 63
64, 63
63, 64
64, 63
65, 64
64, 63
64, 62
64, 62
50, 59
50, 58
49, 57
50, 57
49, 58
48, 59
48, 60
49, 60
50, 59
49, 58
49, 58
50, 38
50, 39
51, 38
51, 39
51, 38
52, 38
51, 37
50, 37
49, 36
48, 36
48, 36
47, 53
48, 54
48, 53
47, 52
47, 53
46, 53
45, 54
46, 55
46, 55
52, 80
51, 79
52, 79
53, 79
52, 78
52, 79
51, 79
51, 79
45, 64
45, 65
45, 64
45, 63
46, 64
46, 63
47, 64
47, 63
46, 62
46, 62
55, 56
54, 57
55, 56
56, 55
57, 54
58, 54
58, 53
57, 54
57, 54
41, 79
42, 80
41, 80
41, 79
40, 80
40, 80
57, 53
57, 54
58, 54
57, 54
58, 55
57, 56
56, 57
56, 58
56, 58
64, 31
63, 31
64, 31
65, 31
64, 31
65, 31
65, 31
30, 76
31, 75
30, 74
31, 73
32, 74
33, 74
34, 73
33, 73
32, 73
31, 74
31, 74
58, 40
58, 39
57, 40
56, 41
57, 41
57, 40
57, 40
55, 59
56, 59
56, 60
56, 59
57, 60
58, 61
57, 61
57, 61
47, 36
46, 36
45, 35
44, 36
45, 36
46, 36
47, 37
47, 36
48, 37
47, 37
47, 37
53, 62
52, 61
53, 62
52, 62
53, 63
53, 64
54, 63
54, 63
48, 44
49, 43
50, 44
51, 43
50, 44
50, 45
50, 45
67, 81
68, 81
69, 80
68, 80
69, 79
69, 79
51, 80
51, 79
52, 80
53, 81
53, 80
52, 79
52, 79
58, 53
57, 53
56, 54
55, 55
56, 55
55, 56
55, 56
64, 32
63, 32
64, 32
63, 31
63, 32
64, 32
63, 31
62, 31
63, 32
63, 32
39, 61
39, 60
40, 61
41, 60
41, 61
41, 62
41, 61
42, 61
42, 60
42, 60
36, 70
35, 69
34, 70
35, 69
36, 68
36, 68
42, 36
42, 35
41, 34
40, 34
39, 35
39, 34
39, 34
64, 63
63, 63
63, 64
64, 64
65, 64
64, 65
64, 65
46, 54
46, 53
47, 53
48, 52
47, 51
48, 51
49, 52
48, 51
49, 52
49, 52
45, 63
44, 64
43, 65
44, 64
45, 64
44, 64
45, 64
45, 64
56, 63
56, 64
57, 63
56, 62
56, 61
56, 61
32, 75
33, 76
32, 77
32, 78
31, 78
32, 77
33, 78
32, 78
32, 78
48, 59
48, 60
47, 59
48, 58
48, 59
47, 59
48, 58
48, 58
51, 61
52, 60
53, 60
54, 61
53, 62
53, 62
62, 68
63, 69
62, 70
61, 69
61, 70
60, 69
60, 68
61, 67
61, 67
53, 63
52, 64
52, 63
52, 64
52, 65
51, 65
50, 65
50, 65
28, 57
29, 57
29, 56
29, 57
30, 56
31, 56
32, 57
32, 57
50, 85
51, 86
52, 86
53, 85
52, 86
52, 87
52, 88
52, 88
41, 79
42, 78
43, 79
43, 78
44, 79
44, 79
52, 62
53, 62
52, 62
53, 63
52, 63
53, 64
53, 64
57, 60
56, 60
57, 60
56, 61
55, 61
55, 61
49, 59
48, 59
47, 58
47, 59
48, 58
48, 58
41, 60
41, 61
41, 60
41, 59
40, 59
41, 59
41, 59
45, 63
45, 62
45, 61
44, 62
43, 63
42, 63
42, 63
62, 31
63, 32
64, 32
64, 33
63, 34
64, 35
64, 35
33, 79
34, 78
34, 77
33, 77
32, 78
32, 79
31, 80
31, 79
30, 78
30, 78
53, 89
52, 88
51, 87
52, 88
53, 87
53, 88
52, 88
52, 88
51, 65
52, 65
51, 66
50, 67
50, 66
49, 65
48, 66
47, 66
46, 67
46, 67
60, 67
59, 68
60, 69
59, 69
60, 68
60, 69
59, 68
60, 68
60, 68
47, 38
46, 39
45, 39
44, 38
44, 37
45, 38
45, 37
44, 38
45, 39
45, 39
51, 79
52, 78
51, 77
52, 76
51, 76
50, 77
49, 76
50, 77
49, 78
49, 78
56, 60
55, 59
55, 58
56, 58
56, 59
55, 60
56, 59
57, 58
56, 59
56, 59
56, 40
56, 39
57, 39
58, 40
59, 40
60, 39
61, 40
61, 40
48, 51
47, 50
47, 51
47, 50
46, 51
45, 51
46, 50
46, 50
49, 45
48, 46
49, 47
48, 46
49, 46
50, 47
50, 46
50, 46
36, 69
36, 68
37, 67
38, 66
37, 65
38, 66
38, 66
31, 58
32, 57
33, 57
32, 58
31, 57
31, 57
68, 79
67, 79
67, 80
68, 80
67, 81
68, 82
69, 83
69, 83
45, 78
46, 77
45, 76
45, 75
44, 75
44, 74
43, 73
43, 73
55, 57
55, 58
54, 57
54, 58
54, 59
54, 60
53, 59
54, 58
54, 58
40, 33
41, 33
41, 34
40, 35
40, 36
39, 37
40, 38
40, 37
40, 37
54, 62
53, 63
54, 64
53, 63
52, 64
51, 65
51, 65
63, 64
62, 63
63, 62
64, 62
65, 61
65, 60
66, 61
66, 61
40, 38
41, 38
40, 37
40, 38
39, 38
39, 39
38, 39
37, 40
37, 40
56, 60
57, 61
57, 62
57, 63
57, 64
56, 63
57, 63
57, 63
45, 50
44, 51
45, 52
46, 51
46, 52
46, 51
47, 51
47, 51
56, 62
56, 63
55, 62
56, 63
55, 62
56, 62
56, 62
38, 65
37, 66
36, 67
35, 67
36, 68
37, 69
38, 70
38, 70
42, 64
41, 65
41, 66
40, 66
41, 66
40, 67
39, 68
38, 68
37, 69
37, 69
41, 60
42, 60
41, 61
41, 60
42, 60
41, 60
41, 60
59, 68
60, 68
61, 68
60, 69
59, 68
60, 68
60, 68
50, 66
49, 67
50, 68
49, 67
48, 67
49, 67
50, 66
50, 65
50, 65
60, 39
60, 38
59, 38
60, 37
61, 37
61, 36
60, 35
59, 36
60, 36
60, 37
60, 37
51, 87
52, 87
51, 88
52, 87
51, 87
50, 87
49, 88
48, 87
48, 87
47, 59
47, 58
47, 57
47, 56
48, 55
47, 54
48, 53
48, 52
49, 52
49, 52
30, 58
30, 57
29, 57
30, 58
30, 59
31, 60
32, 59
31, 60
31, 60
42, 74
41, 74
42, 73
41, 72
41, 71
42, 72
42, 72
54, 64
53, 64
52, 64
53, 65
54, 64
53, 63
54, 62
55, 61
54, 61
55, 60
55, 60
31, 78
31, 79
30, 78
29, 77
28, 76
27, 75
26, 74
26, 74
46, 40
47, 41
47, 42
46, 41
46, 40
46, 40
64, 34
65, 34
65, 35
64, 34
63, 35
64, 35
65, 36
64, 37
64, 36
64, 36
48, 78
47, 78
46, 77
47, 76
47, 77
47, 76
48, 75
48, 75
54, 59
55, 58
56, 57
55, 58
54, 57
53, 56
53, 56
65, 61
64, 61
65, 60
64, 60
65, 59
66, 60
66, 60
49, 46
50, 46
51, 45
52, 45
53, 44
53, 43
53, 43
68, 83
69, 83
68, 82
69, 83
69, 82
70, 83
71, 84
71, 85
71, 84
71, 85
71, 85
46, 68
46, 67
45, 67
46, 67
45, 67
44, 68
43, 67
43, 68
44, 67
43, 68
43, 68
59, 37
59, 36
58, 37
58, 38
59, 38
58, 39
57, 38
58, 37
58, 37
36, 40
37, 40
37, 39
38, 39
39, 38
38, 39
39, 38
40, 38
39, 39
39, 39
49, 76
48, 75
47, 76
46, 75
47, 74
47, 75
47, 75
53, 55
53, 56
52, 57
51, 56
51, 57
52, 56
53, 55
53, 54
52, 53
52, 52
52, 52
53, 44
53, 43
54, 42
53, 43
53, 44
52, 43
52, 44
52, 44
54, 60
54, 59
53, 59
54, 58
53, 59
54, 60
54, 59
55, 60
55, 61
55, 61
37, 71
37, 70
38, 69
39, 70
40, 70
40, 71
39, 71
38, 72
38, 72
51, 66
52, 66
52, 65
53, 64
52, 65
51, 65
52, 66
53, 65
52, 66
51, 65
51, 65
56, 64
55, 63
54, 64
55, 65
55, 66
56, 67
55, 66
55, 66
60, 67
61, 66
62, 67
61, 68
60, 67
60, 67
49, 87
50, 86
51, 87
50, 88
50, 89
49, 88
50, 89
50, 89
38, 70
38, 71
38, 70
39, 70
38, 69
38, 69
65, 35
64, 36
65, 36
64, 35
64, 34
63, 33
64, 32
64, 31
63, 31
63, 32
63, 32
66, 59
67, 59
67, 58
67, 57
68, 58
67, 59
68, 59
69, 58
69, 58
70, 84
70, 83
70, 84
69, 83
70, 82
69, 82
69, 83
70, 82
71, 83
71, 83
50, 53
50, 52
50, 53
51, 52
50, 51
49, 50
48, 50
48, 50
57, 62
58, 61
58, 60
59, 60
60, 61
60, 60
59, 60
59, 60
42, 69
42, 70
41, 70
41, 69
42, 68
42, 67
43, 66
42, 67
42, 67
27, 75
27, 74
26, 73
27, 72
27, 71
26, 72
26, 72
47, 40
47, 39
46, 38
47, 39
46, 38
47, 39
48, 39
49, 39
48, 40
48, 40
41, 61
40, 61
40, 60
39, 59
39, 60
39, 59
40, 58
39, 57
40, 56
40, 56
41, 72
41, 73
40, 74
40, 75
39, 76
39, 76
46, 50
47, 51
46, 52
46, 51
47, 51
48, 50
48, 50
32, 61
33, 62
34, 61
34, 62
34, 63
33, 62
34, 62
34, 63
33, 62
33, 62
51, 44
52, 45
51, 45
51, 46
51, 47
50, 48
50, 48
51, 66
52, 67
51, 67
52, 68
51, 69
52, 69
52, 70
51, 69
50, 68
49, 68
49, 68
50, 88
50, 89
49, 89
48, 90
48, 89
49, 88
48, 89
49, 89
48, 90
47, 89
47, 89
69, 59
70, 59
70, 58
69, 57
69, 56
70, 55
70, 54
70, 54
49, 49
49, 48
50, 48
51, 47
52, 48
52, 48
41, 66
40, 65
39, 66
40, 65
41, 65
41, 65
71, 84
71, 85
71, 84
70, 84
71, 85
70, 85
69, 86
69, 85
69, 85
62, 32
63, 33
62, 34
62, 35
63, 34
63, 35
64, 36
63, 37
63, 37
59, 66
60, 67
59, 68
59, 69
60, 69
61, 69
60, 69
60, 69
49, 51
50, 51
49, 52
50, 53
49, 53
49, 53
51, 52
51, 53
50, 52
49, 52
50, 53
49, 52
48, 53
48, 53
56, 67
55, 68
54, 68
54, 69
53, 69
53, 70
52, 71
53, 71
54, 70
54, 70
26, 73
26, 72
27, 72
26, 73
27, 73
28, 72
27, 71
26, 71
27, 70
27, 70
46, 74
45, 73
45, 74
44, 74
44, 73
45, 72
46, 73
46, 73
55, 60
56, 59
55, 60
55, 59
54, 58
53, 57
53, 57
34, 61
33, 60
32, 60
31, 59
30, 58
30, 57
31, 56
30, 55
29, 56
28, 57
28, 57
49, 41
48, 42
48, 41
48, 40
47, 39
48, 40
48, 40
39, 38
38, 39
37, 39
38, 39
37, 40
38, 39
39, 38
40, 38
40, 38
37, 68
37, 67
37, 68
36, 67
37, 67
38, 66
37, 66
38, 65
38, 64
38, 64
38, 73
38, 72
37, 73
36, 74
36, 73
37, 73
37, 74
38, 74
39, 73
39, 73
40, 75
39, 75
38, 74
38, 73
38, 74
38, 75
37, 74
36, 74
37, 74
37, 74
57, 36
57, 37
56, 37
55, 36
54, 35
54, 35
58, 60
59, 59
59, 58
59, 57
58, 58
58, 59
59, 58
59, 58
39, 56
38, 56
37, 56
36, 57
35, 56
35, 56
46, 74
45, 73
46, 74
46, 75
45, 76
44, 76
44, 77
44, 77
49, 39
50, 40
49, 41
48, 41
49, 40
48, 41
49, 42
49, 42
52, 57
53, 58
53, 57
53, 58
53, 57
54, 57
55, 57
54, 56
53, 55
53, 54
53, 54
48, 54
49, 54
48, 54
47, 54
46, 55
45, 54
46, 53
46, 54
46, 54
40, 73
40, 74
41, 75
41, 74
40, 75
40, 76
39, 76
39, 76
58, 57
59, 58
60, 58
60, 57
61, 58
62, 59
62, 58
62, 58
50, 54
49, 54
50, 53
51, 52
50, 53
49, 54
49, 53
49, 53
71, 54
72, 53
73, 52
72, 53
72, 52
73, 52
73, 53
72, 54
71, 53
71, 53
42, 65
43, 66
44, 67
45, 68
46, 67
45, 67
46, 66
46, 66
49, 48
49, 47
50, 48
49, 47
49, 46
49, 46
39, 39
38, 39
37, 38
36, 39
36, 38
36, 38
27, 57
26, 57
26, 58
25, 59
26, 59
25, 58
24, 58
25, 58
24, 58
24, 59
24, 59
54, 69
53, 68
53, 67
53, 68
53, 69
52, 70
52, 70
61, 68
61, 69
60, 68
59, 67
60, 66
61, 65
61, 64
62, 63
62, 63
64, 38
64, 37
65, 36
64, 36
64, 35
64, 35
51, 48
50, 47
49, 48
48, 49
49, 48
49, 48
55, 34
56, 35
55, 34
54, 33
54, 32
55, 32
56, 32
55, 32
56, 31
56, 32
56, 32
27, 69
27, 70
26, 71
26, 72
27, 73
27, 72
27, 73
26, 72
27, 73
27, 72
27, 72
35, 57
36, 57
37, 56
36, 57
36, 56
36, 57
37, 56
37, 57
36, 58
36, 57
36, 57
37, 75
38, 75
38, 76
37, 75
37, 76
38, 75
37, 75
37, 74
37, 74
37, 63
37, 62
38, 63
38, 62
39, 63
39, 62
39, 61
38, 62
38, 62
49, 67
48, 66
47, 67
47, 68
48, 68
48, 68
46, 89
47, 89
48, 88
49, 87
49, 86
50, 85
51, 84
50, 83
51, 84
51, 83
51, 83
69, 86
68, 85
69, 85
70, 86
70, 85
71, 86
70, 87
70, 86
69, 87
69, 87
48, 48
48, 49
48, 48
48, 47
48, 48
48, 47
47, 46
46, 45
47, 45
47, 45
47, 55
46, 55
47, 54
46, 55
46, 54
46, 54
35, 38
36, 37
36, 36
35, 37
35, 36
36, 36
35, 35
36, 34
37, 34
37, 34
23, 60
24, 59
23, 60
24, 59
23, 58
23, 58
62, 62
62, 61
63, 61
64, 61
65, 61
65, 62
64, 63
65, 63
65, 63
27, 71
26, 71
27, 72
26, 73
25, 72
26, 71
26, 71
45, 78
44, 79
43, 79
42, 80
43, 79
42, 78
43, 79
42, 79
42, 80
43, 80
43, 80
38, 75
39, 75
40, 74
40, 75
39, 74
38, 74
38, 74
69, 86
68, 86
68, 85
69, 86
69, 87
68, 88
69, 87
69, 87
54, 55
53, 55
52, 56
52, 55
51, 56
51, 56
50, 54
49, 54
48, 53
49, 54
48, 53
47, 54
48, 55
48, 55
50, 84
51, 85
50, 84
51, 84
52, 83
51, 82
52, 82
51, 82
52, 81
51, 82
51, 82
53, 70
52, 71
51, 70
51, 71
51, 72
52, 71
52, 71
48, 45
48, 44
49, 45
49, 46
48, 47
47, 48
48, 48
47, 49
47, 49
70, 53
71, 54
72, 55
72, 54
73, 55
74, 54
74, 53
73, 53
74, 52
74, 52
48, 43
48, 44
49, 45
49, 46
48, 45
48, 45
37, 73
38, 74
38, 75
39, 74
39, 75
39, 76
40, 77
40, 77
62, 57
61, 58
62, 58
61, 59
62, 59
61, 58
60, 58
59, 58
60, 59
60, 59
39, 62
38, 63
38, 62
39, 61
38, 62
38, 63
37, 63
36, 64
35, 65
35, 66
35, 66
46, 67
45, 66
46, 67
45, 66
46, 66
46, 67
46, 67
65, 35
66, 35
67, 34
66, 34
65, 35
65, 34
65, 34
37, 58
38, 58
37, 58
36, 58
35, 58
34, 59
34, 58
34, 58
48, 67
47, 66
48, 67
48, 68
48, 69
47, 69
48, 69
48, 69
55, 32
54, 33
53, 32
54, 33
54, 32
55, 32
55, 33
55, 33
45, 67
44, 66
44, 65
45, 64
44, 64
44, 65
44, 66
44, 66
42, 80
43, 79
44, 79
43, 78
42, 79
42, 80
41, 79
41, 80
42, 80
42, 81
42, 81
24, 57
24, 58
23, 58
24, 57
25, 58
25, 58
35, 59
36, 60
35, 60
36, 61
37, 60
38, 59
37, 60
38, 61
38, 61
70, 88
69, 88
68, 89
69, 90
69, 89
69, 89
47, 53
47, 52
48, 51
48, 52
49, 51
48, 52
47, 52
48, 53
48, 52
48, 51
48, 51
37, 75
36, 75
37, 74
37, 73
38, 72
38, 73
39, 73
39, 72
39, 71
39, 71
51, 57
52, 57
51, 56
52, 56
53, 56
52, 55
53, 54
54, 55
53, 56
53, 56
36, 34
35, 34
36, 34
35, 35
36, 36
37, 35
36, 36
36, 36
27, 71
27, 72
27, 73
26, 72
25, 72
26, 72
27, 71
27, 71
40, 76
41, 76
42, 77
42, 78
41, 79
41, 79
51, 81
50, 82
49, 83
48, 83
49, 84
50, 84
51, 85
51, 84
51, 85
51, 85
73, 52
74, 51
75, 51
76, 52
75, 52
74, 51
75, 52
74, 51
73, 52
72, 52
72, 52
48, 70
47, 69
48, 70
49, 69
49, 70
49, 70
61, 60
61, 59
61, 58
60, 58
59, 59
58, 60
57, 60
56, 60
55, 61
55, 60
55, 60
36, 67
36, 66
36, 67
36, 66
37, 65
36, 65
36, 65
48, 56
49, 56
48, 57
47, 58
48, 57
48, 58
48, 58
46, 48
45, 48
44, 47
43, 48
44, 49
45, 50
46, 49
46, 48
47, 47
48, 46
48, 46
66, 34
65, 34
64, 34
63, 34
64, 35
63, 34
64, 35
63, 34
62, 35
62, 35
48, 44
48, 43
48, 42
47, 43
47, 44
47, 44
56, 33
55, 33
56, 34
55, 34
54, 35
54, 34
55, 34
55, 34
51, 71
51, 72
52, 72
52, 73
51, 74
50, 74
49, 74
50, 75
50, 75
47, 46
48, 47
49, 47
50, 48
49, 48
49, 47
49, 48
50, 49
50, 49
65, 64
66, 63
65, 63
66, 63
65, 63
65, 63
72, 53
73, 52
73, 53
73, 52
73, 53
74, 54
74, 55
73, 56
73, 56
53, 57
52, 56
51, 57
50, 57
51, 57
52, 58
52, 58
48, 50
47, 51
47, 52
46, 52
45, 52
44, 52
44, 51
43, 50
42, 51
43, 51
43, 51
46, 45
46, 46
47, 45
47, 46
48, 46
48, 46
63, 35
62, 34
63, 33
63, 32
64, 32
65, 31
64, 32
63, 33
64, 34
64, 34
25, 57
24, 58
24, 57
25, 56
26, 55
25, 56
24, 55
24, 55
49, 46
49, 45
48, 45
47, 45
48, 44
47, 45
48, 44
49, 43
48, 44
48, 44
69, 88
68, 88
67, 89
68, 88
67, 87
68, 88
67, 88
66, 89
66, 89
49, 69
49, 70
49, 69
49, 68
50, 68
51, 69
51, 68
50, 68
50, 68
28, 71
29, 72
29, 71
29, 70
28, 71
29, 70
28, 70
27, 70
26, 71
27, 72
27, 72
54, 60
53, 60
52, 61
53, 62
53, 61
52, 61
52, 61
40, 80
41, 80
40, 80
39, 80
38, 80
39, 80
40, 79
40, 79
45, 66
46, 67
47, 67
48, 68
49, 68
48, 67
48, 66
48, 65
47, 66
47, 66
50, 85
49, 85
48, 85
47, 85
46, 86
45, 87
44, 87
45, 88
45, 88
37, 66
36, 66
37, 65
38, 65
37, 64
38, 63
39, 64
40, 64
40, 64
56, 33
57, 33
56, 34
55, 33
54, 33
54, 33
39, 61
40, 62
39, 63
39, 64
39, 65
38, 66
37, 65
37, 65
35, 35
34, 35
34, 36
34, 37
33, 37
33, 36
33, 36
49, 50
50, 50
49, 50
50, 49
50, 48
51, 49
50, 50
50, 50
50, 74
51, 75
50, 76
50, 75
50, 74
50, 74
38, 70
37, 70
36, 69
36, 68
37, 67
38, 68
39, 67
40, 68
39, 69
38, 70
38, 70
49, 57
48, 57
48, 56
47, 55
47, 56
46, 55
47, 56
48, 55
48, 54
48, 54
66, 62
67, 61
66, 61
67, 62
68, 62
67, 61
66, 61
65, 62
66, 61
67, 60
67, 60
42, 80
43, 79
44, 78
44, 79
44, 78
44, 77
44, 77
48, 65
47, 65
47, 64
46, 64
47, 63
47, 63
44, 88
45, 89
45, 88
44, 88
45, 87
45, 88
46, 88
47, 88
46, 88
47, 89
47, 89
39, 65
39, 66
40, 65
40, 66
41, 67
42, 68
41, 68
42, 69
43, 70
44, 69
44, 69
72, 57
73, 57
73, 56
74, 56
73, 57
72, 58
72, 58
50, 67
49, 66
48, 67
48, 66
47, 67
47, 66
48, 66
48, 66
50, 51
50, 50
49, 49
48, 49
48, 48
47, 49
46, 48
46, 48
39, 78
38, 77
39, 76
40, 75
40, 74
39, 73
39, 73
48, 47
47, 46
47, 47
48, 46
49, 45
48, 45
48, 45
65, 35
64, 34
64, 35
63, 34
63, 35
62, 35
63, 36
62, 37
63, 37
62, 36
62, 36
51, 74
51, 73
52, 72
53, 71
52, 71
52, 71
34, 36
33, 36
32, 36
33, 36
33, 35
33, 34
34, 35
34, 35
47, 44
46, 45
45, 44
46, 45
45, 44
45, 44
51, 59
52, 58
53, 59
53, 58
52, 57
53, 56
52, 56
53, 56
53, 56
39, 71
40, 70
41, 71
40, 71
39, 72
40, 73
39, 73
40, 74
41, 74
42, 73
42, 73
47, 54
48, 55
49, 55
50, 56
49, 57
48, 58
49, 58
49, 58
27, 71
26, 72
27, 71
26, 71
25, 72
26, 72
26, 72
66, 90
65, 90
65, 89
66, 90
67, 90
67, 90
38, 64
37, 63
37, 64
36, 63
37, 64
36, 63
37, 63
37, 63
68, 61
67, 61
66, 61
65, 61
65, 60
66, 59
66, 59
24, 56
25, 57
24, 58
25, 57
25, 58
25, 58
44, 50
45, 51
44, 51
43, 51
43, 52
43, 51
44, 51
45, 50
46, 51
46, 51
53, 62
54, 61
53, 62
54, 63
53, 64
52, 64
51, 63
51, 62
52, 63
53, 63
53, 63
45, 76
45, 77
45, 76
46, 77
47, 78
46, 77
47, 76
47, 76
55, 34
55, 35
54, 36
55, 35
56, 34
56, 33
56, 34
57, 34
56, 35
56, 34
56, 34
52, 62
52, 63
53, 62
54, 63
53, 63
54, 64
54, 64
24, 59
24, 60
23, 60
23, 61
24, 61
25, 60
25, 59
26, 60
26, 60
56, 35
57, 36
58, 35
59, 34
60, 33
60, 33
26, 73
26, 74
27, 74
27, 73
26, 74
25, 73
26, 72
26, 71
25, 72
26, 73
26, 73
54, 57
55, 57
55, 58
56, 57
56, 56
55, 56
55, 56
44, 44
44, 45
45, 45
46, 44
47, 43
46, 43
47, 42
47, 41
46, 40
47, 40
47, 40
47, 66
47, 67
48, 68
48, 69
47, 70
47, 70
73, 57
72, 58
73, 57
72, 57
72, 56
73, 57
73, 56
73, 55
74, 56
74, 56
66, 60
66, 61
65, 60
65, 61
66, 61
65, 61
65, 62
64, 61
65, 61
65, 61
35, 35
34, 34
33, 34
32, 34
33, 35
33, 36
34, 35
34, 35
61, 36
60, 36
60, 37
61, 36
60, 36
59, 37
58, 36
57, 36
56, 35
56, 35
52, 72
51, 72
50, 71
49, 72
48, 72
47, 72
48, 71
48, 71
46, 63
46, 64
46, 65
45, 66
45, 65
46, 65
47, 66
47, 67
48, 66
48, 66
42, 74
41, 74
40, 75
39, 75
40, 74
39, 75
39, 75
48, 89
47, 88
47, 89
47, 88
48, 89
47, 90
48, 89
47, 90
47, 90
43, 69
44, 70
43, 71
42, 71
43, 72
43, 73
43, 73
48, 57
49, 57
50, 57
51, 57
52, 58
53, 58
53, 58
46, 77
45, 78
45, 79
44, 78
44, 79
45, 80
46, 79
47, 78
46, 79
46, 79
45, 49
46, 50
45, 49
44, 48
43, 47
43, 46
43, 47
43, 47
38, 74
37, 75
37, 74
37, 75
36, 76
37, 75
36, 76
35, 76
35, 76
46, 50
45, 50
45, 49
45, 48
44, 49
44, 49
48, 46
48, 47
47, 47
46, 46
45, 45
45, 46
44, 47
45, 47
44, 48
43, 48
43, 48
37, 64
36, 65
37, 66
37, 65
36, 64
37, 64
37, 64
66, 91
65, 91
66, 91
66, 92
65, 93
65, 93
59, 34
58, 34
59, 33
60, 34
61, 33
62, 34
63, 34
63, 35
63, 35
43, 48
42, 47
41, 48
41, 49
41, 50
42, 49
41, 50
40, 50
41, 50
40, 49
40, 49
34, 36
33, 35
32, 35
33, 34
34, 35
33, 35
32, 34
33, 34
33, 34
64, 60
63, 61
64, 62
63, 62
64, 62
63, 63
62, 64
62, 64
47, 72
46, 72
47, 73
46, 72
45, 73
45, 72
44, 71
45, 71
45, 71
53, 63
53, 64
54, 65
53, 66
54, 65
54, 64
53, 63
53, 62
53, 61
53, 61
47, 80
48, 79
47, 79
47, 80
48, 80
47, 79
47, 79
43, 47
44, 47
44, 48
45, 48
44, 48
44, 49
44, 48
44, 48
66, 94
66, 95
65, 94
66, 93
66, 94
67, 94
67, 95
68, 96
68, 96
37, 63
38, 62
39, 61
39, 62
40, 61
41, 61
42, 60
42, 60
55, 35
54, 34
55, 34
55, 35
54, 34
53, 35
53, 35
25, 60
24, 61
25, 62
25, 61
24, 61
23, 62
23, 61
22, 61
22, 61
35, 75
34, 74
34, 75
34, 76
34, 77
33, 76
34, 76
33, 77
32, 76
32, 76
54, 56
54, 55
53, 55
54, 54
55, 55
54, 54
54, 55
54, 55
42, 74
43, 73
42, 73
43, 73
43, 72
42, 71
43, 71
44, 72
45, 73
46, 72
46, 72
46, 89
45, 89
44, 88
45, 88
44, 88
45, 87
44, 88
44, 88
47, 65
46, 64
47, 65
48, 65
48, 66
49, 67
50, 67
50, 67
53, 59
52, 60
51, 61
52, 62
53, 62
52, 61
52, 61
47, 41
48, 41
48, 42
49, 41
48, 41
49, 40
50, 41
50, 41
43, 48
43, 47
44, 47
45, 47
44, 46
44, 45
43, 46
44, 45
44, 45
40, 74
39, 74
40, 73
40, 72
41, 71
42, 72
42, 71
42, 70
42, 70
48, 69
47, 70
46, 71
46, 70
47, 69
48, 68
49, 68
50, 67
49, 66
49, 66
74, 55
74, 56
73, 55
72, 55
73, 54
72, 54
71, 55
72, 56
72, 56
26, 74
26, 75
25, 74
25, 75
26, 76
25, 75
25, 76
26, 76
26, 76
53, 60
53, 60
54, 61
55, 62
56, 63
57, 64
57, 64
61, 65
60, 66
59, 67
58, 68
57, 69
57, 70
57, 70
54, 35
54, 35
55, 36
56, 37
57, 38
58, 39
58, 39
46, 72
47, 73
48, 74
49, 75
50, 76
51, 77
52, 78
53, 79
54, 80
54, 81
54, 81
23, 62
24, 63
25, 64
26, 65
27, 66
28, 67
29, 68
29, 68
47, 73
48, 74
49, 75
50, 76
51, 77
52, 78
52, 78
55, 56
56, 57
55, 56
55, 56
56, 57
57, 58
58, 59
59, 60
59, 60
48, 78
49, 77
50, 76
50, 76
50, 76
50, 76
51, 68
51, 69
52, 68
52, 68
51, 69
51, 70
51, 71
51, 71
51, 71
51, 71
51, 71
51, 71
62, 36
62, 36
63, 37
63, 36
63, 36
64, 37
65, 38
65, 37
65, 37
67, 39
68, 40
69, 41
69, 42
69, 43
69, 44
69, 45
69, 46
70, 45
70, 45
70, 45
67, 95
66, 94
67, 93
67, 93
66, 92
65, 91
64, 90
65, 90
65, 90
65, 90
51, 42
52, 43
53, 44
52, 45
52, 45
53, 46
53, 46
41, 70
41, 70
42, 71
43, 72
43, 71
43, 71
42, 71
42, 71
43, 70
43, 70
42, 70
42, 70
42, 70
41, 50
42, 51
43, 51
43, 51
44, 52
45, 53
46, 54
47, 55
48, 54
48, 54
49, 55
50, 56
50, 56
52, 62
52, 62
53, 63
54, 62
54, 62
55, 63
56, 64
57, 63
57, 63
58, 64
57, 63
57, 63
56, 62
56, 62
56, 62
27, 76
27, 76
28, 77
29, 78
30, 79
31, 80
31, 80
71, 56
71, 56
70, 56
70, 56
69, 57
68, 58
67, 59
67, 59
45, 87
46, 86
47, 85
48, 85
49, 85
50, 85
51, 85
50, 86
50, 86
51, 86
51, 86
51, 86
34, 35
35, 36
36, 37
37, 38
38, 39
40, 41
41, 42
42, 43
43, 44
44, 45
45, 46
46, 47
47, 48
48, 49
49, 50
49, 50
44, 62
45, 63
46, 64
47, 65
48, 66
49, 67
50, 68
50, 68
51, 69
52, 70
53, 71
54, 72
54, 72
45, 49
46, 50
45, 49
45, 49
46, 50
47, 51
48, 52
49, 53
50, 54
51, 55
51, 55
51, 55
50, 67
50, 68
50, 69
50, 70
50, 71
50, 72
51, 72
51, 72
52, 73
52, 73
51, 74
50, 75
50, 75
33, 77
34, 78
34, 78
34, 78
34, 78
34, 77
34, 77
35, 78
35, 78
35, 78
45, 46
46, 47
47, 48
48, 49
49, 50
48, 49
48, 49
49, 50
48, 49
48, 49
48, 49
55, 82
56, 83
57, 84
58, 85
57, 86
57, 86
58, 87
59, 88
60, 89
60, 89
58, 61
57, 62
56, 63
55, 62
55, 62
54, 63
54, 64
54, 65
54, 66
54, 67
54, 68
54, 68
66, 60
66, 61
66, 61
65, 60
65, 60
64, 61
63, 62
62, 63
61, 64
60, 65
60, 65
56, 71
56, 71
55, 72
54, 71
54, 71
53, 72
52, 73
51, 74
51, 74
55, 63
54, 64
53, 65
52, 66
51, 67
51, 68
51, 69
51, 70
51, 70
66, 89
66, 89
66, 90
66, 90
65, 89
65, 89
66, 88
67, 87
68, 86
69, 85
69, 84
69, 83
69, 82
69, 82
70, 46
70, 46
69, 47
68, 48
67, 47
67, 47
66, 48
64, 50
63, 51
62, 52
61, 53
60, 54
59, 55
58, 56
57, 57
56, 58
56, 59
56, 60
56, 60
36, 77
35, 77
35, 77
36, 76
37, 75
38, 74
39, 75
39, 75
39, 75
43, 71
42, 72
42, 72
42, 71
42, 71
43, 71
44, 71
44, 70
44, 70
45, 71
46, 71
46, 71
52, 56
52, 55
52, 55
51, 56
51, 56
52, 57
53, 58
53, 58
51, 57
52, 58
52, 59
52, 59
53, 60
54, 61
55, 62
56, 63
57, 64
57, 64
50, 51
51, 52
50, 51
50, 51
51, 52
50, 51
50, 51
49, 52
49, 52
49, 52
59, 40
60, 41
61, 40
61, 40
63, 42
64, 43
65, 44
66, 45
67, 46
67, 47
67, 48
67, 49
67, 51
67, 52
67, 53
67, 54
67, 55
67, 56
67, 57
67, 57
32, 81
33, 82
33, 82
33, 82
33, 82
33, 82
33, 82
33, 82
33, 82
30, 67
30, 67
31, 68
32, 69
33, 70
34, 71
33, 70
33, 70
34, 71
35, 72
36, 73
37, 74
37, 74
49, 50
50, 51
51, 52
52, 53
53, 54
53, 55
53, 56
52, 55
52, 55
52, 55
52, 72
51, 72
51, 72
50, 73
50, 73
51, 74
52, 75
53, 76
54, 77
54, 77
56, 65
55, 66
54, 67
53, 68
52, 69
52, 70
52, 70
51, 71
51, 72
51, 73
51, 73
54, 47
56, 49
57, 50
58, 51
59, 52
60, 53
61, 54
62, 55
63, 56
64, 57
65, 58
65, 59
65, 60
65, 60
51, 79
51, 79
52, 80
52, 80
52, 81
52, 81
53, 82
54, 82
55, 82
56, 82
56, 82
51, 77
52, 76
52, 76
53, 77
53, 78
53, 78
54, 78
55, 78
56, 78
57, 78
56, 78
56, 78
56, 78
51, 74
51, 75
51, 75
52, 74
53, 75
53, 75
54, 74
54, 74
55, 73
56, 73
57, 73
58, 73
57, 74
57, 74
57, 74
55, 72
55, 72
56, 72
57, 72
58, 72
57, 71
57, 71
58, 72
58, 72
58, 72
52, 86
52, 86
53, 85
52, 85
52, 85
53, 84
54, 83
55, 82
56, 81
57, 80
58, 79
59, 78
59, 78
52, 73
52, 72
52, 71
52, 70
52, 70
52, 70
53, 78
53, 79
53, 80
53, 80
54, 81
54, 81
53, 82
53, 83
53, 84
53, 85
53, 85
50, 53
51, 54
52, 55
53, 56
53, 55
53, 55
54, 56
55, 57
56, 57
56, 57
56, 57
40, 75
41, 75
42, 75
43, 75
44, 75
45, 75
46, 75
46, 75
57, 61
58, 62
59, 63
60, 64
61, 65
62, 66
62, 66
60, 88
60, 87
60, 86
60, 87
60, 87
60, 86
60, 85
60, 84
60, 84
60, 77
59, 77
59, 77
60, 76
61, 75
61, 74
61, 74
62, 73
62, 73
55, 67
55, 67
54, 68
54, 68
55, 69
56, 70
57, 71
58, 72
59, 73
59, 73
66, 60
66, 60
65, 61
64, 62
63, 63
64, 63
64, 63
63, 64
62, 65
61, 66
61, 66
68, 83
68, 82
68, 82
67, 83
68, 82
68, 82
67, 83
68, 83
68, 83
67, 84
66, 85
67, 86
67, 86
67, 86
57, 79
58, 80
59, 79
59, 79
60, 80
61, 81
62, 82
63, 83
63, 83
58, 65
59, 64
59, 64
60, 65
61, 66
62, 67
62, 67
52, 74
53, 75
54, 76
55, 77
56, 78
56, 79
56, 80
55, 80
55, 80
56, 81
56, 82
56, 82
57, 72
57, 72
58, 73
59, 74
60, 75
60, 74
60, 74
61, 75
62, 76
62, 77
62, 78
62, 79
62, 79
52, 56
52, 57
53, 56
53, 56
52, 57
52, 58
52, 59
52, 60
52, 61
52, 61
60, 66
60, 66
59, 67
58, 68
59, 69
59, 69
60, 68
60, 68
59, 69
58, 70
57, 71
57, 71
58, 72
58, 72
58, 72
68, 56
68, 56
67, 57
66, 58
65, 59
64, 60
65, 59
65, 59
65, 59
50, 71
50, 71
51, 72
52, 73
53, 74
54, 75
55, 76
55, 76
56, 73
57, 73
57, 73
56, 72
56, 71
56, 70
56, 70
55, 70
55, 70
55, 70
57, 83
58, 83
59, 82
59, 82
60, 83
61, 83
62, 83
63, 83
62, 82
62, 82
63, 83
63, 84
63, 84
63, 84
47, 72
48, 73
49, 72
49, 72
50, 73
51, 74
52, 75
52, 75
38, 75
39, 76
40, 77
41, 77
42, 77
43, 77
43, 77
54, 59
55, 59
55, 59
56, 60
57, 61
57, 62
57, 62
33, 83
33, 83
33, 83
33, 83
33, 83
33, 83
33, 83
33, 83
44, 78
45, 79
44, 78
44, 78
45, 79
46, 80
47, 81
46, 82
46, 82
46, 83
46, 83
46, 83
60, 74
61, 75
62, 76
63, 77
64, 78
64, 79
64, 80
64, 81
63, 81
63, 81
63, 81
64, 82
63, 83
63, 83
63, 84
63, 84
64, 84
64, 84
65, 83
66, 82
67, 82
68, 82
68, 82
68, 82
68, 82
62, 67
63, 68
64, 69
65, 70
66, 71
67, 72
67, 73
67, 73
56, 63
55, 64
54, 65
54, 65
53, 66
53, 67
52, 67
52, 67
53, 68
53, 69
53, 68
53, 68
53, 69
53, 69
62, 83
61, 82
61, 81
61, 80
61, 79
61, 79
61, 79
61, 79
61, 79
61, 79
53, 62
54, 63
55, 64
56, 64
56, 64
55, 63
55, 63
56, 64
56, 64
59, 71
60, 70
61, 70
62, 70
61, 71
61, 71
62, 70
63, 70
63, 70
61, 68
60, 69
59, 70
59, 70
58, 71
57, 72
56, 73
57, 73
57, 73
57, 73
52, 84
51, 84
51, 84
52, 83
52, 82
52, 81
52, 81
51, 76
51, 77
51, 77
50, 76
50, 76
51, 77
51, 77
52, 77
52, 77
52, 77
63, 78
64, 77
64, 78
64, 78
64, 77
64, 76
64, 75
64, 74
64, 74
64, 73
64, 73
65, 60
65, 61
65, 62
65, 63
65, 64
65, 65
65, 66
65, 67
65, 67
66, 85
65, 84
64, 83
63, 82
62, 81
61, 80
60, 81
60, 81
59, 80
59, 80
55, 58
55, 58
54, 59
54, 59
55, 60
56, 61
57, 62
56, 61
56, 61
56, 62
56, 62
57, 63
57, 64
57, 64
47, 74
48, 75
48, 75
49, 74
50, 73
51, 72
51, 72
56, 77
57, 78
58, 79
59, 80
60, 81
61, 82
61, 82
63, 74
64, 75
65, 76
64, 75
64, 75
65, 76
66, 77
67, 78
67, 78
66, 78
66, 78
66, 78
34, 83
34, 84
34, 84
35, 83
35, 83
36, 83
37, 83
38, 83
38, 83
38, 83
57, 83
58, 84
59, 84
58, 85
58, 85
59, 84
60, 84
61, 84
62, 84
62, 84
62, 84
61, 67
60, 68
61, 69
61, 69
60, 70
59, 71
59, 70
59, 70
58, 71
57, 71
57, 71
53, 71
53, 72
54, 73
54, 73
54, 72
54, 72
53, 73
53, 73
56, 71
57, 72
58, 73
59, 74
60, 73
60, 73
61, 74
61, 74
59, 83
58, 83
57, 83
56, 83
55, 83
54, 83
54, 84
54, 84
53, 83
52, 83
52, 83
47, 82
47, 82
48, 83
49, 83
50, 83
51, 83
52, 83
52, 83
64, 68
63, 69
62, 70
61, 71
60, 72
60, 72
61, 83
60, 82
59, 81
58, 80
58, 79
58, 78
58, 77
58, 76
57, 75
57, 75
58, 74
58, 74
64, 82
65, 83
66, 84
67, 85
68, 86
69, 87
69, 87
60, 83
60, 83
59, 84
59, 83
59, 83
58, 84
58, 83
58, 83
58, 83
53, 78
54, 79
55, 80
56, 81
57, 82
57, 82
52, 80
52, 79
51, 78
51, 78
52, 77
52, 76
51, 75
51, 75
52, 74
52, 73
52, 72
52, 72
69, 82
69, 82
68, 82
68, 82
67, 81
66, 80
65, 80
64, 80
63, 80
62, 79
62, 79
62, 79
57, 65
58, 66
59, 67
59, 68
59, 69
59, 70
58, 71
58, 71
59, 72
60, 71
60, 71
60, 71
58, 74
59, 75
60, 76
61, 77
62, 78
62, 79
62, 80
62, 81
62, 82
62, 82
50, 72
50, 72
51, 73
51, 74
51, 74
52, 75
53, 76
53, 76
58, 72
59, 73
60, 74
61, 74
62, 74
62, 74
54, 70
55, 71
54, 70
54, 70
55, 71
55, 70
55, 70
56, 71
56, 71
67, 79
67, 79
66, 80
65, 81
64, 81
63, 81
63, 81
63, 81
64, 82
64, 82
64, 82
60, 75
61, 74
61, 74
60, 75
59, 76
58, 77
57, 77
56, 77
55, 77
55, 78
55, 78
54, 77
54, 77
62, 79
62, 79
63, 80
64, 81
65, 82
66, 83
66, 83
53, 84
53, 84
54, 83
55, 82
56, 81
57, 80
58, 79
59, 78
60, 77
61, 76
61, 76
56, 65
56, 66
56, 67
56, 68
56, 69
56, 70
56, 71
56, 72
56, 72
54, 74
55, 75
54, 76
54, 76
55, 77
56, 78
57, 79
58, 80
58, 80
38, 83
38, 83
38, 83
38, 83
38, 83
38, 83
38, 83
62, 71
63, 72
63, 72
62, 73
61, 74
61, 74
60, 75
61, 74
61, 74
60, 75
59, 76
58, 75
58, 75
57, 76
57, 76
66, 74
65, 75
64, 76
63, 77
62, 78
63, 78
63, 78
62, 79
61, 79
61, 79
58, 81
57, 82
56, 83
57, 84
57, 84
56, 84
55, 84
55, 84
65, 74
66, 74
65, 75
65, 75
66, 74
67, 74
67, 74
59, 73
59, 73
59, 73
59, 73
60, 73
60, 73
59, 73
59, 74
59, 74
59, 73
59, 73
38, 83
38, 83
38, 83
37, 82
37, 82
38, 81
39, 80
40, 79
40, 79
55, 78
56, 79
57, 80
58, 81
57, 80
57, 80
58, 81
59, 82
59, 82
59, 82
57, 71
58, 70
59, 70
60, 69
60, 69
61, 70
61, 69
61, 69
62, 69
62, 69
62, 70
61, 69
61, 69
60, 68
60, 68
60, 68
59, 82
60, 81
60, 80
60, 79
61, 79
61, 79
60, 78
61, 79
61, 79
60, 78
60, 77
60, 77
63, 81
62, 80
61, 79
60, 78
59, 77
59, 77
61, 80
61, 79
61, 79
60, 80
59, 80
58, 80
59, 79
59, 79
58, 80
58, 80
56, 85
57, 86
58, 86
58, 86
58, 85
58, 85
58, 86
58, 86
58, 86
61, 72
62, 73
63, 74
63, 75
63, 75
64, 76
65, 77
66, 78
67, 79
67, 80
67, 80
60, 77
59, 78
58, 79
57, 80
56, 81
56, 82
56, 83
56, 84
56, 84
58, 82
58, 82
57, 83
56, 84
55, 85
54, 86
54, 86
57, 75
56, 76
56, 75
56, 75
55, 76
55, 77
55, 78
56, 77
56, 77
57, 78
57, 78
56, 79
55, 80
55, 80
68, 86
67, 85
66, 84
65, 83
64, 84
64, 84
64, 84
57, 79
57, 79
56, 78
55, 77
54, 77
54, 77
54, 77
58, 75
59, 74
60, 75
60, 75
61, 75
61, 75
62, 74
63, 73
63, 73
52, 77
51, 78
52, 79
52, 79
51, 78
51, 78
51, 78
51, 78
51, 78
51, 78
51, 78
53, 82
54, 81
55, 80
56, 79
57, 78
58, 78
59, 79
59, 79
59, 79
55, 72
54, 73
53, 72
53, 72
52, 72
52, 72
52, 73
52, 73
61, 75
60, 76
59, 77
58, 78
57, 78
57, 78
56, 79
56, 79
63, 83
64, 83
64, 83
65, 84
66, 85
66, 86
66, 87
66, 87
53, 73
53, 74
52, 73
52, 73
53, 74
52, 75
52, 75
53, 76
53, 76
62, 79
62, 79
62, 78
62, 78
61, 79
61, 79
60, 79
60, 79
61, 79
61, 79
60, 78
59, 77
59, 77
66, 75
65, 75
65, 75
65, 76
65, 77
65, 78
65, 79
65, 80
65, 81
65, 81
67, 82
68, 83
68, 83
69, 82
70, 81
70, 80
70, 79
70, 78
70, 77
70, 77
57, 83
58, 84
58, 84
59, 83
58, 82
58, 82
59, 81
60, 80
61, 79
61, 79
52, 78
53, 78
52, 77
52, 77
53, 78
54, 78
55, 78
56, 78
57, 78
57, 78
65, 83
66, 82
67, 81
67, 80
67, 79
67, 78
67, 77
67, 77
56, 80
56, 80
57, 79
58, 78
59, 77
60, 76
61, 75
62, 74
63, 73
63, 72
63, 72
63, 71
63, 71
63, 71
53, 85
54, 84
54, 84
53, 83
53, 83
52, 82
51, 81
52, 81
52, 81
51, 80
50, 79
50, 78
50, 77
50, 77
53, 78
52, 79
52, 80
52, 80
52, 80
52, 80
52, 80
52, 80
69, 78
69, 78
68, 78
67, 78
66, 78
67, 77
67, 77
67, 77
54, 77
55, 78
56, 79
56, 78
56, 78
57, 79
57, 79
59, 85
60, 84
61, 83
61, 83
61, 82
61, 82
62, 83
63, 83
64, 83
63, 83
63, 83
64, 83
65, 83
65, 83
60, 78
60, 78
61, 77
60, 77
60, 77
61, 76
62, 75
63, 74
63, 74
63, 74
63, 74
61, 69
61, 69
60, 70
59, 70
59, 70
58, 71
57, 71
57, 71
56, 72
55, 73
54, 74
53, 75
54, 75
54, 75
54, 75
41, 80
42, 81
43, 82
44, 83
45, 84
46, 85
47, 84
47, 84
47, 84
62, 74
61, 75
60, 76
59, 77
58, 76
58, 76
57, 77
57, 78
57, 78
56, 81
56, 80
56, 80
57, 81
57, 81
56, 82
56, 83
56, 84
56, 84
56, 83
56, 83
56, 83
65, 86
64, 85
63, 84
62, 83
61, 82
60, 81
59, 80
59, 80
64, 80
63, 79
64, 79
64, 79
63, 78
62, 77
62, 76
62, 76
61, 75
61, 74
61, 73
61, 73
58, 80
59, 81
59, 81
58, 82
57, 83
56, 84
55, 85
54, 86
53, 86
53, 86
53, 86
53, 86
66, 81
65, 82
64, 83
63, 84
64, 85
64, 85
64, 85
51, 74
51, 74
52, 73
53, 74
53, 74
54, 73
55, 72
56, 71
57, 71
58, 71
59, 71
58, 70
58, 70
58, 70
60, 72
61, 71
62, 70
63, 70
63, 71
63, 71
64, 70
64, 70
64, 70
64, 70
59, 78
58, 79
59, 79
59, 79
58, 80
58, 81
58, 81
57, 82
56, 83
55, 84
54, 84
54, 84
59, 79
60, 78
61, 77
62, 76
62, 75
62, 74
62, 73
61, 73
61, 73
62, 73
62, 73
58, 83
58, 84
58, 85
58, 86
58, 87
58, 88
58, 89
58, 89
58, 89
60, 78
61, 79
62, 80
62, 80
63, 81
64, 82
65, 83
65, 84
65, 85
65, 86
65, 87
65, 87
66, 76
65, 75
64, 76
64, 76
63, 75
62, 75
62, 75
61, 75
61, 76
61, 76
61, 76
61, 73
60, 73
59, 73
58, 73
57, 73
56, 73
56, 73
54, 85
55, 85
56, 85
57, 85
58, 85
58, 85
62, 80
62, 79
62, 79
63, 80
64, 81
65, 82
65, 83
65, 83
48, 85
49, 86
50, 87
50, 88
50, 89
50, 89
64, 86
63, 85
62, 84
61, 83
61, 82
61, 82
62, 75
61, 75
61, 75
61, 76
61, 77
60, 78
60, 78
61, 77
61, 77
61, 78
61, 79
61, 79
63, 69
63, 69
62, 70
61, 71
60, 72
59, 71
59, 71
59, 71
63, 84
63, 83
63, 82
63, 81
63, 80
63, 81
63, 81
62, 82
62, 82
63, 81
63, 80
63, 79
63, 79
62, 71
62, 71
62, 72
62, 73
62, 74
62, 75
62, 76
62, 77
62, 78
62, 78
57, 71
57, 70
57, 70
56, 71
55, 72
55, 71
55, 71
56, 72
56, 72
56, 72
56, 80
56, 79
56, 79
55, 80
54, 81
53, 82
53, 82
54, 83
54, 83
54, 83
56, 79
56, 80
56, 80
56, 80
56, 80
56, 80
56, 80
58, 79
58, 78
58, 77
58, 77
58, 77
58, 77
58, 77
57, 78
57, 78
58, 77
58, 77
58, 77
55, 84
54, 85
53, 86
52, 87
53, 87
53, 87
52, 87
52, 87
51, 88
51, 89
51, 89
54, 76
54, 76
55, 77
56, 77
57, 77
57, 77
57, 77
58, 76
58, 76
57, 77
57, 77
53, 79
54, 80
54, 80
55, 79
56, 78
57, 77
58, 76
58, 75
59, 74
59, 74
58, 75
58, 75
58, 77
59, 76
59, 75
59, 74
59, 73
59, 73
60, 73
60, 73
59, 73
60, 72
60, 72
59, 73
59, 73
60, 74
60, 74
59, 75
59, 75
60, 75
61, 75
62, 75
62, 75
57, 88
56, 88
55, 88
54, 88
53, 88
53, 88
64, 82
63, 81
64, 80
64, 80
63, 79
63, 78
63, 77
63, 76
63, 76
66, 78
66, 78
65, 77
64, 77
65, 77
65, 77
64, 77
63, 77
62, 77
62, 77
51, 76
52, 75
52, 75
53, 74
54, 73
55, 72
56, 71
57, 70
58, 70
59, 70
59, 70
55, 83
55, 83
56, 82
57, 81
58, 80
59, 79
60, 78
61, 77
62, 77
62, 77
51, 88
50, 89
49, 88
50, 87
49, 88
49, 88
60, 74
60, 75
60, 74
59, 74
59, 73
59, 74
58, 74
57, 73
58, 72
58, 72
63, 78
62, 79
63, 79
63, 78
62, 78
62, 78
59, 78
58, 79
57, 79
56, 80
55, 81
54, 82
55, 81
55, 80
55, 79
55, 79
59, 75
59, 76
60, 75
60, 74
59, 73
60, 74
59, 75
60, 75
59, 74
59, 74
60, 78
60, 77
59, 78
60, 79
61, 80
60, 79
59, 78
59, 79
58, 80
58, 80
62, 75
63, 76
64, 77
64, 78
63, 79
64, 78
64, 77
64, 77
57, 71
58, 72
57, 71
58, 70
57, 70
58, 71
57, 72
58, 72
57, 71
56, 70
56, 70
53, 89
52, 88
53, 88
53, 89
52, 88
53, 89
53, 89
60, 70
59, 69
60, 70
59, 71
59, 70
59, 70
63, 77
64, 77
65, 77
64, 77
63, 78
64, 79
64, 79
50, 89
51, 88
50, 88
49, 87
50, 88
51, 88
51, 87
51, 88
51, 88
62, 81
61, 81
61, 82
62, 81
61, 81
62, 80
62, 80
57, 74
56, 74
55, 75
55, 76
56, 76
56, 75
56, 75
61, 74
61, 75
60, 74
61, 74
61, 75
61, 76
61, 76
57, 76
56, 76
55, 77
54, 76
53, 76
53, 77
53, 76
52, 75
51, 75
51, 75
59, 69
58, 70
59, 71
60, 71
61, 71
60, 71
60, 70
61, 69
61, 68
62, 67
62, 67
63, 80
62, 81
63, 81
63, 80
62, 79
62, 80
63, 79
63, 78
63, 79
62, 78
62, 78
56, 79
57, 79
58, 78
57, 77
56, 78
55, 77
55, 77
61, 77
62, 78
63, 79
62, 78
63, 77
64, 76
63, 75
62, 74
62, 75
63, 74
63, 74
53, 84
52, 83
52, 82
53, 82
54, 82
54, 83
53, 82
53, 82
57, 85
56, 85
55, 86
55, 87
56, 88
55, 89
56, 88
56, 89
55, 90
54, 91
54, 91
66, 83
66, 84
65, 83
64, 84
65, 85
66, 85
67, 86
67, 86
63, 78
64, 77
63, 76
64, 76
63, 75
63, 75
54, 90
53, 90
54, 89
55, 89
56, 88
56, 88
48, 88
48, 87
47, 88
48, 87
47, 88
48, 87
49, 86
49, 86
50, 75
50, 76
49, 77
50, 76
51, 75
52, 74
53, 73
54, 72
55, 72
54, 72
54, 72
50, 87
50, 88
50, 87
51, 87
50, 86
50, 86
60, 76
59, 76
58, 77
59, 77
58, 78
58, 78
65, 78
66, 78
67, 78
68, 77
69, 76
69, 77
70, 76
70, 75
69, 76
69, 76
55, 80
54, 79
53, 80
53, 81
52, 81
52, 82
53, 83
52, 82
52, 82
55, 71
54, 71
53, 71
52, 71
51, 71
51, 71
55, 76
54, 75
54, 76
54, 77
55, 78
55, 78
62, 74
62, 75
63, 74
63, 75
64, 74
63, 75
64, 75
64, 75
63, 67
64, 67
64, 68
65, 69
64, 68
65, 68
66, 67
65, 68
65, 69
64, 69
64, 69
54, 81
53, 82
52, 83
52, 82
53, 83
52, 83
52, 82
52, 81
51, 81
51, 81
53, 88
54, 87
53, 86
52, 85
51, 84
51, 83
52, 84
51, 84
51, 84
63, 78
64, 77
63, 77
62, 77
62, 76
61, 76
61, 76
63, 76
64, 77
64, 78
63, 77
64, 77
65, 78
66, 77
66, 78
66, 78
59, 75
60, 75
60, 76
61, 76
60, 77
59, 78
59, 79
59, 80
59, 80
57, 72
57, 71
58, 71
58, 70
57, 70
58, 70
57, 70
56, 69
55, 70
55, 70
60, 70
59, 70
60, 71
61, 72
61, 71
61, 71
62, 75
62, 76
61, 76
61, 75
60, 75
59, 75
58, 76
58, 75
58, 74
59, 73
59, 73
55, 74
56, 74
57, 75
56, 75
57, 74
58, 74
59, 73
59, 74
60, 73
60, 73
67, 87
67, 86
67, 87
68, 87
68, 88
69, 89
69, 89
61, 80
62, 80
61, 81
61, 80
60, 79
61, 80
62, 81
63, 82
63, 82
62, 77
63, 78
63, 77
64, 77
64, 76
64, 75
65, 75
66, 76
67, 77
67, 76
67, 76
57, 81
56, 81
57, 81
58, 80
58, 81
59, 80
59, 80
60, 81
60, 81
61, 82
62, 83
63, 84
64, 85
64, 85
64, 86
64, 86
59, 73
58, 72
57, 71
56, 70
55, 69
54, 68
54, 68
53, 67
53, 67
60, 79
61, 78
62, 77
63, 76
63, 75
63, 74
63, 73
63, 72
63, 72
50, 85
51, 84
51, 84
52, 83
53, 82
54, 81
54, 81
54, 79
53, 80
53, 81
53, 82
53, 83
53, 84
53, 85
53, 86
53, 87
53, 87
58, 78
57, 77
56, 76
55, 75
54, 74
54, 74
69, 75
69, 74
69, 73
69, 72
69, 71
69, 71
69, 70
69, 70
69, 70
50, 70
49, 69
49, 69
48, 68
48, 68
47, 67
46, 66
45, 65
44, 65
43, 65
43, 65
55, 87
54, 86
53, 85
52, 84
51, 83
50, 82
49, 81
49, 81
65, 77
64, 76
63, 75
62, 74
62, 74
62, 74
62, 81
61, 80
60, 79
59, 78
58, 77
57, 76
56, 75
56, 75
50, 83
50, 83
49, 82
48, 81
47, 80
46, 79
46, 79
63, 70
63, 70
62, 71
61, 71
60, 71
59, 71
58, 71
57, 71
57, 71
53, 73
52, 74
51, 75
50, 75
49, 75
48, 75
48, 75
63, 76
62, 77
61, 78
60, 79
59, 80
58, 81
57, 82
56, 83
56, 83
56, 83
50, 80
49, 79
48, 78
47, 77
46, 76
45, 75
45, 75
59, 74
59, 74
58, 75
57, 76
56, 77
55, 78
54, 79
54, 79
54, 69
53, 68
53, 68
52, 67
51, 66
50, 65
50, 65
62, 72
63, 73
63, 74
63, 75
63, 76
63, 77
63, 78
63, 79
63, 80
63, 80
61, 76
61, 76
60, 75
59, 74
58, 73
57, 72
56, 71
55, 70
54, 69
53, 68
53, 68
51, 85
51, 85
52, 84
53, 83
54, 82
55, 81
56, 80
57, 79
58, 78
59, 77
59, 77
69, 89
68, 88
67, 87
67, 87
66, 86
66, 85
66, 85
66, 75
65, 74
64, 73
63, 72
62, 71
61, 70
61, 70
51, 81
50, 80
49, 79
48, 78
47, 77
46, 76
45, 75
45, 75
60, 71
59, 72
58, 73
58, 74
58, 75
58, 76
58, 76
58, 77
58, 78
58, 79
58, 79
55, 74
54, 73
53, 72
53, 72
53, 72
52, 71
51, 70
51, 70
50, 69
50, 69
68, 69
67, 68
66, 67
65, 66
65, 66
64, 65
64, 65
63, 64
62, 63
62, 63
44, 74
43, 73
42, 72
41, 71
41, 71
41, 71
41, 71
52, 66
51, 65
50, 64
50, 62
50, 61
50, 60
50, 59
50, 58
50, 57
50, 56
50, 55
50, 54
50, 54
49, 53
48, 52
47, 51
46, 50
46, 50
62, 79
61, 78
60, 77
59, 76
58, 75
57, 74
56, 73
55, 72
54, 71
54, 70
54, 70
46, 74
47, 73
48, 72
49, 71
49, 71
49, 71
61, 73
60, 72
60, 72
59, 72
58, 72
58, 72
58, 72
56, 70
55, 69
54, 68
53, 67
53, 67
52, 66
52, 66
52, 67
51, 66
50, 65
49, 64
48, 63
48, 61
49, 60
50, 59
50, 58
50, 57
50, 56
49, 55
49, 55
48, 54
48, 54
63, 85
62, 84
62, 84
61, 83
60, 82
59, 81
59, 81
49, 64
48, 63
48, 63
48, 61
49, 60
50, 59
50, 58
50, 57
50, 56
50, 55
50, 54
49, 53
48, 52
47, 51
46, 50
46, 50
55, 80
56, 79
56, 79
57, 78
58, 77
58, 77
58, 77
58, 76
57, 75
56, 74
55, 73
54, 72
54, 72
53, 78
52, 77
51, 76
50, 75
50, 75
49, 74
48, 73
48, 73
63, 72
62, 71
61, 70
60, 69
60, 69
59, 68
59, 68
59, 68
55, 73
55, 73
55, 72
55, 72
55, 71
55, 70
55, 70
65, 84
64, 83
63, 82
63, 82
63, 82
62, 81
62, 81
62, 80
62, 80
55, 82
55, 82
54, 81
53, 80
52, 79
52, 78
52, 77
52, 77
52, 86
51, 85
50, 84
49, 83
48, 82
47, 81
47, 81
46, 80
46, 80
48, 82
47, 83
47, 83
46, 84
46, 84
46, 84
45, 80
44, 81
43, 81
42, 81
42, 81
42, 81
42, 81
42, 81
42, 81
42, 81
49, 74
49, 74
50, 73
51, 72
52, 71
53, 70
54, 69
54, 69
54, 68
54, 67
54, 67
42, 64
41, 63
41, 63
40, 62
39, 61
38, 60
37, 59
37, 59
53, 78
53, 78
53, 78
54, 78
54, 78
55, 78
56, 78
56, 78
59, 81
59, 82
59, 82
59, 82
59, 82
59, 82
59, 82
59, 82
59, 82
61, 79
60, 78
60, 78
59, 77
58, 76
57, 75
56, 74
55, 73
55, 73
54, 72
54, 72
57, 78
56, 77
55, 76
54, 75
53, 74
52, 73
51, 72
50, 71
49, 70
49, 70
55, 71
56, 70
57, 69
58, 68
59, 67
59, 67
47, 49
48, 49
49, 49
50, 49
51, 49
52, 49
53, 49
53, 49
49, 55
50, 56
50, 57
50, 58
50, 59
50, 60
50, 61
50, 61
36, 58
35, 57
34, 56
33, 55
33, 55
33, 55
32, 54
31, 53
30, 52
29, 51
29, 51
57, 76
56, 75
55, 74
55, 73
55, 72
55, 71
55, 71
54, 67
54, 67
55, 66
55, 65
55, 64
55, 63
55, 63
55, 63
61, 62
60, 61
59, 60
59, 60
59, 60
58, 59
57, 58
56, 57
56, 57
58, 67
57, 66
56, 65
56, 65
55, 64
55, 64
53, 69
53, 69
53, 69
52, 68
51, 67
50, 66
50, 66
49, 65
49, 64
50, 62
50, 61
50, 60
50, 59
50, 58
50, 57
50, 57
45, 49
44, 48
43, 47
43, 47
44, 48
45, 49
46, 50
47, 50
48, 50
49, 50
50, 50
49, 49
48, 48
48, 48
47, 47
47, 47
47, 83
48, 82
49, 81
49, 81
50, 80
51, 79
52, 78
52, 78
53, 77
54, 76
54, 76
48, 70
47, 69
46, 68
45, 67
44, 66
44, 66
48, 73
47, 72
47, 72
47, 72
47, 72
47, 72
47, 72
46, 71
45, 70
45, 70
49, 68
48, 67
47, 66
47, 66
46, 65
46, 65
57, 71
56, 70
55, 69
54, 68
53, 67
52, 66
51, 65
51, 65
50, 64
50, 62
50, 61
50, 60
50, 59
50, 58
50, 57
50, 57
45, 79
44, 78
43, 77
42, 76
41, 75
41, 75
41, 75
41, 75
41, 74
41, 74
56, 71
56, 71
57, 72
58, 73
59, 74
60, 75
60, 75
42, 70
42, 70
42, 70
42, 70
42, 70
42, 70
42, 70
42, 70
42, 70
43, 80
44, 79
45, 78
46, 77
47, 76
48, 75
49, 74
49, 74
53, 67
54, 68
55, 69
56, 70
57, 71
58, 72
59, 73
59, 73
60, 74
60, 74
54, 65
54, 65
53, 66
52, 67
51, 68
50, 69
49, 70
48, 71
47, 72
47, 72
47, 72
54, 70
53, 69
53, 69
53, 69
52, 68
51, 67
51, 67
53, 75
52, 74
51, 74
50, 74
49, 74
49, 74
54, 48
54, 48
53, 49
52, 50
51, 50
50, 50
50, 50
50, 50
51, 49
52, 48
53, 47
53, 47
42, 70
41, 71
40, 72
39, 73
38, 74
37, 75
36, 76
35, 77
35, 77
35, 77
35, 77
49, 60
49, 60
48, 59
47, 58
46, 57
46, 55
47, 54
48, 53
49, 52
50, 51
49, 50
49, 50
46, 46
45, 45
45, 45
45, 45
44, 44
43, 43
42, 42
42, 42
59, 82
58, 81
57, 80
56, 79
56, 79
56, 79
55, 78
54, 77
54, 77
54, 77
50, 57
49, 56
48, 55
47, 54
46, 53
45, 52
44, 51
43, 50
42, 49
42, 49
60, 68
61, 69
62, 70
62, 70
63, 71
63, 71
64, 71
65, 71
66, 71
66, 71
50, 71
50, 71
51, 72
52, 73
53, 74
53, 74
55, 73
56, 74
57, 75
58, 76
59, 77
59, 77
42, 73
42, 73
43, 72
44, 71
45, 70
46, 70
46, 70
59, 75
59, 75
58, 76
57, 77
56, 78
56, 78
50, 75
51, 76
51, 76
52, 77
53, 78
53, 78
54, 79
55, 80
56, 81
57, 82
57, 82
45, 64
44, 63
44, 61
45, 60
46, 59
47, 58
48, 57
49, 56
50, 55
49, 54
48, 53
47, 52
47, 52
55, 56
54, 55
54, 55
54, 55
53, 54
53, 54
52, 53
51, 52
51, 52
46, 71
47, 72
48, 73
48, 73
49, 74
50, 75
51, 76
51, 76
54, 62
53, 61
52, 60
51, 59
50, 58
49, 57
48, 56
48, 56
47, 55
46, 54
46, 54
30, 52
31, 53
32, 54
33, 55
33, 55
34, 56
34, 56
55, 77
54, 76
53, 75
52, 74
51, 73
50, 72
49, 71
48, 70
48, 70
49, 56
48, 55
47, 54
47, 54
46, 53
46, 53
45, 52
44, 51
44, 50
44, 50
44, 50
59, 74
58, 73
57, 72
56, 71
55, 70
55, 70
54, 69
54, 69
53, 68
52, 67
52, 67
45, 67
46, 68
47, 69
47, 69
48, 70
48, 70
48, 70
47, 69
46, 68
45, 67
44, 66
43, 65
42, 64
41, 63
40, 62
40, 62
39, 61
39, 61
56, 78
55, 79
54, 80
53, 81
52, 82
52, 83
52, 83
52, 84
52, 84
52, 85
52, 85
54, 77
53, 76
52, 75
51, 74
50, 73
49, 72
49, 72
48, 71
48, 71
52, 77
53, 78
54, 78
54, 78
54, 78
54, 78
54, 78
54, 78
54, 78
43, 48
43, 48
43, 48
43, 48
43, 48
43, 48
43, 48
54, 48
55, 49
56, 50
56, 50
55, 50
54, 50
53, 50
52, 50
51, 50
52, 51
52, 51
53, 52
53, 52
54, 53
54, 53
51, 67
52, 66
53, 65
54, 64
55, 63
56, 62
56, 62
57, 61
58, 60
59, 59
59, 59
46, 71
45, 70
45, 70
44, 69
43, 68
42, 67
42, 67
41, 66
41, 66
59, 77
60, 78
61, 78
62, 78
62, 78
62, 78
63, 78
64, 78
65, 78
66, 78
66, 78
43, 49
43, 49
42, 48
41, 47
41, 47
41, 47
42, 48
43, 49
44, 50
45, 50
46, 50
47, 50
48, 50
47, 49
46, 48
45, 47
45, 47
47, 55
48, 56
48, 56
49, 57
50, 58
51, 59
51, 59
56, 81
56, 81
55, 80
54, 79
53, 78
52, 77
51, 76
51, 76
50, 75
50, 75
45, 69
44, 68
43, 67
43, 67
43, 67
42, 66
41, 65
41, 65
49, 74
50, 73
51, 72
51, 72
51, 72
51, 72
65, 72
64, 73
63, 74
62, 75
61, 76
60, 77
59, 77
58, 77
58, 77
50, 51
51, 52
52, 53
53, 54
53, 54
54, 55
55, 56
55, 56
36, 76
37, 75
38, 74
39, 73
40, 72
41, 71
41, 71
35, 55
36, 55
37, 55
38, 55
39, 55
40, 55
40, 55
52, 73
52, 73
51, 72
50, 71
49, 70
49, 70
49, 70
48, 69
47, 68
47, 68
50, 51
49, 50
48, 49
48, 48
48, 48
48, 48
48, 51
48, 50
48, 50
48, 49
48, 48
48, 48
48, 47
48, 47
51, 68
50, 69
49, 69
48, 69
47, 69
47, 68
48, 67
49, 66
50, 65
50, 64
50, 63
50, 62
50, 61
50, 60
50, 59
49, 60
49, 60
50, 59
50, 58
50, 57
50, 56
50, 55
50, 54
50, 54
48, 70
47, 69
46, 68
45, 67
44, 66
44, 66
43, 65
43, 65
43, 43
44, 44
45, 45
46, 46
47, 47
48, 48
49, 49
50, 50
50, 50
41, 65
42, 64
42, 64
43, 63
43, 63
43, 63
44, 62
44, 62
44, 62
52, 58
53, 57
54, 56
54, 56
55, 55
55, 55
56, 55
57, 55
58, 55
58, 54
57, 53
56, 52
55, 51
54, 50
53, 50
52, 50
51, 50
50, 50
50, 50
50, 50
57, 76
56, 75
55, 74
54, 73
53, 72
53, 72
46, 46
47, 45
48, 44
49, 43
50, 42
50, 42
51, 41
52, 40
52, 40
39, 61
40, 62
41, 63
42, 64
43, 65
43, 65
47, 68
48, 67
49, 66
50, 65
50, 64
49, 65
48, 66
47, 67
46, 68
45, 69
45, 69
44, 70
44, 70
53, 54
52, 55
51, 55
50, 55
49, 55
48, 55
48, 55
48, 47
49, 46
50, 45
51, 44
51, 44
51, 44
51, 44
51, 44
40, 72
39, 73
39, 73
39, 74
39, 75
39, 76
39, 76
65, 77
64, 76
63, 75
63, 75
62, 74
61, 73
60, 72
59, 71
58, 70
58, 70
47, 49
46, 50
45, 51
45, 51
44, 52
43, 53
43, 54
43, 54
43, 55
43, 56
43, 56
49, 53
49, 53
48, 53
47, 53
46, 53
45, 53
45, 53
44, 53
44, 53
53, 77
53, 77
52, 76
51, 75
50, 74
50, 74
47, 70
47, 69
47, 68
47, 67
47, 66
47, 65
47, 65
41, 66
41, 66
42, 65
42, 65
43, 64
43, 64
44, 63
44, 63
45, 62
45, 62
58, 60
57, 61
56, 62
56, 62
55, 63
54, 64
53, 65
52, 66
52, 66
42, 49
41, 50
41, 50
40, 51
39, 52
38, 52
37, 52
36, 52
35, 52
35, 52
49, 51
48, 52
47, 53
46, 54
46, 54
46, 54
47, 53
48, 52
49, 51
50, 50
50, 50
50, 50
50, 50
49, 74
49, 73
49, 72
49, 71
49, 70
49, 70
49, 69
49, 69
49, 68
49, 67
49, 67
42, 64
41, 63
41, 63
40, 62
39, 61
39, 61
39, 61
54, 55
53, 54
52, 53
51, 52
51, 52
50, 51
49, 50
48, 49
48, 49
53, 86
54, 87
55, 87
56, 87
57, 87
57, 87
51, 72
50, 71
49, 70
48, 69
47, 68
47, 68
47, 68
41, 56
42, 57
44, 57
45, 56
46, 55
47, 54
48, 53
49, 52
50, 51
50, 50
50, 50
51, 51
52, 52
53, 53
54, 54
54, 54
39, 61
39, 61
38, 60
37, 60
36, 60
36, 60
35, 60
34, 60
34, 60
49, 49
49, 49
48, 48
47, 47
46, 46
46, 46
46, 46
45, 45
45, 45
50, 43
49, 42
49, 42
48, 41
48, 41
47, 40
46, 39
45, 38
44, 38
43, 38
43, 38
47, 68
47, 68
48, 67
49, 66
50, 65
50, 65
56, 86
55, 85
54, 84
53, 83
53, 83
52, 82
52, 82
35, 52
36, 53
36, 53
37, 54
38, 54
38, 54
43, 71
42, 72
41, 72
40, 72
39, 72
38, 72
38, 72
46, 64
46, 64
45, 63
45, 62
45, 62
45, 62
45, 61
45, 61
38, 75
37, 74
36, 73
36, 72
36, 71
36, 71
36, 70
36, 69
36, 69
48, 68
47, 69
47, 68
48, 67
49, 66
50, 65
50, 64
50, 63
50, 62
50, 61
50, 60
49, 61
49, 61
49, 61
49, 61
50, 60
50, 59
50, 58
50, 57
49, 58
49, 58
49, 58
49, 58
43, 56
45, 56
46, 55
47, 54
48, 53
49, 52
50, 53
51, 54
51, 55
51, 56
51, 56
49, 54
49, 54
50, 53
51, 52
52, 51
53, 50
54, 49
54, 49
53, 50
52, 50
51, 50
50, 50
50, 50
50, 50
45, 63
46, 64
47, 65
48, 66
49, 67
50, 67
50, 67
44, 64
45, 63
45, 63
45, 63
45, 63
46, 62
46, 62
53, 41
53, 41
53, 41
54, 42
55, 43
56, 44
57, 44
57, 44
44, 53
43, 54
42, 55
41, 56
40, 57
39, 58
38, 59
37, 60
36, 61
36, 61
49, 50
50, 51
50, 51
51, 52
52, 53
53, 54
54, 55
55, 56
56, 57
56, 57
50, 74
51, 73
52, 72
52, 72
52, 72
53, 71
54, 70
55, 69
55, 69
53, 67
54, 68
55, 69
56, 70
57, 71
58, 72
58, 72
52, 71
51, 70
50, 69
49, 68
48, 67
47, 66
46, 65
46, 65
46, 65
49, 49
48, 48
48, 48
47, 47
47, 47
46, 46
46, 46
53, 53
52, 52
51, 51
50, 50
49, 49
48, 48
47, 47
47, 47
47, 47
46, 46
46, 46
58, 70
57, 69
56, 68
56, 68
56, 68
56, 68
55, 67
55, 67
54, 66
53, 65
53, 65
46, 63
46, 63
47, 64
48, 65
49, 66
49, 66
49, 66
56, 58
57, 59
58, 58
59, 58
60, 58
60, 58
57, 43
58, 44
59, 44
58, 44
57, 43
57, 44
58, 43
59, 42
60, 43
60, 43
59, 73
59, 74
60, 74
61, 73
62, 74
61, 75
62, 76
63, 76
63, 76
54, 69
53, 69
54, 70
53, 70
54, 71
54, 72
55, 73
55, 72
54, 73
54, 73
50, 66
49, 67
50, 66
49, 65
50, 66
51, 67
50, 66
50, 66
53, 82
54, 81
55, 80
54, 79
53, 80
54, 80
55, 81
56, 80
56, 80
51, 57
50, 58
50, 59
49, 58
50, 57
49, 56
49, 56
49, 59
48, 59
49, 60
48, 59
48, 60
48, 60
50, 68
51, 68
52, 68
51, 69
51, 68
51, 69
50, 70
49, 70
49, 70
52, 65
51, 65
50, 66
51, 65
51, 64
51, 63
50, 62
51, 61
50, 60
50, 60
44, 44
45, 44
46, 44
45, 44
46, 44
45, 43
45, 44
45, 44
51, 51
52, 51
53, 50
52, 49
52, 48
52, 48
37, 73
36, 74
36, 75
37, 74
38, 73
37, 72
38, 71
37, 72
37, 73
38, 74
38, 74
47, 66
46, 67
47, 67
46, 67
47, 68
48, 67
47, 68
47, 68
45, 62
44, 63
44, 62
45, 62
45, 63
44, 64
44, 64
46, 63
46, 64
47, 65
46, 65
47, 64
46, 65
47, 66
46, 66
46, 66
35, 60
36, 60
35, 60
34, 61
35, 62
35, 61
35, 60
34, 60
34, 61
34, 61
48, 67
49, 66
48, 67
49, 66
50, 66
49, 66
49, 66
47, 46
48, 47
48, 46
47, 47
48, 47
49, 48
50, 49
51, 48
51, 48
36, 62
37, 62
36, 61
35, 60
34, 60
34, 60
37, 70
36, 69
36, 70
37, 71
38, 70
38, 70
47, 45
47, 46
48, 45
49, 46
49, 45
50, 44
49, 45
50, 46
51, 45
51, 45
44, 37
43, 36
42, 37
41, 38
42, 39
43, 40
43, 41
43, 41
37, 53
37, 54
38, 55
37, 55
37, 56
36, 57
37, 58
37, 59
36, 60
36, 60
52, 47
53, 48
52, 47
53, 46
54, 46
53, 47
53, 47
48, 71
49, 70
49, 71
50, 71
49, 70
50, 70
51, 70
51, 70
47, 66
48, 67
48, 68
47, 67
47, 68
47, 67
47, 67
48, 67
48, 68
49, 68
48, 67
47, 67
47, 67
49, 66
50, 67
49, 67
50, 66
51, 67
52, 68
51, 67
50, 67
50, 67
50, 61
51, 61
51, 60
51, 61
50, 61
49, 61
50, 61
50, 61
44, 40
43, 41
42, 40
42, 39
42, 38
41, 38
40, 37
40, 37
59, 42
58, 43
59, 44
58, 43
59, 42
59, 41
58, 40
59, 41
59, 41
57, 79
58, 78
58, 79
59, 79
59, 80
58, 81
59, 81
60, 81
59, 82
59, 82
34, 59
33, 59
34, 58
34, 59
34, 60
33, 60
32, 60
31, 61
31, 61
39, 73
40, 73
40, 74
39, 75
40, 76
39, 76
39, 76
52, 46
51, 47
52, 47
51, 46
50, 47
50, 47
46, 45
46, 46
47, 46
46, 47
47, 46
48, 47
49, 47
48, 47
49, 46
49, 46
53, 73
53, 74
52, 74
53, 73
52, 72
53, 73
52, 73
52, 73
52, 49
53, 50
54, 49
55, 49
54, 48
53, 47
52, 47
52, 46
52, 45
51, 46
51, 46
50, 55
51, 54
50, 55
50, 56
49, 57
48, 56
47, 55
48, 56
48, 57
47, 58
47, 58
49, 60
50, 59
49, 59
48, 59
48, 58
48, 58
35, 62
34, 62
33, 63
34, 62
34, 61
35, 61
35, 61
60, 59
61, 59
60, 60
60, 61
61, 60
60, 59
59, 59
59, 58
59, 58
37, 61
38, 61
39, 61
38, 60
37, 61
37, 60
38, 59
38, 59
48, 68
47, 69
48, 70
48, 71
47, 71
47, 72
46, 71
46, 71
62, 76
62, 77
61, 76
61, 75
62, 74
62, 73
61, 72
62, 71
61, 72
60, 71
60, 71
39, 70
40, 71
39, 71
40, 70
40, 71
40, 71
45, 64
44, 64
43, 63
44, 63
44, 64
44, 64
59, 59
60, 58
59, 59
60, 59
59, 59
58, 58
59, 59
58, 59
58, 59
39, 71
39, 70
38, 71
37, 70
36, 69
36, 69
58, 41
57, 42
58, 41
59, 41
58, 40
59, 39
59, 38
58, 39
58, 39
31, 62
32, 63
33, 63
33, 62
33, 61
34, 61
35, 62
35, 63
35, 63
46, 72
45, 71
46, 71
46, 70
47, 70
46, 71
46, 71
52, 72
52, 71
51, 72
52, 72
52, 71
53, 72
52, 73
52, 74
52, 74
37, 60
37, 61
38, 62
38, 63
38, 64
39, 65
38, 65
37, 64
36, 64
36, 64
52, 45
51, 45
52, 46
53, 45
52, 45
52, 45
51, 48
51, 47
50, 48
50, 49
51, 48
51, 47
50, 48
50, 48
40, 75
39, 76
38, 77
38, 76
38, 75
38, 76
38, 77
39, 76
40, 76
41, 76
41, 76
60, 70
59, 71
59, 70
60, 70
61, 69
60, 68
61, 67
62, 68
63, 68
62, 67
62, 67
59, 83
59, 84
58, 85
58, 84
57, 84
56, 84
55, 84
55, 84
53, 46
52, 45
52, 46
52, 45
52, 44
52, 45
52, 45
47, 68
46, 68
46, 67
45, 66
45, 67
45, 67
51, 71
50, 70
50, 69
51, 68
50, 67
50, 67
49, 57
48, 58
47, 58
46, 57
47, 58
47, 58
45, 64
45, 65
46, 64
45, 63
45, 64
45, 64
51, 60
51, 61
50, 60
50, 59
51, 59
52, 59
52, 59
48, 68
48, 67
49, 66
48, 66
47, 65
46, 66
46, 66
48, 47
49, 46
48, 47
47, 48
46, 48
45, 49
46, 48
45, 49
45, 48
45, 49
45, 49
40, 38
40, 37
39, 38
38, 38
39, 39
39, 39
47, 57
46, 57
47, 58
47, 59
48, 60
49, 59
50, 59
49, 59
48, 59
48, 59
35, 60
34, 61
35, 62
36, 63
37, 64
38, 63
37, 63
37, 63
51, 68
50, 68
49, 67
48, 66
47, 67
48, 68
47, 67
46, 66
46, 65
47, 64
47, 64
46, 49
47, 48
46, 47
45, 46
44, 45
44, 44
44, 43
45, 44
44, 44
44, 44
51, 74
52, 75
53, 75
52, 75
51, 74
52, 74
51, 74
52, 75
52, 74
51, 75
51, 75
62, 68
63, 67
62, 68
61, 69
62, 69
62, 68
61, 68
61, 68
46, 65
47, 65
47, 64
46, 63
45, 62
44, 63
44, 63
46, 63
45, 63
45, 62
44, 63
44, 62
43, 63
43, 63
53, 58
53, 59
54, 59
55, 58
56, 57
55, 56
55, 57
55, 57
35, 69
36, 68
35, 69
36, 70
37, 70
37, 71
38, 71
39, 70
39, 70
37, 63
36, 63
36, 62
35, 62
36, 62
37, 63
37, 63
45, 66
44, 65
44, 66
44, 65
45, 66
45, 67
44, 68
44, 69
44, 68
45, 67
45, 67
51, 68
50, 68
51, 69
51, 68
52, 67
52, 67
35, 62
35, 63
34, 62
34, 63
33, 63
32, 64
31, 63
31, 64
32, 63
31, 64
31, 64
40, 40
39, 39
38, 39
37, 39
37, 38
37, 39
36, 39
36, 39
59, 58
60, 57
60, 58
59, 59
60, 60
59, 59
59, 60
59, 60
51, 47
51, 48
52, 48
53, 47
54, 48
53, 47
52, 47
53, 47
53, 46
54, 45
54, 45
42, 76
43, 76
44, 76
45, 76
46, 76
46, 76
51, 46
51, 45
52, 44
51, 45
52, 46
51, 47
51, 46
51, 47
51, 48
51, 49
51, 49
45, 67
45, 66
44, 66
43, 67
42, 66
42, 66
45, 70
46, 71
45, 72
44, 71
45, 71
44, 71
43, 72
43, 72
36, 62
35, 63
36, 64
37, 63
37, 64
37, 63
38, 64
39, 64
38, 63
38, 63
57, 39
58, 38
58, 37
57, 37
58, 38
57, 37
57, 38
56, 38
57, 37
57, 37
53, 44
53, 43
54, 44
54, 45
55, 44
54, 44
54, 43
54, 42
55, 43
55, 43
56, 84
56, 83
57, 82
57, 81
56, 82
55, 83
54, 84
54, 84
48, 58
47, 59
48, 59
49, 58
50, 59
50, 59
47, 59
48, 59
49, 59
49, 60
48, 59
47, 58
48, 57
49, 58
49, 58
54, 85
54, 86
54, 85
54, 84
53, 85
54, 84
55, 84
56, 84
56, 84
35, 39
34, 39
35, 38
36, 39
37, 40
36, 40
37, 39
38, 39
37, 40
36, 39
36, 39
43, 73
42, 73
41, 73
42, 73
41, 73
41, 74
42, 73
42, 73
55, 44
56, 44
57, 43
56, 44
57, 44
56, 45
56, 45
38, 71
38, 72
37, 72
36, 72
35, 73
36, 72
37, 71
38, 70
39, 71
39, 71
60, 60
60, 61
59, 62
59, 61
58, 61
59, 62
60, 61
60, 61
56, 56
55, 55
56, 54
55, 53
55, 54
55, 54
45, 68
45, 69
45, 68
45, 67
45, 66
45, 66
50, 58
49, 58
48, 59
48, 58
48, 57
47, 57
47, 57
32, 65
33, 65
34, 64
34, 63
35, 62
36, 62
37, 62
36, 63
37, 63
36, 62
36, 62
45, 63
46, 63
45, 63
44, 64
43, 65
44, 64
43, 64
43, 63
43, 63
55, 42
54, 42
54, 41
54, 40
53, 41
53, 41
60, 68
61, 68
60, 69
61, 68
60, 68
59, 68
59, 68
50, 60
50, 61
49, 60
49, 61
50, 62
51, 61
50, 61
49, 61
49, 61
56, 37
57, 38
56, 38
56, 39
57, 39
56, 40
57, 41
57, 41
36, 63
36, 62
37, 62
38, 63
38, 64
37, 65
36, 66
37, 66
36, 66
35, 67
35, 67
39, 62
38, 62
37, 63
37, 62
36, 61
36, 61
51, 76
52, 75
51, 76
50, 75
49, 74
50, 75
49, 74
49, 73
49, 73
51, 68
50, 69
50, 68
49, 68
50, 67
50, 67
47, 76
48, 76
47, 77
48, 76
48, 75
49, 76
50, 76
50, 75
51, 76
51, 76
41, 66
42, 67
42, 68
43, 68
44, 69
44, 68
44, 68
43, 64
42, 63
41, 63
40, 64
41, 64
41, 64
43, 43
42, 43
41, 42
42, 41
42, 40
42, 39
43, 40
44, 39
45, 40
45, 40
52, 49
51, 50
52, 49
51, 48
51, 47
51, 48
52, 48
52, 48
61, 61
62, 60
63, 61
63, 60
64, 60
64, 61
64, 61
48, 60
49, 60
50, 60
51, 60
50, 59
49, 59
49, 59
43, 69
44, 68
44, 69
43, 70
42, 71
42, 71
56, 40
57, 41
57, 42
56, 43
56, 44
55, 44
55, 44
48, 56
47, 56
48, 56
48, 55
49, 54
48, 53
49, 53
48, 54
47, 53
47, 53
43, 74
44, 75
43, 74
44, 75
45, 75
45, 74
44, 75
43, 74
43, 74
56, 44
55, 43
56, 43
55, 44
56, 45
56, 45
44, 65
45, 65
45, 64
46, 65
47, 64
48, 64
47, 64
48, 63
48, 64
47, 65
47, 65
38, 71
37, 70
36, 71
35, 71
36, 70
37, 71
36, 72
35, 73
36, 72
36, 72
40, 65
39, 66
38, 66
39, 65
38, 65
37, 64
37, 63
36, 62
36, 61
36, 61
44, 63
44, 64
43, 65
43, 66
42, 67
42, 67
34, 67
35, 68
34, 69
35, 68
36, 67
36, 66
36, 65
37, 66
37, 66
54, 41
53, 42
54, 42
53, 41
54, 41
54, 41
56, 83
55, 82
56, 83
57, 82
58, 82
57, 81
56, 82
55, 81
55, 81
54, 53
54, 54
53, 55
52, 56
51, 57
51, 58
51, 58
51, 48
51, 49
51, 50
52, 51
51, 51
52, 51
52, 50
52, 50
50, 76
49, 75
48, 76
47, 76
46, 76
46, 75
46, 76
46, 77
46, 77
58, 68
57, 68
57, 67
57, 66
58, 67
59, 67
59, 67
36, 60
35, 59
35, 58
34, 57
35, 56
34, 55
34, 55
35, 38
34, 38
33, 39
32, 39
33, 39
34, 38
33, 37
34, 38
35, 37
35, 37
37, 61
38, 62
38, 63
39, 62
38, 62
39, 63
38, 63
39, 62
39, 62
50, 73
51, 72
52, 73
51, 74
52, 75
53, 75
53, 74
53, 75
54, 75
54, 75
50, 68
50, 69
49, 70
50, 71
51, 71
51, 70
52, 69
52, 69
45, 39
44, 38
44, 39
45, 39
44, 38
43, 38
42, 38
43, 37
42, 37
42, 38
42, 38
58, 67
58, 68
57, 67
56, 68
56, 67
56, 66
55, 67
54, 68
53, 67
52, 67
52, 67
35, 55
35, 54
36, 54
35, 53
36, 52
36, 52
36, 62
37, 61
36, 62
37, 62
38, 63
38, 63
52, 68
53, 69
53, 70
52, 70
52, 69
51, 68
51, 68
54, 44
55, 44
56, 44
56, 45
56, 46
55, 46
55, 45
54, 44
55, 44
55, 44
44, 73
44, 72
44, 73
45, 73
45, 74
44, 73
44, 73
56, 80
57, 79
57, 80
57, 81
57, 80
57, 79
57, 79
42, 39
43, 39
44, 40
45, 39
46, 38
45, 39
45, 39
36, 73
36, 72
35, 71
34, 70
34, 71
35, 71
36, 71
37, 71
36, 71
36, 71
53, 41
52, 42
53, 42
54, 41
55, 42
56, 42
57, 43
57, 43
39, 61
40, 61
41, 60
41, 61
41, 62
41, 63
42, 63
42, 64
42, 64
49, 58
50, 58
51, 58
50, 58
49, 59
49, 60
48, 59
47, 58
46, 57
46, 57
42, 72
41, 72
42, 71
42, 70
43, 69
43, 69
48, 52
47, 53
48, 53
49, 53
48, 54
47, 54
46, 54
45, 54
45, 54
34, 38
34, 39
33, 38
34, 39
33, 39
32, 40
31, 39
32, 38
31, 39
31, 39
50, 58
49, 59
50, 60
49, 61
48, 60
49, 59
49, 60
49, 59
48, 58
48, 59
48, 59
63, 60
62, 60
61, 61
60, 62
59, 62
60, 62
59, 62
60, 62
61, 61
62, 61
62, 61
57, 44
58, 43
58, 44
57, 45
57, 44
57, 44
45, 78
45, 77
46, 76
46, 75
46, 76
47, 75
48, 74
48, 74
36, 66
36, 67
36, 68
36, 67
36, 66
37, 65
36, 66
35, 65
35, 64
35, 63
35, 63
55, 74
55, 75
55, 74
56, 75
55, 74
54, 75
53, 75
54, 76
55, 75
55, 75
43, 67
44, 68
44, 67
44, 66
44, 65
45, 64
44, 65
44, 65
46, 64
46, 63
45, 64
46, 64
45, 63
45, 62
45, 63
46, 63
46, 63
53, 49
53, 50
54, 50
54, 49
54, 50
53, 50
53, 49
54, 49
54, 49
35, 52
36, 52
37, 52
36, 51
35, 50
35, 49
35, 49
36, 64
37, 64
38, 64
38, 65
37, 65
37, 64
37, 64
54, 76
55, 75
54, 74
54, 75
55, 75
55, 76
56, 75
56, 75
44, 55
45, 54
46, 53
46, 52
45, 52
44, 53
44, 53
43, 66
44, 67
45, 68
44, 69
43, 69
43, 68
43, 67
42, 67
41, 68
41, 67
41, 67
43, 73
43, 74
43, 73
44, 74
45, 73
45, 74
44, 73
44, 74
44, 75
43, 75
43, 75
37, 64
36, 65
37, 64
36, 65
37, 65
37, 66
36, 67
36, 68
36, 68
46, 56
47, 57
47, 58
47, 59
48, 59
49, 59
50, 60
51, 61
52, 61
51, 61
51, 61
48, 75
49, 74
48, 75
48, 74
47, 73
47, 72
47, 73
47, 73
56, 79
55, 79
56, 78
57, 78
57, 77
58, 76
58, 76
58, 44
57, 45
57, 44
56, 44
56, 45
56, 45
41, 63
42, 64
42, 65
41, 64
41, 63
41, 64
42, 63
43, 64
42, 64
43, 64
43, 64
30, 39
31, 38
30, 38
29, 39
28, 39
28, 38
27, 39
27, 40
26, 40
26, 40
44, 39
45, 40
44, 41
44, 40
43, 41
42, 41
42, 40
42, 40
44, 69
45, 70
44, 69
43, 69
43, 70
43, 69
43, 68
42, 69
43, 69
43, 68
43, 68
55, 49
55, 50
54, 50
53, 49
52, 50
53, 51
52, 51
51, 52
52, 52
52, 52
48, 58
49, 57
50, 56
51, 56
52, 55
52, 54
51, 55
51, 56
51, 56
37, 70
36, 69
37, 70
36, 71
36, 72
37, 71
38, 71
38, 70
38, 71
38, 71
45, 63
44, 63
45, 64
45, 63
44, 62
44, 63
45, 62
45, 61
46, 62
46, 63
46, 63
50, 69
49, 69
48, 69
49, 69
50, 69
50, 68
50, 67
51, 67
50, 66
49, 66
49, 66
56, 43
55, 42
54, 41
53, 42
52, 41
52, 41
58, 44
57, 44
57, 45
56, 44
57, 45
56, 46
56, 45
57, 44
57, 44
61, 61
62, 61
63, 60
64, 61
65, 60
65, 61
64, 61
63, 61
64, 61
63, 62
63, 62
51, 67
50, 66
49, 67
48, 67
49, 67
48, 67
47, 66
46, 65
47, 66
48, 66
48, 66
27, 39
26, 38
26, 37
27, 38
27, 37
26, 38
25, 38
24, 37
24, 38
23, 37
23, 37
52, 61
53, 60
52, 60
51, 61
52, 61
53, 60
54, 59
53, 60
54, 60
53, 61
53, 61
38, 72
39, 73
38, 72
39, 72
39, 71
39, 71
43, 63
44, 64
43, 65
44, 66
43, 65
43, 64
42, 65
43, 64
42, 63
42, 63
57, 75
57, 74
58, 75
59, 76
60, 76
61, 75
60, 76
59, 75
60, 75
60, 75
45, 63
44, 62
45, 63
45, 62
44, 63
45, 62
44, 62
45, 63
44, 62
44, 62
44, 67
45, 68
45, 69
44, 69
45, 70
44, 69
44, 69
35, 67
35, 66
34, 65
35, 64
36, 63
36, 63
48, 65
49, 64
48, 64
47, 63
47, 64
46, 64
47, 64
46, 63
46, 62
46, 63
46, 63
41, 41
42, 41
41, 42
41, 41
41, 40
41, 41
41, 41
53, 53
54, 53
53, 52
54, 51
54, 50
55, 49
54, 49
54, 48
54, 48
41, 66
40, 67
39, 68
40, 68
41, 69
40, 68
40, 69
40, 70
40, 69
40, 69
35, 50
35, 51
36, 51
37, 52
37, 51
37, 51
55, 75
56, 75
56, 76
57, 77
57, 76
57, 76
52, 56
53, 57
52, 56
52, 55
53, 54
53, 54
56, 44
56, 43
56, 42
55, 41
56, 40
55, 39
54, 39
54, 39
52, 42
53, 42
54, 41
53, 40
53, 41
53, 41
47, 67
48, 66
49, 66
49, 65
48, 65
47, 65
46, 64
47, 63
47, 63
46, 73
45, 73
46, 74
46, 75
46, 76
47, 75
47, 74
48, 75
47, 76
46, 77
46, 77
63, 63
64, 63
64, 64
64, 63
63, 63
62, 62
63, 61
62, 61
61, 60
60, 61
60, 61
36, 65
37, 66
38, 66
37, 66
36, 67
35, 66
35, 67
34, 67
35, 68
35, 68
58, 44
59, 43
59, 42
58, 43
57, 43
57, 44
57, 43
57, 43
44, 52
43, 53
43, 52
43, 51
42, 50
43, 50
42, 51
41, 50
40, 50
40, 50
44, 76
45, 76
46, 75
45, 76
44, 76
44, 75
45, 76
46, 75
47, 76
47, 76
41, 62
41, 63
42, 64
41, 65
40, 65
40, 65
38, 72
37, 72
37, 73
36, 73
35, 72
34, 72
34, 72
39, 69
40, 68
39, 67
39, 66
40, 65
39, 66
38, 67
39, 66
38, 67
39, 67
39, 67
53, 49
53, 50
52, 50
53, 49
54, 50
53, 50
52, 49
52, 49
54, 53
53, 53
53, 52
52, 53
52, 54
52, 53
52, 53
57, 77
57, 78
58, 78
58, 77
58, 78
59, 78
60, 77
60, 78
60, 77
59, 76
59, 76
34, 67
35, 66
34, 67
35, 67
35, 66
34, 66
34, 67
34, 68
34, 68
45, 62
45, 63
45, 62
46, 63
46, 64
45, 63
45, 62
46, 62
46, 62
38, 50
39, 51
38, 50
37, 49
37, 50
38, 50
39, 50
40, 51
39, 50
39, 50
41, 49
41, 50
42, 49
42, 50
43, 49
44, 48
45, 48
44, 49
45, 50
45, 50
45, 76
45, 77
45, 78
46, 78
47, 79
48, 79
49, 79
48, 80
47, 80
47, 81
47, 81
59, 76
59, 75
59, 76
59, 75
58, 75
57, 75
57, 75
54, 62
54, 61
53, 62
54, 61
54, 62
54, 62
58, 42
57, 43
58, 44
59, 44
58, 43
57, 43
58, 42
59, 43
59, 43
36, 64
36, 65
35, 64
35, 65
34, 64
35, 64
35, 64
48, 63
48, 64
49, 64
50, 64
51, 63
51, 64
51, 64
48, 76
49, 76
49, 75
50, 75
50, 74
50, 74
54, 41
55, 42
54, 42
54, 41
55, 41
56, 42
56, 41
55, 41
56, 41
56, 41
42, 42
43, 43
42, 42
42, 43
41, 42
41, 42
45, 62
45, 61
45, 62
45, 63
44, 64
44, 64
59, 61
60, 60
61, 60
62, 61
61, 61
62, 60
63, 61
63, 61
55, 40
54, 40
54, 41
55, 41
54, 40
53, 39
54, 40
55, 40
56, 41
56, 41
43, 70
44, 69
43, 69
43, 70
44, 70
43, 70
43, 69
43, 69
22, 36
23, 37
22, 37
23, 36
23, 35
22, 35
23, 34
23, 33
23, 34
23, 34
47, 63
46, 63
45, 64
45, 65
45, 66
45, 67
44, 68
45, 68
45, 69
45, 69
51, 75
52, 76
51, 76
52, 75
53, 76
52, 75
51, 76
51, 76
39, 64
40, 65
39, 66
40, 67
41, 66
40, 65
39, 64
38, 64
38, 65
38, 65
38, 49
39, 50
40, 51
41, 50
42, 51
41, 50
42, 49
42, 49
53, 49
54, 48
53, 47
54, 48
54, 49
55, 50
56, 49
56, 50
56, 50
56, 76
55, 76
54, 77
54, 76
54, 75
54, 74
54, 74
62, 62
63, 63
62, 64
62, 63
63, 62
63, 63
64, 64
63, 65
63, 64
63, 64
46, 49
47, 50
47, 51
48, 50
48, 49
49, 50
49, 50
24, 35
23, 36
22, 37
23, 36
22, 37
23, 38
22, 39
22, 39
55, 61
55, 60
56, 61
57, 60
57, 59
58, 60
57, 61
56, 61
56, 61
45, 65
46, 64
45, 63
44, 64
45, 63
46, 64
45, 63
46, 64
47, 63
47, 63
42, 42
42, 43
43, 42
43, 43
44, 44
45, 43
44, 44
44, 44
36, 64
37, 64
36, 65
37, 65
37, 64
38, 64
39, 65
39, 65
34, 69
35, 69
34, 68
35, 67
34, 66
33, 67
34, 67
33, 68
34, 68
35, 68
35, 68
39, 68
38, 67
39, 68
39, 69
38, 69
38, 69
43, 70
44, 71
44, 72
45, 72
45, 73
45, 73
48, 80
47, 81
48, 80
47, 80
46, 79
47, 78
47, 77
48, 78
49, 78
50, 79
50, 79
56, 40
57, 41
56, 41
57, 41
58, 42
57, 43
58, 44
59, 44
59, 44
51, 52
51, 51
50, 51
49, 50
49, 51
50, 50
50, 50
59, 44
60, 43
59, 43
58, 42
59, 43
60, 43
59, 42
59, 43
58, 44
57, 44
57, 44
33, 72
33, 71
32, 71
32, 72
32, 73
33, 74
34, 74
34, 75
35, 75
35, 76
35, 76
59, 77
60, 78
61, 78
62, 77
61, 77
60, 78
61, 78
61, 78
52, 63
51, 64
52, 63
53, 64
54, 63
55, 63
55, 64
54, 64
54, 64
55, 40
56, 39
56, 40
57, 40
58, 41
57, 40
58, 40
57, 39
56, 40
55, 39
55, 39
34, 76
34, 75
33, 74
32, 75
32, 76
31, 76
30, 76
31, 76
30, 76
29, 77
29, 77
55, 40
55, 41
56, 41
57, 41
57, 42
58, 42
57, 41
57, 40
56, 39
56, 39
45, 43
44, 42
43, 41
42, 41
43, 41
44, 42
43, 42
43, 42
39, 66
38, 66
38, 65
37, 65
38, 64
37, 63
36, 62
37, 61
36, 62
36, 62
46, 62
47, 63
46, 62
45, 61
45, 62
46, 62
45, 62
45, 62
44, 72
44, 73
45, 72
44, 71
44, 72
44, 73
45, 72
45, 71
46, 72
46, 73
46, 73
62, 79
63, 79
63, 78
64, 77
65, 76
64, 75
64, 75
38, 64
37, 65
37, 66
36, 65
37, 66
36, 67
37, 67
37, 67
44, 69
45, 69
46, 68
45, 69
45, 70
45, 71
45, 71
35, 69
35, 68
36, 67
37, 66
36, 66
36, 67
36, 67
41, 50
40, 49
39, 50
40, 49
40, 48
39, 49
40, 50
39, 49
40, 49
40, 49
55, 63
56, 64
55, 63
54, 63
55, 64
56, 65
56, 66
57, 66
57, 66
50, 49
51, 49
52, 48
51, 47
52, 46
52, 46
48, 51
47, 51
46, 52
46, 53
45, 52
44, 53
45, 53
44, 53
44, 52
43, 53
43, 53
57, 43
57, 42
56, 43
55, 43
54, 42
53, 41
53, 41
56, 49
55, 49
55, 50
56, 50
55, 50
54, 50
55, 50
55, 50
22, 38
21, 39
22, 39
21, 38
20, 38
21, 39
21, 39
58, 44
59, 43
58, 44
57, 44
58, 44
57, 43
57, 43
52, 76
53, 75
53, 76
52, 77
51, 76
51, 76
37, 69
36, 69
35, 68
36, 68
37, 69
37, 68
37, 69
37, 70
37, 71
36, 71
36, 71
49, 79
48, 79
48, 78
48, 79
49, 78
49, 79
48, 80
47, 80
47, 80
62, 63
63, 62
64, 63
64, 64
63, 63
62, 64
62, 64
56, 60
55, 59
55, 60
54, 59
53, 59
54, 58
54, 58
55, 74
54, 73
55, 73
54, 72
55, 72
55, 71
56, 70
56, 71
56, 71
63, 74
64, 74
64, 73
65, 73
64, 72
63, 71
63, 70
63, 70
44, 53
45, 54
44, 53
43, 53
42, 53
42, 54
41, 54
42, 55
41, 55
42, 56
42, 56
56, 65
57, 65
57, 66
57, 65
58, 64
58, 64
56, 38
57, 37
58, 38
59, 39
58, 39
58, 40
59, 39
58, 39
59, 39
59, 39
47, 73
48, 73
48, 72
48, 71
49, 70
48, 71
49, 72
50, 71
50, 71
20, 38
19, 37
19, 36
18, 36
17, 36
17, 36
52, 40
51, 39
52, 39
52, 38
53, 38
52, 38
53, 39
52, 40
53, 39
53, 39
41, 48
40, 49
41, 48
42, 47
41, 48
40, 49
40, 49
35, 72
34, 72
34, 71
35, 70
36, 69
37, 68
37, 68
55, 49
56, 49
57, 48
58, 48
58, 49
59, 48
59, 47
59, 47
37, 62
38, 62
37, 61
37, 62
36, 61
36, 61
36, 67
35, 68
34, 69
35, 70
34, 69
34, 70
34, 70
42, 42
43, 43
43, 42
42, 43
41, 42
42, 41
43, 41
43, 41
35, 67
34, 68
33, 68
33, 67
34, 68
35, 67
36, 66
37, 67
37, 67
56, 44
55, 43
54, 44
54, 45
54, 44
54, 43
54, 43
44, 62
45, 61
45, 62
45, 61
45, 62
44, 63
44, 63
53, 45
54, 44
55, 43
56, 42
55, 43
56, 44
57, 45
56, 45
56, 45
46, 79
45, 79
44, 78
44, 79
43, 79
42, 80
42, 79
42, 78
41, 78
41, 77
41, 77
29, 76
28, 77
28, 76
29, 76
28, 76
27, 77
27, 77
55, 58
54, 59
53, 59
54, 58
55, 57
54, 58
53, 59
53, 59
46, 71
46, 72
46, 71
45, 72
45, 71
44, 70
43, 70
43, 70
55, 71
56, 72
55, 73
56, 74
55, 74
54, 74
54, 74
63, 63
63, 62
62, 62
63, 62
64, 61
64, 61
50, 76
49, 76
50, 76
49, 75
50, 75
51, 74
51, 74
60, 47
60, 47
59, 48
60, 47
60, 47
59, 48
58, 49
58, 49
38, 68
39, 69
40, 68
40, 68
41, 69
42, 70
43, 71
44, 72
45, 73
46, 74
46, 74
46, 74
62, 71
62, 72
62, 72
62, 73
62, 74
62, 75
62, 75
44, 42
45, 43
46, 44
47, 45
48, 46
48, 46
59, 65
60, 66
60, 67
60, 68
60, 69
60, 70
60, 71
60, 72
60, 73
60, 74
60, 74
44, 71
45, 72
45, 72
46, 73
46, 74
46, 74
47, 75
47, 75
48, 76
49, 77
50, 77
50, 77
54, 60
55, 61
56, 62
57, 63
58, 64
59, 65
60, 66
61, 67
61, 68
61, 68
53, 74
53, 74
54, 75
55, 74
55, 74
56, 75
57, 76
58, 75
58, 75
58, 76
58, 77
57, 76
57, 76
57, 76
63, 62
62, 63
62, 64
62, 64
61, 65
60, 66
59, 67
59, 67
28, 77
27, 77
27, 77
27, 78
27, 78
28, 79
28, 79
29, 78
30, 78
30, 78
31, 77
32, 77
33, 77
34, 77
34, 77
35, 71
36, 72
37, 73
38, 74
37, 74
37, 74
38, 75
39, 76
39, 76
40, 77
41, 78
42, 79
42, 79
42, 79
50, 75
50, 76
50, 77
50, 78
50, 79
50, 80
51, 80
51, 80
50, 81
50, 82
51, 82
51, 82
51, 82
55, 44
54, 44
54, 44
55, 45
56, 46
57, 47
58, 48
59, 49
60, 51
60, 52
60, 53
60, 54
60, 55
60, 56
60, 57
60, 58
60, 58
43, 57
45, 59
46, 60
47, 61
48, 62
49, 63
50, 64
51, 65
52, 66
53, 67
54, 68
55, 69
56, 70
57, 71
58, 72
57, 71
57, 71
58, 72
59, 73
60, 74
60, 74
38, 69
39, 70
40, 71
41, 72
40, 71
40, 71
41, 72
41, 72
42, 72
42, 72
41, 50
42, 51
42, 52
42, 52
43, 53
44, 54
46, 56
47, 57
48, 58
49, 59
50, 60
51, 61
52, 62
53, 63
54, 64
55, 65
56, 66
56, 65
56, 65
56, 65
19, 38
20, 39
21, 40
22, 41
23, 42
24, 43
25, 44
26, 45
27, 46
28, 47
28, 47
29, 48
30, 49
31, 50
32, 51
33, 52
32, 51
32, 51
31, 50
31, 50
32, 51
32, 51
51, 72
52, 73
53, 73
54, 73
55, 72
55, 72
56, 73
57, 73
58, 73
58, 73
45, 64
46, 65
47, 66
48, 67
49, 68
50, 69
50, 69
58, 40
57, 41
57, 42
58, 42
58, 42
57, 43
58, 42
58, 42
57, 43
57, 43
42, 78
43, 78
44, 78
45, 79
45, 79
46, 78
47, 78
48, 78
49, 78
50, 78
51, 78
51, 78
55, 46
55, 46
57, 48
58, 49
59, 50
60, 51
61, 52
62, 53
62, 54
62, 55
62, 56
62, 57
62, 58
62, 59
62, 58
62, 58
62, 59
62, 60
62, 61
63, 60
63, 60
64, 61
64, 61
64, 61
54, 40
55, 41
55, 42
55, 43
55, 44
55, 45
55, 46
55, 48
55, 49
55, 50
55, 51
55, 52
55, 53
55, 54
55, 55
55, 56
55, 57
55, 57
36, 62
36, 62
37, 63
38, 64
39, 65
38, 65
38, 65
39, 66
40, 67
41, 68
41, 69
41, 69
41, 69
49, 47
50, 48
50, 49
50, 49
51, 50
52, 51
53, 52
53, 52
54, 53
53, 52
53, 52
54, 53
54, 53
58, 76
57, 76
57, 76
58, 76
58, 76
59, 76
60, 76
61, 76
62, 76
62, 76
35, 77
35, 77
36, 78
37, 79
38, 80
38, 80
38, 80
38, 80
60, 68
61, 69
61, 69
60, 69
60, 69
61, 70
62, 71
62, 72
62, 73
62, 73
60, 75
59, 76
59, 76
60, 77
60, 77
60, 77
60, 77
60, 77
60, 77
57, 66
58, 67
59, 68
60, 69
61, 70
61, 71
60, 71
60, 71
59, 71
59, 71
60, 72
60, 72
60, 69
60, 69
61, 70
62, 71
63, 71
63, 71
64, 71
64, 71
65, 72
66, 73
67, 74
68, 75
68, 76
68, 76
68, 76
56, 44
57, 44
57, 44
56, 45
55, 46
54, 47
54, 47
52, 77
53, 76
54, 75
55, 74
56, 73
57, 72
58, 72
59, 72
60, 72
61, 71
61, 71
61, 71
43, 80
44, 81
45, 81
46, 81
47, 81
48, 81
48, 80
48, 80
48, 80
57, 51
57, 52
57, 53
57, 54
57, 55
57, 56
57, 57
57, 58
57, 59
57, 60
57, 61
57, 62
57, 62
42, 70
43, 71
44, 72
45, 73
44, 73
44, 73
45, 74
45, 74
46, 75
47, 76
47, 76
65, 62
66, 63
67, 65
67, 66
67, 67
67, 68
67, 69
67, 70
67, 71
67, 71
67, 71
67, 71
67, 71
67, 70
67, 70
67, 71
67, 70
67, 70
67, 70
59, 74
59, 74
60, 75
61, 76
62, 77
63, 78
64, 79
65, 80
65, 81
65, 81
66, 82
67, 81
67, 81
67, 81
51, 78
52, 79
53, 80
54, 80
55, 80
54, 80
54, 80
55, 80
56, 80
57, 80
57, 79
57, 79
57, 79
56, 58
56, 59
56, 60
56, 61
56, 62
56, 63
56, 62
56, 62
56, 63
56, 64
56, 64
51, 83
51, 84
51, 85
52, 85
52, 85
51, 86
51, 87
51, 88
51, 88
51, 88
51, 88
51, 88
60, 59
59, 60
59, 60
60, 61
60, 62
60, 63
60, 64
60, 65
60, 65
51, 68
51, 68
52, 69
53, 70
54, 71
55, 72
55, 72
56, 73
57, 74
57, 73
57, 73
58, 74
58, 74
33, 52
34, 53
35, 54
35, 53
35, 53
36, 54
35, 55
35, 55
35, 55
46, 73
46, 73
47, 74
48, 75
48, 74
48, 74
49, 75
50, 76
51, 77
52, 78
52, 78
61, 75
61, 75
60, 76
59, 77
58, 78
57, 79
56, 79
56, 79
56, 79
43, 73
44, 74
43, 75
43, 75
44, 76
45, 77
46, 78
46, 78
60, 73
60, 73
59, 74
60, 75
60, 75
59, 74
59, 74
58, 75
58, 75
62, 70
62, 70
61, 69
61, 69
62, 70
63, 71
62, 70
62, 70
62, 70
58, 63
59, 64
59, 63
59, 63
60, 64
61, 65
62, 66
63, 67
63, 68
62, 69
62, 69
62, 69
59, 76
60, 77
61, 78
62, 78
63, 78
64, 78
64, 78
66, 80
65, 79
64, 78
63, 78
63, 78
62, 77
61, 77
60, 77
59, 77
60, 76
60, 76
59, 77
59, 77
38, 79
38, 79
39, 80
39, 80
39, 80
38, 79
38, 79
39, 80
39, 80
61, 78
62, 79
62, 80
62, 81
61, 80
61, 80
62, 79
62, 79
62, 80
62, 81
62, 81
59, 73
59, 73
60, 74
61, 75
62, 76
63, 77
62, 76
62, 76
63, 77
64, 78
65, 79
65, 79
53, 79
54, 80
55, 79
55, 79
56, 80
55, 81
55, 81
56, 82
55, 83
55, 83
55, 83
57, 80
57, 81
57, 81
58, 82
59, 83
60, 84
61, 85
60, 85
60, 85
61, 86
61, 87
61, 87
61, 74
60, 75
59, 76
58, 77
59, 78
59, 78
58, 79
58, 79
47, 77
48, 76
49, 75
50, 76
50, 76
51, 75
52, 74
52, 74
68, 71
68, 71
67, 72
68, 71
68, 71
67, 72
66, 73
65, 74
65, 73
65, 73
64, 74
65, 75
65, 75
64, 76
64, 76
59, 66
60, 65
60, 65
59, 66
58, 67
58, 68
58, 68
57, 64
57, 64
56, 64
56, 64
57, 65
58, 66
59, 67
60, 68
61, 69
62, 70
63, 71
62, 72
62, 72
62, 72
36, 56
37, 57
38, 58
39, 59
40, 60
39, 60
39, 60
40, 61
40, 61
41, 62
41, 62
55, 54
56, 55
56, 56
56, 57
56, 58
55, 57
55, 57
54, 58
54, 58
55, 59
55, 59
60, 73
60, 74
60, 75
60, 76
60, 77
60, 77
56, 49
56, 50
56, 51
56, 52
56, 53
56, 54
56, 55
56, 56
56, 57
56, 58
56, 59
56, 60
57, 59
57, 59
58, 58
58, 58
57, 59
57, 59
48, 75
49, 74
50, 73
51, 72
52, 71
53, 71
54, 72
54, 72
55, 71
55, 71
51, 87
51, 86
51, 85
51, 84
51, 83
51, 83
51, 82
51, 81
51, 81
67, 77
66, 78
65, 78
64, 78
63, 78
62, 78
61, 78
60, 77
60, 77
59, 78
60, 78
60, 78
60, 78
49, 79
49, 79
50, 78
51, 77
51, 78
51, 78
52, 77
53, 76
52, 75
52, 75
53, 74
54, 73
54, 73
58, 78
59, 77
60, 76
61, 75
61, 74
61, 74
60, 73
60, 73
61, 72
62, 72
62, 72
61, 77
60, 78
59, 79
60, 79
60, 79
59, 79
58, 79
57, 79
56, 80
56, 80
56, 80
61, 71
60, 71
60, 71
59, 71
58, 70
58, 70
57, 71
56, 71
55, 71
55, 71
52, 80
53, 79
53, 79
54, 78
55, 77
56, 76
56, 75
56, 74
56, 74
56, 60
57, 61
58, 62
59, 63
58, 63
58, 63
57, 63
57, 63
58, 64
59, 65
60, 66
60, 66
62, 69
62, 69
61, 70
60, 71
59, 72
58, 73
57, 74
57, 74
55, 74
56, 75
57, 76
58, 77
59, 78
59, 79
59, 80
59, 80
56, 71
57, 71
58, 71
59, 71
60, 71
59, 72
59, 72
60, 71
60, 71
60, 71
59, 80
58, 79
58, 79
59, 80
60, 81
61, 82
62, 83
62, 83
60, 78
61, 79
62, 80
63, 80
63, 80
64, 81
64, 81
58, 67
58, 67
59, 68
60, 69
61, 70
62, 71
63, 71
63, 71
64, 72
65, 73
66, 74
66, 75
66, 75
42, 63
43, 64
42, 64
42, 64
43, 65
44, 66
45, 67
46, 68
46, 68
40, 79
41, 78
42, 77
43, 76
43, 76
44, 75
45, 74
46, 73
47, 72
47, 72
65, 76
66, 76
67, 76
66, 76
66, 76
65, 75
65, 75
65, 75
64, 80
63, 81
62, 81
62, 81
61, 82
60, 83
60, 84
60, 84
59, 85
58, 85
57, 85
57, 85
57, 85
56, 60
56, 61
56, 62
56, 63
56, 64
55, 65
55, 65
56, 66
56, 67
56, 68
56, 68
56, 69
56, 69
57, 80
57, 79
57, 79
58, 80
59, 80
60, 80
60, 79
60, 79
60, 80
60, 80
60, 80
60, 80
60, 80
53, 75
54, 76
55, 77
54, 77
54, 77
55, 78
54, 77
54, 77
55, 78
56, 79
56, 79
56, 79
56, 82
57, 81
58, 80
59, 81
59, 81
59, 82
59, 82
60, 81
61, 80
62, 79
63, 78
64, 79
64, 79
64, 79
61, 70
60, 69
60, 69
60, 70
60, 70
59, 71
58, 72
58, 73
58, 74
59, 73
59, 73
58, 74
58, 74
63, 77
62, 76
61, 75
60, 74
59, 73
59, 73
59, 77
58, 76
57, 75
58, 74
58, 74
57, 73
57, 74
57, 74
56, 73
55, 73
55, 73
55, 73
61, 82
60, 81
60, 81
59, 82
58, 82
57, 82
56, 82
55, 82
54, 82
53, 82
53, 82
61, 78
62, 79
62, 80
62, 81
62, 82
62, 82
62, 82
62, 82
62, 71
62, 71
62, 71
62, 71
62, 71
62, 71
61, 70
61, 70
61, 70
60, 88
60, 89
60, 90
60, 90
59, 90
59, 90
60, 90
60, 90
60, 90
60, 90
47, 69
48, 70
49, 71
50, 72
51, 73
52, 74
53, 73
53, 73
54, 74
55, 75
55, 75
66, 75
66, 75
67, 76
68, 77
69, 78
70, 79
70, 80
70, 80
55, 70
54, 71
54, 71
53, 72
52, 73
51, 74
51, 75
51, 75
59, 81
58, 82
57, 83
57, 84
57, 85
57, 86
57, 87
56, 88
56, 88
57, 89
57, 89
57, 73
58, 72
59, 72
60, 72
61, 72
62, 72
62, 72
62, 72
61, 72
61, 72
62, 72
62, 72
48, 73
49, 74
50, 75
51, 76
51, 77
51, 78
51, 79
51, 80
51, 81
51, 81
65, 82
66, 83
67, 84
68, 84
69, 84
69, 84
69, 84
69, 84
69, 84
56, 85
55, 85
54, 85
53, 85
52, 85
51, 85
50, 85
50, 85
50, 85
58, 74
57, 75
56, 76
55, 77
55, 76
55, 76
55, 76
58, 81
57, 81
58, 80
58, 80
57, 81
56, 81
56, 81
55, 80
55, 80
55, 80
56, 72
57, 73
58, 74
58, 73
58, 73
57, 72
57, 72
58, 73
59, 74
60, 75
60, 75
65, 76
64, 76
64, 76
63, 75
63, 75
64, 76
64, 75
64, 75
65, 75
65, 75
64, 76
64, 77
63, 77
63, 77
63, 77
59, 89
59, 88
59, 88
58, 87
57, 86
57, 85
57, 84
57, 83
57, 82
57, 81
57, 80
57, 80
63, 78
62, 77
62, 78
62, 78
61, 77
60, 77
60, 77
59, 76
58, 75
57, 74
56, 73
55, 73
55, 73
55, 73
61, 84
62, 85
62, 85
63, 84
63, 84
62, 84
61, 84
60, 84
60, 84
59, 75
60, 76
59, 75
59, 75
60, 76
60, 75
60, 75
61, 76
62, 77
62, 77
54, 74
55, 75
55, 75
54, 76
53, 77
52, 78
51, 79
50, 80
50, 79
50, 79
50, 79
57, 78
57, 77
57, 76
57, 76
57, 76
57, 76
57, 76
61, 67
61, 68
61, 69
61, 70
62, 69
62, 69
61, 70
61, 70
61, 70
62, 71
63, 72
62, 71
62, 71
63, 72
64, 73
65, 74
66, 73
66, 73
65, 74
66, 73
66, 73
66, 73
61, 72
62, 73
63, 74
64, 75
64, 75
65, 76
66, 77
67, 78
67, 78
54, 81
55, 80
56, 79
57, 79
58, 79
59, 79
59, 79
59, 79
58, 78
58, 78
59, 79
59, 79
56, 75
55, 76
54, 77
53, 76
53, 76
52, 77
53, 77
53, 77
52, 78
52, 79
52, 79
61, 81
62, 80
62, 80
61, 81
61, 82
61, 82
60, 81
59, 81
59, 81
54, 75
54, 75
53, 75
53, 75
54, 75
54, 75
55, 76
54, 77
54, 77
54, 77
51, 80
52, 81
53, 82
54, 83
55, 84
56, 85
57, 84
57, 84
58, 83
58, 83
57, 84
57, 85
57, 85
61, 78
61, 78
62, 79
63, 80
64, 81
65, 82
66, 82
67, 82
67, 82
58, 79
59, 80
59, 80
60, 79
60, 78
60, 77
60, 77
62, 71
63, 71
64, 71
65, 71
65, 71
65, 71
65, 71
65, 71
65, 73
64, 73
65, 73
65, 73
64, 73
63, 74
63, 74
62, 73
61, 73
60, 73
59, 73
60, 74
60, 74
60, 74
58, 78
57, 77
56, 76
55, 75
55, 76
55, 76
55, 76
58, 77
59, 78
60, 79
60, 80
60, 80
61, 81
62, 82
63, 83
63, 83
56, 81
57, 82
58, 82
59, 82
59, 82
60, 82
61, 82
62, 82
63, 83
63, 83
64, 82
65, 82
65, 82
56, 74
56, 74
55, 75
54, 76
53, 76
52, 77
52, 77
52, 76
52, 76
52, 76
52, 76
67, 77
67, 76
67, 76
67, 75
67, 75
66, 75
66, 75
67, 75
67, 75
67, 75
67, 75
67, 75
67, 75
53, 80
53, 80
54, 80
54, 80
55, 81
56, 80
56, 80
57, 81
58, 82
57, 83
57, 83
56, 82
56, 82
56, 82
56, 89
56, 89
55, 90
55, 90
56, 89
57, 88
58, 88
59, 88
59, 88
52, 82
51, 83
51, 83
52, 84
53, 85
54, 86
55, 87
55, 87
59, 83
58, 82
57, 81
56, 80
55, 79
56, 80
56, 80
55, 79
54, 78
54, 78
61, 74
62, 73
63, 72
64, 71
65, 71
65, 71
66, 71
66, 71
66, 71
52, 76
51, 76
51, 76
52, 77
53, 78
54, 78
55, 78
55, 78
68, 83
67, 82
66, 81
65, 80
64, 79
64, 78
64, 77
64, 77
64, 76
64, 75
64, 75
69, 81
68, 82
69, 82
69, 82
68, 83
67, 84
66, 85
66, 85
54, 76
55, 77
55, 77
55, 76
55, 76
54, 77
53, 78
53, 78
52, 79
51, 80
51, 80
51, 80
61, 73
61, 74
62, 73
62, 73
61, 74
61, 74
61, 74
58, 80
57, 79
56, 78
57, 77
57, 77
57, 76
57, 76
56, 77
55, 77
54, 76
54, 76
54, 76
51, 84
52, 83
53, 82
54, 81
55, 80
55, 80
55, 79
55, 78
54, 77
54, 77
54, 77
62, 76
61, 75
60, 74
59, 73
58, 72
57, 71
56, 70
56, 70
55, 75
55, 75
56, 76
57, 77
58, 78
58, 79
58, 80
58, 80
57, 79
57, 79
58, 80
58, 80
58, 80
56, 88
56, 88
55, 89
54, 90
53, 90
53, 90
52, 90
52, 90
52, 90
52, 90
52, 90
52, 90
52, 90
52, 90
52, 90
52, 90
52, 90
52, 90
52, 90
52, 90
53, 89
53, 89
52, 90
52, 90
52, 90
52, 90
52, 90
52, 90
52, 90
56, 81
56, 80
56, 79
56, 78
56, 77
56, 77
56, 77
56, 76
56, 76
56, 77
56, 77
61, 76
61, 76
60, 77
59, 78
58, 78
57, 78
56, 78
56, 78
64, 72
63, 73
62, 74
63, 75
63, 75
62, 76
61, 77
60, 78
60, 78
56, 77
56, 77
57, 78
56, 77
56, 77
57, 78
57, 79
57, 80
57, 81
57, 82
57, 82
57, 82
53, 77
54, 78
55, 79
56, 80
57, 81
57, 81
60, 75
60, 74
60, 74
59, 75
58, 76
57, 77
57, 77
61, 75
61, 74
61, 74
62, 73
62, 73
62, 74
62, 75
62, 75
62, 76
62, 77
62, 78
62, 79
62, 79
62, 79
57, 71
58, 72
58, 73
58, 73
59, 74
60, 75
60, 76
60, 77
59, 77
59, 77
60, 78
60, 79
60, 79
54, 76
54, 76
55, 75
55, 75
56, 74
57, 74
58, 74
59, 74
60, 74
61, 74
62, 74
63, 75
63, 75
63, 75
52, 79
53, 78
53, 77
53, 77
54, 76
55, 75
56, 74
56, 75
56, 75
56, 75
53, 79
53, 79
54, 80
54, 81
53, 81
53, 81
54, 82
54, 83
54, 83
55, 77
55, 77
56, 78
57, 78
56, 79
56, 79
57, 78
58, 78
58, 78
64, 84
65, 84
65, 84
66, 85
67, 86
68, 87
67, 87
67, 87
67, 87
58, 84
58, 84
59, 83
60, 82
60, 81
60, 80
60, 79
60, 78
59, 78
59, 78
60, 77
60, 77
65, 86
64, 86
63, 86
62, 87
62, 87
61, 86
61, 86
66, 74
65, 73
64, 73
63, 73
62, 73
62, 73
61, 73
61, 73
66, 81
67, 82
67, 82
66, 81
65, 80
64, 79
65, 79
65, 79
64, 80
64, 80
63, 79
62, 79
62, 79
66, 83
66, 84
66, 85
66, 86
66, 87
65, 86
65, 86
66, 87
66, 88
66, 88
64, 76
64, 76
63, 77
62, 78
61, 79
60, 79
60, 79
61, 80
61, 80
60, 81
59, 82
58, 83
58, 83
57, 83
57, 83
66, 70
66, 70
65, 71
65, 71
66, 71
66, 71
65, 70
64, 70
63, 70
63, 70
63, 70
64, 69
64, 69
65, 69
65, 69
65, 69
56, 79
56, 80
56, 80
57, 81
58, 81
59, 81
60, 81
60, 81
60, 88
60, 88
59, 87
58, 86
59, 87
59, 87
58, 86
58, 86
57, 85
56, 84
56, 84
64, 70
63, 71
63, 70
63, 70
62, 69
62, 69
61, 70
61, 70
53, 89
54, 89
54, 89
55, 88
56, 87
57, 87
57, 87
58, 86
58, 85
58, 85
63, 80
63, 80
62, 79
61, 78
60, 77
59, 76
58, 75
58, 75
57, 77
57, 77
58, 78
59, 79
60, 80
61, 81
61, 81
62, 82
62, 82
65, 87
64, 86
64, 85
64, 84
64, 83
64, 82
64, 81
64, 80
64, 79
64, 78
64, 78
55, 82
56, 81
57, 80
58, 79
59, 78
60, 77
60, 77
59, 78
58, 78
57, 78
56, 78
55, 78
55, 78
55, 78
55, 78
55, 78
55, 78
55, 78
56, 82
55, 81
55, 80
55, 79
55, 78
55, 78
60, 87
59, 86
59, 86
58, 87
57, 88
56, 89
55, 90
56, 89
56, 89
56, 89
56, 78
56, 78
55, 79
54, 80
54, 81
54, 80
54, 80
54, 81
53, 81
53, 81
54, 82
54, 83
54, 84
54, 84
56, 81
55, 80
55, 79
55, 78
55, 77
55, 76
55, 75
55, 74
55, 74
59, 80
59, 80
60, 79
60, 79
59, 79
59, 79
59, 80
59, 80
60, 81
60, 82
60, 82
67, 86
67, 85
67, 84
67, 83
67, 82
67, 81
67, 80
66, 79
66, 79
66, 79
64, 76
64, 76
63, 76
63, 76
63, 76
63, 77
63, 77
63, 76
63, 76
63, 76
63, 76
63, 76
63, 76
57, 76
58, 77
59, 78
60, 79
61, 80
62, 81
62, 81
57, 78
56, 77
56, 77
57, 78
58, 79
58, 79
58, 80
58, 80
59, 81
59, 82
59, 83
59, 83
62, 74
62, 74
61, 75
60, 76
59, 77
58, 78
58, 78
58, 79
58, 80
59, 81
59, 81
59, 81
61, 80
60, 81
60, 81
61, 80
62, 80
63, 80
64, 79
64, 79
64, 80
65, 81
65, 81
65, 81
56, 80
55, 79
54, 78
53, 77
52, 76
51, 75
52, 75
52, 75
52, 75
61, 76
62, 75
63, 74
64, 73
63, 72
63, 72
64, 72
64, 72
58, 77
58, 77
57, 78
56, 78
55, 78
54, 79
54, 79
55, 78
55, 78
54, 79
54, 79
55, 78
55, 78
55, 78
55, 78
55, 85
54, 86
54, 87
54, 87
53, 88
51, 90
50, 90
50, 90
50, 90
50, 90
50, 90
50, 90
50, 90
50, 90
50, 89
50, 89
50, 90
50, 90
50, 90
50, 90
50, 90
50, 90
50, 90
50, 90
50, 90
50, 90
50, 90
50, 90
50, 90
50, 90
50, 90
50, 90
50, 90
50, 90
50, 90
50, 90
50, 90
50, 90
50, 90
50, 90
50, 90
63, 80
64, 81
64, 82
64, 83
64, 84
64, 85
64, 86
64, 87
64, 87
60, 82
60, 82
61, 81
62, 80
63, 79
64, 78
64, 78
58, 86
57, 87
56, 88
55, 89
54, 90
55, 89
54, 90
53, 90
54, 91
54, 91
56, 77
57, 77
56, 78
56, 77
57, 76
57, 76
61, 83
61, 84
61, 85
62, 86
63, 87
64, 88
64, 87
65, 88
65, 89
65, 89
61, 80
62, 80
63, 81
64, 80
64, 79
63, 80
62, 81
62, 81
55, 90
55, 91
54, 91
54, 90
55, 89
56, 89
56, 89
54, 75
53, 76
54, 76
53, 75
52, 74
52, 74
53, 84
52, 83
53, 82
54, 82
55, 82
55, 82
59, 77
58, 77
58, 78
57, 79
58, 79
58, 80
58, 79
58, 79
63, 73
64, 73
63, 73
64, 73
65, 74
66, 73
65, 72
66, 71
65, 72
66, 71
66, 71
59, 80
60, 80
61, 80
60, 79
59, 80
59, 80
57, 75
57, 74
56, 73
55, 73
55, 74
54, 75
55, 75
55, 76
55, 77
56, 77
56, 77
49, 83
48, 84
49, 85
50, 86
50, 87
50, 87
51, 75
51, 74
51, 73
50, 74
49, 73
49, 74
49, 75
49, 75
63, 82
63, 81
64, 82
63, 83
62, 82
61, 82
61, 83
61, 84
60, 84
59, 84
59, 84
64, 77
65, 76
64, 76
65, 75
66, 75
65, 74
65, 75
66, 75
67, 75
66, 74
66, 74
63, 86
63, 85
64, 86
63, 85
62, 84
61, 84
60, 84
60, 84
65, 80
64, 80
64, 79
64, 78
65, 78
65, 79
66, 80
67, 80
68, 79
68, 79
66, 82
66, 83
66, 82
66, 83
67, 83
68, 83
68, 83
58, 82
57, 81
57, 82
56, 82
56, 83
55, 83
55, 83
62, 75
62, 74
61, 75
60, 75
61, 76
60, 75
59, 75
58, 75
58, 75
64, 79
64, 80
64, 79
63, 80
64, 79
63, 79
62, 78
61, 77
62, 76
62, 76
61, 71
62, 72
63, 72
62, 71
61, 70
62, 69
62, 70
63, 69
64, 69
64, 69
54, 79
55, 78
54, 79
53, 79
54, 80
53, 79
53, 80
53, 80
54, 77
55, 77
55, 76
56, 75
56, 74
56, 73
56, 73
63, 77
62, 76
61, 77
60, 76
61, 77
61, 78
61, 78
49, 88
48, 87
48, 88
47, 88
46, 89
47, 90
48, 90
48, 90
57, 77
57, 78
58, 77
58, 78
58, 79
59, 80
59, 79
59, 79
55, 74
54, 73
55, 74
55, 75
54, 75
53, 76
52, 77
53, 76
53, 76
50, 76
51, 75
52, 76
51, 76
50, 77
49, 76
49, 75
49, 75
58, 74
59, 74
59, 75
58, 74
57, 73
56, 72
55, 72
56, 71
57, 71
57, 71
53, 91
53, 92
53, 91
53, 90
54, 90
55, 91
54, 91
54, 91
66, 89
67, 90
66, 90
65, 90
65, 89
66, 88
67, 87
67, 88
67, 87
66, 86
66, 86
56, 83
57, 83
58, 83
57, 84
58, 85
59, 85
59, 85
67, 82
68, 81
68, 82
69, 82
69, 83
69, 83
65, 68
64, 68
65, 68
64, 68
64, 69
63, 69
63, 70
64, 71
64, 72
64, 72
57, 89
57, 90
58, 90
57, 90
56, 89
57, 89
58, 90
58, 90
66, 75
66, 74
67, 75
68, 74
67, 73
67, 72
67, 72
58, 75
57, 75
56, 75
57, 76
58, 77
57, 77
58, 78
58, 78
60, 81
61, 81
62, 80
62, 79
61, 79
61, 78
62, 78
61, 77
60, 78
59, 78
59, 78
61, 83
61, 82
60, 81
61, 82
62, 82
61, 83
61, 83
63, 81
63, 80
63, 79
64, 79
64, 80
64, 80
53, 79
53, 78
54, 78
53, 78
53, 77
52, 78
53, 77
54, 77
55, 77
55, 77
56, 82
55, 82
56, 83
55, 82
56, 83
57, 82
56, 83
57, 82
56, 81
55, 82
55, 82
68, 78
69, 78
70, 77
70, 76
69, 77
70, 76
69, 76
69, 76
57, 78
56, 77
55, 76
56, 77
57, 77
57, 78
58, 78
58, 78
53, 73
54, 73
54, 74
54, 73
55, 73
55, 73
59, 85
59, 84
58, 84
57, 85
57, 84
57, 83
58, 82
57, 82
57, 81
57, 82
57, 82
67, 70
67, 71
66, 71
65, 70
64, 69
64, 68
64, 69
65, 69
65, 68
66, 67
66, 67
52, 75
51, 74
50, 73
49, 72
48, 71
47, 70
47, 68
48, 67
49, 66
50, 65
50, 64
50, 63
50, 62
50, 61
50, 60
50, 59
50, 59
59, 89
59, 89
60, 88
61, 87
62, 86
62, 86
58, 78
58, 77
58, 76
58, 75
58, 74
58, 73
58, 73
58, 73
58, 73
48, 90
48, 90
47, 89
46, 88
45, 87
45, 85
46, 84
47, 83
48, 82
49, 81
50, 80
50, 79
50, 78
50, 77
50, 76
50, 76
57, 77
56, 76
55, 75
54, 74
54, 74
53, 73
53, 73
52, 72
51, 71
51, 71
65, 66
65, 66
64, 65
64, 64
64, 63
64, 62
64, 62
56, 76
56, 76
57, 75
58, 74
58, 74
59, 73
60, 72
61, 71
62, 70
62, 70
58, 77
57, 76
56, 75
55, 74
55, 74
54, 73
54, 73
61, 83
60, 82
60, 82
59, 81
58, 80
58, 80
65, 85
64, 84
64, 84
63, 83
63, 83
62, 82
61, 81
60, 80
59, 79
59, 79
63, 79
63, 79
62, 78
61, 77
61, 77
60, 77
60, 77
48, 74
47, 73
46, 72
45, 71
44, 70
43, 69
43, 69
42, 68
42, 68
54, 72
54, 72
53, 71
52, 70
51, 69
50, 68
49, 67
48, 66
48, 66
47, 65
47, 65
68, 82
67, 81
66, 80
65, 79
64, 78
64, 78
65, 73
66, 74
66, 75
66, 75
66, 75
66, 75
66, 75
66, 75
66, 75
60, 77
60, 77
59, 76
58, 75
57, 74
56, 73
55, 72
55, 72
57, 82
56, 81
56, 81
55, 80
54, 79
53, 78
52, 77
51, 76
50, 75
49, 74
49, 74
54, 81
53, 80
52, 79
52, 79
51, 78
51, 77
51, 76
51, 75
51, 74
51, 73
51, 73
68, 75
67, 74
66, 73
65, 72
64, 71
63, 70
62, 69
61, 68
61, 68
66, 71
66, 71
65, 70
64, 69
63, 68
63, 68
63, 68
63, 68
62, 67
61, 66
61, 66
56, 70
55, 69
54, 68
53, 67
53, 67
52, 66
51, 65
50, 64
50, 62
50, 61
50, 60
50, 59
50, 58
50, 58
58, 84
57, 83
57, 83
56, 82
56, 82
56, 82
56, 82
57, 77
56, 76
55, 75
54, 74
53, 73
53, 73
54, 91
53, 90
51, 88
50, 87
50, 86
50, 85
50, 84
50, 83
49, 82
48, 81
48, 81
63, 77
63, 77
63, 77
62, 76
61, 75
61, 75
60, 74
59, 73
58, 72
57, 71
57, 71
58, 78
58, 78
58, 78
57, 77
56, 76
56, 76
62, 65
63, 64
64, 63
65, 62
66, 61
67, 60
67, 60
61, 76
62, 75
62, 74
62, 73
62, 72
62, 71
62, 71
48, 64
50, 62
50, 61
50, 60
50, 59
50, 58
50, 57
50, 56
51, 57
52, 58
52, 58
53, 58
54, 58
54, 58
51, 59
51, 59
52, 60
53, 61
54, 62
54, 62
48, 73
48, 73
48, 72
48, 71
48, 70
48, 69
48, 68
48, 68
61, 85
61, 85
60, 84
59, 83
58, 82
58, 82
58, 82
57, 81
56, 80
56, 80
56, 80
63, 61
62, 60
61, 59
60, 58
60, 58
59, 57
58, 56
58, 56
52, 72
53, 73
54, 74
55, 75
56, 76
57, 77
58, 78
58, 78
57, 79
57, 78
57, 77
57, 76
57, 76
57, 76
57, 75
57, 75
57, 75
48, 81
47, 80
46, 79
46, 79
45, 78
44, 77
44, 77
44, 77
56, 73
57, 74
58, 75
59, 76
59, 76
60, 77
61, 78
61, 78
49, 75
49, 75
48, 74
48, 74
47, 73
46, 72
45, 71
44, 70
44, 70
55, 72
56, 71
57, 70
58, 69
59, 69
59, 69
60, 69
61, 69
62, 69
62, 69
52, 72
53, 72
54, 72
55, 72
55, 72
56, 72
56, 72
57, 83
57, 83
58, 84
59, 85
60, 86
60, 86
60, 86
66, 75
65, 74
65, 74
64, 73
63, 72
62, 71
61, 70
61, 70
60, 69
59, 68
59, 68
53, 73
52, 72
51, 71
50, 70
49, 69
49, 69
48, 68
47, 67
47, 67
62, 69
63, 70
64, 71
65, 72
66, 73
67, 74
68, 75
68, 75
69, 76
69, 76
62, 70
61, 69
60, 68
59, 67
58, 66
57, 65
56, 64
55, 63
55, 63
43, 69
44, 70
45, 71
45, 71
46, 72
46, 72
47, 73
48, 74
49, 75
49, 75
49, 60
49, 60
50, 59
50, 58
50, 57
50, 56
50, 55
50, 54
50, 53
50, 52
49, 53
48, 54
48, 54
48, 54
58, 73
57, 72
56, 71
55, 70
54, 69
53, 68
52, 67
52, 67
62, 79
63, 80
64, 81
64, 81
64, 81
64, 81
64, 81
52, 67
51, 66
50, 65
49, 64
50, 62
50, 61
50, 60
50, 59
50, 58
50, 57
50, 56
50, 55
50, 55
50, 55
58, 76
59, 77
60, 78
61, 79
62, 80
63, 81
64, 82
65, 83
66, 84
66, 84
66, 84
68, 75
67, 74
66, 73
65, 72
65, 72
64, 71
63, 70
62, 69
62, 69
57, 79
58, 78
59, 77
60, 76
61, 75
61, 75
47, 69
46, 70
45, 71
44, 72
43, 73
42, 74
41, 75
40, 76
39, 77
38, 78
38, 78
48, 76
47, 77
46, 78
45, 79
44, 80
43, 81
42, 82
42, 82
42, 82
42, 82
43, 69
42, 68
41, 67
40, 66
39, 65
38, 64
37, 63
37, 63
53, 59
52, 60
52, 60
52, 60
51, 61
51, 61
50, 62
50, 62
50, 61
50, 60
50, 59
50, 58
50, 58
61, 68
60, 67
59, 66
58, 65
57, 64
57, 64
48, 66
49, 65
50, 64
51, 63
52, 62
53, 61
53, 61
57, 55
56, 54
55, 53
55, 53
53, 51
52, 50
51, 50
50, 50
50, 50
50, 50
50, 50
50, 50
50, 50
50, 50
58, 72
59, 73
60, 74
61, 75
62, 76
63, 77
63, 77
64, 77
64, 77
55, 63
55, 63
56, 64
56, 64
57, 65
58, 66
59, 67
59, 67
59, 67
60, 68
60, 68
55, 63
56, 64
57, 65
58, 66
59, 67
60, 68
61, 69
61, 69
61, 69
61, 69
45, 76
45, 76
46, 76
47, 76
48, 76
49, 76
50, 76
50, 76
59, 85
58, 84
57, 83
56, 82
55, 81
54, 80
53, 79
52, 78
52, 78
57, 71
58, 70
58, 70
59, 69
59, 69
59, 68
59, 67
59, 66
59, 65
59, 64
59, 64
48, 54
47, 53
47, 53
47, 53
46, 52
45, 51
44, 50
43, 50
43, 50
43, 50
60, 67
60, 66
60, 65
60, 64
60, 63
60, 62
60, 61
60, 61
60, 60
60, 60
55, 75
54, 74
53, 73
52, 72
51, 71
50, 70
49, 69
48, 68
48, 68
48, 68
59, 79
60, 80
60, 80
61, 81
61, 81
62, 81
62, 81
62, 81
62, 81
62, 71
61, 70
60, 69
59, 68
58, 67
57, 66
56, 65
55, 64
54, 63
54, 63
66, 59
66, 59
65, 58
64, 57
63, 56
62, 55
60, 53
59, 52
58, 51
57, 50
56, 50
55, 50
54, 50
53, 50
52, 50
51, 50
50, 49
50, 49
62, 68
63, 67
64, 66
64, 66
65, 65
65, 63
64, 62
63, 61
62, 60
61, 59
62, 58
63, 57
63, 55
62, 54
61, 53
60, 52
59, 51
59, 51
49, 48
48, 47
47, 46
46, 45
46, 44
46, 43
46, 42
46, 41
46, 40
46, 39
46, 39
49, 69
49, 69
49, 69
50, 70
51, 71
51, 71
60, 76
59, 77
58, 78
57, 79
56, 80
55, 81
54, 82
54, 82
55, 64
55, 64
56, 65
57, 66
58, 67
58, 67
36, 62
36, 62
35, 61
35, 60
35, 59
35, 59
63, 68
64, 67
64, 67
65, 66
65, 65
65, 64
65, 63
65, 63
65, 63
59, 64
58, 63
57, 62
56, 61
56, 61
55, 60
54, 59
54, 59
38, 78
39, 77
40, 76
40, 75
40, 74
40, 73
40, 72
40, 71
40, 71
43, 81
44, 80
45, 79
46, 78
47, 77
48, 76
48, 76
48, 76
49, 57
48, 56
47, 55
46, 54
45, 53
45, 53
53, 61
53, 61
54, 62
55, 63
55, 63
55, 63
42, 51
41, 52
40, 53
39, 54
38, 55
37, 56
36, 57
36, 57
49, 54
48, 53
47, 52
46, 51
45, 50
45, 50
64, 77
63, 76
62, 75
62, 75
61, 74
60, 73
59, 72
59, 72
51, 49
52, 48
52, 48
53, 47
54, 46
55, 45
56, 44
56, 44
56, 44
49, 75
49, 75
48, 74
47, 73
46, 72
45, 71
44, 70
43, 69
43, 69
66, 84
66, 84
65, 83
64, 82
63, 81
62, 80
62, 80
52, 78
51, 77
50, 76
49, 75
49, 75
48, 74
47, 73
46, 72
46, 72
62, 81
61, 80
61, 80
60, 79
59, 78
58, 77
58, 77
59, 67
58, 66
57, 65
56, 64
55, 63
55, 63
54, 62
54, 62
54, 62
58, 63
59, 62
60, 61
60, 60
60, 59
60, 58
60, 57
59, 55
58, 54
57, 53
56, 52
55, 51
54, 50
53, 50
52, 50
53, 49
54, 48
54, 48
59, 59
58, 58
57, 57
56, 56
55, 55
54, 54
54, 54
53, 53
53, 53
52, 52
52, 52
64, 81
63, 80
63, 80
63, 80
62, 79
61, 78
60, 77
59, 76
59, 76
37, 56
37, 56
38, 55
39, 54
40, 53
41, 52
41, 52
55, 45
54, 46
53, 47
52, 48
51, 49
50, 50
49, 51
48, 52
48, 52
50, 71
49, 71
49, 71
48, 71
47, 71
46, 71
45, 71
44, 71
44, 71
43, 71
43, 71
59, 76
58, 77
57, 77
56, 77
55, 77
54, 77
54, 77
54, 77
54, 77
54, 77
54, 77
61, 79
60, 78
59, 77
58, 76
57, 75
56, 74
55, 74
54, 74
53, 74
53, 74
49, 77
50, 78
51, 79
51, 79
52, 80
53, 81
54, 82
54, 82
53, 47
53, 47
52, 46
51, 45
50, 44
49, 43
48, 42
48, 42
47, 41
47, 41
53, 58
52, 57
51, 56
50, 55
49, 54
48, 54
48, 54
48, 54
55, 83
55, 83
56, 84
57, 85
58, 86
59, 87
60, 88
60, 88
60, 88
53, 53
54, 54
54, 54
55, 55
56, 56
57, 57
57, 57
47, 40
47, 40
47, 40
47, 40
48, 41
48, 41
49, 42
50, 43
50, 43
41, 72
42, 73
43, 74
44, 75
44, 75
45, 76
46, 77
47, 77
47, 77
58, 73
57, 74
56, 74
55, 74
54, 74
53, 74
52, 74
51, 74
51, 74
45, 53
44, 52
44, 52
43, 51
43, 51
42, 51
41, 51
40, 51
39, 51
39, 51
58, 50
58, 50
56, 50
55, 50
54, 50
53, 50
52, 50
51, 50
50, 50
50, 50
50, 50
49, 50
48, 50
48, 50
36, 60
37, 61
38, 62
39, 63
40, 64
40, 64
65, 62
65, 61
65, 60
65, 59
65, 59
65, 59
65, 59
65, 59
65, 59
65, 59
65, 59
54, 62
53, 61
53, 61
52, 60
51, 59
50, 58
50, 58
58, 77
57, 76
57, 75
57, 75
57, 74
57, 74
47, 71
48, 70
49, 69
50, 68
51, 67
52, 66
52, 66
45, 50
45, 50
46, 51
46, 51
47, 52
47, 52
47, 52
42, 68
42, 68
42, 68
41, 67
40, 66
39, 65
38, 64
37, 63
36, 62
36, 62
59, 68
60, 69
61, 70
62, 71
63, 72
64, 73
65, 74
66, 74
66, 74
66, 74
53, 61
52, 60
51, 59
50, 58
50, 58
49, 57
49, 57
48, 52
47, 51
46, 50
45, 49
44, 48
44, 48
44, 72
44, 72
44, 72
44, 72
45, 73
46, 74
46, 74
47, 75
48, 76
49, 77
49, 77
48, 50
47, 51
46, 52
45, 53
44, 54
44, 54
44, 54
43, 55
43, 55
43, 55
58, 75
59, 76
60, 77
61, 78
61, 79
61, 80
61, 81
61, 82
61, 82
61, 82
55, 81
56, 80
57, 79
58, 78
58, 78
59, 77
60, 76
61, 75
61, 75
61, 88
61, 88
62, 88
63, 88
64, 88
64, 88
65, 88
65, 88
65, 88
52, 73
51, 72
50, 71
49, 70
48, 69
48, 69
48, 69
47, 68
46, 67
45, 66
45, 66
49, 55
50, 56
51, 57
51, 57
52, 58
52, 58
40, 64
39, 65
38, 66
37, 67
36, 68
36, 68
36, 68
48, 78
49, 79
50, 80
51, 81
51, 81
52, 82
53, 83
54, 84
55, 85
55, 85
41, 52
42, 51
43, 50
43, 50
43, 50
44, 49
45, 48
46, 47
47, 46
48, 46
48, 46
52, 66
51, 65
50, 64
50, 62
50, 61
50, 60
50, 59
50, 58
50, 57
50, 56
49, 57
49, 57
49, 57
50, 73
49, 72
48, 71
47, 70
47, 68
48, 67
49, 66
50, 65
50, 64
50, 63
50, 62
50, 61
50, 60
50, 60
49, 59
48, 58
48, 58
49, 42
48, 41
47, 40
46, 39
46, 39
46, 39
47, 41
48, 42
49, 43
50, 44
51, 45
51, 45
49, 57
49, 57
49, 57
48, 56
47, 55
47, 55
46, 54
46, 54
48, 56
47, 55
46, 54
45, 53
44, 52
44, 51
44, 51
40, 52
41, 53
42, 54
42, 54
43, 55
44, 56
46, 56
47, 55
48, 54
49, 53
50, 52
50, 51
50, 50
50, 50
50, 50
50, 50
49, 51
48, 52
48, 52
35, 61
34, 60
34, 60
33, 59
32, 59
31, 59
30, 59
29, 59
29, 59
29, 59
29, 59
54, 77
55, 76
56, 75
57, 74
58, 73
59, 72
59, 72
59, 72
48, 51
49, 50
50, 49
51, 48
52, 47
52, 47
56, 56
55, 55
54, 54
53, 53
52, 52
51, 51
51, 51
51, 51
51, 51
65, 73
65, 73
64, 72
63, 71
62, 70
62, 70
62, 70
62, 70
64, 58
63, 57
62, 56
62, 56
62, 56
61, 55
59, 53
58, 52
57, 51
56, 50
55, 50
54, 50
53, 50
53, 50
53, 50
49, 57
49, 57
50, 56
51, 55
52, 54
53, 53
53, 53
48, 46
47, 45
46, 44
45, 43
44, 42
44, 42
43, 41
42, 40
41, 39
41, 39
51, 59
50, 60
49, 61
49, 61
50, 60
50, 59
50, 58
50, 57
50, 56
50, 55
50, 54
50, 53
50, 52
49, 53
48, 54
47, 55
46, 56
46, 56
47, 55
48, 54
49, 53
50, 52
50, 51
50, 50
49, 51
49, 51
45, 52
45, 52
46, 53
47, 54
48, 55
48, 55
49, 56
50, 57
50, 57
50, 58
51, 59
51, 59
52, 60
53, 61
53, 61
46, 39
46, 39
45, 38
44, 37
43, 36
42, 35
42, 35
60, 74
59, 73
59, 73
58, 72
57, 71
56, 70
56, 70
56, 70
55, 69
54, 68
54, 68
52, 51
51, 52
50, 53
49, 54
48, 55
48, 55
52, 44
53, 43
53, 43
53, 42
53, 41
53, 41
44, 56
46, 56
47, 55
48, 54
49, 53
50, 52
51, 53
52, 54
53, 55
54, 56
54, 56
54, 56
51, 48
50, 49
49, 50
48, 51
47, 52
46, 53
46, 53
45, 54
45, 54
60, 81
59, 80
59, 80
58, 79
57, 78
57, 78
57, 78
45, 47
46, 47
46, 47
47, 47
48, 47
49, 47
49, 47
30, 58
31, 57
32, 56
33, 55
33, 55
33, 55
34, 54
35, 53
36, 52
36, 52
36, 52
50, 50
49, 49
48, 48
47, 47
47, 47
46, 46
45, 45
44, 44
44, 44
44, 44
44, 44
47, 55
48, 56
49, 57
49, 57
50, 58
51, 59
52, 60
53, 61
54, 62
55, 63
55, 63
58, 71
57, 70
57, 70
56, 69
55, 68
55, 68
54, 67
54, 67
61, 69
60, 68
59, 67
58, 66
57, 65
56, 64
56, 64
55, 63
54, 62
53, 61
53, 61
46, 65
47, 64
48, 63
50, 61
50, 60
50, 59
50, 58
50, 57
50, 56
50, 55
51, 56
52, 57
52, 57
52, 57
56, 84
57, 83
58, 82
58, 82
59, 81
60, 80
61, 79
62, 78
62, 78
64, 87
63, 86
62, 85
61, 84
60, 83
59, 82
58, 81
58, 81
48, 76
47, 75
47, 75
46, 74
45, 73
44, 72
43, 71
43, 71
47, 53
47, 53
46, 54
46, 54
47, 53
48, 52
49, 51
50, 50
50, 50
50, 50
49, 51
48, 52
47, 53
46, 54
46, 54
47, 53
48, 52
49, 51
50, 50
50, 50
50, 50
37, 69
38, 70
39, 71
40, 72
41, 73
42, 74
43, 75
44, 76
45, 77
45, 77
45, 77
51, 57
50, 58
49, 57
50, 56
51, 56
52, 57
53, 56
52, 55
51, 55
51, 55
45, 43
46, 43
47, 43
48, 42
48, 43
47, 44
47, 43
46, 42
47, 41
47, 42
47, 42
49, 56
50, 57
51, 58
52, 57
51, 57
50, 56
50, 57
49, 57
49, 57
37, 51
37, 50
38, 51
39, 51
38, 52
38, 52
54, 62
55, 63
56, 64
56, 65
57, 64
56, 65
55, 65
54, 64
55, 63
56, 62
56, 62
57, 80
57, 79
57, 78
56, 79
57, 78
56, 79
57, 80
58, 80
57, 81
58, 81
58, 81
44, 54
45, 54
44, 55
44, 56
43, 55
43, 55
52, 58
52, 59
53, 60
52, 59
53, 60
52, 61
53, 60
53, 61
54, 61
54, 61
55, 68
55, 67
54, 66
55, 67
54, 66
55, 66
55, 66
54, 40
53, 39
52, 38
51, 39
51, 40
50, 41
49, 41
49, 41
49, 51
50, 50
51, 51
52, 51
52, 50
52, 49
52, 49
49, 50
48, 50
49, 50
48, 49
49, 50
50, 51
51, 51
52, 52
52, 51
52, 51
53, 52
53, 53
52, 54
51, 53
50, 54
50, 54
42, 72
41, 72
42, 73
43, 74
43, 75
44, 76
43, 75
43, 75
44, 77
45, 76
44, 77
45, 78
45, 77
45, 77
58, 78
57, 79
57, 78
58, 79
59, 80
59, 80
42, 39
42, 38
42, 37
43, 37
42, 38
41, 37
41, 37
61, 78
60, 78
61, 79
60, 79
59, 79
59, 80
58, 79
58, 80
57, 79
57, 79
43, 36
43, 35
44, 34
44, 33
45, 33
44, 32
45, 33
45, 33
54, 69
53, 70
54, 70
53, 70
54, 71
54, 71
55, 56
56, 55
57, 56
57, 57
56, 57
56, 58
56, 58
54, 62
54, 63
53, 64
54, 63
53, 62
53, 61
53, 61
53, 62
54, 62
53, 62
54, 63
55, 62
54, 61
53, 61
53, 60
52, 59
51, 58
51, 58
49, 48
50, 49
49, 50
50, 50
49, 49
49, 50
50, 51
49, 50
49, 50
51, 56
51, 55
50, 55
51, 55
50, 56
49, 55
48, 55
48, 55
41, 38
40, 39
41, 39
42, 38
41, 38
40, 38
39, 38
39, 39
39, 39
42, 76
42, 75
43, 76
42, 75
43, 74
42, 75
43, 74
43, 73
42, 73
41, 74
41, 74
44, 34
45, 35
44, 35
45, 35
44, 34
44, 34
54, 65
54, 66
54, 65
55, 66
56, 67
56, 66
56, 67
55, 67
56, 68
55, 67
55, 67
48, 49
49, 50
48, 49
48, 50
47, 49
48, 49
47, 48
47, 48
55, 59
54, 58
53, 58
53, 59
53, 60
54, 60
53, 60
52, 59
51, 58
51, 58
55, 62
56, 63
57, 63
58, 64
59, 65
58, 64
57, 63
58, 63
59, 64
60, 64
60, 64
59, 82
58, 81
57, 80
58, 81
59, 82
59, 82
44, 56
43, 57
42, 56
43, 57
43, 56
43, 57
42, 57
42, 57
38, 53
39, 54
38, 54
39, 53
39, 54
40, 55
41, 54
40, 54
40, 53
39, 54
39, 54
56, 61
57, 62
56, 61
57, 62
56, 63
56, 62
57, 62
57, 62
56, 78
57, 77
56, 78
57, 77
56, 78
56, 77
56, 77
53, 60
52, 60
53, 61
52, 61
53, 62
54, 61
53, 60
53, 59
54, 60
54, 60
52, 48
51, 47
52, 46
53, 45
54, 44
53, 43
53, 43
49, 54
49, 53
50, 53
49, 54
50, 55
50, 55
59, 81
58, 81
58, 82
59, 82
58, 81
57, 82
57, 82
44, 76
43, 77
44, 77
45, 77
46, 76
46, 76
48, 56
47, 55
46, 55
47, 56
47, 55
48, 54
48, 55
47, 55
48, 56
48, 57
48, 57
50, 42
51, 43
51, 42
50, 42
49, 41
50, 41
50, 41
50, 58
51, 59
52, 58
51, 58
50, 58
49, 59
48, 59
48, 59
53, 71
53, 72
52, 73
53, 72
54, 72
55, 72
55, 71
55, 70
55, 70
48, 42
48, 41
48, 42
48, 43
47, 43
46, 44
46, 44
53, 51
54, 50
54, 51
54, 50
53, 49
52, 50
51, 51
52, 52
52, 52
54, 68
53, 67
52, 67
52, 68
51, 67
50, 68
50, 67
50, 67
39, 38
38, 39
38, 38
39, 38
40, 38
40, 38
53, 42
52, 41
53, 42
53, 43
53, 44
54, 43
55, 44
55, 44
48, 60
49, 61
49, 60
50, 61
51, 60
52, 61
52, 61
41, 58
41, 59
42, 60
42, 59
41, 60
40, 60
40, 61
40, 60
40, 60
50, 54
49, 54
48, 55
48, 54
49, 54
48, 55
48, 54
48, 53
48, 52
48, 52
44, 33
45, 33
46, 34
47, 33
48, 34
48, 34
58, 63
58, 64
57, 64
57, 65
56, 65
57, 65
57, 65
54, 59
53, 58
54, 58
54, 59
53, 58
52, 57
51, 57
50, 58
50, 57
49, 56
49, 56
40, 74
39, 75
39, 76
40, 75
41, 76
42, 77
41, 78
40, 77
39, 76
38, 75
38, 75
61, 65
61, 64
60, 64
59, 63
59, 62
59, 62
54, 70
55, 71
56, 70
55, 71
56, 70
57, 71
57, 71
48, 49
47, 48
46, 49
47, 49
46, 50
46, 49
47, 50
48, 50
49, 50
50, 51
50, 51
58, 82
59, 83
58, 82
57, 82
58, 83
57, 84
58, 83
58, 84
57, 85
57, 85
50, 57
49, 57
49, 56
49, 57
48, 58
48, 57
48, 57
47, 77
46, 77
47, 78
47, 79
48, 80
47, 80
47, 80
45, 44
46, 44
45, 44
46, 45
45, 46
45, 47
45, 47
51, 51
52, 50
52, 49
52, 50
51, 51
51, 50
52, 51
52, 50
52, 50
48, 56
49, 57
48, 58
49, 59
48, 59
48, 59
40, 55
39, 54
38, 54
39, 55
40, 55
39, 56
39, 56
56, 76
56, 77
57, 77
58, 78
58, 79
58, 80
57, 81
57, 82
57, 82
51, 41
50, 40
51, 41
50, 42
49, 42
50, 42
50, 43
49, 42
48, 43
48, 43
48, 58
48, 57
49, 58
49, 57
48, 58
48, 57
47, 57
47, 57
57, 81
56, 80
55, 79
55, 78
55, 77
55, 76
56, 75
56, 76
56, 76
56, 70
57, 70
56, 71
55, 71
55, 72
56, 72
55, 71
56, 72
56, 72
46, 81
45, 81
44, 80
45, 81
44, 80
43, 79
44, 78
43, 77
44, 77
44, 77
60, 62
59, 61
59, 60
60, 60
61, 59
62, 58
62, 58
49, 51
49, 52
50, 53
51, 54
51, 55
51, 55
58, 81
57, 82
57, 81
56, 81
55, 82
55, 82
57, 77
56, 78
56, 79
55, 80
54, 79
54, 78
55, 79
55, 79
57, 84
57, 85
56, 85
55, 85
56, 85
57, 85
57, 85
47, 34
46, 33
47, 32
48, 33
48, 32
49, 31
48, 31
47, 32
47, 32
49, 52
49, 51
48, 51
49, 50
49, 49
50, 49
51, 49
51, 49
40, 56
41, 56
41, 55
40, 56
41, 57
41, 57
48, 58
49, 57
50, 57
51, 56
51, 57
52, 56
52, 55
51, 55
51, 55
46, 46
46, 45
46, 46
46, 45
45, 44
46, 45
47, 44
46, 45
45, 44
45, 44
39, 61
38, 61
39, 62
38, 63
39, 63
38, 64
38, 64
53, 49
52, 50
53, 50
54, 51
54, 50
55, 50
55, 49
55, 49
46, 56
47, 57
47, 58
48, 57
47, 58
48, 59
47, 59
47, 58
48, 58
48, 58
49, 67
49, 66
48, 65
47, 65
46, 66
47, 65
48, 65
48, 66
47, 67
47, 67
48, 60
49, 59
49, 60
50, 60
51, 59
51, 60
50, 60
49, 59
50, 59
50, 59
39, 38
38, 39
39, 38
38, 39
39, 39
38, 38
39, 38
40, 37
40, 37
58, 65
58, 66
58, 65
57, 64
57, 63
57, 62
57, 62
37, 75
38, 74
39, 73
38, 74
37, 74
36, 74
37, 73
36, 74
35, 74
34, 73
34, 73
54, 43
55, 43
56, 42
56, 41
55, 40
54, 39
55, 39
56, 40
57, 39
57, 39
47, 43
47, 42
46, 43
45, 42
44, 42
43, 43
44, 43
44, 44
45, 43
45, 43
53, 60
53, 59
54, 59
55, 58
55, 57
54, 56
55, 55
55, 54
55, 53
56, 53
56, 53
48, 56
49, 56
49, 55
48, 56
49, 55
49, 55
52, 49
51, 49
50, 49
51, 50
50, 50
51, 49
51, 48
52, 47
53, 46
53, 46
51, 54
52, 55
53, 56
53, 55
52, 54
51, 55
51, 54
52, 53
52, 53
48, 31
47, 31
48, 30
49, 29
48, 30
49, 29
48, 29
48, 29
39, 65
40, 64
39, 63
38, 64
37, 63
38, 62
38, 62
52, 56
53, 56
54, 56
55, 55
54, 54
54, 54
46, 44
47, 43
46, 42
45, 41
46, 42
47, 43
47, 43
39, 38
40, 39
39, 39
40, 39
41, 39
41, 39
47, 68
46, 68
47, 67
48, 66
47, 65
48, 65
49, 64
49, 65
49, 66
49, 65
49, 65
58, 84
59, 83
58, 83
58, 82
58, 83
59, 83
60, 83
61, 82
60, 83
59, 82
59, 82
54, 78
53, 77
52, 76
53, 76
54, 77
53, 76
52, 77
53, 78
53, 78
58, 39
59, 38
58, 39
58, 38
57, 38
57, 38
50, 55
49, 55
50, 55
50, 54
51, 54
52, 55
51, 55
51, 55
45, 77
46, 76
46, 77
45, 78
46, 78
46, 78
54, 50
55, 50
56, 50
55, 50
56, 50
56, 49
55, 50
54, 49
54, 50
54, 50
40, 56
40, 55
40, 56
41, 57
40, 57
39, 57
38, 56
38, 56
63, 57
63, 58
62, 58
61, 59
60, 60
59, 60
58, 59
57, 60
56, 61
57, 62
57, 62
49, 59
49, 60
49, 59
48, 59
47, 59
48, 58
48, 59
47, 58
47, 57
47, 57
56, 62
57, 62
56, 63
57, 63
58, 62
58, 63
59, 62
59, 61
59, 61
33, 72
33, 71
34, 70
34, 69
33, 70
32, 69
31, 70
32, 70
32, 70
46, 43
47, 44
46, 43
47, 43
46, 42
45, 43
46, 42
46, 43
45, 42
45, 42
55, 54
55, 55
54, 55
53, 56
52, 55
53, 56
54, 55
53, 54
53, 55
53, 55
55, 83
56, 82
56, 83
57, 83
56, 83
56, 84
57, 84
58, 84
58, 84
47, 58
47, 57
46, 56
46, 55
46, 56
46, 57
46, 57
57, 73
57, 72
56, 71
55, 72
54, 73
54, 74
54, 74
47, 56
48, 56
48, 57
47, 57
47, 56
46, 57
46, 56
47, 57
47, 57
54, 56
54, 55
55, 54
54, 55
53, 56
52, 57
52, 56
53, 57
53, 57
48, 58
47, 57
48, 58
49, 58
48, 59
49, 58
49, 59
48, 60
47, 59
47, 59
54, 75
54, 74
55, 75
56, 76
55, 75
56, 74
56, 74
46, 42
45, 41
46, 40
47, 40
47, 41
48, 41
48, 41
31, 70
31, 69
32, 69
32, 70
32, 71
32, 70
32, 70
47, 28
46, 27
47, 27
47, 28
47, 27
47, 27
57, 85
56, 86
57, 86
56, 86
56, 87
55, 86
56, 87
55, 88
54, 87
54, 87
55, 53
54, 53
55, 53
54, 53
54, 54
54, 54
47, 79
48, 78
49, 78
50, 77
49, 78
48, 79
48, 79
60, 61
61, 61
62, 60
63, 61
62, 60
62, 61
62, 61
57, 63
58, 62
57, 61
57, 60
58, 59
58, 59
48, 44
49, 45
48, 45
47, 45
48, 45
47, 46
46, 45
47, 44
47, 44
52, 45
53, 46
52, 46
51, 45
52, 44
53, 44
54, 43
54, 44
54, 44
53, 53
54, 53
55, 53
54, 53
55, 54
55, 53
54, 53
53, 52
52, 53
52, 53
58, 82
59, 81
60, 80
59, 81
58, 81
58, 82
59, 83
59, 83
38, 63
39, 62
39, 61
40, 61
41, 62
41, 62
55, 49
54, 48
55, 49
54, 50
55, 49
54, 48
55, 49
54, 50
54, 50
41, 40
41, 39
41, 38
42, 39
41, 38
40, 37
41, 36
42, 35
42, 34
41, 34
41, 34
49, 64
48, 64
47, 63
48, 63
48, 64
48, 64
39, 57
40, 58
41, 57
41, 58
41, 57
41, 58
40, 59
39, 58
38, 58
38, 58
57, 39
56, 38
57, 38
56, 37
55, 38
56, 39
55, 40
55, 39
54, 38
54, 38
52, 78
53, 79
52, 80
52, 81
52, 82
51, 82
50, 82
50, 83
50, 84
51, 85
51, 85
52, 55
53, 54
52, 54
53, 53
52, 53
53, 54
54, 53
54, 54
55, 54
54, 53
54, 53
55, 39
54, 39
53, 40
54, 39
55, 39
56, 40
55, 41
56, 42
56, 42
47, 79
48, 80
47, 81
48, 82
49, 83
49, 83
53, 53
53, 52
53, 53
54, 54
53, 54
53, 54
52, 85
51, 84
51, 83
50, 83
51, 84
50, 84
51, 84
52, 84
51, 85
51, 86
51, 86
58, 60
57, 60
58, 60
57, 60
58, 61
59, 60
59, 61
59, 61
41, 33
42, 34
41, 35
40, 34
41, 34
41, 34
53, 43
53, 42
52, 41
52, 40
53, 39
52, 38
53, 38
54, 39
54, 40
54, 40
46, 56
47, 57
48, 58
49, 58
50, 59
51, 59
52, 58
51, 57
51, 57
49, 41
50, 41
49, 41
50, 41
51, 41
52, 41
51, 42
51, 43
52, 44
52, 44
54, 55
55, 54
54, 53
53, 54
52, 54
52, 54
53, 88
54, 88
53, 88
52, 88
53, 89
53, 88
53, 87
54, 87
53, 88
54, 89
54, 89
46, 45
45, 44
44, 43
44, 44
44, 45
44, 44
45, 45
45, 45
55, 50
56, 50
57, 49
56, 48
57, 48
57, 48
55, 73
56, 72
55, 71
54, 70
53, 69
52, 68
51, 68
51, 69
50, 70
50, 69
50, 69
37, 58
37, 59
37, 58
37, 57
38, 56
38, 55
37, 56
37, 55
36, 54
35, 54
35, 54
61, 61
60, 62
60, 61
59, 62
60, 61
59, 62
60, 63
60, 62
59, 61
59, 61
46, 28
47, 27
47, 26
48, 25
47, 26
48, 26
47, 25
47, 24
46, 23
46, 22
46, 22
48, 63
48, 64
48, 65
48, 66
48, 67
49, 68
48, 68
48, 68
31, 70
31, 69
30, 68
29, 67
28, 66
29, 65
28, 64
28, 65
27, 65
27, 65
48, 59
47, 58
48, 58
49, 59
49, 60
49, 59
48, 59
48, 59
55, 53
54, 53
55, 53
56, 54
57, 53
56, 53
55, 54
55, 54
60, 82
60, 81
61, 80
60, 81
61, 80
61, 81
61, 80
61, 80
42, 61
41, 61
40, 61
41, 60
42, 61
41, 62
41, 63
41, 63
54, 57
53, 56
52, 56
51, 55
51, 56
50, 56
51, 57
51, 57
45, 46
44, 47
45, 46
44, 46
43, 46
43, 46
60, 79
60, 80
60, 81
59, 81
60, 80
61, 79
62, 78
61, 78
62, 79
63, 80
63, 80
45, 22
46, 22
45, 21
44, 21
43, 22
44, 21
44, 21
55, 41
54, 41
53, 42
54, 41
55, 40
54, 41
54, 41
49, 69
49, 70
50, 71
49, 70
50, 69
51, 70
52, 70
53, 69
54, 69
54, 69
50, 86
49, 87
50, 88
51, 88
50, 87
51, 86
51, 87
50, 88
49, 89
49, 89
41, 64
40, 65
41, 65
42, 64
41, 63
41, 64
42, 63
42, 63
49, 59
48, 58
49, 59
48, 59
48, 58
48, 59
48, 60
49, 61
50, 60
49, 59
49, 59
56, 49
55, 50
56, 50
55, 50
54, 51
54, 51
58, 61
59, 61
58, 62
59, 63
59, 62
60, 61
59, 61
59, 61
60, 60
60, 59
61, 60
61, 61
62, 62
61, 62
60, 61
59, 62
58, 62
58, 62
51, 69
51, 70
51, 71
50, 71
51, 71
50, 71
50, 71
57, 42
56, 41
57, 40
56, 39
56, 38
57, 37
56, 37
56, 36
55, 35
55, 35
50, 57
50, 56
51, 55
50, 55
50, 54
50, 54
49, 82
50, 82
51, 83
51, 84
50, 83
49, 82
49, 82
28, 66
27, 67
26, 66
27, 65
28, 64
28, 64
40, 33
41, 33
41, 34
42, 34
42, 33
43, 34
44, 33
45, 32
45, 33
45, 33
52, 53
52, 54
53, 55
52, 55
53, 54
53, 53
52, 52
53, 52
52, 52
52, 52
53, 44
52, 45
53, 44
54, 45
54, 44
54, 44
34, 53
33, 52
33, 51
33, 50
32, 49
33, 50
32, 51
32, 52
32, 52
51, 54
52, 53
52, 54
51, 54
52, 54
52, 54
54, 55
53, 55
52, 54
52, 55
53, 56
53, 55
53, 54
53, 54
55, 88
55, 87
55, 88
56, 87
57, 86
58, 87
58, 87
51, 58
52, 59
51, 60
52, 61
51, 62
51, 63
52, 62
52, 62
42, 64
42, 63
42, 64
41, 63
40, 62
39, 61
38, 62
39, 61
40, 62
40, 62
59, 61
60, 60
59, 59
60, 58
59, 58
59, 57
58, 58
58, 58
58, 86
57, 85
57, 86
56, 85
57, 84
57, 84
55, 44
54, 44
55, 43
54, 42
54, 43
53, 43
53, 43
33, 52
32, 52
32, 53
33, 53
34, 53
34, 54
34, 54
53, 50
53, 51
52, 50
51, 49
52, 50
51, 51
51, 51
48, 90
48, 89
47, 88
48, 88
48, 87
49, 87
49, 86
48, 85
47, 84
47, 84
51, 63
51, 62
52, 62
52, 61
53, 60
53, 59
54, 60
55, 60
55, 60
53, 55
54, 54
55, 53
56, 54
55, 54
56, 54
56, 53
57, 53
56, 53
56, 54
56, 54
56, 34
55, 35
54, 35
54, 34
55, 34
56, 34
57, 35
57, 35
44, 45
45, 46
45, 45
46, 45
45, 45
45, 46
45, 47
45, 47
54, 55
55, 54
54, 54
54, 53
53, 54
52, 54
51, 55
50, 54
51, 55
50, 56
50, 56
43, 20
43, 21
42, 21
42, 20
41, 21
42, 21
43, 20
44, 21
44, 21
62, 81
61, 80
62, 79
61, 79
60, 79
61, 78
60, 79
60, 79
53, 42
52, 41
52, 42
53, 42
53, 43
54, 43
53, 42
53, 42
53, 69
52, 70
52, 71
53, 72
52, 71
52, 71
29, 65
29, 66
30, 67
31, 67
30, 67
31, 66
32, 66
32, 65
31, 66
32, 67
32, 67
46, 32
45, 32
45, 33
45, 34
45, 35
44, 35
44, 34
44, 34
49, 54
49, 53
49, 54
48, 55
47, 55
48, 54
48, 53
48, 53
53, 52
52, 53
51, 52
50, 53
51, 54
50, 53
49, 53
48, 54
48, 54
49, 72
48, 71
49, 72
50, 72
49, 72
49, 71
50, 70
50, 71
49, 71
49, 70
49, 70
60, 61
60, 60
61, 61
62, 60
63, 60
63, 59
64, 59
64, 59
49, 83
49, 84
49, 85
49, 84
49, 83
49, 84
49, 83
49, 83
50, 58
49, 57
49, 56
49, 55
48, 55
49, 54
50, 55
50, 55
39, 62
39, 63
38, 63
39, 62
38, 63
38, 64
37, 64
38, 65
39, 64
40, 64
40, 64
50, 52
51, 51
52, 50
51, 49
52, 49
53, 50
53, 49
53, 48
53, 47
53, 47
54, 44
55, 43
55, 42
56, 43
55, 44
56, 44
57, 44
57, 43
58, 43
59, 44
59, 44
56, 55
55, 54
56, 55
55, 56
54, 55
54, 56
55, 55
55, 56
55, 57
55, 56
55, 56
53, 72
54, 71
53, 71
53, 72
53, 73
52, 72
53, 72
54, 72
53, 71
53, 70
53, 70
43, 21
44, 22
43, 22
42, 22
42, 23
43, 23
44, 23
44, 24
44, 23
45, 23
45, 23
52, 43
52, 42
53, 42
54, 41
53, 40
52, 39
51, 38
51, 39
51, 39
45, 35
44, 36
44, 35
43, 35
44, 34
45, 35
46, 35
45, 36
45, 36
48, 54
49, 53
50, 52
51, 51
50, 50
51, 50
50, 50
49, 49
50, 49
50, 49
48, 69
47, 69
48, 70
47, 69
46, 68
46, 67
47, 68
48, 69
48, 69
45, 48
45, 47
44, 46
44, 45
45, 44
46, 43
45, 43
46, 42
47, 42
48, 41
48, 41
48, 83
49, 84
48, 83
48, 84
49, 83
49, 83
31, 68
30, 69
31, 70
30, 70
30, 69
30, 70
31, 71
32, 70
33, 71
32, 71
32, 71
56, 36
55, 37
55, 38
54, 37
55, 38
55, 38
51, 56
52, 56
52, 55
53, 56
54, 56
55, 57
54, 57
54, 57
60, 80
59, 80
58, 79
57, 78
57, 79
56, 78
57, 79
58, 78
58, 78
35, 53
35, 54
34, 53
33, 52
32, 53
32, 54
32, 54
49, 54
49, 53
49, 54
48, 53
47, 54
46, 55
46, 56
46, 56
55, 61
55, 60
56, 59
55, 59
56, 60
55, 60
54, 60
54, 61
54, 61
49, 55
48, 55
47, 54
48, 54
49, 55
49, 55
65, 60
65, 61
64, 60
63, 61
64, 62
63, 61
64, 61
64, 62
64, 62
59, 57
59, 58
58, 57
59, 58
58, 58
59, 59
59, 59
56, 84
55, 83
54, 83
55, 82
55, 81
55, 80
54, 80
53, 81
52, 81
52, 81
46, 85
45, 85
44, 85
45, 85
44, 84
44, 85
44, 84
44, 84
59, 78
58, 79
57, 78
56, 78
56, 79
56, 80
56, 80
54, 37
53, 36
53, 35
53, 34
54, 33
55, 33
54, 34
53, 34
53, 35
53, 34
53, 34
32, 72
31, 72
30, 71
29, 72
28, 72
28, 73
27, 72
26, 72
26, 72
58, 43
59, 43
58, 43
59, 43
59, 42
59, 41
58, 41
58, 41
46, 35
47, 35
46, 36
46, 37
45, 37
44, 37
44, 38
43, 38
42, 37
42, 37
33, 53
34, 54
33, 54
33, 53
32, 52
31, 52
30, 52
31, 51
30, 51
30, 51
54, 48
53, 47
54, 46
55, 45
56, 45
57, 44
58, 43
58, 44
59, 43
59, 44
59, 44
56, 56
55, 56
54, 57
54, 58
53, 57
52, 57
53, 58
53, 58
52, 71
52, 70
53, 71
52, 71
52, 72
53, 73
54, 73
54, 73
49, 70
49, 69
48, 69
47, 69
46, 68
46, 67
46, 67
46, 55
47, 55
47, 54
47, 53
47, 54
46, 55
47, 54
47, 53
47, 53
53, 62
54, 63
55, 63
56, 63
55, 63
54, 64
54, 64
54, 58
54, 57
54, 56
53, 57
53, 56
53, 55
52, 54
53, 53
52, 52
52, 52
40, 65
39, 64
38, 64
37, 63
37, 62
38, 63
39, 62
38, 61
38, 61
53, 82
53, 83
52, 83
52, 84
51, 85
52, 86
52, 86
51, 38
50, 38
49, 37
48, 38
47, 39
48, 39
48, 39
47, 42
46, 42
45, 41
44, 41
43, 42
43, 41
42, 41
42, 42
42, 42
50, 82
51, 82
51, 81
52, 81
52, 80
52, 81
52, 81
49, 49
48, 49
49, 50
49, 49
50, 49
51, 49
52, 50
51, 49
52, 48
51, 49
51, 49
49, 56
48, 57
47, 56
48, 55
47, 55
47, 56
48, 55
48, 54
48, 55
49, 55
49, 55
63, 61
62, 62
62, 63
61, 62
61, 63
61, 64
61, 63
60, 63
60, 63
59, 60
58, 61
59, 61
60, 61
59, 61
60, 62
60, 62
46, 24
47, 25
48, 25
48, 24
48, 23
48, 22
48, 22
43, 85
44, 85
45, 84
45, 85
46, 86
46, 86
52, 34
52, 35
52, 34
51, 33
52, 34
53, 34
53, 34
48, 54
48, 53
49, 52
48, 51
48, 50
49, 49
50, 49
50, 49
59, 43
58, 42
57, 43
58, 44
59, 44
60, 43
59, 44
60, 43
60, 43
27, 72
26, 71
27, 72
26, 71
27, 71
27, 70
27, 70
47, 39
46, 39
46, 40
46, 39
47, 38
46, 37
47, 38
46, 38
46, 38
53, 87
54, 86
53, 86
52, 85
52, 84
51, 84
52, 83
53, 83
52, 82
51, 83
51, 83
47, 86
46, 85
46, 84
46, 83
45, 82
46, 83
46, 83
47, 68
46, 68
45, 69
45, 70
44, 70
44, 70
38, 62
39, 63
38, 62
37, 62
36, 63
36, 63
50, 49
50, 48
51, 47
50, 46
49, 46
48, 47
47, 46
47, 46
58, 40
59, 41
59, 40
58, 40
57, 41
58, 41
59, 42
59, 41
59, 41
29, 50
28, 51
29, 50
29, 49
30, 49
30, 48
31, 48
31, 49
31, 48
31, 47
31, 47
48, 56
49, 57
50, 58
51, 59
50, 60
51, 61
51, 62
51, 62
52, 53
52, 52
51, 53
52, 53
52, 52
53, 51
53, 52
52, 53
51, 53
51, 53
55, 74
54, 74
53, 74
52, 73
51, 73
52, 72
53, 72
52, 71
52, 71
53, 59
54, 59
55, 59
56, 59
57, 60
57, 61
58, 62
59, 61
59, 61
48, 23
48, 24
48, 25
49, 26
48, 27
48, 28
48, 29
49, 29
48, 29
48, 29
61, 63
62, 62
63, 63
63, 62
62, 62
61, 61
62, 60
61, 61
61, 60
62, 60
62, 60
54, 65
54, 64
55, 63
55, 62
55, 63
55, 63
42, 38
42, 39
42, 40
42, 39
42, 38
43, 37
43, 36
44, 37
44, 37
42, 41
41, 40
40, 39
41, 38
40, 38
40, 37
41, 38
40, 38
40, 38
51, 81
51, 82
50, 83
50, 82
51, 82
51, 83
50, 84
50, 85
49, 86
48, 85
48, 85
57, 80
58, 79
57, 78
57, 77
58, 78
59, 77
58, 76
58, 77
57, 77
57, 77
60, 63
61, 62
61, 61
62, 60
62, 61
62, 60
63, 60
63, 60
49, 48
48, 47
47, 46
46, 45
47, 46
46, 47
46, 47
41, 37
40, 38
39, 38
39, 37
39, 38
39, 37
39, 37
59, 43
58, 42
57, 42
56, 41
57, 41
58, 40
58, 40
62, 61
63, 61
64, 61
65, 62
66, 61
65, 62
65, 62
54, 64
54, 65
55, 65
56, 66
57, 66
57, 65
56, 65
57, 66
57, 66
62, 59
61, 60
60, 61
60, 62
61, 63
62, 62
63, 62
62, 62
62, 62
52, 84
52, 83
52, 84
51, 83
51, 84
51, 84
49, 86
48, 87
47, 86
48, 85
49, 85
49, 85
46, 47
47, 47
48, 47
49, 48
50, 47
51, 46
50, 45
49, 44
50, 43
50, 43
43, 69
43, 68
42, 68
43, 69
42, 70
43, 70
44, 70
44, 70
50, 61
50, 62
51, 62
50, 62
51, 61
52, 61
52, 61
32, 47
33, 48
34, 47
35, 48
35, 47
34, 47
33, 48
33, 48
48, 30
47, 31
47, 30
47, 29
47, 30
47, 29
47, 29
54, 34
53, 33
52, 32
51, 33
52, 32
52, 33
53, 34
54, 33
53, 33
53, 33
56, 78
57, 77
56, 77
57, 76
56, 76
57, 76
56, 75
57, 74
58, 73
58, 73
46, 37
47, 38
46, 37
47, 38
46, 37
45, 37
44, 36
44, 36
35, 64
35, 65
34, 65
35, 64
34, 64
35, 65
35, 65
58, 42
59, 43
59, 44
58, 44
59, 44
58, 43
59, 43
58, 42
59, 41
59, 41
52, 52
53, 51
52, 51
51, 50
52, 51
51, 52
50, 51
51, 51
52, 50
52, 50
60, 60
59, 61
60, 61
59, 60
58, 59
58, 59
47, 83
47, 84
48, 84
48, 83
49, 82
50, 82
51, 81
51, 82
51, 82
27, 71
28, 70
29, 71
30, 72
31, 72
30, 72
29, 73
29, 73
52, 70
51, 70
52, 70
53, 71
52, 71
53, 70
53, 71
52, 71
51, 70
52, 70
52, 70
43, 37
43, 36
44, 35
43, 35
42, 34
41, 35
41, 36
42, 35
43, 36
43, 36
62, 61
62, 60
63, 61
62, 62
61, 63
62, 62
62, 62
51, 70
51, 69
50, 70
51, 70
51, 71
51, 72
50, 71
50, 71
56, 66
57, 67
56, 67
56, 68
56, 69
55, 70
54, 69
54, 69
36, 66
37, 65
36, 64
36, 65
36, 66
37, 65
36, 65
36, 64
37, 65
37, 65
51, 50
50, 49
49, 48
50, 47
51, 48
51, 47
50, 47
51, 48
52, 47
52, 47
58, 40
59, 41
58, 42
57, 42
58, 42
59, 41
59, 42
60, 43
60, 43
65, 61
64, 61
65, 62
64, 61
63, 62
62, 63
63, 64
64, 63
64, 63
38, 38
37, 38
38, 38
39, 37
38, 36
37, 35
38, 35
37, 35
38, 35
38, 35
50, 44
49, 44
50, 44
49, 44
50, 43
51, 44
51, 44
45, 46
44, 47
44, 48
43, 47
44, 48
43, 47
43, 47
57, 60
56, 59
55, 60
56, 60
55, 61
54, 61
54, 62
55, 62
55, 63
54, 63
54, 63
48, 30
48, 31
49, 32
49, 33
48, 34
49, 34
49, 34
50, 84
49, 85
48, 85
49, 84
50, 85
51, 85
52, 85
51, 84
52, 85
53, 86
53, 86
30, 74
29, 75
30, 74
30, 73
31, 72
31, 72
54, 32
53, 31
52, 30
52, 31
53, 31
53, 30
53, 30
51, 61
50, 62
51, 63
51, 62
52, 62
53, 63
52, 64
52, 65
52, 65
52, 81
51, 80
51, 79
52, 80
53, 81
53, 80
54, 80
54, 81
54, 80
54, 79
54, 79
45, 70
45, 71
45, 72
46, 73
47, 74
47, 75
48, 76
47, 75
48, 76
48, 76
50, 83
50, 82
50, 83
49, 84
50, 84
51, 84
50, 83
51, 84
52, 85
53, 84
53, 84
57, 41
58, 42
59, 43
59, 42
59, 41
58, 40
58, 39
58, 40
58, 39
59, 38
59, 38
44, 37
43, 36
44, 35
43, 35
44, 35
43, 35
43, 34
43, 34
44, 37
43, 37
42, 36
41, 36
40, 36
40, 36
57, 74
56, 74
57, 74
56, 75
57, 76
57, 77
57, 77
32, 48
32, 47
33, 47
34, 47
33, 47
34, 47
35, 46
35, 47
35, 48
36, 48
36, 48
54, 80
55, 80
56, 81
56, 82
56, 81
57, 82
56, 81
55, 82
55, 82
44, 47
43, 48
42, 48
41, 48
41, 49
42, 48
43, 49
42, 49
43, 49
43, 49
47, 76
46, 76
47, 77
46, 77
47, 77
46, 78
46, 79
46, 79
63, 63
63, 62
64, 61
65, 60
64, 60
63, 59
63, 59
51, 72
50, 73
51, 73
51, 74
52, 75
52, 76
51, 76
51, 76
52, 30
52, 31
53, 30
54, 30
54, 31
55, 32
54, 32
53, 31
52, 32
52, 32
31, 73
30, 74
30, 75
29, 76
29, 75
28, 76
29, 77
29, 77
39, 36
39, 35
38, 35
37, 34
36, 33
35, 34
35, 33
36, 34
35, 34
34, 34
34, 34
52, 85
53, 84
54, 83
54, 84
53, 83
54, 84
54, 84
53, 68
52, 67
53, 67
53, 68
54, 68
54, 67
55, 67
55, 67
42, 34
42, 33
41, 32
41, 33
41, 34
41, 34
53, 66
53, 65
54, 66
55, 67
56, 66
56, 66
59, 43
58, 44
59, 43
59, 44
59, 43
60, 43
59, 42
58, 43
59, 43
59, 43
55, 62
56, 63
55, 63
54, 63
53, 64
52, 65
53, 64
54, 65
54, 64
53, 63
53, 63
51, 45
52, 45
53, 45
54, 46
53, 45
54, 46
55, 45
55, 44
54, 44
54, 44
38, 65
39, 65
39, 64
38, 65
39, 66
39, 65
39, 66
40, 67
40, 68
40, 68
37, 34
36, 33
36, 32
37, 33
37, 34
37, 33
38, 32
37, 31
37, 30
37, 30
53, 85
52, 86
53, 87
52, 86
53, 86
52, 86
53, 86
52, 87
52, 88
53, 88
53, 88
58, 78
58, 77
57, 77
57, 76
58, 75
59, 76
58, 75
59, 76
59, 77
59, 76
59, 76
48, 34
48, 35
49, 36
48, 36
49, 35
49, 34
49, 34
36, 49
37, 48
38, 48
39, 47
38, 47
37, 46
37, 46
52, 46
51, 46
51, 45
52, 45
52, 46
51, 46
51, 45
51, 45
61, 62
62, 63
63, 63
64, 63
63, 64
62, 65
61, 66
61, 65
61, 64
60, 63
60, 63
58, 38
59, 37
60, 38
60, 37
60, 38
60, 38
54, 89
54, 90
54, 89
53, 88
52, 88
53, 88
53, 89
54, 90
53, 91
54, 91
54, 91
36, 47
36, 48
36, 49
35, 49
35, 48
35, 47
35, 48
35, 47
35, 47
59, 42
60, 43
59, 43
58, 43
59, 44
59, 44
33, 35
32, 34
33, 33
34, 33
33, 32
34, 32
34, 33
34, 33
50, 75
51, 74
52, 74
51, 74
52, 75
52, 74
53, 75
53, 76
52, 76
52, 76
30, 77
30, 76
29, 77
29, 76
30, 77
30, 78
30, 78
41, 33
40, 33
41, 34
40, 34
39, 34
39, 35
39, 36
40, 36
39, 35
38, 35
38, 35
55, 81
56, 82
56, 81
57, 81
58, 80
59, 79
60, 80
60, 79
60, 79
53, 83
52, 82
51, 81
52, 81
53, 82
54, 83
54, 84
54, 84
49, 33
48, 33
48, 32
47, 31
46, 31
46, 31
58, 75
59, 76
58, 75
59, 76
60, 76
61, 77
60, 77
59, 78
60, 79
61, 78
61, 78
36, 30
36, 29
37, 28
37, 29
38, 30
39, 31
38, 31
38, 32
37, 31
37, 31
60, 64
61, 63
60, 62
60, 63
59, 64
58, 65
58, 64
57, 64
58, 64
58, 64
50, 46
49, 46
49, 47
48, 48
49, 48
50, 48
49, 47
49, 48
50, 49
50, 49
52, 31
52, 32
53, 31
54, 30
55, 31
54, 30
54, 30
53, 43
54, 43
53, 44
52, 45
53, 44
53, 43
54, 42
54, 41
54, 41
56, 67
56, 68
55, 68
54, 67
53, 66
53, 67
53, 66
53, 66
45, 80
46, 79
47, 80
48, 79
48, 78
49, 79
49, 79
52, 63
51, 64
50, 64
51, 63
51, 62
50, 62
50, 62
61, 37
62, 37
63, 37
62, 37
61, 36
61, 35
62, 36
63, 37
63, 37
39, 67
38, 66
39, 67
38, 67
38, 68
38, 68
57, 66
57, 67
56, 66
57, 65
57, 66
56, 67
55, 66
54, 65
53, 64
52, 64
52, 64
64, 60
63, 59
62, 60
63, 61
63, 62
63, 62
44, 49
43, 49
42, 50
41, 49
40, 50
39, 49
38, 50
38, 50
52, 63
53, 64
54, 64
54, 65
55, 64
54, 64
53, 64
52, 63
52, 62
52, 62
55, 84
55, 83
56, 84
56, 85
55, 84
56, 83
57, 84
56, 83
56, 83
53, 91
53, 92
53, 93
53, 92
54, 91
53, 91
53, 91
50, 61
49, 60
48, 60
49, 59
49, 58
50, 58
51, 57
51, 56
50, 57
49, 56
49, 56
60, 78
61, 77
62, 78
62, 77
62, 78
62, 77
61, 76
61, 76
62, 62
62, 63
63, 64
64, 63
65, 62
66, 61
66, 60
65, 61
65, 61
37, 34
36, 35
37, 35
38, 35
38, 34
39, 34
39, 35
39, 36
39, 36
29, 78
30, 78
29, 77
28, 78
27, 77
28, 78
27, 79
28, 79
27, 80
27, 80
33, 33
34, 32
34, 33
33, 32
34, 32
35, 33
36, 33
36, 32
36, 32
34, 47
34, 46
34, 47
33, 47
33, 48
33, 48
45, 32
44, 33
44, 34
45, 35
44, 35
44, 35
55, 42
56, 41
56, 40
57, 41
57, 42
57, 43
58, 44
59, 43
58, 43
57, 43
57, 43
54, 31
54, 30
53, 31
52, 31
52, 30
51, 31
52, 32
51, 33
51, 33
59, 43
60, 43
59, 44
58, 43
59, 43
59, 42
58, 41
57, 40
56, 40
57, 40
57, 40
38, 69
39, 69
38, 68
38, 69
37, 68
37, 69
37, 69
61, 77
61, 78
61, 77
62, 77
63, 77
63, 76
62, 76
63, 76
63, 76
51, 76
50, 76
51, 77
50, 76
49, 75
50, 76
50, 76
50, 50
50, 49
50, 50
49, 49
48, 50
48, 50
36, 32
37, 33
38, 32
38, 33
37, 33
38, 32
39, 31
39, 31
54, 66
54, 65
54, 66
55, 67
55, 66
56, 67
55, 68
54, 69
54, 69
62, 38
63, 39
62, 39
61, 38
62, 39
62, 40
61, 39
61, 39
57, 65
58, 66
58, 65
58, 64
59, 64
58, 63
57, 63
57, 64
56, 64
57, 63
57, 63
48, 79
49, 78
48, 78
47, 77
48, 76
49, 77
50, 77
51, 78
51, 78
39, 49
39, 48
38, 48
37, 48
36, 49
35, 49
36, 48
37, 47
38, 47
38, 47
56, 43
57, 42
58, 42
57, 42
58, 43
59, 44
58, 43
57, 42
58, 43
58, 43
65, 62
64, 61
65, 60
66, 59
65, 58
64, 59
63, 58
62, 58
61, 58
61, 58
50, 77
49, 76
48, 77
48, 78
49, 78
50, 79
51, 78
51, 78
40, 31
39, 30
38, 31
38, 30
39, 31
40, 32
40, 32
63, 77
63, 76
63, 77
64, 76
65, 77
64, 78
65, 79
64, 79
64, 80
65, 79
65, 79
54, 68
53, 69
54, 68
53, 67
52, 68
53, 67
54, 68
55, 69
55, 69
56, 40
56, 39
55, 38
56, 37
55, 38
56, 38
55, 37
55, 37
45, 34
45, 33
46, 32
45, 33
45, 32
46, 32
47, 31
47, 30
46, 30
47, 30
47, 30
36, 70
35, 69
36, 70
35, 71
35, 70
36, 71
35, 72
35, 72
37, 32
37, 31
36, 32
37, 32
37, 31
37, 31
48, 57
49, 56
50, 56
50, 55
51, 55
52, 55
53, 55
53, 55
54, 90
55, 90
54, 90
53, 89
52, 88
53, 88
53, 88
49, 49
49, 50
50, 51
49, 52
48, 53
47, 52
47, 52
60, 39
61, 39
61, 40
62, 39
63, 39
64, 38
63, 39
64, 38
65, 37
65, 37
34, 47
34, 48
34, 49
34, 48
34, 49
34, 48
35, 48
35, 49
36, 50
36, 51
36, 51
39, 47
40, 47
39, 47
40, 47
40, 48
39, 49
38, 49
37, 48
37, 49
37, 49
52, 61
53, 61
54, 60
53, 61
53, 60
54, 59
55, 59
56, 59
56, 59
40, 36
40, 35
40, 34
39, 35
40, 36
40, 37
40, 37
52, 77
52, 76
51, 76
50, 77
50, 78
49, 77
50, 78
50, 78
60, 75
61, 76
61, 75
62, 74
63, 75
63, 75
57, 82
57, 83
57, 84
56, 83
57, 84
57, 83
58, 83
57, 84
57, 84
27, 81
26, 80
25, 79
25, 80
26, 80
27, 81
26, 80
26, 80
56, 62
55, 61
54, 62
54, 61
55, 61
54, 61
53, 62
54, 63
55, 63
55, 63
52, 34
53, 33
52, 32
53, 33
54, 34
53, 33
53, 32
52, 33
52, 34
52, 34
52, 87
52, 86
51, 87
52, 86
53, 85
54, 85
53, 85
53, 85
54, 64
53, 65
54, 66
55, 65
54, 65
55, 64
56, 63
55, 64
54, 64
55, 63
55, 63
51, 77
50, 77
49, 78
49, 79
48, 78
48, 79
48, 79
36, 72
37, 71
38, 72
39, 72
40, 73
40, 74
39, 74
40, 74
41, 75
41, 75
62, 57
63, 57
64, 58
63, 57
64, 57
65, 57
65, 58
66, 58
65, 58
64, 57
64, 57
39, 32
38, 31
37, 31
37, 32
38, 31
39, 31
39, 32
39, 32
48, 30
48, 31
49, 32
50, 32
49, 31
48, 31
49, 32
49, 31
50, 32
50, 32
63, 76
63, 75
64, 74
65, 74
66, 74
65, 75
64, 75
64, 76
65, 76
65, 75
65, 75
55, 38
55, 39
54, 39
54, 38
53, 37
54, 36
55, 36
56, 35
57, 35
58, 35
58, 35
36, 31
35, 32
35, 31
35, 32
36, 31
36, 31
46, 53
45, 53
44, 53
44, 54
43, 55
44, 56
44, 56
27, 81
28, 81
29, 80
29, 79
28, 79
27, 80
27, 81
26, 80
26, 80
56, 68
55, 67
56, 66
57, 66
56, 65
56, 64
56, 64
51, 35
50, 35
50, 34
49, 34
49, 33
48, 33
48, 34
48, 34
57, 43
56, 43
57, 43
58, 42
57, 41
58, 40
58, 40
57, 83
57, 82
58, 83
57, 83
56, 83
57, 82
56, 82
56, 81
56, 80
57, 81
57, 81
40, 36
41, 35
42, 36
41, 35
40, 34
40, 34
50, 77
50, 76
49, 76
49, 77
50, 78
51, 79
50, 78
49, 77
48, 76
47, 76
47, 76
64, 78
65, 78
66, 78
65, 79
64, 78
63, 77
64, 78
64, 78
65, 38
64, 38
63, 37
62, 38
62, 39
63, 38
62, 38
62, 39
61, 40
61, 40
54, 54
55, 55
54, 54
53, 54
52, 54
51, 54
51, 55
51, 55
35, 50
35, 51
34, 52
33, 53
32, 54
31, 55
31, 55
38, 49
37, 48
36, 49
37, 50
38, 49
38, 49
55, 59
54, 58
55, 59
54, 59
54, 60
53, 59
53, 59
57, 36
57, 35
58, 36
57, 37
56, 36
55, 35
55, 36
54, 37
54, 37
56, 65
57, 66
58, 66
57, 65
57, 64
56, 65
57, 66
56, 67
56, 67
52, 86
53, 86
53, 87
54, 88
53, 88
54, 89
53, 89
54, 88
54, 88
27, 79
27, 78
26, 78
26, 79
26, 80
26, 80
37, 48
37, 47
36, 48
37, 48
37, 49
36, 48
36, 49
35, 49
35, 49
56, 62
56, 61
57, 60
57, 59
57, 58
58, 58
57, 57
57, 57
35, 31
36, 31
36, 30
37, 29
36, 30
35, 30
36, 30
37, 29
37, 29
48, 75
49, 75
50, 74
51, 74
51, 75
51, 75
47, 78
46, 77
46, 78
45, 78
45, 77
46, 76
46, 76
49, 33
50, 34
51, 35
52, 34
51, 34
50, 35
49, 36
50, 37
50, 38
50, 38
43, 57
42, 57
43, 56
42, 57
41, 56
40, 57
39, 57
39, 56
40, 55
40, 55
64, 76
63, 75
64, 75
65, 75
64, 76
63, 76
64, 75
63, 74
63, 74
49, 32
50, 33
51, 33
50, 32
50, 31
49, 32
48, 31
47, 31
48, 30
48, 30
42, 75
41, 76
40, 77
41, 78
42, 78
43, 79
44, 80
43, 79
43, 80
43, 80
59, 39
58, 40
57, 41
57, 40
56, 39
56, 38
57, 38
57, 37
57, 37
30, 54
29, 53
30, 54
29, 53
29, 52
30, 51
30, 52
31, 51
31, 51
58, 82
59, 83
58, 82
58, 81
59, 80
58, 81
57, 82
58, 81
59, 81
59, 81
40, 32
39, 32
38, 33
37, 32
38, 32
37, 33
36, 32
37, 32
36, 31
36, 31
52, 59
52, 58
53, 58
52, 57
53, 56
53, 55
53, 56
52, 56
53, 56
52, 57
52, 57
52, 54
52, 55
51, 54
52, 53
52, 54
51, 55
51, 56
51, 57
50, 57
50, 57
40, 35
40, 34
41, 33
40, 32
41, 31
40, 30
41, 30
40, 30
41, 31
40, 30
40, 30
62, 39
61, 39
62, 39
61, 38
61, 39
60, 40
59, 40
58, 39
58, 39
64, 58
64, 59
64, 58
65, 59
64, 59
63, 60
62, 61
63, 60
63, 61
63, 61
65, 78
64, 77
64, 76
65, 75
66, 75
66, 75
47, 75
48, 75
47, 74
46, 74
47, 73
47, 73
47, 31
48, 32
49, 32
50, 32
49, 32
48, 33
49, 32
48, 32
48, 33
47, 32
47, 32
57, 56
58, 55
57, 54
56, 54
57, 55
57, 54
57, 55
57, 55
63, 75
62, 74
62, 75
62, 74
63, 73
64, 72
63, 73
63, 73
58, 38
59, 39
58, 38
59, 39
60, 40
61, 41
60, 41
61, 41
61, 40
61, 40
41, 55
40, 55
40, 56
40, 57
39, 56
40, 57
39, 58
39, 58
55, 89
54, 90
53, 89
54, 88
55, 89
55, 89
53, 37
53, 36
54, 36
53, 37
53, 36
52, 35
52, 35
36, 32
37, 32
36, 33
36, 32
35, 33
36, 34
36, 34
65, 74
66, 75
65, 75
64, 74
63, 74
63, 74
27, 81
28, 81
29, 82
30, 81
31, 81
32, 81
33, 81
33, 81
51, 76
52, 77
52, 76
53, 76
52, 77
51, 77
51, 78
50, 78
50, 79
50, 79
51, 58
51, 59
50, 58
49, 59
49, 60
49, 60
35, 50
36, 49
35, 50
34, 49
33, 48
34, 49
33, 50
32, 51
32, 51
50, 39
51, 40
51, 41
50, 41
49, 42
48, 41
47, 42
46, 43
46, 43
56, 68
57, 67
58, 66
59, 65
60, 66
59, 67
58, 66
58, 67
59, 67
59, 67
41, 29
40, 28
41, 27
41, 26
40, 25
40, 25
44, 81
45, 80
46, 81
46, 80
45, 79
46, 79
46, 80
46, 79
47, 80
48, 79
48, 79
53, 58
53, 59
52, 60
52, 59
51, 60
52, 61
52, 60
51, 59
52, 58
53, 59
53, 59
57, 40
57, 39
56, 40
55, 40
56, 41
56, 41
58, 82
57, 81
58, 82
59, 81
58, 81
59, 82
60, 81
61, 81
61, 80
61, 80
36, 29
36, 30
35, 29
34, 29
33, 28
32, 29
32, 29
62, 60
62, 59
63, 58
62, 58
61, 58
62, 59
62, 59
30, 52
29, 52
28, 53
27, 52
28, 52
28, 51
27, 50
26, 50
26, 50
48, 78
49, 79
50, 79
49, 78
50, 79
51, 80
52, 80
52, 80
47, 31
47, 32
46, 33
47, 33
47, 32
48, 31
49, 32
48, 32
48, 32
39, 26
38, 26
37, 25
36, 24
36, 23
36, 22
36, 22
54, 88
53, 89
54, 90
55, 91
55, 90
56, 89
57, 88
57, 89
57, 89
56, 56
56, 57
56, 58
57, 59
58, 58
57, 57
58, 58
58, 58
64, 73
65, 73
64, 73
63, 73
64, 73
63, 72
63, 71
64, 72
64, 71
64, 71
45, 42
46, 41
47, 40
48, 41
49, 40
49, 41
49, 40
49, 40
36, 35
35, 36
34, 37
34, 36
35, 35
34, 36
34, 36
32, 81
31, 81
30, 82
31, 83
30, 83
31, 83
31, 83
26, 51
27, 50
27, 51
28, 52
29, 51
28, 51
27, 51
27, 51
50, 61
51, 62
51, 63
50, 62
50, 61
50, 60
49, 60
49, 59
50, 58
51, 57
51, 57
46, 74
47, 74
47, 75
46, 76
47, 75
48, 76
47, 75
48, 74
49, 74
49, 74
58, 67
57, 67
56, 66
56, 65
55, 64
55, 63
55, 63
53, 60
53, 61
54, 62
53, 61
53, 60
54, 60
54, 61
53, 61
53, 60
54, 59
54, 59
33, 51
32, 51
31, 52
30, 53
31, 52
31, 52
61, 39
60, 40
61, 39
61, 40
62, 40
61, 40
60, 40
61, 40
62, 39
62, 39
51, 79
52, 78
53, 78
53, 79
54, 80
55, 81
55, 81
57, 41
56, 40
56, 41
56, 40
57, 41
56, 42
56, 41
56, 41
64, 74
65, 73
64, 72
63, 72
64, 73
65, 73
66, 74
66, 75
67, 76
68, 77
68, 77
51, 34
51, 33
50, 32
49, 33
48, 32
48, 33
48, 34
48, 33
49, 33
49, 33
33, 29
32, 30
31, 30
31, 31
31, 32
32, 31
33, 30
32, 31
33, 32
32, 33
32, 33
60, 80
59, 80
58, 80
59, 81
58, 81
57, 81
58, 81
59, 81
59, 81
40, 58
39, 59
38, 58
39, 58
38, 58
38, 58
63, 59
64, 60
64, 61
65, 60
64, 60
64, 61
63, 60
63, 60
55, 60
54, 59
53, 59
52, 60
53, 60
53, 60
59, 82
60, 81
61, 80
61, 79
62, 80
62, 81
63, 80
62, 81
61, 82
60, 81
60, 81
50, 33
49, 33
49, 32
48, 31
47, 30
48, 29
48, 30
48, 30
52, 57
53, 57
54, 57
55, 57
56, 58
57, 57
58, 56
57, 56
58, 56
57, 56
57, 56
57, 88
58, 88
59, 87
60, 87
59, 86
59, 86
57, 42
58, 43
57, 43
58, 43
59, 42
58, 41
59, 40
59, 41
60, 41
61, 40
61, 40
48, 73
47, 73
47, 72
47, 71
48, 72
47, 72
46, 71
46, 71
49, 32
48, 33
49, 33
49, 32
50, 31
49, 31
48, 31
47, 30
47, 29
47, 29
63, 71
63, 70
62, 70
62, 69
62, 68
62, 68
56, 82
55, 83
54, 84
54, 85
53, 86
53, 86
27, 52
26, 53
25, 53
25, 52
24, 52
24, 51
24, 51
35, 23
34, 23
35, 22
36, 21
37, 21
36, 20
35, 21
34, 20
34, 20
63, 59
62, 60
63, 61
64, 62
63, 63
64, 63
64, 64
64, 64
49, 41
48, 42
47, 43
47, 44
46, 43
45, 42
45, 42
33, 35
32, 35
33, 36
34, 35
35, 34
34, 33
35, 32
34, 33
34, 33
32, 34
32, 33
32, 32
31, 32
30, 33
29, 32
30, 33
30, 32
29, 32
29, 32
61, 40
62, 40
63, 39
62, 40
61, 40
61, 40
56, 63
57, 62
58, 63
57, 64
57, 65
57, 64
57, 64
53, 79
53, 78
54, 79
54, 80
55, 79
54, 79
55, 79
54, 79
55, 80
55, 80
37, 58
36, 57
37, 58
37, 59
36, 58
35, 57
34, 58
33, 59
34, 58
34, 57
34, 57
68, 76
67, 75
66, 74
66, 73
65, 73
65, 74
65, 74
30, 82
30, 81
30, 82
29, 82
29, 81
28, 81
27, 81
27, 81
58, 59
58, 58
59, 58
59, 59
60, 59
59, 59
58, 60
58, 61
59, 61
58, 60
58, 60
30, 52
29, 51
30, 50
31, 50
30, 51
30, 51
59, 85
59, 84
58, 85
58, 84
59, 83
59, 84
60, 84
60, 83
61, 84
62, 83
62, 83
29, 33
28, 33
28, 34
27, 35
26, 36
27, 35
26, 34
27, 33
27, 33
56, 55
55, 54
56, 55
55, 54
55, 55
54, 54
54, 55
54, 56
55, 56
55, 57
55, 57
59, 59
60, 59
59, 58
60, 57
61, 57
60, 58
61, 58
61, 58
56, 64
55, 65
55, 64
54, 65
54, 64
53, 64
52, 64
53, 65
54, 66
54, 66
54, 87
53, 88
53, 89
54, 90
53, 91
53, 92
54, 91
55, 90
56, 89
57, 88
57, 88
34, 19
34, 20
33, 20
33, 19
32, 18
32, 18
46, 70
45, 69
44, 70
44, 71
45, 70
46, 71
46, 72
47, 72
48, 72
49, 73
49, 73
66, 75
65, 74
66, 75
66, 74
67, 74
66, 74
66, 73
65, 73
66, 74
66, 74
52, 61
51, 60
51, 59
50, 58
51, 58
50, 58
51, 57
51, 58
51, 58
33, 56
32, 56
31, 55
30, 54
31, 53
30, 53
29, 53
30, 52
31, 53
32, 53
32, 53
55, 79
54, 80
53, 79
54, 79
55, 78
55, 79
55, 79
23, 52
22, 52
21, 51
21, 50
21, 49
22, 49
22, 50
21, 49
22, 49
21, 48
21, 48
29, 50
30, 49
29, 48
30, 48
30, 49
31, 48
30, 49
29, 50
29, 50
28, 81
29, 81
29, 82
28, 82
28, 81
27, 81
27, 80
26, 79
26, 79
48, 29
47, 30
48, 29
48, 30
47, 31
48, 32
48, 32
45, 43
44, 42
45, 43
46, 43
47, 44
46, 45
45, 44
45, 45
45, 46
45, 47
45, 47
49, 29
48, 28
48, 29
47, 28
46, 27
47, 27
48, 28
47, 27
46, 27
46, 27
59, 80
58, 80
57, 80
56, 80
55, 80
56, 81
56, 81
60, 40
60, 39
60, 40
59, 41
58, 40
57, 40
57, 41
57, 41
62, 67
61, 68
62, 69
61, 70
60, 71
59, 72
58, 71
58, 72
59, 73
58, 73
58, 73
63, 63
63, 62
62, 62
61, 62
60, 62
60, 63
59, 63
58, 63
57, 63
57, 63
62, 40
63, 39
64, 38
63, 39
64, 38
64, 37
63, 37
63, 37
34, 32
34, 33
35, 34
35, 35
36, 36
35, 36
34, 35
34, 34
33, 33
33, 34
33, 34
61, 57
62, 57
61, 58
61, 57
62, 58
62, 59
62, 60
63, 60
63, 60
31, 18
32, 18
33, 17
32, 17
32, 16
31, 17
30, 17
30, 17
30, 50
29, 50
30, 51
30, 50
29, 50
29, 49
29, 49
53, 67
54, 68
55, 67
56, 66
57, 67
58, 67
57, 66
56, 67
56, 67
44, 47
45, 46
45, 47
46, 46
45, 47
46, 47
45, 48
45, 48
32, 35
31, 34
30, 35
29, 35
29, 36
28, 35
28, 35
57, 87
58, 86
59, 86
60, 87
60, 88
60, 88
63, 36
62, 36
61, 36
62, 35
63, 36
63, 37
63, 36
62, 35
63, 35
63, 35
57, 74
58, 73
57, 73
58, 72
59, 73
58, 72
59, 72
59, 71
59, 71
63, 82
63, 83
64, 84
65, 85
66, 86
65, 86
65, 85
65, 85
20, 47
21, 47
22, 47
21, 47
20, 46
21, 47
20, 47
20, 48
20, 48
26, 33
27, 33
27, 34
27, 33
26, 32
27, 33
27, 32
27, 33
26, 34
26, 34
50, 57
49, 57
48, 56
49, 57
49, 58
50, 58
51, 59
51, 58
50, 59
50, 59
45, 28
44, 28
45, 28
44, 27
44, 26
45, 27
46, 27
47, 26
47, 25
47, 24
47, 24
50, 72
51, 71
50, 71
51, 72
50, 71
49, 70
50, 69
49, 70
49, 69
49, 70
49, 70
25, 80
25, 79
26, 79
27, 78
28, 79
28, 79
58, 42
57, 43
56, 43
56, 44
56, 45
56, 46
57, 45
56, 46
56, 45
56, 45
49, 31
50, 32
51, 32
52, 31
52, 30
53, 31
53, 30
54, 30
53, 31
54, 32
54, 32
56, 80
55, 80
54, 79
53, 80
52, 80
51, 80
52, 80
52, 80
54, 56
54, 57
53, 57
54, 58
53, 57
52, 58
51, 58
51, 59
52, 59
53, 60
53, 60
56, 62
55, 62
55, 61
56, 60
56, 61
55, 61
56, 61
57, 60
56, 60
56, 60
33, 53
34, 52
35, 53
36, 52
35, 52
35, 53
34, 54
34, 54
55, 78
55, 77
55, 78
56, 78
55, 79
55, 79
65, 73
64, 74
63, 75
62, 76
63, 77
64, 76
65, 77
65, 76
65, 76
27, 35
28, 35
27, 34
27, 35
28, 34
27, 33
28, 33
27, 33
27, 34
27, 33
27, 33
64, 34
64, 33
63, 34
63, 35
62, 36
63, 37
63, 37
27, 36
26, 36
26, 35
25, 34
24, 35
24, 35
61, 88
61, 89
61, 88
61, 89
61, 88
61, 89
61, 88
62, 89
62, 89
34, 53
33, 53
34, 54
33, 53
33, 52
34, 51
34, 51
57, 44
56, 45
56, 46
55, 46
54, 47
55, 46
55, 46
50, 60
50, 59
51, 59
51, 58
51, 57
50, 57
50, 58
51, 58
51, 58
55, 80
55, 81
56, 80
55, 81
56, 81
55, 81
56, 80
57, 80
56, 80
56, 80
57, 60
58, 60
58, 61
59, 61
58, 61
58, 62
58, 61
58, 61
54, 59
53, 59
54, 60
53, 61
53, 62
53, 63
54, 64
54, 63
54, 63
50, 69
49, 69
50, 70
49, 70
48, 69
49, 69
49, 68
49, 68
55, 32
56, 33
56, 34
56, 35
55, 34
55, 33
55, 33
27, 78
27, 79
26, 80
27, 80
28, 80
28, 80
57, 68
58, 68
59, 67
58, 68
59, 68
58, 68
57, 67
57, 67
65, 86
64, 87
63, 86
64, 86
65, 85
64, 84
64, 84
29, 16
30, 15
31, 15
32, 15
31, 14
32, 15
32, 15
21, 48
20, 47
19, 48
20, 48
21, 49
22, 49
22, 49
46, 49
47, 50
47, 51
46, 52
45, 52
46, 52
47, 52
48, 51
47, 51
48, 51
48, 51
48, 25
48, 24
47, 24
46, 25
47, 25
47, 25
62, 59
61, 60
60, 61
59, 61
60, 61
60, 61
29, 48
29, 47
28, 46
27, 46
27, 47
27, 47
65, 77
65, 76
66, 76
66, 75
65, 74
65, 75
66, 76
67, 75
67, 76
67, 75
67, 75
51, 80
51, 81
50, 82
49, 82
50, 82
51, 83
51, 83
59, 72
60, 71
60, 70
61, 70
61, 69
62, 70
61, 69
62, 68
62, 68
28, 34
29, 35
30, 36
31, 37
32, 38
31, 39
31, 39
32, 40
33, 41
34, 42
35, 43
35, 43
32, 14
32, 14
33, 15
34, 16
35, 17
36, 18
37, 19
37, 19
57, 81
58, 82
58, 83
58, 83
58, 84
58, 84
59, 85
59, 85
28, 48
29, 49
30, 50
31, 51
32, 52
33, 53
33, 53
49, 52
50, 53
51, 54
52, 55
52, 56
51, 55
51, 55
52, 56
52, 56
68, 76
69, 77
70, 78
70, 79
70, 80
70, 81
70, 81
70, 81
52, 84
52, 85
52, 86
52, 86
52, 86
52, 86
33, 51
33, 51
34, 52
35, 53
36, 54
37, 55
37, 55
59, 62
60, 63
61, 63
61, 63
61, 64
61, 65
61, 66
61, 66
29, 79
29, 78
29, 78
30, 77
31, 76
32, 75
33, 74
34, 74
35, 74
36, 74
36, 74
23, 50
23, 49
23, 49
24, 50
25, 51
26, 52
26, 52
52, 59
53, 60
53, 59
53, 59
54, 60
55, 61
55, 61
25, 36
26, 35
26, 35
27, 36
28, 35
28, 35
27, 34
27, 34
28, 35
28, 35
57, 48
58, 49
59, 50
60, 51
61, 52
62, 53
63, 54
64, 56
64, 57
64, 58
64, 59
64, 60
64, 61
64, 62
64, 63
64, 64
64, 65
64, 66
64, 67
64, 66
64, 66
64, 67
64, 68
64, 68
48, 26
49, 27
51, 29
52, 30
53, 31
54, 32
55, 33
56, 34
57, 35
58, 36
58, 36
65, 83
65, 83
64, 84
64, 84
63, 83
63, 82
63, 82
62, 81
61, 80
60, 79
60, 79
48, 67
48, 67
49, 68
50, 69
51, 70
51, 70
50, 71
50, 71
50, 71
63, 69
64, 70
65, 71
65, 72
65, 73
65, 74
65, 75
65, 76
65, 77
65, 78
65, 78
61, 90
61, 90
62, 90
63, 90
64, 90
65, 90
66, 90
66, 91
66, 91
67, 90
68, 90
68, 90
64, 38
66, 40
67, 41
67, 42
67, 43
67, 44
67, 45
67, 46
67, 47
67, 48
67, 49
68, 48
68, 48
67, 49
67, 51
67, 52
67, 53
67, 54
67, 55
67, 55
59, 62
58, 63
59, 64
59, 64
59, 65
59, 65
58, 64
58, 64
58, 64
53, 62
53, 62
54, 63
54, 64
54, 65
54, 66
54, 67
54, 68
54, 69
54, 70
54, 71
54, 71
56, 34
57, 35
57, 36
57, 36
58, 37
59, 38
60, 39
61, 40
61, 41
61, 43
61, 44
61, 45
61, 46
61, 47
61, 48
61, 50
61, 51
61, 52
61, 53
61, 54
61, 55
61, 56
61, 57
61, 58
61, 59
61, 59
58, 68
59, 68
59, 68
60, 68
60, 68
61, 69
62, 70
61, 69
61, 69
62, 70
62, 70
57, 37
56, 38
55, 39
54, 40
55, 40
55, 40
54, 41
53, 42
53, 42
38, 56
39, 57
40, 58
41, 59
42, 60
44, 62
45, 63
46, 64
47, 65
48, 66
49, 67
50, 68
51, 69
52, 70
53, 71
53, 70
53, 70
54, 71
54, 71
58, 84
57, 83
56, 82
55, 81
55, 80
55, 79
55, 79
51, 72
52, 73
53, 74
54, 73
54, 73
55, 74
55, 74
55, 73
55, 73
56, 74
57, 75
57, 75
60, 65
60, 65
61, 66
62, 67
63, 68
64, 69
65, 70
66, 71
67, 72
67, 72
28, 36
28, 36
27, 35
27, 35
28, 36
27, 36
27, 36
28, 37
29, 38
30, 39
31, 40
31, 40
36, 44
38, 46
39, 47
40, 48
41, 49
42, 50
43, 51
44, 52
45, 53
46, 54
47, 55
47, 55
53, 85
54, 84
55, 83
56, 83
56, 83
55, 82
55, 81
55, 80
55, 80
56, 62
57, 63
58, 64
59, 65
60, 66
60, 66
37, 75
38, 74
38, 74
38, 73
38, 73
39, 74
39, 73
39, 73
39, 73
61, 80
62, 81
62, 82
63, 81
63, 81
62, 82
62, 83
62, 84
62, 85
62, 86
62, 86
53, 57
54, 58
55, 59
56, 60
57, 61
58, 62
58, 62
67, 89
66, 88
65, 87
64, 86
65, 86
65, 86
64, 85
64, 84
65, 85
65, 85
64, 84
64, 84
38, 20
39, 21
40, 22
41, 23
42, 24
43, 25
44, 26
43, 26
43, 26
44, 26
44, 26
44, 26
64, 79
64, 78
64, 78
63, 79
62, 80
61, 81
60, 82
60, 82
55, 72
56, 73
57, 73
57, 73
58, 74
59, 75
59, 75
57, 65
56, 66
55, 67
54, 68
53, 69
52, 70
52, 71
52, 72
52, 73
51, 72
51, 72
51, 72
65, 69
64, 68
64, 68
65, 69
66, 70
67, 71
68, 72
69, 73
68, 73
68, 73
69, 74
70, 73
70, 73
70, 73
27, 53
28, 54
29, 55
30, 56
31, 57
32, 58
33, 59
33, 59
66, 56
65, 57
64, 58
63, 59
62, 60
61, 61
62, 60
62, 60
62, 60
61, 71
60, 72
59, 73
58, 74
57, 75
56, 76
55, 77
54, 78
54, 79
54, 79
62, 59
62, 59
61, 60
62, 61
62, 61
61, 62
60, 63
59, 64
58, 65
58, 65
34, 54
35, 55
36, 56
37, 57
38, 58
39, 59
39, 59
69, 81
69, 81
68, 80
67, 79
68, 80
68, 80
67, 79
67, 79
48, 54
48, 54
49, 55
50, 56
50, 57
50, 58
50, 59
50, 60
50, 61
50, 62
50, 64
50, 65
50, 66
50, 67
50, 68
50, 68
32, 41
33, 42
34, 43
35, 44
34, 43
34, 43
35, 44
36, 45
37, 46
37, 46
40, 58
40, 58
39, 57
39, 57
40, 58
41, 59
42, 60
44, 62
45, 63
46, 64
47, 65
48, 66
49, 67
50, 68
51, 69
52, 70
53, 71
54, 72
55, 73
56, 74
57, 75
57, 75
52, 73
53, 74
54, 74
55, 75
55, 75
56, 74
57, 74
58, 74
59, 74
60, 74
61, 74
61, 74
40, 72
40, 72
41, 73
42, 74
43, 73
43, 73
44, 74
45, 75
45, 74
45, 74
46, 75
47, 75
47, 75
55, 80
56, 81
57, 82
58, 83
59, 83
60, 83
61, 83
61, 83
59, 67
58, 68
58, 69
59, 68
59, 68
58, 69
58, 70
58, 71
58, 72
58, 72
64, 83
65, 84
65, 84
64, 83
64, 82
64, 81
64, 80
64, 80
54, 43
53, 44
53, 44
54, 45
55, 46
55, 48
55, 49
55, 50
55, 51
55, 52
55, 53
55, 54
55, 55
56, 54
56, 54
56, 54
66, 73
65, 74
64, 75
63, 76
62, 77
61, 78
60, 79
59, 80
60, 80
60, 80
59, 81
59, 81
33, 60
33, 60
34, 61
35, 62
36, 61
36, 61
35, 61
35, 61
36, 62
37, 61
37, 61
38, 62
39, 63
40, 64
40, 64
45, 27
46, 28
46, 29
46, 29
47, 30
48, 31
49, 32
50, 33
51, 34
52, 35
53, 36
53, 36
53, 36
59, 63
60, 64
61, 65
62, 66
63, 67
64, 68
64, 69
64, 70
64, 71
64, 71
60, 74
60, 73
59, 74
59, 74
60, 73
60, 72
60, 72
69, 74
69, 75
69, 75
68, 75
67, 75
67, 76
67, 76
66, 75
65, 75
64, 75
64, 75
56, 76
55, 77
56, 77
56, 77
55, 78
54, 79
54, 79
68, 78
69, 77
69, 76
69, 76
69, 76
69, 76
57, 66
56, 67
57, 68
57, 68
56, 69
56, 70
56, 71
56, 72
56, 72
56, 73
57, 72
57, 72
56, 73
56, 73
55, 78
55, 77
55, 78
55, 78
55, 77
56, 78
56, 78
55, 77
55, 76
55, 75
55, 74
55, 74
61, 83
61, 83
62, 84
63, 85
64, 86
65, 87
66, 87
66, 87
66, 87
66, 87
66, 87
66, 87
63, 87
63, 88
63, 88
64, 89
63, 88
63, 88
64, 89
63, 88
63, 88
64, 89
65, 88
65, 88
65, 88
54, 80
54, 80
55, 81
56, 82
57, 83
58, 84
57, 85
57, 85
58, 85
59, 85
60, 85
61, 85
61, 85
55, 72
56, 73
57, 74
57, 75
57, 76
57, 77
57, 77
62, 61
63, 62
63, 62
62, 63
63, 64
63, 64
62, 65
63, 66
63, 66
62, 67
62, 67
38, 47
39, 48
40, 49
39, 49
39, 49
40, 50
41, 51
42, 52
43, 53
44, 54
44, 54
56, 76
55, 77
54, 78
53, 79
52, 80
52, 81
52, 82
52, 82
52, 82
52, 82
54, 73
53, 72
52, 72
51, 72
51, 72
51, 72
51, 72
64, 76
64, 76
64, 77
64, 77
63, 78
62, 79
61, 80
60, 81
59, 82
58, 83
57, 84
57, 84
54, 37
55, 38
55, 39
55, 39
56, 40
57, 41
57, 42
57, 43
57, 44
57, 44
60, 80
61, 79
62, 78
62, 79
62, 79
63, 80
63, 80
62, 80
62, 80
62, 80
59, 73
58, 74
58, 74
59, 75
60, 76
61, 77
62, 78
63, 79
64, 80
64, 80
41, 65
42, 66
43, 67
44, 68
45, 69
46, 70
47, 71
48, 72
48, 72
55, 78
55, 78
55, 79
55, 79
56, 80
57, 81
58, 82
59, 83
60, 83
60, 83
65, 86
65, 86
64, 85
63, 84
62, 83
61, 82
60, 81
59, 80
59, 80
64, 87
64, 86
64, 85
64, 84
64, 83
63, 82
63, 82
64, 81
64, 80
64, 80
64, 80
64, 80
48, 76
49, 77
50, 78
49, 79
49, 79
50, 80
51, 81
51, 81
62, 84
63, 84
64, 85
64, 85
64, 84
64, 84
65, 83
65, 83
64, 84
64, 84
64, 84
64, 84
51, 69
52, 70
51, 69
51, 69
50, 68
50, 68
49, 68
49, 68
50, 68
50, 68
50, 68
65, 72
65, 72
64, 72
64, 72
65, 71
66, 71
67, 71
68, 71
69, 71
70, 72
70, 72
70, 72
63, 68
62, 69
62, 69
63, 70
62, 70
62, 70
63, 71
63, 71
59, 73
58, 74
57, 75
56, 76
55, 77
54, 78
53, 77
53, 77
53, 78
53, 79
53, 80
53, 80
68, 75
67, 74
67, 73
67, 73
66, 74
65, 74
64, 74
64, 74
64, 74
61, 73
61, 73
60, 74
59, 75
58, 76
59, 75
59, 75
58, 76
57, 77
56, 78
56, 78
57, 55
58, 54
58, 54
60, 56
61, 57
62, 58
63, 59
64, 60
65, 61
66, 60
66, 60
67, 61
68, 62
68, 62
57, 74
58, 75
59, 76
60, 77
61, 78
62, 79
63, 79
64, 79
64, 79
64, 79
60, 84
59, 83
58, 82
58, 82
57, 81
58, 82
58, 82
57, 81
56, 80
55, 79
54, 79
54, 79
53, 78
53, 78
56, 78
56, 78
57, 77
58, 76
57, 76
57, 76
58, 75
59, 74
60, 73
60, 73
65, 79
65, 78
65, 78
65, 78
65, 78
65, 78
65, 78
65, 78
66, 77
66, 77
65, 78
65, 78
53, 81
54, 80
55, 79
56, 78
57, 78
56, 78
56, 78
55, 77
55, 77
56, 76
56, 76
57, 77
57, 77
54, 77
55, 76
56, 75
57, 74
58, 73
59, 72
60, 71
59, 72
59, 72
59, 72
65, 83
64, 82
64, 82
65, 81
66, 80
67, 79
68, 78
69, 77
69, 76
70, 75
70, 75
69, 74
69, 74
65, 79
65, 80
65, 81
65, 82
64, 81
64, 81
64, 81
49, 73
50, 74
51, 75
52, 76
53, 77
54, 78
54, 78
44, 53
44, 53
45, 54
46, 55
47, 56
48, 57
48, 57
58, 83
59, 82
60, 81
61, 81
62, 81
63, 81
62, 81
62, 81
63, 81
63, 81
66, 64
65, 65
64, 66
63, 67
62, 68
61, 69
60, 70
59, 71
58, 72
57, 73
56, 74
56, 74
61, 82
60, 81
60, 81
61, 80
62, 79
63, 80
63, 80
62, 79
62, 78
61, 78
61, 78
62, 77
62, 77
62, 72
61, 73
60, 74
59, 75
58, 76
58, 76
65, 78
65, 77
65, 76
65, 75
65, 74
65, 73
65, 73
50, 82
49, 82
49, 82
50, 83
50, 84
51, 84
51, 84
51, 85
51, 85
50, 85
50, 85
50, 86
50, 87
50, 87
54, 81
55, 82
56, 83
57, 84
58, 85
58, 86
58, 87
58, 87
56, 45
56, 45
58, 47
59, 48
60, 49
61, 50
62, 51
63, 53
63, 54
63, 55
63, 56
63, 57
63, 58
63, 59
63, 60
63, 61
63, 62
63, 63
63, 64
63, 65
63, 65
69, 72
68, 72
69, 71
69, 71
69, 70
69, 70
68, 71
67, 72
66, 72
67, 73
67, 73
66, 72
66, 72
65, 75
65, 75
66, 76
66, 75
66, 75
67, 76
67, 77
67, 77
61, 79
60, 78
60, 79
60, 79
59, 78
58, 78
58, 78
57, 77
57, 77
55, 77
54, 76
53, 75
52, 74
51, 73
51, 73
61, 74
62, 75
63, 76
64, 77
64, 78
64, 79
64, 80
64, 80
65, 79
66, 78
66, 77
66, 76
65, 75
65, 75
66, 76
66, 76
66, 76
66, 76
66, 76
60, 81
61, 81
62, 81
63, 81
62, 81
62, 81
62, 81
51, 69
52, 70
52, 70
53, 71
54, 72
55, 73
56, 74
57, 75
58, 76
59, 77
59, 77
51, 71
51, 71
52, 72
53, 73
54, 74
55, 75
56, 76
57, 77
58, 78
58, 78
65, 81
66, 82
67, 83
68, 84
69, 85
69, 86
68, 86
68, 86
68, 86
54, 79
54, 79
55, 78
56, 77
57, 76
58, 76
59, 76
59, 76
49, 58
50, 59
51, 60
52, 61
53, 62
53, 63
53, 63
57, 86
56, 85
55, 84
54, 83
55, 84
55, 84
55, 84
58, 78
58, 79
58, 80
58, 81
58, 82
58, 83
58, 84
59, 84
59, 84
59, 84
57, 75
58, 75
58, 75
59, 76
59, 77
59, 78
59, 79
58, 80
58, 80
58, 80
60, 73
59, 72
59, 72
60, 73
60, 73
60, 74
60, 74
61, 75
62, 76
63, 77
64, 78
64, 78
52, 74
53, 75
54, 76
55, 76
55, 76
55, 76
55, 76
55, 76
57, 77
56, 78
55, 79
54, 80
53, 81
53, 81
67, 77
67, 77
67, 78
67, 78
66, 77
65, 77
66, 77
66, 77
65, 77
65, 77
63, 76
63, 76
64, 77
65, 76
65, 76
66, 77
66, 78
66, 79
66, 80
66, 81
66, 81
58, 78
57, 79
57, 79
56, 80
55, 81
54, 82
53, 83
52, 84
51, 85
50, 86
50, 87
50, 87
65, 79
65, 80
65, 80
66, 79
67, 78
68, 78
68, 78
67, 77
68, 77
68, 77
68, 77
66, 78
65, 79
65, 78
65, 78
64, 79
63, 80
62, 81
62, 81
63, 80
62, 79
61, 79
60, 79
59, 79
58, 79
59, 80
59, 80
60, 79
60, 79
60, 79
67, 85
66, 84
66, 84
65, 83
64, 82
63, 81
62, 80
61, 79
60, 78
60, 77
60, 77
59, 76
59, 76
62, 66
61, 67
60, 68
59, 69
58, 70
57, 71
57, 71
65, 72
64, 72
63, 72
62, 72
61, 72
60, 72
59, 72
59, 72
62, 82
61, 83
60, 84
59, 85
58, 86
59, 85
59, 85
58, 86
57, 87
56, 88
55, 89
55, 89
50, 86
50, 85
50, 84
50, 83
50, 82
50, 81
50, 81
58, 78
59, 79
60, 80
61, 81
61, 81
62, 82
62, 83
62, 84
62, 85
62, 86
61, 87
61, 87
61, 87
64, 74
64, 75
64, 75
63, 76
64, 76
64, 76
63, 77
63, 77
68, 73
67, 72
66, 71
65, 70
64, 70
64, 70
59, 79
59, 79
60, 80
60, 79
60, 79
61, 79
61, 79
62, 79
62, 79
63, 79
63, 79
64, 80
64, 80
61, 80
60, 79
59, 78
58, 78
58, 78
57, 77
56, 76
56, 76
56, 75
56, 74
56, 73
56, 73
63, 78
64, 79
64, 79
63, 80
63, 80
62, 79
62, 78
62, 78
62, 78
62, 78
62, 78
61, 77
61, 77
61, 77
56, 83
55, 83
55, 83
56, 82
57, 81
58, 80
59, 79
60, 78
61, 77
60, 77
60, 77
61, 76
61, 76
67, 78
66, 79
65, 80
64, 80
63, 80
62, 80
62, 80
59, 78
60, 78
60, 78
59, 77
58, 76
59, 75
59, 75
58, 76
58, 76
58, 76
62, 78
61, 79
60, 80
59, 81
58, 82
57, 83
57, 83
56, 77
57, 78
58, 79
59, 80
60, 81
61, 82
62, 83
63, 84
63, 84
51, 86
50, 86
50, 86
51, 85
52, 84
51, 84
51, 84
52, 83
51, 82
51, 82
51, 82
63, 71
63, 72
63, 73
63, 72
63, 72
63, 73
63, 73
63, 73
63, 73
63, 73
55, 88
55, 87
55, 86
55, 85
55, 84
55, 83
55, 83
55, 83
55, 83
58, 73
57, 74
56, 75
55, 76
54, 77
54, 78
54, 79
55, 79
55, 79
54, 80
54, 81
54, 81
58, 72
59, 73
60, 74
61, 75
62, 74
62, 74
63, 75
62, 76
62, 76
63, 77
63, 77
60, 77
61, 78
61, 79
61, 79
62, 80
63, 81
63, 81
57, 81
56, 82
55, 82
55, 82
55, 82
56, 82
56, 82
55, 82
55, 82
56, 81
56, 81
56, 81
65, 80
64, 79
64, 78
64, 78
63, 77
62, 76
61, 75
60, 74
60, 74
54, 64
55, 65
56, 66
57, 67
58, 68
58, 68
60, 88
59, 89
58, 90
57, 90
56, 89
56, 89
55, 90
54, 90
53, 90
51, 90
51, 90
51, 90
51, 90
51, 90
51, 90
51, 90
51, 90
51, 90
51, 90
51, 90
51, 90
51, 90
51, 90
51, 90
51, 82
52, 83
53, 84
54, 83
54, 83
55, 84
55, 84
63, 79
62, 78
62, 77
62, 77
61, 78
60, 78
59, 78
58, 78
57, 78
56, 78
55, 78
55, 78
61, 82
60, 83
59, 84
60, 84
60, 84
59, 85
58, 85
57, 85
56, 85
55, 85
55, 84
55, 84
55, 84
55, 72
54, 71
53, 70
52, 70
51, 70
51, 69
51, 69
50, 70
50, 70
50, 70
60, 85
61, 85
61, 84
61, 84
61, 85
61, 85
60, 85
60, 85
59, 86
59, 86
59, 86
58, 76
57, 76
57, 76
57, 76
57, 76
57, 76
57, 76
56, 75
56, 75
56, 75
54, 80
54, 80
54, 79
54, 78
53, 79
53, 79
54, 78
53, 77
53, 77
54, 78
54, 78
54, 78
64, 78
63, 78
62, 78
61, 78
60, 78
59, 78
58, 78
57, 78
56, 78
55, 79
55, 79
55, 79
54, 83
54, 82
54, 81
54, 80
54, 79
54, 78
55, 77
55, 77
55, 77
59, 69
59, 70
58, 71
58, 71
59, 71
59, 71
58, 71
58, 71
59, 72
60, 71
60, 71
59, 72
59, 73
59, 74
59, 74
51, 69
51, 69
52, 70
53, 71
54, 72
55, 73
55, 73
56, 74
56, 74
55, 82
56, 83
57, 84
56, 83
56, 83
57, 84
58, 85
58, 85
61, 77
61, 78
60, 79
60, 79
60, 80
60, 80
61, 81
61, 81
61, 79
61, 78
61, 78
60, 78
59, 78
58, 78
57, 78
56, 78
56, 78
56, 80
56, 81
56, 82
56, 83
56, 84
56, 85
56, 85
56, 85
55, 79
55, 79
56, 79
56, 79
55, 80
54, 81
53, 81
52, 81
51, 81
52, 81
52, 81
52, 81
62, 78
63, 79
64, 80
65, 81
65, 81
65, 82
65, 82
64, 81
64, 81
65, 82
66, 83
67, 84
68, 85
68, 85
59, 75
59, 75
60, 74
61, 74
62, 74
61, 73
61, 73
62, 74
63, 74
64, 74
65, 74
65, 74
62, 76
61, 76
60, 76
59, 75
59, 75
58, 76
58, 76
54, 79
54, 79
53, 80
53, 80
54, 81
54, 82
53, 83
53, 83
54, 83
54, 83
54, 83
54, 83
56, 80
56, 80
57, 79
58, 78
58, 77
58, 76
58, 75
58, 74
58, 74
55, 74
54, 73
54, 73
53, 73
53, 73
54, 72
55, 71
55, 70
55, 70
55, 70
64, 74
65, 75
66, 76
67, 77
68, 76
68, 76
68, 77
68, 78
68, 79
68, 80
68, 80
60, 86
60, 86
61, 85
60, 84
60, 84
61, 83
62, 83
63, 83
64, 83
65, 83
66, 83
66, 83
66, 83
62, 80
62, 79
62, 79
61, 78
60, 77
59, 76
58, 75
58, 75
61, 73
62, 72
63, 71
64, 71
64, 71
65, 70
66, 70
65, 69
65, 69
66, 70
67, 70
67, 70
53, 88
54, 87
55, 86
56, 85
57, 84
58, 83
59, 82
60, 81
61, 80
62, 79
63, 78
63, 78
50, 81
50, 80
51, 79
51, 79
51, 80
51, 80
50, 79
50, 78
51, 77
51, 77
50, 76
50, 75
50, 75
56, 82
55, 81
54, 80
55, 81
55, 81
54, 80
53, 79
52, 80
52, 80
51, 79
51, 79
62, 85
61, 86
60, 87
61, 88
61, 88
60, 87
59, 87
58, 87
58, 87
58, 87
56, 84
56, 84
57, 85
57, 86
57, 87
57, 87
57, 87
57, 87
54, 83
53, 82
52, 81
51, 80
50, 79
50, 78
50, 78
59, 73
59, 72
60, 71
61, 70
60, 69
61, 70
62, 70
62, 69
63, 68
62, 67
62, 67
59, 75
59, 76
60, 75
59, 76
59, 75
60, 75
59, 75
59, 76
60, 75
60, 75
67, 69
68, 69
68, 68
69, 69
68, 68
67, 67
67, 66
67, 67
68, 68
67, 67
67, 67
54, 71
53, 70
53, 71
52, 71
53, 70
54, 70
55, 70
54, 69
55, 70
56, 71
56, 71
57, 75
58, 74
58, 73
57, 74
58, 75
57, 74
57, 73
57, 73
58, 86
59, 86
58, 87
58, 88
58, 87
57, 88
58, 88
58, 87
58, 87
51, 78
50, 79
50, 78
50, 77
51, 78
52, 79
52, 79
54, 78
53, 79
54, 80
54, 81
55, 80
54, 80
55, 80
56, 81
56, 81
57, 85
56, 84
57, 85
56, 84
57, 83
57, 83
67, 83
67, 84
68, 83
69, 82
68, 83
68, 84
69, 83
69, 83
67, 79
66, 80
65, 80
64, 81
65, 80
65, 81
65, 81
49, 75
48, 75
49, 76
48, 77
48, 76
49, 75
48, 76
49, 76
48, 75
49, 76
49, 76
69, 85
68, 86
67, 87
68, 87
69, 86
70, 87
69, 86
69, 87
69, 87
61, 80
61, 81
61, 82
62, 83
61, 82
60, 83
61, 82
61, 83
61, 83
52, 78
52, 79
51, 80
52, 80
51, 80
52, 80
53, 80
53, 80
62, 77
63, 76
64, 76
64, 77
63, 77
63, 76
62, 76
61, 75
60, 76
60, 76
58, 74
58, 75
59, 75
58, 75
57, 74
57, 73
57, 73
56, 86
57, 86
58, 86
59, 87
60, 87
60, 87
57, 86
58, 87
59, 88
59, 89
58, 89
58, 90
58, 91
59, 90
60, 89
60, 89
51, 80
52, 80
52, 79
52, 78
51, 78
51, 77
51, 77
64, 75
63, 76
63, 77
64, 78
65, 78
66, 78
67, 79
67, 79
57, 79
56, 79
57, 79
58, 79
59, 78
58, 78
58, 78
57, 77
58, 78
59, 78
58, 78
59, 77
60, 77
61, 77
62, 78
62, 78
54, 84
53, 83
53, 82
54, 82
53, 81
53, 81
52, 77
52, 78
51, 79
50, 79
50, 78
51, 79
51, 79
56, 82
55, 82
54, 82
55, 82
55, 81
55, 80
55, 79
56, 79
57, 78
57, 78
58, 74
58, 75
59, 74
58, 75
58, 74
58, 74
61, 74
62, 73
63, 73
64, 73
65, 73
64, 74
63, 73
64, 72
65, 73
65, 74
65, 74
59, 88
59, 87
60, 87
59, 87
59, 86
59, 85
60, 84
61, 83
60, 83
61, 82
61, 82
59, 88
59, 87
60, 88
60, 89
60, 88
59, 89
60, 90
61, 89
62, 90
62, 90
67, 80
67, 81
68, 80
69, 81
68, 80
68, 81
68, 80
68, 81
68, 81
53, 80
52, 79
51, 79
52, 79
53, 79
54, 80
54, 81
55, 81
55, 81
56, 72
57, 72
57, 71
58, 71
58, 70
59, 70
58, 70
59, 71
59, 71
48, 76
49, 77
48, 77
47, 78
46, 78
45, 77
45, 76
44, 75
45, 75
45, 75
62, 83
61, 82
60, 81
59, 80
58, 79
58, 78
58, 79
59, 78
59, 78
66, 81
67, 82
67, 83
68, 82
68, 83
68, 83
56, 84
55, 84
54, 84
55, 84
54, 84
54, 85
54, 84
54, 84
53, 78
54, 79
53, 79
54, 80
54, 81
53, 82
53, 81
54, 81
53, 81
53, 81
68, 68
67, 67
67, 66
67, 65
66, 66
67, 66
66, 65
65, 64
64, 64
65, 65
65, 65
52, 79
53, 80
52, 80
51, 81
50, 82
51, 81
51, 82
52, 81
53, 80
53, 81
53, 81
57, 74
57, 73
57, 72
57, 71
56, 72
56, 72
63, 77
62, 78
61, 77
61, 78
61, 77
62, 77
63, 78
63, 78
68, 86
69, 85
70, 85
71, 86
70, 86
69, 86
69, 85
70, 84
71, 84
71, 84
61, 90
61, 89
62, 88
63, 87
64, 87
63, 87
64, 88
64, 88
63, 68
63, 69
62, 68
63, 68
64, 68
65, 67
66, 66
67, 67
68, 67
68, 67
58, 77
57, 78
58, 77
58, 76
59, 75
59, 74
59, 75
60, 75
61, 75
61, 75
68, 83
67, 82
68, 82
67, 82
66, 82
66, 82
59, 77
59, 78
60, 77
60, 76
61, 75
62, 76
63, 75
63, 75
57, 73
56, 72
55, 71
54, 70
54, 70
54, 70
67, 80
66, 79
66, 79
65, 78
64, 77
63, 76
63, 76
55, 81
54, 80
54, 80
53, 79
52, 78
51, 77
50, 76
49, 75
48, 74
47, 73
47, 73
54, 80
55, 79
56, 78
57, 77
58, 77
59, 77
59, 77
70, 83
70, 83
70, 83
69, 82
68, 81
67, 80
66, 79
65, 78
65, 78
65, 78
50, 78
49, 77
48, 76
47, 75
46, 74
45, 73
44, 72
44, 72
63, 78
62, 77
61, 76
60, 75
59, 74
58, 73
57, 72
56, 71
55, 70
55, 70
64, 66
63, 67
62, 68
61, 69
60, 70
60, 70
63, 75
62, 76
61, 77
60, 77
59, 77
59, 77
59, 77
54, 84
54, 84
54, 84
53, 83
52, 82
51, 81
50, 80
50, 80
67, 66
67, 65
67, 65
67, 65
66, 63
65, 62
64, 61
63, 60
62, 59
61, 58
62, 59
63, 60
64, 60
65, 60
65, 60
60, 74
59, 74
58, 74
57, 74
57, 74
56, 74
55, 74
55, 74
56, 77
55, 76
55, 76
54, 75
53, 74
52, 73
51, 72
51, 72
67, 82
67, 82
66, 81
65, 80
65, 80
64, 79
64, 79
63, 78
63, 78
59, 71
58, 70
57, 69
57, 69
56, 68
55, 67
55, 67
55, 71
54, 70
53, 69
52, 68
51, 67
51, 67
50, 66
50, 66
61, 89
60, 88
59, 87
58, 86
57, 85
56, 84
56, 84
60, 81
60, 81
60, 81
59, 80
58, 79
58, 79
65, 74
66, 73
66, 73
67, 72
68, 71
69, 70
69, 70
65, 81
65, 81
65, 81
64, 80
63, 79
63, 79
44, 74
44, 74
43, 73
42, 72
41, 71
41, 71
41, 71
54, 80
55, 79
55, 79
56, 78
57, 77
57, 77
63, 87
62, 86
62, 86
61, 85
60, 84
60, 84
58, 77
58, 77
57, 76
57, 76
56, 75
55, 74
54, 73
53, 72
53, 72
54, 71
55, 70
56, 69
57, 68
58, 67
58, 67
59, 66
60, 65
60, 65
59, 83
58, 82
57, 81
56, 80
55, 79
54, 78
53, 77
52, 76
51, 75
50, 74
50, 74
40, 70
39, 69
38, 68
38, 68
38, 68
37, 67
37, 67
51, 72
50, 71
50, 71
49, 70
49, 70
48, 69
48, 69
48, 69
59, 69
58, 68
57, 67
56, 66
55, 65
54, 64
53, 63
53, 63
54, 68
53, 69
52, 70
51, 71
51, 71
51, 71
66, 77
66, 77
67, 76
68, 75
69, 74
70, 73
70, 73
68, 71
68, 72
68, 73
68, 74
68, 75
68, 76
68, 77
68, 78
68, 78
57, 78
56, 77
56, 77
55, 76
55, 76
55, 76
62, 78
61, 77
60, 76
59, 75
59, 75
58, 74
57, 73
56, 72
55, 71
55, 71
58, 76
59, 75
60, 74
60, 73
60, 72
60, 72
56, 69
57, 68
58, 67
59, 66
60, 65
61, 64
62, 63
63, 62
63, 62
62, 75
61, 74
61, 74
60, 73
59, 72
59, 72
64, 77
65, 76
65, 76
65, 76
65, 76
66, 75
66, 75
67, 74
67, 74
67, 73
67, 73
64, 59
63, 58
62, 57
61, 56
59, 54
58, 53
57, 52
56, 51
55, 50
54, 50
53, 50
52, 50
52, 50
54, 70
53, 69
52, 68
51, 67
50, 66
49, 65
49, 65
48, 72
49, 71
49, 70
49, 70
49, 70
49, 69
49, 69
50, 66
49, 65
48, 64
47, 63
46, 62
45, 61
45, 61
45, 59
46, 58
47, 57
48, 56
49, 55
50, 54
50, 53
50, 52
50, 51
50, 50
50, 50
49, 49
49, 49
55, 83
54, 82
53, 81
53, 80
53, 79
53, 78
53, 77
53, 76
53, 76
53, 76
43, 71
43, 71
42, 70
42, 70
42, 70
41, 69
41, 69
41, 69
40, 68
40, 68
56, 73
57, 72
58, 71
59, 70
59, 70
59, 70
49, 79
49, 79
48, 78
47, 77
46, 76
46, 76
58, 76
58, 76
57, 75
56, 74
55, 73
55, 73
58, 76
57, 75
57, 75
56, 74
55, 73
55, 73
54, 72
54, 72
50, 70
50, 70
50, 70
50, 70
49, 69
48, 68
48, 68
47, 67
46, 66
45, 65
45, 65
54, 72
53, 73
53, 73
52, 73
51, 73
50, 73
49, 73
48, 73
48, 73
48, 73
62, 61
61, 60
60, 59
60, 59
59, 58
59, 58
60, 72
61, 71
62, 70
62, 69
62, 68
62, 67
62, 66
62, 65
62, 64
62, 64
49, 75
48, 75
48, 75
47, 75
46, 75
46, 75
45, 75
44, 75
43, 75
43, 75
60, 73
61, 74
62, 75
62, 75
62, 76
62, 77
62, 77
62, 78
62, 79
62, 79
51, 51
51, 51
50, 52
49, 53
48, 54
47, 55
47, 55
48, 64
47, 63
46, 62
45, 61
45, 59
46, 58
47, 57
48, 56
49, 55
50, 54
49, 53
48, 52
47, 51
46, 50
46, 50
66, 74
65, 75
64, 76
63, 77
62, 78
61, 79
60, 79
59, 79
58, 79
58, 79
58, 79
48, 48
47, 47
47, 47
46, 46
45, 45
44, 44
43, 43
42, 42
41, 41
41, 41
59, 64
58, 63
57, 62
56, 61
55, 60
54, 59
53, 58
53, 58
53, 58
53, 58
41, 67
42, 66
43, 65
44, 64
45, 63
46, 62
46, 62
48, 60
49, 59
50, 58
50, 57
50, 56
50, 55
50, 54
50, 53
50, 53
53, 71
52, 70
52, 70
52, 70
52, 70
51, 70
51, 70
55, 73
56, 72
57, 72
58, 72
58, 72
59, 72
60, 72
60, 72
60, 72
61, 72
61, 72
48, 69
47, 70
46, 71
46, 71
46, 72
46, 72
36, 66
35, 65
35, 65
34, 64
33, 63
32, 62
31, 61
31, 61
30, 60
30, 60
69, 72
68, 71
67, 70
66, 69
65, 68
65, 68
45, 75
44, 74
44, 74
43, 73
42, 72
41, 71
41, 71
40, 70
40, 70
50, 68
51, 67
52, 66
53, 65
53, 65
53, 65
54, 75
54, 75
55, 74
56, 73
57, 72
58, 71
58, 71
59, 70
60, 69
60, 69
56, 75
57, 74
57, 74
57, 74
58, 73
58, 73
54, 62
55, 61
56, 60
57, 59
58, 58
59, 57
59, 55
58, 54
57, 53
56, 52
55, 51
54, 50
53, 50
52, 50
51, 50
50, 50
51, 49
51, 49
59, 70
60, 69
61, 68
62, 67
63, 66
63, 66
67, 77
66, 76
66, 76
65, 75
64, 74
63, 73
63, 73
54, 59
54, 59
54, 59
55, 60
55, 60
56, 61
57, 62
58, 62
58, 62
62, 64
63, 65
64, 66
65, 67
66, 68
66, 68
66, 68
59, 58
59, 58
60, 59
61, 60
62, 61
63, 62
64, 63
65, 64
66, 65
67, 66
67, 66
44, 76
45, 77
46, 78
47, 78
48, 78
48, 78
48, 78
48, 78
48, 78
48, 78
48, 78
61, 78
60, 77
59, 76
59, 76
58, 75
57, 74
57, 74
57, 74
64, 67
63, 66
62, 65
62, 65
61, 64
60, 64
60, 64
57, 78
56, 77
55, 76
54, 75
53, 74
53, 74
52, 73
52, 73
48, 73
48, 73
48, 73
49, 72
49, 72
49, 72
50, 71
51, 70
51, 70
51, 70
51, 70
44, 64
43, 63
43, 61
44, 60
45, 59
46, 58
47, 57
48, 56
47, 57
47, 57
48, 56
49, 55
50, 54
50, 53
50, 52
50, 51
50, 50
50, 50
50, 50
49, 51
48, 52
48, 52
47, 53
46, 54
46, 54
62, 65
61, 64
60, 63
59, 62
58, 61
58, 61
58, 61
58, 61
50, 48
50, 48
49, 47
48, 46
47, 45
47, 44
47, 44
47, 43
47, 43
47, 51
48, 51
48, 51
49, 51
50, 51
51, 51
51, 51
61, 72
61, 72
62, 73
63, 73
64, 73
65, 73
66, 73
67, 73
67, 73
57, 72
57, 72
56, 71
55, 70
54, 69
53, 68
52, 67
52, 67
52, 67
50, 69
49, 68
48, 67
47, 66
46, 65
46, 65
45, 64
45, 64
44, 63
44, 61
45, 60
46, 59
47, 58
48, 57
48, 57
40, 40
40, 40
39, 39
38, 38
37, 37
36, 36
35, 35
34, 34
33, 33
33, 33
49, 53
48, 53
48, 53
48, 53
47, 53
47, 53
47, 53
46, 53
45, 53
44, 53
44, 53
46, 72
47, 72
48, 72
49, 72
49, 72
50, 72
50, 72
30, 60
30, 60
29, 61
28, 62
28, 62
28, 62
27, 63
27, 64
27, 64
27, 64
40, 70
39, 71
39, 71
38, 72
37, 73
36, 74
36, 75
36, 76
36, 76
59, 68
58, 67
57, 66
57, 66
56, 65
56, 65
48, 56
49, 57
50, 58
50, 58
51, 59
52, 60
52, 60
53, 61
53, 61
52, 64
51, 63
50, 62
49, 61
48, 60
48, 60
47, 59
47, 57
48, 56
49, 55
50, 54
50, 53
50, 52
50, 51
50, 50
50, 50
50, 50
50, 50
62, 72
61, 71
60, 70
59, 69
58, 68
57, 67
56, 66
55, 65
55, 65
55, 65
55, 65
49, 56
49, 56
50, 55
51, 54
51, 53
51, 53
49, 71
48, 70
48, 69
48, 68
48, 68
48, 67
48, 67
57, 64
58, 63
59, 62
59, 62
60, 61
61, 60
61, 60
62, 60
62, 60
62, 60
62, 60
56, 64
57, 63
58, 62
59, 61
60, 60
61, 59
61, 59
46, 42
45, 41
45, 41
44, 41
43, 41
43, 41
42, 41
41, 41
41, 41
28, 63
28, 63
29, 62
29, 62
30, 61
30, 61
61, 65
62, 66
63, 67
64, 68
65, 69
65, 69
65, 69
57, 74
56, 73
55, 72
54, 71
53, 70
53, 70
52, 69
52, 69
52, 69
45, 52
46, 51
47, 50
48, 49
48, 49
48, 49
51, 51
52, 52
53, 53
54, 54
55, 55
55, 55
65, 67
64, 66
63, 65
63, 64
63, 63
63, 62
63, 62
35, 75
34, 74
33, 73
33, 73
32, 72
31, 71
30, 70
30, 70
53, 72
54, 72
54, 72
55, 72
55, 72
56, 72
56, 72
45, 53
44, 52
43, 51
42, 50
41, 49
40, 48
40, 48
39, 47
39, 47
58, 61
57, 60
56, 59
56, 59
55, 58
54, 57
53, 56
53, 56
67, 73
66, 72
65, 71
64, 70
63, 69
62, 68
61, 67
61, 67
47, 79
47, 80
47, 80
47, 80
47, 81
47, 82
47, 82
47, 82
51, 66
50, 65
49, 64
48, 63
48, 61
49, 60
50, 59
50, 58
50, 57
50, 57
50, 52
50, 52
50, 52
49, 52
48, 52
47, 52
46, 52
45, 52
44, 52
44, 52
34, 32
34, 32
35, 31
36, 30
37, 29
38, 28
38, 28
53, 61
52, 62
52, 62
52, 62
51, 63
51, 63
50, 64
49, 65
48, 66
48, 66
57, 63
56, 64
56, 64
55, 65
54, 66
53, 67
53, 67
66, 67
65, 68
64, 69
64, 69
63, 70
62, 71
62, 71
62, 71
62, 71
62, 71
62, 71
51, 70
51, 70
50, 69
49, 68
48, 67
48, 67
29, 62
29, 62
29, 62
28, 63
28, 64
28, 65
28, 65
28, 65
48, 67
47, 66
46, 65
45, 64
45, 64
44, 63
44, 61
45, 60
46, 59
47, 58
48, 57
49, 56
50, 55
49, 54
48, 53
47, 52
47, 52
49, 56
48, 55
48, 55
47, 54
46, 53
46, 53
45, 52
44, 51
43, 50
43, 50
37, 29
37, 29
36, 30
36, 30
35, 31
34, 32
33, 33
33, 33
63, 62
62, 63
61, 63
60, 63
59, 63
58, 63
57, 63
56, 63
56, 63
56, 63
48, 66
47, 65
47, 65
46, 64
45, 63
44, 62
44, 60
45, 59
46, 58
47, 57
48, 56
49, 55
50, 54
49, 53
48, 52
47, 51
47, 51
62, 71
62, 71
61, 70
60, 69
59, 68
58, 67
58, 67
61, 59
61, 59
60, 58
60, 58
59, 57
58, 57
57, 57
56, 57
55, 57
55, 57
55, 57
54, 54
53, 53
52, 52
51, 51
51, 51
50, 50
49, 49
49, 49
62, 66
63, 66
63, 66
64, 66
64, 66
64, 66
52, 69
51, 68
51, 68
50, 67
49, 66
48, 65
48, 65
47, 64
47, 64
46, 81
46, 81
45, 80
44, 79
43, 78
42, 77
41, 76
41, 76
41, 43
42, 44
43, 45
44, 46
45, 47
46, 48
45, 49
45, 49
44, 50
43, 51
43, 51
43, 51
38, 48
37, 49
36, 50
35, 51
34, 52
34, 52
65, 69
66, 69
66, 69
66, 69
67, 69
68, 69
68, 69
47, 48
47, 48
47, 48
46, 47
45, 46
45, 46
48, 67
49, 68
50, 69
51, 70
52, 71
53, 72
53, 72
54, 73
55, 74
56, 75
56, 75
57, 71
58, 70
59, 69
60, 68
61, 67
62, 66
62, 66
45, 53
46, 54
47, 55
48, 56
48, 56
49, 57
49, 57
50, 58
50, 58
61, 59
60, 58
59, 57
58, 56
57, 55
57, 55
57, 55
50, 52
49, 51
48, 50
47, 49
46, 48
45, 47
44, 46
44, 46
30, 70
29, 69
28, 68
27, 67
26, 66
25, 65
24, 64
24, 64
23, 63
23, 63
23, 63
52, 55
51, 54
50, 53
50, 53
49, 52
48, 52
48, 52
48, 52
47, 52
46, 52
46, 52
53, 67
52, 66
51, 65
51, 65
51, 65
50, 64
50, 62
50, 61
50, 60
50, 59
50, 58
50, 57
49, 56
49, 56
48, 55
48, 55
56, 54
55, 53
53, 51
52, 50
51, 50
50, 50
50, 50
50, 50
50, 50
50, 50
50, 50
51, 49
51, 48
51, 48
57, 66
56, 65
55, 64
54, 63
53, 62
52, 61
52, 61
51, 60
51, 60
63, 67
62, 68
61, 69
60, 70
59, 71
59, 71
56, 75
55, 74
54, 73
53, 72
52, 71
51, 70
50, 69
50, 69
55, 62
54, 61
53, 60
52, 59
52, 59
51, 58
51, 58
51, 57
52, 56
53, 55
54, 54
54, 54
55, 53
55, 51
54, 50
53, 50
52, 50
51, 50
50, 50
50, 50
50, 50
67, 68
66, 67
65, 66
64, 65
63, 64
62, 63
61, 62
61, 62
49, 49
48, 50
47, 51
46, 51
46, 51
45, 51
44, 51
43, 51
42, 51
41, 51
41, 51
63, 67
64, 68
65, 69
66, 70
67, 71
68, 72
68, 73
68, 74
68, 75
68, 76
68, 76
46, 53
45, 54
44, 54
44, 54
43, 54
42, 54
42, 54
41, 54
40, 54
40, 54
47, 54
46, 53
45, 52
44, 51
43, 50
43, 50
54, 56
53, 55
52, 54
51, 53
51, 53
51, 53
48, 50
49, 49
50, 48
51, 47
52, 46
53, 45
54, 44
54, 44
55, 43
56, 42
56, 42
24, 62
25, 61
26, 60
27, 59
28, 58
28, 57
28, 57
48, 65
48, 65
49, 66
50, 67
50, 67
50, 67
28, 65
29, 66
30, 67
31, 68
32, 69
33, 70
33, 70
34, 32
35, 31
36, 30
37, 29
38, 28
39, 27
39, 26
39, 25
39, 25
39, 24
39, 24
45, 46
44, 47
43, 48
43, 48
42, 49
41, 50
41, 50
40, 51
40, 51
46, 52
46, 52
46, 52
45, 53
44, 54
43, 55
43, 55
43, 51
44, 52
45, 53
46, 54
47, 55
48, 56
48, 56
49, 57
49, 57
45, 47
46, 48
47, 49
47, 49
48, 50
49, 51
49, 51
42, 75
42, 75
43, 74
44, 73
45, 72
46, 71
46, 71
35, 53
36, 54
37, 55
37, 55
37, 55
38, 56
39, 57
39, 57
40, 58
41, 59
41, 59
42, 51
41, 52
41, 52
40, 52
40, 52
39, 52
38, 52
38, 52
58, 71
58, 72
57, 71
56, 72
56, 71
56, 71
49, 50
50, 49
50, 48
51, 49
51, 48
50, 48
50, 49
50, 49
56, 41
57, 41
57, 40
57, 41
56, 41
55, 41
54, 42
55, 42
55, 41
55, 41
52, 59
53, 58
54, 57
53, 57
54, 58
54, 58
29, 56
29, 55
30, 54
31, 53
30, 52
31, 51
31, 51
50, 57
51, 58
52, 58
51, 59
50, 60
49, 59
48, 59
48, 59
51, 68
50, 68
49, 68
50, 68
50, 67
50, 68
50, 68
44, 49
45, 48
46, 49
47, 49
46, 49
47, 48
48, 47
48, 47
39, 53
38, 52
37, 52
38, 53
39, 54
39, 55
39, 56
38, 57
37, 57
37, 57
52, 54
51, 55
50, 55
51, 55
52, 56
51, 57
51, 58
50, 59
51, 60
51, 60
51, 66
52, 65
52, 64
53, 65
54, 64
54, 63
55, 63
56, 64
57, 65
57, 65
52, 48
52, 47
52, 46
51, 46
50, 47
51, 47
50, 47
50, 48
51, 49
51, 50
51, 50
41, 53
40, 54
39, 54
40, 55
41, 54
41, 55
40, 55
40, 56
40, 56
41, 60
42, 61
41, 60
40, 60
40, 61
41, 60
41, 61
41, 62
40, 61
41, 62
41, 62
47, 71
46, 72
46, 73
45, 72
44, 71
45, 72
44, 72
45, 71
45, 71
49, 50
50, 51
51, 51
50, 52
51, 52
51, 51
51, 52
51, 53
52, 53
52, 52
52, 52
39, 23
38, 23
38, 22
38, 23
39, 22
38, 23
38, 23
41, 50
40, 49
40, 48
39, 49
38, 48
38, 49
38, 48
38, 48
68, 75
68, 74
67, 74
68, 74
67, 75
68, 76
68, 76
49, 58
48, 58
47, 59
48, 60
48, 59
48, 60
48, 60
44, 54
45, 54
44, 53
43, 52
42, 51
42, 51
41, 52
42, 53
42, 52
43, 51
44, 50
44, 50
33, 69
32, 68
31, 67
32, 67
33, 68
33, 67
34, 68
34, 67
35, 68
35, 68
60, 63
60, 62
59, 61
59, 62
58, 62
57, 62
58, 61
59, 61
58, 61
58, 61
53, 52
53, 51
54, 51
54, 50
53, 50
54, 51
53, 50
54, 50
54, 50
51, 49
51, 48
51, 49
51, 48
51, 49
51, 50
50, 50
50, 49
51, 48
51, 48
49, 49
48, 48
47, 47
48, 48
48, 49
49, 49
49, 48
48, 47
48, 47
57, 60
57, 61
58, 62
59, 63
60, 64
60, 65
61, 65
62, 66
61, 67
61, 67
67, 75
67, 76
68, 77
69, 77
70, 78
69, 77
69, 76
68, 77
67, 76
66, 76
66, 76
46, 70
47, 69
47, 68
46, 67
45, 67
44, 66
45, 67
45, 67
34, 67
35, 67
36, 67
36, 68
35, 69
36, 70
37, 70
36, 69
36, 69
51, 69
52, 70
51, 70
52, 71
53, 70
53, 71
54, 72
54, 72
39, 48
38, 49
39, 48
40, 47
39, 47
38, 47
38, 47
41, 55
42, 56
41, 56
40, 57
40, 58
41, 57
42, 56
42, 56
51, 61
50, 61
50, 62
50, 61
51, 61
51, 60
51, 61
51, 62
51, 63
51, 64
51, 64
39, 24
38, 25
37, 26
36, 26
37, 27
36, 28
36, 29
36, 29
43, 51
43, 50
42, 51
41, 52
40, 52
40, 53
40, 54
40, 54
55, 42
55, 41
56, 42
57, 43
57, 44
57, 44
37, 58
38, 59
38, 60
39, 60
40, 59
41, 60
40, 61
40, 62
40, 61
41, 61
41, 61
47, 59
48, 60
47, 59
48, 58
49, 57
49, 56
50, 57
50, 58
51, 58
51, 58
40, 61
40, 62
41, 63
42, 64
41, 63
41, 62
41, 61
40, 61
39, 61
39, 61
41, 52
42, 51
43, 52
43, 51
42, 50
43, 50
43, 50
57, 70
56, 70
55, 69
54, 69
54, 68
55, 67
55, 68
56, 68
56, 68
49, 60
48, 60
49, 59
48, 60
48, 59
49, 60
50, 59
50, 59
57, 64
56, 65
55, 64
55, 63
56, 64
56, 64
32, 50
31, 49
30, 50
31, 50
30, 51
29, 52
28, 52
27, 53
27, 53
53, 57
54, 58
53, 58
52, 58
52, 57
53, 56
54, 57
55, 58
55, 59
55, 59
49, 46
48, 47
47, 48
46, 49
46, 50
45, 50
44, 51
44, 51
51, 63
52, 63
52, 64
53, 64
54, 63
54, 63
50, 49
49, 50
49, 49
50, 50
51, 49
52, 48
51, 48
51, 48
56, 44
55, 44
56, 45
55, 46
54, 47
54, 48
53, 47
53, 47
55, 60
54, 60
54, 59
53, 59
54, 59
55, 59
54, 60
54, 60
41, 60
42, 59
41, 58
42, 59
42, 60
42, 60
60, 68
59, 67
58, 67
57, 68
56, 69
56, 69
28, 54
28, 55
28, 54
29, 53
28, 52
28, 53
29, 53
29, 52
28, 52
28, 52
39, 48
39, 47
39, 48
39, 49
38, 49
39, 49
38, 49
37, 50
36, 50
37, 50
37, 50
55, 64
55, 65
54, 64
54, 63
53, 62
53, 61
54, 61
54, 61
37, 28
36, 29
36, 28
37, 29
37, 28
37, 28
41, 54
42, 55
41, 54
41, 55
42, 54
43, 55
44, 55
43, 56
43, 56
47, 46
48, 46
49, 46
48, 46
48, 47
47, 47
46, 46
46, 46
53, 49
54, 49
55, 50
56, 50
56, 49
56, 50
56, 50
38, 62
39, 63
38, 63
39, 64
40, 64
40, 64
54, 71
54, 70
55, 69
54, 69
54, 70
54, 69
53, 70
53, 71
53, 71
50, 57
51, 56
52, 57
53, 58
52, 59
51, 59
51, 58
51, 58
56, 69
57, 70
58, 69
59, 70
58, 71
58, 71
67, 75
66, 76
66, 75
66, 76
67, 77
68, 77
67, 78
66, 78
65, 79
65, 79
44, 52
45, 52
46, 52
45, 52
45, 53
44, 52
44, 52
46, 67
47, 66
46, 65
47, 64
48, 64
49, 64
48, 65
48, 65
42, 51
41, 52
40, 53
41, 54
42, 55
43, 56
42, 56
42, 55
42, 56
42, 56
42, 57
43, 56
42, 55
43, 54
44, 54
44, 54
36, 70
36, 69
35, 69
34, 69
34, 70
34, 70
51, 58
51, 57
51, 58
51, 57
50, 56
51, 56
50, 55
49, 54
49, 54
47, 65
46, 66
46, 65
46, 66
45, 65
45, 64
46, 64
47, 63
47, 63
52, 49
52, 50
51, 49
51, 50
52, 50
51, 49
51, 49
36, 29
36, 28
36, 27
37, 26
36, 26
36, 26
44, 53
43, 54
44, 55
44, 54
43, 54
43, 55
44, 56
43, 55
42, 54
42, 54
50, 57
49, 58
48, 59
47, 58
48, 57
47, 58
47, 57
48, 58
47, 57
48, 56
48, 56
55, 60
54, 60
55, 59
56, 60
56, 59
56, 60
56, 60
49, 53
50, 52
49, 53
48, 54
47, 55
47, 56
47, 56
38, 49
37, 48
36, 47
36, 46
37, 46
38, 46
39, 47
39, 48
39, 48
42, 57
42, 56
41, 55
40, 55
41, 56
42, 57
42, 57
45, 45
46, 45
46, 44
45, 43
44, 43
45, 43
44, 43
43, 43
44, 43
43, 42
43, 42
54, 71
55, 72
54, 72
55, 71
55, 70
54, 71
55, 72
55, 73
54, 74
54, 74
34, 71
35, 72
34, 71
35, 70
36, 71
36, 71
41, 56
40, 55
39, 55
40, 54
39, 55
39, 55
57, 70
58, 69
58, 68
57, 68
57, 67
58, 68
58, 68
55, 49
54, 48
53, 49
54, 49
53, 49
53, 50
54, 50
54, 51
54, 50
54, 50
59, 70
59, 69
60, 70
61, 71
62, 71
63, 72
64, 73
64, 73
66, 79
65, 78
64, 78
63, 78
64, 77
65, 76
66, 75
66, 76
66, 76
28, 51
27, 50
27, 51
28, 50
29, 51
28, 50
29, 49
28, 50
28, 51
28, 50
28, 50
53, 62
54, 61
55, 60
56, 61
55, 60
55, 61
54, 62
53, 61
54, 62
54, 62
41, 64
41, 63
41, 64
40, 64
41, 64
41, 64
42, 59
42, 60
42, 61
41, 62
41, 61
41, 61
52, 47
51, 48
52, 47
51, 47
52, 46
52, 46
53, 59
54, 59
53, 59
54, 58
55, 59
55, 60
54, 60
53, 60
53, 59
53, 60
53, 60
44, 53
45, 53
46, 54
47, 53
46, 53
46, 53
46, 52
46, 53
47, 53
48, 53
49, 54
49, 54
55, 62
56, 61
55, 60
55, 61
54, 60
53, 61
52, 61
52, 60
51, 59
51, 59
29, 50
28, 49
28, 50
28, 51
28, 52
28, 52
52, 45
51, 46
51, 47
51, 48
50, 48
51, 49
50, 49
49, 48
50, 47
50, 47
58, 69
59, 70
58, 69
58, 70
57, 71
57, 71
41, 54
40, 53
39, 54
40, 55
40, 56
40, 57
40, 56
41, 55
40, 55
41, 55
41, 55
41, 65
41, 66
40, 65
40, 64
39, 65
39, 65
40, 62
40, 61
39, 62
40, 61
41, 60
40, 61
41, 62
41, 63
41, 62
41, 62
51, 50
51, 49
50, 49
51, 48
52, 48
53, 47
54, 47
54, 46
53, 47
54, 48
54, 48
54, 73
55, 73
56, 74
57, 74
56, 74
55, 74
55, 74
35, 27
34, 27
35, 28
36, 27
37, 28
37, 27
38, 27
38, 28
38, 27
38, 27
35, 72
36, 73
37, 74
38, 75
37, 76
36, 75
37, 75
38, 74
38, 74
42, 41
41, 40
41, 41
41, 42
42, 41
43, 42
43, 41
43, 42
43, 42
67, 77
68, 77
68, 78
69, 77
68, 78
68, 77
69, 77
69, 76
68, 75
68, 75
56, 59
57, 59
58, 60
57, 61
56, 61
55, 60
56, 59
55, 59
54, 59
54, 59
63, 73
62, 74
61, 74
61, 73
60, 74
59, 73
58, 72
58, 71
58, 70
57, 70
57, 70
38, 56
38, 57
37, 57
38, 57
39, 56
40, 55
40, 55
52, 61
52, 60
53, 60
53, 61
53, 60
52, 59
53, 58
53, 58
46, 64
45, 64
44, 64
45, 63
44, 62
45, 62
46, 62
47, 63
47, 63
48, 57
49, 56
48, 57
49, 56
48, 57
48, 57
47, 57
47, 58
48, 57
49, 56
48, 57
47, 56
48, 55
47, 55
46, 55
46, 54
46, 54
41, 57
40, 56
39, 55
38, 54
37, 53
36, 54
37, 55
37, 55
38, 48
37, 47
37, 46
36, 46
35, 47
35, 46
34, 47
34, 48
34, 48
54, 49
54, 48
53, 47
54, 46
53, 46
53, 47
54, 48
55, 49
54, 50
54, 50
54, 58
53, 59
54, 59
55, 59
54, 60
53, 61
52, 60
52, 60
54, 49
53, 50
53, 51
52, 50
51, 49
51, 49
39, 55
40, 54
39, 55
40, 56
41, 56
40, 55
40, 55
47, 56
47, 55
48, 55
48, 56
49, 57
50, 56
51, 55
51, 56
51, 55
52, 55
52, 55
56, 69
56, 70
55, 71
54, 71
54, 72
53, 73
54, 73
55, 72
54, 71
54, 71
38, 75
37, 75
36, 74
36, 75
37, 74
37, 73
37, 73
56, 71
55, 71
55, 70
54, 69
53, 68
54, 68
54, 68
39, 26
40, 25
41, 26
41, 27
40, 27
40, 27
40, 64
39, 63
39, 64
38, 64
37, 63
37, 63
49, 53
50, 52
49, 53
50, 52
49, 53
49, 54
50, 54
50, 55
50, 54
50, 54
51, 46
51, 45
52, 45
53, 44
52, 43
53, 42
52, 41
52, 40
52, 40
40, 55
39, 56
39, 57
40, 56
39, 55
40, 55
39, 56
40, 55
40, 55
42, 41
43, 41
44, 40
44, 39
45, 38
45, 37
46, 37
46, 37
69, 74
70, 74
69, 75
70, 74
70, 75
69, 74
68, 75
68, 75
55, 75
54, 75
54, 76
53, 75
52, 75
52, 75
36, 54
37, 53
36, 53
35, 52
36, 52
36, 51
36, 52
37, 52
37, 52
42, 61
41, 60
40, 61
41, 61
41, 60
41, 59
42, 59
42, 60
42, 60
33, 48
32, 47
31, 46
31, 45
30, 45
31, 46
32, 46
32, 47
31, 48
31, 48
47, 54
46, 54
47, 53
48, 52
49, 51
48, 52
49, 52
49, 52
54, 47
55, 46
56, 46
55, 46
56, 45
56, 44
55, 44
56, 44
57, 44
57, 44
55, 59
54, 60
55, 61
56, 61
57, 61
57, 62
57, 62
46, 63
45, 63
45, 64
44, 65
45, 66
45, 66
28, 51
29, 50
28, 50
29, 51
28, 51
29, 50
29, 49
28, 48
28, 49
27, 50
27, 50
52, 59
52, 58
53, 57
54, 58
55, 59
55, 60
54, 59
54, 59
53, 41
53, 42
52, 43
53, 43
52, 42
53, 42
53, 43
53, 44
54, 44
53, 45
53, 45
41, 26
40, 25
39, 25
40, 26
39, 26
39, 27
39, 27
55, 67
54, 68
54, 69
55, 70
54, 69
53, 69
54, 70
55, 70
55, 70
30, 48
31, 49
31, 48
30, 48
31, 47
31, 47
42, 59
41, 59
41, 60
42, 60
41, 60
42, 61
42, 60
42, 60
55, 58
56, 59
55, 59
56, 58
55, 57
55, 56
56, 57
56, 56
56, 57
56, 57
52, 56
51, 55
50, 56
50, 57
49, 57
48, 57
48, 56
48, 57
47, 57
47, 57
49, 55
49, 56
48, 57
47, 57
48, 57
47, 57
46, 56
47, 55
46, 55
46, 55
53, 59
52, 60
51, 59
51, 60
52, 60
51, 59
51, 59
38, 73
37, 74
38, 75
37, 75
38, 75
39, 76
39, 75
39, 75
28, 51
27, 51
26, 52
25, 51
24, 52
25, 51
26, 52
25, 51
26, 51
26, 51
37, 64
38, 63
37, 63
38, 64
39, 64
39, 63
40, 64
40, 64
45, 67
44, 67
43, 68
42, 69
43, 70
42, 71
43, 72
43, 72
41, 55
40, 55
39, 54
40, 54
41, 54
42, 55
43, 55
42, 54
42, 53
43, 52
43, 52
67, 76
68, 76
69, 77
68, 78
67, 77
66, 78
65, 79
65, 79
47, 36
47, 35
48, 35
47, 34
48, 33
47, 32
47, 33
48, 34
48, 35
48, 35
49, 51
49, 50
48, 51
48, 50
47, 49
46, 49
45, 49
45, 48
45, 48
57, 45
56, 44
57, 45
56, 45
55, 46
56, 45
55, 46
55, 46
53, 74
54, 75
53, 76
54, 75
54, 74
55, 73
55, 73
37, 53
37, 52
37, 53
36, 52
37, 51
36, 52
35, 52
36, 53
36, 54
36, 54
39, 56
38, 55
39, 55
38, 54
38, 53
38, 52
37, 52
38, 51
37, 51
38, 52
38, 52
57, 61
58, 62
57, 61
58, 61
57, 62
57, 61
58, 60
59, 59
60, 59
61, 58
61, 58
52, 48
53, 47
53, 48
54, 48
54, 49
53, 49
53, 49
54, 72
55, 73
55, 72
55, 71
56, 71
56, 70
56, 70
44, 71
45, 72
44, 71
43, 70
44, 71
45, 71
45, 71
39, 51
38, 52
38, 51
39, 52
40, 53
41, 52
42, 52
43, 51
42, 52
42, 52
44, 47
45, 47
45, 46
45, 47
44, 47
45, 47
46, 46
45, 46
45, 46
46, 56
47, 55
48, 56
47, 55
47, 54
47, 53
46, 52
45, 51
45, 51
57, 70
58, 71
59, 71
58, 70
57, 71
57, 72
56, 71
56, 72
57, 72
58, 71
58, 71
40, 74
39, 73
39, 74
40, 74
39, 75
40, 74
41, 74
42, 74
42, 73
42, 74
42, 74
48, 36
48, 37
49, 37
48, 36
48, 35
47, 34
48, 33
47, 32
46, 32
47, 32
47, 32
54, 71
55, 70
54, 71
55, 70
54, 70
54, 71
54, 71
52, 46
53, 46
53, 47
52, 46
52, 45
53, 46
52, 45
53, 46
53, 47
53, 47
26, 50
27, 50
28, 49
27, 49
28, 48
28, 47
29, 47
30, 46
31, 47
31, 46
31, 46
38, 26
37, 26
36, 27
37, 27
36, 28
36, 27
35, 28
35, 28
51, 58
52, 58
52, 59
51, 59
50, 58
51, 59
52, 60
51, 59
52, 60
51, 60
51, 60
41, 61
40, 62
39, 63
38, 64
37, 63
37, 63
47, 54
46, 54
46, 55
46, 54
45, 53
46, 54
46, 55
47, 54
46, 53
46, 52
46, 52
43, 53
42, 54
43, 53
43, 52
44, 51
45, 50
46, 49
46, 49
36, 55
35, 54
36, 55
36, 54
36, 53
37, 54
37, 55
36, 54
37, 54
37, 54
64, 79
63, 80
62, 80
63, 79
62, 79
63, 79
64, 80
64, 80
61, 57
61, 56
61, 57
61, 58
61, 57
62, 58
62, 58
52, 50
51, 50
50, 50
49, 51
48, 52
49, 53
50, 53
49, 52
50, 52
50, 52
54, 72
53, 73
52, 73
51, 73
51, 74
52, 74
53, 73
52, 72
52, 72
39, 63
38, 62
37, 62
38, 62
37, 62
37, 63
37, 63
55, 56
55, 55
55, 54
56, 55
57, 54
56, 55
56, 56
55, 55
55, 55
55, 45
54, 46
54, 45
53, 45
52, 44
52, 45
52, 46
51, 47
51, 47
32, 48
31, 48
31, 49
30, 48
31, 49
32, 50
32, 51
32, 52
32, 53
32, 53
44, 45
44, 44
45, 43
46, 44
47, 44
47, 45
48, 44
48, 45
48, 45
54, 54
55, 53
56, 53
55, 54
55, 55
56, 54
56, 53
56, 53
36, 54
37, 55
38, 56
39, 55
38, 56
37, 57
36, 57
35, 57
35, 57
34, 28
35, 27
34, 27
35, 27
35, 26
34, 26
33, 27
34, 27
35, 26
34, 25
34, 25
45, 72
45, 71
44, 72
44, 71
44, 72
44, 73
44, 74
44, 74
47, 51
46, 50
46, 51
45, 51
45, 52
45, 52
51, 52
51, 51
51, 52
50, 52
51, 51
50, 50
51, 50
51, 50
53, 73
52, 73
53, 74
52, 73
52, 74
52, 74
64, 81
65, 82
64, 83
65, 83
64, 83
64, 82
64, 81
65, 82
64, 81
64, 80
64, 80
36, 63
37, 64
36, 65
36, 64
36, 65
36, 64
36, 64
46, 50
46, 49
45, 48
46, 49
47, 48
48, 48
48, 48
47, 33
47, 32
46, 32
46, 31
47, 32
46, 32
46, 31
46, 31
32, 45
31, 44
32, 43
32, 44
32, 43
32, 44
32, 43
33, 44
32, 45
32, 45
54, 48
55, 49
56, 48
56, 49
57, 48
57, 47
57, 47
32, 54
33, 55
32, 54
31, 55
32, 54
32, 54
52, 47
52, 48
52, 49
52, 50
53, 49
52, 48
51, 49
52, 49
51, 50
51, 49
51, 49
53, 72
52, 73
52, 72
52, 71
53, 70
53, 71
53, 71
59, 72
59, 73
59, 72
59, 71
60, 72
60, 71
60, 71
43, 74
44, 75
44, 74
45, 75
46, 76
45, 77
44, 76
44, 77
44, 77
52, 60
52, 59
52, 58
51, 57
50, 58
51, 57
52, 57
52, 57
37, 62
38, 63
39, 63
39, 64
39, 63
38, 64
39, 64
40, 65
41, 66
41, 67
41, 67
63, 57
63, 56
62, 55
63, 55
63, 56
62, 57
62, 57
45, 50
44, 51
45, 52
46, 52
45, 52
45, 52
41, 53
42, 52
43, 52
42, 51
43, 50
44, 51
45, 52
45, 52
43, 77
43, 78
42, 78
43, 79
42, 80
42, 79
42, 78
42, 78
45, 51
44, 51
45, 52
45, 53
44, 54
44, 54
44, 52
45, 52
44, 52
44, 51
43, 52
44, 51
45, 52
46, 51
47, 50
47, 50
45, 53
46, 53
45, 54
44, 54
43, 54
43, 53
43, 53
57, 54
56, 55
57, 55
56, 54
57, 55
58, 54
57, 54
58, 54
58, 53
57, 54
57, 54
51, 51
50, 52
49, 53
48, 52
47, 51
46, 52
45, 51
45, 51
48, 47
47, 48
47, 49
46, 48
47, 47
46, 46
45, 45
45, 44
44, 45
43, 46
43, 46
51, 57
51, 56
52, 55
53, 55
53, 56
53, 55
52, 54
52, 54
31, 46
30, 47
30, 48
29, 47
28, 46
28, 46
47, 31
46, 30
47, 31
46, 31
45, 30
45, 30
61, 70
61, 71
61, 72
60, 73
59, 74
58, 73
58, 73
48, 44
48, 43
47, 42
46, 42
45, 43
45, 43
33, 53
34, 53
35, 52
34, 51
34, 52
34, 51
34, 50
35, 51
35, 51
65, 80
64, 80
65, 80
64, 79
64, 80
65, 80
64, 81
64, 81
54, 72
53, 72
54, 73
55, 72
54, 73
53, 72
54, 73
53, 74
54, 74
54, 74
52, 50
53, 50
52, 51
52, 52
52, 53
52, 54
53, 54
53, 54
42, 66
43, 66
43, 67
44, 68
43, 67
42, 68
42, 67
42, 67
62, 56
63, 57
64, 58
65, 58
64, 59
64, 59
45, 74
44, 75
43, 74
42, 74
41, 75
42, 75
41, 74
40, 75
40, 76
40, 76
35, 64
34, 65
35, 64
34, 64
35, 63
35, 62
36, 62
36, 62
53, 74
52, 73
51, 73
52, 74
53, 73
52, 73
52, 72
51, 73
51, 72
51, 71
51, 71
36, 57
37, 56
36, 57
35, 58
34, 59
34, 60
34, 61
33, 61
32, 62
32, 62
33, 24
32, 24
31, 25
32, 26
31, 25
30, 26
29, 27
29, 27
56, 46
57, 45
56, 45
55, 44
55, 45
56, 45
56, 44
56, 44
45, 50
44, 50
45, 49
45, 48
45, 49
45, 49
43, 68
43, 69
44, 68
45, 67
45, 68
45, 69
45, 68
44, 67
43, 68
43, 67
43, 67
57, 72
56, 72
57, 71
56, 71
56, 70
55, 71
55, 70
56, 70
57, 70
57, 70
52, 71
51, 72
52, 71
51, 71
52, 70
51, 71
52, 72
52, 72
54, 53
53, 52
52, 51
53, 51
52, 52
51, 53
52, 53
52, 54
52, 54
63, 80
64, 79
64, 80
65, 81
66, 81
67, 80
68, 81
68, 80
68, 80
63, 60
62, 59
61, 60
62, 61
63, 60
63, 59
64, 59
64, 59
40, 75
40, 74
40, 73
41, 73
41, 72
41, 73
42, 72
42, 72
43, 53
44, 54
43, 55
44, 56
43, 57
42, 57
42, 56
42, 56
44, 47
45, 48
44, 47
43, 48
44, 48
43, 47
44, 46
44, 47
45, 46
45, 47
45, 47
58, 53
58, 54
57, 53
56, 53
55, 53
55, 53
46, 30
46, 29
47, 30
46, 31
45, 31
45, 30
45, 30
53, 75
52, 75
51, 74
52, 74
51, 74
52, 74
52, 75
52, 75
29, 28
29, 29
28, 30
28, 31
29, 32
28, 31
28, 31
57, 45
56, 44
55, 44
55, 45
55, 46
54, 46
55, 45
56, 44
57, 43
58, 42
58, 42
41, 79
42, 78
42, 79
41, 78
42, 79
43, 80
42, 80
42, 80
29, 45
28, 45
27, 44
27, 43
27, 42
27, 43
26, 42
25, 43
25, 44
25, 44
51, 54
51, 55
51, 54
52, 54
51, 53
50, 54
49, 53
50, 54
49, 53
50, 52
50, 52
31, 62
30, 63
31, 64
32, 64
33, 64
34, 65
34, 65
44, 54
44, 53
43, 54
42, 53
41, 52
42, 51
42, 50
42, 50
46, 51
45, 51
46, 52
47, 52
48, 53
49, 53
50, 54
50, 53
50, 53
34, 52
33, 52
32, 52
32, 51
33, 50
34, 49
34, 49
46, 43
46, 42
45, 41
45, 42
44, 42
45, 41
44, 42
43, 41
42, 41
42, 41
35, 61
36, 62
35, 63
36, 64
35, 63
35, 64
36, 63
37, 62
36, 61
35, 60
35, 60
41, 73
41, 72
42, 71
42, 72
41, 72
40, 72
41, 72
42, 71
41, 71
40, 71
40, 71
58, 41
58, 40
57, 41
56, 40
56, 39
55, 39
54, 40
54, 39
53, 39
53, 39
44, 29
44, 28
44, 27
43, 26
44, 26
44, 25
45, 25
46, 24
47, 25
46, 25
46, 25
27, 30
28, 31
27, 31
27, 32
28, 32
27, 33
26, 34
25, 34
25, 34
44, 48
43, 47
43, 48
42, 49
42, 48
41, 49
41, 49
49, 53
49, 54
48, 54
49, 55
48, 55
47, 56
47, 57
47, 57
43, 79
44, 80
43, 79
42, 78
42, 79
42, 78
43, 78
42, 79
42, 79
52, 74
51, 73
52, 73
52, 72
52, 71
52, 71
56, 54
55, 53
55, 54
56, 55
57, 56
56, 56
55, 57
54, 57
54, 56
53, 57
53, 57
34, 48
34, 47
35, 46
34, 46
35, 45
35, 44
34, 44
33, 43
34, 44
34, 44
41, 51
41, 50
41, 51
40, 50
39, 49
40, 50
40, 50
51, 72
50, 71
49, 71
50, 70
49, 69
50, 69
50, 69
26, 44
25, 44
26, 44
25, 44
26, 45
26, 45
68, 81
69, 82
69, 83
69, 84
70, 83
69, 82
70, 83
70, 83
33, 65
32, 65
33, 66
34, 66
33, 65
33, 64
33, 64
45, 48
46, 48
46, 47
45, 48
44, 48
44, 48
42, 42
41, 41
40, 40
41, 39
40, 39
39, 38
39, 38
64, 58
65, 58
65, 59
65, 58
66, 57
67, 57
68, 58
67, 58
67, 58
49, 51
50, 50
51, 51
50, 52
49, 51
50, 51
50, 51
57, 71
58, 72
58, 71
57, 71
56, 70
56, 71
57, 70
57, 71
57, 71
41, 57
42, 56
42, 57
43, 57
44, 56
44, 56
53, 55
52, 54
51, 55
50, 56
51, 55
51, 56
51, 56
34, 59
33, 59
32, 58
31, 58
30, 57
31, 57
32, 58
32, 57
31, 56
30, 55
30, 55
42, 67
42, 66
43, 66
44, 65
44, 66
44, 67
44, 66
43, 66
44, 66
44, 65
44, 65
46, 24
47, 25
46, 24
47, 25
47, 24
47, 25
46, 26
47, 25
47, 26
47, 26
40, 51
41, 50
40, 50
39, 51
39, 50
40, 50
40, 50
31, 56
32, 55
31, 54
30, 53
29, 54
28, 54
27, 53
26, 54
25, 55
25, 56
25, 56
53, 72
53, 71
54, 72
53, 72
54, 72
53, 72
53, 72
38, 38
38, 37
39, 37
39, 38
38, 39
37, 38
38, 38
39, 37
39, 37
24, 35
25, 36
26, 37
26, 38
25, 37
24, 38
25, 39
26, 38
27, 39
27, 38
27, 38
58, 70
59, 69
59, 70
60, 71
60, 72
60, 73
60, 74
60, 73
59, 73
59, 73
48, 56
47, 56
46, 57
47, 58
48, 59
48, 59
43, 80
43, 79
44, 78
44, 79
45, 79
44, 78
45, 79
46, 79
46, 79
71, 82
70, 83
69, 84
69, 85
68, 85
69, 84
69, 84
43, 56
44, 56
43, 56
42, 55
42, 54
43, 53
44, 52
45, 52
45, 52
54, 39
55, 38
54, 39
54, 38
55, 39
54, 39
53, 40
52, 39
52, 38
52, 38
35, 44
36, 44
36, 43
35, 43
34, 42
35, 42
34, 43
34, 43
45, 48
46, 48
46, 47
47, 46
46, 47
45, 47
45, 48
46, 48
46, 49
46, 49
50, 50
49, 50
48, 50
47, 50
48, 51
47, 50
48, 49
47, 49
47, 49
39, 72
40, 71
39, 72
39, 71
39, 70
38, 71
37, 70
36, 69
37, 69
37, 69
33, 63
33, 62
32, 62
31, 61
32, 61
33, 61
32, 61
32, 61
52, 56
52, 55
52, 56
51, 57
52, 57
52, 57
52, 56
51, 55
51, 56
50, 56
50, 57
49, 56
48, 55
49, 56
49, 56
42, 50
42, 49
42, 48
42, 47
43, 47
42, 47
43, 47
44, 48
45, 48
46, 49
46, 49
45, 64
46, 64
45, 63
46, 64
46, 63
45, 64
44, 63
44, 64
45, 65
45, 65
51, 70
52, 71
51, 72
52, 73
51, 72
50, 72
51, 71
50, 71
49, 72
49, 73
49, 73
68, 59
69, 60
69, 61
69, 60
70, 59
71, 58
72, 58
71, 59
71, 59
27, 44
27, 45
26, 46
27, 47
28, 48
27, 49
26, 49
27, 48
26, 49
26, 49
46, 53
47, 53
47, 53
47, 54
47, 54
48, 55
49, 56
50, 57
50, 57
46, 66
47, 67
48, 68
49, 69
50, 70
51, 71
52, 72
53, 73
54, 74
54, 74
47, 78
48, 77
49, 76
50, 75
51, 74
52, 73
53, 73
54, 72
54, 72
55, 73
55, 73
33, 62
34, 63
35, 64
36, 65
35, 65
35, 65
35, 65
48, 27
50, 29
51, 30
52, 31
53, 32
53, 33
53, 34
53, 35
53, 36
54, 35
54, 35
53, 36
53, 37
53, 38
53, 39
53, 39
38, 70
39, 71
40, 72
41, 73
40, 73
40, 73
41, 73
41, 73
28, 39
29, 40
30, 41
31, 42
32, 43
33, 44
34, 45
35, 46
35, 46
35, 44
36, 45
37, 46
38, 47
39, 48
40, 49
41, 50
40, 50
40, 50
41, 51
42, 52
42, 52
49, 60
50, 59
50, 59
51, 60
52, 61
52, 61
51, 62
51, 63
51, 64
51, 65
51, 66
51, 67
51, 67
53, 71
53, 71
54, 72
55, 73
56, 73
56, 73
57, 74
58, 74
59, 74
60, 74
61, 74
61, 74
47, 50
47, 49
47, 49
48, 50
49, 51
50, 52
51, 53
52, 54
53, 55
54, 56
55, 57
55, 57
70, 60
69, 61
68, 62
66, 64
65, 65
64, 66
64, 67
64, 68
64, 69
64, 70
64, 71
64, 72
64, 73
64, 73
26, 57
27, 58
26, 58
26, 58
27, 59
28, 60
28, 60
47, 50
48, 51
49, 52
50, 53
51, 54
52, 55
53, 56
54, 57
55, 58
56, 59
56, 59
53, 39
54, 40
55, 41
56, 42
57, 42
57, 42
58, 43
59, 44
60, 43
60, 43
62, 45
62, 46
62, 47
62, 48
62, 49
62, 51
62, 52
62, 53
62, 54
62, 55
62, 56
62, 57
62, 57
53, 58
54, 59
53, 59
53, 59
54, 60
55, 61
54, 60
54, 60
55, 61
55, 62
55, 62
56, 63
56, 63
50, 74
51, 75
52, 75
53, 75
54, 75
55, 75
55, 75
54, 74
54, 74
55, 75
55, 75
55, 75
58, 74
59, 74
59, 74
58, 75
57, 76
56, 77
55, 77
54, 77
55, 78
55, 78
54, 77
54, 77
41, 51
42, 52
43, 53
44, 54
46, 56
47, 57
48, 58
49, 59
50, 60
51, 61
52, 62
53, 63
53, 63
48, 50
49, 51
50, 52
51, 53
52, 54
53, 55
54, 56
55, 55
55, 55
55, 55
68, 84
68, 84
68, 84
68, 84
68, 84
69, 83
69, 83
68, 84
68, 84
27, 50
27, 51
27, 51
28, 52
29, 53
30, 54
30, 55
30, 55
31, 56
30, 55
30, 55
31, 56
31, 56
50, 57
50, 58
50, 58
51, 59
52, 60
53, 61
54, 62
54, 62
55, 63
56, 64
56, 64
40, 38
41, 39
42, 40
43, 41
44, 42
45, 43
46, 44
47, 45
47, 44
47, 44
48, 45
48, 45
36, 47
37, 48
38, 49
39, 50
40, 51
40, 51
56, 64
56, 65
56, 64
56, 64
56, 65
56, 66
56, 67
56, 67
49, 46
50, 47
51, 48
52, 49
52, 49
53, 50
53, 51
53, 51
54, 50
54, 50
53, 51
53, 51
36, 66
36, 67
36, 67
37, 67
37, 67
38, 68
39, 69
38, 69
38, 69
39, 70
39, 70
57, 65
58, 66
59, 67
60, 68
60, 68
61, 69
62, 70
62, 70
64, 74
65, 74
65, 74
64, 75
64, 76
64, 77
64, 78
64, 77
64, 77
64, 78
63, 77
63, 77
64, 78
64, 78
56, 58
56, 59
56, 59
57, 60
58, 61
59, 62
59, 62
54, 40
55, 41
56, 42
57, 43
58, 43
58, 43
59, 43
59, 43
60, 45
60, 46
60, 47
60, 48
60, 49
60, 50
60, 51
60, 52
60, 53
60, 55
60, 56
60, 57
60, 58
60, 59
60, 60
60, 61
60, 62
60, 63
60, 64
60, 64
43, 53
44, 54
46, 56
47, 57
48, 58
49, 59
50, 60
51, 60
51, 60
52, 60
52, 60
51, 59
51, 59
52, 60
53, 61
54, 62
54, 62
67, 83
67, 83
66, 84
65, 84
64, 84
63, 84
63, 84
32, 57
33, 58
34, 59
35, 60
36, 61
36, 61
56, 74
57, 75
58, 76
59, 77
60, 78
60, 78
59, 78
59, 78
59, 78
54, 56
53, 57
53, 57
54, 58
54, 59
54, 60
54, 60
54, 64
54, 63
54, 63
55, 64
56, 65
57, 66
58, 67
59, 68
59, 68
63, 58
64, 59
65, 60
66, 61
67, 61
67, 61
67, 61
55, 60
56, 60
56, 60
55, 61
56, 61
56, 61
55, 62
56, 61
56, 61
57, 61
57, 61
56, 62
55, 63
55, 64
55, 64
55, 64
42, 74
43, 75
44, 76
45, 76
46, 76
47, 76
48, 76
49, 76
50, 76
50, 76
55, 78
55, 79
56, 78
56, 78
55, 79
55, 80
55, 81
55, 82
55, 83
55, 84
55, 84
52, 68
52, 68
53, 69
54, 70
55, 69
55, 69
56, 70
57, 71
57, 71
54, 75
54, 76
54, 77
54, 78
54, 79
54, 80
54, 80
54, 80
54, 80
54, 80
54, 80
51, 58
51, 59
51, 59
52, 60
53, 61
54, 62
54, 63
54, 64
54, 65
54, 66
54, 66
29, 61
30, 62
31, 63
32, 64
33, 65
34, 66
33, 65
33, 65
34, 66
35, 67
36, 68
36, 68
56, 76
56, 77
56, 77
55, 76
55, 76
56, 77
57, 78
58, 79
59, 80
60, 81
61, 82
61, 82
60, 75
59, 76
59, 76
58, 77
58, 78
57, 77
57, 77
58, 78
58, 79
59, 78
59, 78
58, 79
58, 80
58, 80
51, 75
52, 75
53, 75
54, 75
55, 75
55, 75
58, 63
57, 64
56, 65
56, 64
56, 64
55, 65
54, 66
53, 67
54, 66
54, 66
54, 66
40, 71
41, 72
42, 72
42, 72
43, 73
44, 72
44, 72
45, 71
45, 71
45, 71
65, 77
66, 76
67, 75
66, 76
66, 76
67, 75
67, 75
56, 65
57, 66
57, 67
57, 67
57, 68
57, 69
57, 69
55, 67
56, 68
57, 69
58, 70
57, 71
57, 71
56, 70
56, 70
56, 69
56, 69
57, 70
56, 70
56, 70
56, 70
57, 79
58, 78
58, 78
57, 78
56, 78
55, 78
54, 78
53, 78
53, 78
56, 72
55, 73
55, 74
55, 75
55, 76
55, 77
55, 77
55, 77
62, 83
61, 82
60, 81
59, 80
58, 79
57, 80
57, 80
57, 80
57, 68
58, 69
59, 70
60, 71
61, 72
62, 73
63, 74
63, 74
55, 53
56, 54
57, 55
58, 56
59, 57
60, 58
61, 59
62, 60
63, 61
64, 60
64, 60
63, 61
63, 62
63, 63
63, 63
56, 85
57, 86
58, 87
59, 88
60, 89
59, 88
59, 88
59, 89
59, 89
59, 89
60, 77
61, 76
62, 75
63, 74
64, 73
64, 72
64, 72
55, 79
56, 78
56, 78
57, 77
57, 76
56, 75
56, 75
57, 74
57, 74
55, 63
56, 64
55, 64
55, 64
56, 65
56, 66
56, 67
56, 68
56, 69
56, 69
68, 62
70, 64
70, 65
70, 66
70, 67
70, 68
70, 69
70, 70
70, 71
70, 72
70, 73
70, 73
63, 71
63, 71
64, 72
65, 73
66, 74
67, 75
66, 74
66, 74
67, 75
67, 75
37, 69
38, 70
39, 71
40, 72
41, 73
42, 74
43, 75
42, 74
42, 74
42, 74
62, 81
63, 81
64, 82
64, 82
65, 81
66, 81
66, 81
58, 68
58, 68
57, 69
56, 70
56, 71
55, 70
55, 70
56, 71
56, 72
56, 73
56, 73
55, 61
56, 61
56, 61
55, 60
55, 60
56, 61
56, 62
56, 63
55, 63
55, 63
56, 64
56, 64
37, 62
38, 63
39, 64
40, 65
41, 66
42, 67
42, 67
59, 65
58, 66
57, 67
56, 68
55, 67
55, 67
54, 68
53, 69
53, 70
53, 70
52, 71
52, 71
41, 50
41, 50
42, 51
42, 50
42, 50
43, 51
44, 52
44, 52
45, 53
46, 54
47, 55
46, 54
46, 54
47, 55
48, 56
49, 57
50, 58
50, 58
53, 72
54, 73
55, 73
55, 73
56, 74
57, 75
56, 76
56, 76
57, 77
58, 78
59, 79
59, 79
64, 73
64, 73
63, 74
62, 75
61, 76
60, 76
59, 76
58, 76
58, 76
58, 76
43, 68
44, 69
45, 70
46, 71
47, 72
48, 73
49, 74
50, 75
49, 76
49, 76
50, 77
50, 77
66, 74
66, 73
66, 72
65, 72
65, 72
66, 71
66, 71
55, 67
56, 68
57, 69
56, 68
56, 68
57, 69
58, 70
59, 71
60, 72
61, 73
62, 74
62, 74
60, 89
60, 89
60, 90
60, 90
59, 89
59, 88
59, 87
59, 86
59, 85
59, 84
58, 85
58, 85
58, 85
57, 74
57, 73
57, 73
58, 74
59, 75
60, 76
61, 77
62, 78
61, 78
61, 78
62, 79
62, 79
54, 77
53, 77
52, 77
51, 77
50, 77
50, 78
50, 78
50, 77
50, 76
50, 76
50, 77
50, 77
66, 76
65, 77
64, 78
63, 79
62, 80
61, 81
61, 81
60, 82
59, 83
59, 83
57, 65
58, 66
57, 66
57, 66
58, 67
59, 68
59, 69
59, 70
59, 70
54, 79
55, 78
55, 78
54, 79
54, 80
54, 81
54, 80
54, 80
54, 81
54, 81
43, 73
44, 73
45, 73
45, 72
45, 72
46, 73
47, 72
47, 72
47, 72
46, 72
47, 73
47, 73
48, 72
48, 72
49, 73
50, 74
51, 75
50, 74
50, 74
50, 74
56, 76
57, 77
57, 78
57, 79
57, 80
57, 80
56, 75
55, 74
55, 74
56, 74
56, 74
55, 75
54, 76
53, 77
53, 78
53, 79
53, 80
54, 80
54, 80
54, 80
58, 70
58, 70
59, 71
60, 72
61, 72
61, 72
60, 73
61, 74
61, 74
60, 75
60, 76
60, 76
55, 69
55, 69
56, 70
57, 71
58, 72
59, 73
60, 74
60, 74
63, 73
63, 74
63, 75
63, 76
63, 77
63, 77
71, 72
71, 72
70, 73
69, 74
69, 75
69, 75
68, 76
67, 77
66, 77
65, 77
65, 78
65, 78
64, 77
64, 77
57, 81
57, 82
57, 83
57, 84
57, 85
57, 86
57, 86
57, 87
57, 87
55, 71
55, 71
56, 72
57, 73
58, 74
59, 75
60, 76
61, 77
62, 78
63, 79
64, 80
64, 80
64, 63
64, 63
63, 64
63, 65
63, 65
62, 66
63, 66
63, 66
62, 67
62, 67
65, 82
64, 83
65, 83
65, 83
64, 84
64, 85
63, 84
63, 84
63, 83
63, 83
62, 82
62, 82
62, 82
65, 72
64, 73
63, 74
62, 75
62, 76
62, 77
62, 77
55, 80
56, 79
55, 79
55, 79
56, 78
57, 77
58, 76
57, 76
57, 76
58, 75
59, 74
60, 74
60, 74
51, 59
52, 60
53, 61
54, 62
54, 62
53, 63
53, 64
53, 65
53, 66
53, 66
63, 68
64, 69
65, 70
66, 71
67, 72
68, 73
69, 74
69, 75
69, 75
48, 73
49, 73
49, 73
50, 74
50, 74
51, 75
52, 76
51, 76
51, 76
52, 77
52, 77
61, 80
62, 81
62, 81
61, 82
60, 82
59, 82
58, 82
57, 82
56, 82
56, 82
53, 81
53, 81
54, 80
54, 79
54, 79
55, 78
54, 79
54, 79
53, 79
53, 79
54, 78
54, 79
54, 79
54, 79
65, 79
65, 78
65, 77
64, 78
64, 78
65, 77
65, 76
65, 77
65, 77
65, 76
65, 76
51, 75
52, 76
53, 77
53, 77
54, 78
55, 79
55, 79
60, 84
61, 84
61, 84
62, 85
62, 85
63, 86
63, 86
64, 86
65, 86
65, 86
61, 75
60, 75
60, 75
60, 75
60, 75
60, 75
61, 75
61, 75
61, 75
62, 76
61, 75
60, 74
59, 73
58, 72
58, 71
58, 70
58, 70
58, 70
58, 70
58, 80
57, 81
56, 82
55, 82
55, 82
54, 83
53, 84
52, 85
51, 86
51, 86
61, 77
62, 78
62, 79
62, 79
62, 80
62, 81
62, 82
61, 83
61, 83
62, 84
62, 84
59, 77
60, 78
61, 79
62, 80
61, 80
61, 80
61, 80
58, 88
58, 88
57, 87
56, 86
55, 85
55, 86
55, 86
54, 85
53, 84
52, 83
51, 82
51, 82
65, 76
65, 76
64, 77
64, 76
64, 76
63, 77
62, 78
61, 79
60, 80
59, 81
59, 80
59, 80
58, 81
58, 81
51, 78
52, 79
53, 80
53, 81
53, 81
54, 81
55, 81
55, 81
56, 82
56, 82
57, 81
58, 81
58, 81
59, 71
58, 71
58, 71
59, 72
59, 73
59, 74
59, 75
59, 75
59, 86
60, 87
61, 87
62, 87
63, 88
63, 88
64, 87
65, 87
66, 87
67, 87
67, 87
49, 78
49, 78
50, 79
51, 80
52, 81
53, 82
54, 83
55, 84
56, 85
57, 86
56, 86
56, 86
56, 86
56, 79
55, 78
54, 77
55, 76
55, 76
54, 75
53, 75
52, 76
52, 76
53, 75
53, 75
53, 75
53, 75
63, 83
63, 84
63, 84
63, 84
64, 84
64, 84
63, 84
63, 84
63, 84
63, 85
63, 85
63, 85
61, 73
61, 72
61, 71
61, 70
61, 70
61, 70
61, 70
61, 70
61, 70
61, 77
60, 77
60, 77
59, 77
58, 77
57, 77
57, 77
57, 77
57, 77
58, 82
58, 83
58, 84
59, 83
59, 83
58, 82
58, 82
57, 83
57, 83
58, 84
58, 85
58, 85
61, 76
61, 77
61, 78
61, 78
61, 79
61, 80
61, 81
61, 81
57, 71
58, 70
58, 70
57, 71
58, 70
58, 70
57, 71
57, 71
68, 75
68, 75
69, 75
69, 75
68, 76
67, 76
67, 75
67, 75
66, 76
65, 76
64, 76
64, 76
64, 84
64, 83
64, 82
65, 82
65, 82
64, 81
63, 81
63, 81
64, 80
64, 80
64, 77
63, 78
62, 79
61, 78
61, 78
61, 79
61, 80
61, 81
61, 82
61, 82
54, 76
55, 76
56, 76
56, 76
57, 76
58, 76
58, 76
52, 81
53, 80
54, 79
53, 80
53, 80
54, 80
54, 80
55, 79
56, 78
57, 78
57, 78
53, 78
52, 77
52, 78
52, 78
51, 77
50, 76
50, 75
50, 75
64, 87
64, 87
65, 88
65, 88
64, 87
63, 86
63, 85
63, 84
63, 83
63, 83
60, 79
59, 78
58, 77
57, 76
56, 77
56, 77
55, 76
56, 77
56, 77
55, 76
54, 75
53, 74
53, 74
57, 83
58, 83
58, 83
59, 84
60, 85
61, 86
61, 86
52, 67
52, 67
53, 68
54, 68
54, 68
53, 69
53, 69
53, 68
53, 68
52, 68
52, 68
53, 69
53, 69
61, 75
62, 76
63, 77
63, 78
64, 78
64, 78
63, 79
63, 79
59, 82
60, 83
60, 83
61, 83
62, 83
63, 83
63, 83
66, 86
65, 85
66, 86
66, 86
65, 85
65, 84
65, 83
65, 82
66, 81
66, 81
65, 80
65, 79
65, 79
60, 71
59, 71
58, 70
58, 70
58, 69
58, 69
57, 70
56, 71
55, 71
55, 71
63, 84
64, 84
65, 84
64, 84
64, 84
65, 84
65, 84
52, 78
52, 78
53, 77
54, 78
54, 78
55, 77
56, 76
57, 75
58, 74
59, 73
60, 72
60, 72
60, 72
60, 74
60, 74
61, 75
60, 74
60, 74
61, 75
61, 75
62, 76
61, 77
61, 77
62, 78
62, 79
62, 79
55, 85
55, 85
54, 85
54, 85
53, 84
53, 84
54, 85
54, 85
53, 84
53, 83
53, 82
53, 82
52, 85
52, 85
53, 84
54, 83
55, 82
56, 81
57, 80
57, 79
57, 78
57, 77
57, 77
56, 78
57, 77
58, 76
59, 75
60, 75
61, 75
62, 75
63, 75
64, 75
65, 75
65, 75
63, 84
63, 85
63, 86
63, 87
63, 87
63, 88
63, 89
63, 89
63, 89
63, 81
62, 82
62, 82
62, 82
62, 82
62, 81
62, 81
62, 81
51, 76
50, 75
50, 75
51, 76
52, 77
52, 77
52, 77
52, 77
52, 77
56, 78
56, 78
55, 79
54, 80
53, 81
52, 82
51, 81
51, 81
51, 82
51, 83
51, 84
51, 84
54, 70
55, 71
56, 72
57, 73
58, 74
58, 74
64, 84
64, 84
65, 83
66, 82
67, 81
67, 80
67, 79
67, 79
67, 79
61, 87
60, 86
60, 86
61, 87
62, 87
62, 87
61, 87
61, 87
61, 87
61, 87
61, 79
61, 79
60, 80
59, 81
58, 82
57, 83
57, 83
53, 83
53, 83
54, 82
55, 81
55, 82
55, 82
55, 81
55, 80
55, 79
55, 78
54, 78
54, 78
54, 78
58, 71
59, 72
59, 72
58, 72
58, 72
59, 71
58, 71
58, 71
59, 71
60, 71
60, 71
59, 77
60, 78
61, 79
62, 80
63, 81
64, 81
64, 81
64, 81
64, 80
63, 81
62, 82
61, 83
61, 82
61, 82
60, 83
60, 83
56, 72
57, 72
57, 72
58, 73
59, 74
60, 75
61, 76
62, 75
62, 75
63, 76
63, 76
56, 78
55, 79
54, 80
53, 81
52, 82
51, 82
51, 82
51, 82
51, 82
51, 82
51, 82
58, 78
59, 79
60, 80
61, 81
61, 82
61, 82
54, 75
55, 76
54, 76
54, 76
55, 77
56, 78
57, 79
57, 80
57, 81
58, 81
58, 81
59, 82
59, 82
59, 82
59, 73
58, 74
57, 75
56, 76
55, 75
55, 75
55, 75
62, 82
61, 81
60, 80
59, 79
58, 78
58, 78
62, 80
61, 81
60, 82
59, 83
58, 84
58, 84
57, 86
56, 87
56, 88
56, 88
57, 88
57, 88
56, 88
56, 88
60, 83
59, 84
58, 84
57, 84
56, 84
56, 84
56, 84
63, 77
62, 78
61, 79
60, 80
61, 81
61, 81
60, 80
59, 80
58, 80
58, 80
62, 82
63, 83
64, 84
63, 85
63, 85
63, 86
63, 86
64, 87
64, 87
66, 76
65, 77
65, 77
66, 78
67, 79
67, 78
67, 78
67, 79
67, 80
67, 81
67, 82
67, 82
52, 83
53, 82
54, 81
54, 82
54, 82
55, 81
55, 81
57, 85
58, 86
59, 87
58, 87
58, 87
59, 88
58, 89
58, 89
59, 88
60, 88
61, 87
61, 87
61, 87
59, 79
59, 79
58, 80
58, 79
58, 79
58, 80
58, 81
58, 82
58, 83
58, 83
59, 83
59, 83
59, 84
60, 84
60, 84
59, 85
59, 84
59, 84
60, 85
60, 85
60, 85
61, 72
62, 73
63, 74
63, 75
63, 76
63, 77
63, 78
63, 79
63, 79
58, 84
59, 85
60, 86
59, 85
59, 85
60, 86
60, 86
60, 86
60, 86
60, 86
60, 86
60, 86
68, 83
68, 84
69, 83
69, 83
68, 84
68, 85
68, 86
68, 86
68, 85
68, 85
68, 85
67, 86
67, 86
67, 86
58, 81
57, 80
56, 79
55, 78
54, 78
53, 78
54, 78
54, 78
53, 78
52, 78
51, 78
51, 78
68, 78
69, 78
69, 78
70, 77
70, 76
70, 75
69, 76
69, 76
70, 75
70, 74
70, 74
63, 80
64, 79
64, 79
63, 78
62, 77
61, 77
61, 77
61, 77
55, 77
54, 77
54, 77
55, 76
54, 75
54, 75
55, 74
56, 73
55, 74
55, 74
56, 73
57, 72
57, 72
57, 72
55, 89
54, 90
53, 90
51, 90
51, 90
51, 90
51, 90
51, 90
51, 90
51, 90
51, 90
51, 90
51, 90
51, 90
51, 90
51, 90
51, 90
51, 90
51, 90
51, 90
51, 90
51, 90
51, 90
51, 90
51, 90
51, 90
51, 90
51, 90
51, 90
51, 90
51, 90
51, 90
51, 90
51, 90
51, 90
51, 90
51, 89
51, 89
51, 90
51, 90
51, 90
51, 90
51, 90
51, 90
51, 90
51, 90
51, 90
51, 90
51, 90
61, 80
60, 79
59, 78
59, 77
59, 77
58, 76
57, 75
57, 76
57, 76
57, 75
57, 74
57, 74
55, 76
55, 76
56, 77
57, 78
57, 79
57, 80
57, 81
57, 82
57, 83
57, 84
57, 84
59, 73
60, 72
59, 71
59, 71
60, 72
61, 72
62, 72
62, 72
64, 88
65, 87
65, 86
65, 85
65, 84
65, 84
65, 84
65, 84
62, 86
62, 85
62, 84
62, 83
61, 84
61, 84
61, 85
61, 85
62, 84
62, 83
62, 83
63, 86
62, 85
61, 84
60, 83
60, 83
61, 82
61, 81
61, 80
61, 79
61, 79
60, 81
59, 80
58, 79
57, 78
56, 77
55, 76
54, 75
53, 74
52, 73
52, 73
52, 73
52, 83
53, 83
54, 83
54, 83
53, 82
53, 82
54, 83
54, 83
53, 78
54, 79
54, 80
54, 80
55, 81
56, 82
56, 81
56, 81
57, 82
57, 82
64, 77
65, 78
66, 79
67, 80
68, 81
69, 82
69, 82
57, 79
56, 80
55, 81
54, 81
53, 81
52, 81
52, 82
52, 82
51, 81
50, 81
50, 81
50, 81
61, 84
62, 84
63, 84
64, 85
64, 85
65, 84
65, 84
65, 84
65, 84
51, 81
52, 80
51, 79
51, 78
50, 77
49, 76
50, 76
50, 77
51, 77
52, 78
52, 78
64, 84
63, 83
63, 82
64, 82
64, 81
63, 82
63, 82
61, 84
61, 83
61, 82
60, 81
61, 81
62, 80
62, 80
62, 78
63, 78
64, 78
65, 79
64, 78
65, 77
64, 77
65, 77
65, 77
68, 85
69, 84
69, 85
70, 84
71, 85
70, 86
70, 86
54, 80
53, 79
54, 79
54, 80
55, 81
56, 81
55, 81
54, 81
53, 82
53, 82
57, 73
57, 72
58, 71
57, 72
58, 71
58, 70
57, 69
56, 70
56, 71
57, 70
57, 70
62, 80
61, 81
61, 80
62, 79
61, 79
60, 78
59, 78
60, 78
61, 77
61, 77
60, 76
59, 77
58, 76
57, 75
56, 76
56, 76
68, 82
68, 81
67, 81
68, 82
67, 83
68, 82
69, 82
69, 82
63, 84
64, 84
65, 83
64, 82
63, 83
62, 82
61, 82
60, 83
59, 84
59, 84
51, 83
50, 84
51, 84
50, 84
50, 85
49, 86
49, 85
48, 85
48, 85
61, 87
62, 87
62, 86
63, 86
62, 85
63, 84
63, 84
56, 81
57, 81
56, 81
55, 80
54, 81
53, 81
54, 81
54, 82
54, 82
60, 87
61, 88
60, 89
59, 90
59, 91
59, 92
60, 91
60, 92
59, 93
60, 92
60, 92
53, 72
54, 71
55, 70
54, 71
54, 70
55, 70
55, 70
57, 71
56, 70
57, 70
58, 71
57, 70
56, 71
56, 71
52, 78
52, 77
51, 77
51, 78
52, 78
53, 79
52, 79
52, 78
53, 77
53, 77
65, 85
66, 84
65, 84
64, 84
64, 85
63, 86
63, 87
63, 87
59, 83
59, 82
58, 82
59, 82
60, 82
61, 82
62, 83
61, 83
60, 83
60, 83
55, 82
54, 81
54, 82
53, 81
54, 80
54, 79
53, 79
53, 79
56, 85
56, 86
57, 87
56, 87
55, 87
55, 88
54, 87
53, 87
53, 86
53, 86
69, 74
70, 75
70, 76
71, 77
70, 78
69, 79
68, 78
67, 78
67, 77
68, 76
68, 76
63, 73
64, 74
63, 73
64, 72
63, 71
62, 72
63, 71
63, 70
62, 69
61, 68
61, 68
62, 76
61, 75
61, 76
62, 76
61, 75
61, 74
60, 75
60, 74
61, 73
61, 73
51, 79
52, 79
52, 78
53, 79
54, 78
54, 79
54, 80
54, 81
53, 82
53, 82
59, 84
59, 85
59, 86
59, 85
60, 86
60, 87
60, 86
59, 87
59, 86
59, 87
59, 87
47, 84
48, 83
48, 84
49, 85
49, 86
50, 87
50, 87
56, 75
57, 75
56, 75
55, 76
54, 77
53, 76
52, 75
52, 75
64, 81
63, 81
64, 82
64, 83
65, 84
64, 83
63, 84
62, 85
62, 86
61, 85
61, 85
62, 69
61, 68
61, 67
62, 66
63, 65
63, 65
53, 76
53, 75
52, 75
53, 75
53, 74
53, 73
52, 72
51, 72
52, 72
52, 73
52, 73
67, 75
67, 76
66, 75
65, 76
64, 77
65, 76
65, 76
52, 81
51, 82
50, 82
49, 83
50, 82
50, 82
59, 85
60, 85
60, 86
59, 86
60, 87
59, 88
59, 87
60, 87
59, 86
58, 87
58, 87
70, 87
69, 87
70, 87
71, 88
72, 87
72, 87
63, 85
62, 84
62, 83
61, 84
60, 84
60, 84
53, 85
52, 85
52, 86
53, 85
52, 86
51, 87
51, 87
64, 77
64, 78
65, 79
66, 79
65, 80
65, 80
69, 83
69, 84
70, 83
70, 84
70, 85
71, 85
70, 86
70, 85
71, 84
71, 85
71, 85
55, 70
56, 69
57, 68
57, 67
58, 67
57, 66
56, 66
56, 66
60, 91
61, 90
62, 91
61, 91
60, 91
60, 91
61, 80
62, 80
61, 81
62, 81
62, 80
63, 81
62, 82
62, 82
56, 71
57, 72
56, 73
55, 72
54, 71
53, 71
54, 70
54, 71
54, 72
53, 72
53, 72
54, 83
53, 82
54, 82
53, 81
53, 80
53, 81
54, 81
55, 81
55, 81
52, 80
53, 81
52, 80
52, 79
51, 78
51, 78
56, 70
55, 70
54, 69
55, 70
56, 71
55, 70
56, 69
55, 69
55, 69
63, 88
64, 89
65, 89
66, 89
67, 90
68, 91
69, 91
68, 92
68, 91
68, 91
51, 75
51, 75
50, 75
50, 75
49, 75
49, 75
49, 75
48, 75
47, 75
47, 75
52, 77
52, 77
53, 76
54, 75
55, 74
56, 73
57, 72
58, 71
59, 70
59, 70
68, 91
67, 90
66, 89
65, 88
64, 87
63, 86
63, 86
62, 85
62, 85
64, 79
64, 79
63, 78
62, 77
61, 76
60, 75
59, 74
59, 74
54, 80
54, 80
54, 80
53, 79
53, 79
53, 79
52, 78
51, 77
50, 76
50, 76
64, 75
63, 74
62, 73
61, 72
60, 71
59, 70
58, 69
58, 69
52, 86
52, 85
52, 84
52, 83
52, 82
52, 82
52, 81
52, 80
52, 79
52, 78
52, 78
57, 86
56, 85
55, 84
54, 83
53, 82
52, 81
51, 80
51, 80
50, 79
50, 78
50, 78
51, 86
51, 86
52, 85
53, 84
54, 83
55, 82
55, 82
56, 81
57, 81
57, 81
71, 86
71, 86
70, 85
69, 84
68, 83
67, 82
67, 82
66, 81
66, 81
55, 69
54, 68
53, 67
52, 66
51, 65
50, 64
50, 62
50, 61
50, 60
50, 59
50, 58
50, 57
49, 56
49, 56
53, 72
52, 71
52, 71
51, 70
51, 70
50, 69
49, 68
48, 67
48, 67
60, 86
60, 86
61, 85
62, 84
62, 83
62, 82
62, 81
62, 80
62, 79
62, 78
62, 78
61, 73
60, 72
60, 72
59, 71
58, 70
57, 69
56, 68
55, 67
55, 67
62, 66
62, 66
61, 67
60, 68
59, 69
59, 69
58, 70
57, 71
57, 71
51, 72
50, 71
49, 70
48, 69
47, 68
47, 68
46, 67
46, 67
51, 83
51, 83
52, 84
52, 85
52, 85
52, 86
52, 87
52, 87
56, 66
55, 65
55, 65
54, 64
54, 64
54, 64
53, 63
53, 63
71, 84
71, 83
71, 82
71, 82
71, 81
71, 80
71, 80
71, 79
71, 79
62, 82
61, 81
60, 80
59, 79
58, 78
58, 78
61, 86
61, 87
61, 88
61, 89
61, 89
61, 90
61, 90
52, 81
51, 80
50, 79
49, 78
48, 77
47, 76
46, 75
45, 74
44, 73
44, 73
59, 90
58, 89
57, 88
57, 88
57, 88
56, 87
55, 86
54, 85
53, 84
52, 83
52, 83
59, 83
58, 82
58, 82
57, 82
56, 82
56, 82
55, 82
55, 82
49, 75
48, 74
47, 73
46, 72
45, 71
44, 70
43, 69
42, 68
42, 68
42, 68
49, 66
50, 65
51, 64
52, 63
53, 62
54, 61
55, 60
55, 60
60, 73
61, 72
61, 72
61, 72
61, 72
62, 71
63, 70
64, 69
64, 69
57, 68
57, 68
56, 67
55, 66
54, 65
53, 64
52, 63
51, 62
50, 61
50, 61
48, 74
48, 74
49, 73
50, 72
50, 72
51, 71
51, 71
51, 71
61, 84
60, 83
60, 83
59, 82
58, 81
58, 80
58, 80
58, 79
58, 79
49, 78
49, 78
48, 78
47, 78
46, 78
45, 78
44, 78
43, 78
42, 78
42, 78
52, 78
52, 78
52, 78
51, 77
50, 76
49, 75
49, 74
49, 73
49, 73
43, 74
42, 74
42, 74
41, 74
40, 74
39, 74
39, 74
49, 56
48, 55
47, 54
47, 54
46, 53
46, 53
46, 53
51, 86
50, 85
49, 84
48, 83
47, 82
46, 81
45, 80
44, 79
44, 79
43, 78
43, 78
54, 66
53, 65
52, 64
51, 63
50, 62
50, 62
49, 61
49, 60
49, 60
49, 59
49, 59
70, 78
70, 78
69, 77
69, 77
68, 76
67, 75
67, 75
67, 75
67, 75
63, 77
64, 76
65, 75
65, 74
65, 73
65, 73
51, 82
50, 81
49, 80
49, 80
49, 80
48, 79
47, 78
46, 77
45, 76
45, 76
57, 77
56, 76
56, 76
56, 76
55, 75
54, 74
53, 73
53, 73
53, 73
65, 80
64, 79
63, 78
62, 77
61, 76
61, 76
61, 76
60, 75
60, 75
46, 67
45, 66
44, 66
43, 66
42, 66
41, 66
40, 66
40, 66
57, 71
56, 70
55, 69
54, 68
53, 67
52, 66
51, 65
50, 64
50, 64
62, 89
62, 89
62, 88
62, 88
62, 88
62, 88
62, 87
62, 86
62, 85
62, 84
62, 84
55, 82
54, 81
53, 80
52, 79
52, 79
51, 78
50, 77
49, 76
49, 76
52, 62
52, 62
51, 61
50, 60
49, 59
48, 58
47, 57
47, 57
57, 81
57, 81
57, 81
58, 80
59, 79
60, 79
60, 79
60, 79
60, 79
60, 79
58, 69
57, 68
56, 67
56, 67
55, 66
54, 65
54, 65
63, 83
64, 82
64, 82
65, 81
65, 81
66, 80
67, 79
67, 78
67, 78
67, 78
49, 59
48, 58
48, 58
47, 57
46, 57
46, 57
46, 56
47, 55
48, 54
49, 53
50, 52
50, 51
50, 50
50, 50
50, 50
50, 50
49, 51
49, 51
48, 52
48, 52
49, 65
48, 66
47, 67
46, 68
45, 69
45, 69
44, 70
43, 71
42, 72
42, 72
42, 72
50, 61
50, 60
50, 59
50, 58
50, 57
50, 56
50, 55
50, 54
50, 53
49, 54
48, 55
48, 55
48, 55
47, 56
46, 57
46, 57
47, 56
48, 55
49, 54
50, 53
50, 53
52, 72
51, 71
51, 71
51, 71
50, 70
50, 70
49, 69
48, 68
48, 68
48, 68
46, 56
46, 54
47, 53
48, 52
49, 51
50, 50
50, 50
49, 50
48, 50
47, 50
46, 50
45, 50
45, 50
41, 67
41, 67
40, 66
39, 65
38, 64
38, 64
61, 76
62, 77
63, 78
63, 78
64, 79
65, 79
66, 79
66, 79
67, 75
66, 74
65, 73
64, 72
63, 71
62, 70
61, 69
61, 69
50, 74
51, 75
52, 76
53, 77
54, 78
55, 79
55, 79
56, 80
56, 80
40, 73
40, 73
40, 73
40, 73
41, 72
42, 71
43, 70
44, 69
44, 69
45, 76
45, 76
44, 75
43, 74
43, 74
42, 73
42, 73
41, 67
42, 68
43, 69
44, 70
45, 71
46, 72
47, 73
48, 74
49, 75
50, 76
50, 76
47, 52
47, 52
47, 52
48, 51
49, 50
50, 49
51, 48
51, 48
52, 47
52, 47
52, 47
64, 72
63, 71
62, 70
61, 69
60, 68
60, 68
59, 67
59, 67
57, 78
56, 77
55, 76
54, 75
53, 74
52, 73
51, 72
51, 72
54, 59
53, 58
52, 57
51, 56
50, 55
50, 55
55, 64
55, 64
56, 63
56, 62
56, 61
56, 60
56, 59
56, 58
56, 58
56, 57
56, 57
59, 78
58, 77
57, 76
56, 75
55, 74
54, 73
53, 72
52, 71
52, 71
64, 69
63, 68
62, 67
62, 67
61, 66
60, 65
59, 64
59, 64
58, 64
57, 64
57, 64
44, 77
45, 76
45, 76
46, 75
46, 75
47, 74
48, 73
49, 72
50, 71
50, 71
50, 71
51, 71
50, 70
49, 69
48, 68
47, 67
47, 67
46, 66
45, 65
45, 65
43, 77
44, 76
45, 75
45, 75
46, 74
47, 73
48, 72
48, 72
48, 72
50, 75
50, 75
51, 74
51, 74
52, 73
52, 73
51, 70
51, 70
52, 69
53, 68
54, 67
55, 66
56, 65
56, 65
61, 69
60, 70
59, 71
59, 71
58, 72
57, 73
57, 73
56, 74
56, 74
49, 75
48, 74
47, 73
47, 73
46, 72
46, 72
53, 46
53, 46
53, 45
53, 44
53, 43
53, 42
53, 41
53, 41
53, 40
53, 40
53, 40
51, 54
52, 55
53, 56
54, 57
55, 58
56, 59
56, 59
57, 60
58, 61
58, 62
58, 62
66, 77
65, 76
64, 75
63, 74
63, 74
62, 73
61, 72
61, 72
60, 71
59, 70
59, 70
43, 74
43, 74
44, 75
44, 75
44, 75
44, 75
58, 66
58, 65
58, 65
58, 65
58, 65
58, 65
58, 65
44, 51
44, 51
43, 52
42, 53
41, 54
41, 54
40, 55
39, 56
38, 57
37, 58
37, 58
55, 79
54, 78
53, 77
52, 76
51, 75
51, 75
50, 74
49, 73
48, 72
48, 72
50, 71
50, 71
49, 70
48, 69
47, 68
46, 67
46, 67
49, 67
50, 66
51, 65
52, 64
53, 63
54, 62
54, 61
54, 60
54, 59
54, 59
54, 59
47, 71
46, 70
45, 69
44, 68
43, 67
43, 67
58, 63
59, 62
60, 62
61, 62
62, 62
63, 62
63, 62
63, 62
42, 72
42, 72
43, 71
44, 70
45, 69
46, 68
47, 67
47, 67
48, 66
49, 65
49, 65
51, 70
51, 70
50, 69
49, 68
48, 67
47, 66
46, 65
45, 64
45, 64
51, 72
50, 71
49, 70
48, 69
47, 68
47, 68
44, 69
43, 70
43, 70
43, 70
42, 71
42, 71
41, 72
41, 72
55, 58
54, 59
53, 60
53, 60
52, 61
51, 62
50, 62
50, 61
50, 60
50, 59
50, 58
50, 57
50, 56
50, 56
50, 56
50, 56
65, 80
64, 81
63, 82
62, 83
61, 84
60, 85
59, 86
59, 87
59, 87
59, 88
59, 88
49, 53
50, 54
51, 55
52, 56
52, 56
53, 57
54, 58
55, 58
56, 58
57, 58
57, 58
46, 64
47, 63
48, 63
50, 62
50, 61
50, 60
50, 59
50, 58
50, 57
50, 56
50, 55
50, 55
51, 56
51, 56
51, 56
52, 57
53, 58
53, 58
54, 59
54, 59
55, 60
56, 61
57, 62
57, 62
39, 65
40, 66
41, 67
42, 68
42, 68
43, 69
44, 70
44, 70
53, 40
52, 41
51, 42
50, 43
50, 43
49, 44
49, 44
48, 45
47, 46
47, 46
50, 66
51, 67
52, 68
53, 69
54, 70
55, 71
56, 72
56, 72
36, 57
35, 56
35, 56
35, 56
35, 56
35, 56
35, 56
57, 64
56, 63
55, 62
55, 62
54, 61
53, 60
52, 59
52, 59
52, 58
52, 58
43, 69
42, 68
41, 67
40, 66
39, 65
38, 64
37, 63
37, 63
36, 62
36, 62
43, 67
44, 68
45, 69
45, 69
46, 70
46, 70
46, 65
47, 66
48, 67
48, 67
49, 68
50, 69
51, 70
51, 70
51, 70
58, 87
57, 86
56, 85
55, 84
54, 83
53, 82
52, 81
52, 81
52, 81
55, 73
55, 73
54, 72
53, 71
53, 71
53, 71
54, 59
53, 60
52, 61
51, 62
50, 62
50, 61
50, 60
50, 59
50, 58
50, 57
50, 56
50, 55
50, 54
50, 53
49, 54
49, 54
41, 72
40, 71
39, 71
38, 71
37, 71
36, 71
36, 71
35, 71
34, 71
33, 71
33, 71
51, 56
51, 56
51, 56
50, 55
49, 54
48, 53
47, 52
47, 52
44, 75
43, 74
43, 74
42, 73
41, 72
41, 72
40, 71
39, 70
38, 69
38, 69
56, 59
55, 60
54, 61
53, 62
53, 63
53, 63
45, 71
44, 70
43, 69
42, 68
41, 67
40, 66
39, 65
38, 64
38, 64
38, 64
62, 63
61, 64
60, 64
60, 64
60, 64
60, 64
60, 64
60, 64
59, 70
58, 69
57, 68
56, 67
55, 66
55, 66
47, 71
47, 71
46, 70
45, 69
45, 69
45, 69
47, 66
48, 65
49, 64
50, 62
50, 61
50, 60
50, 59
50, 58
51, 57
52, 56
53, 55
54, 54
54, 53
54, 53
59, 63
60, 64
61, 65
61, 65
62, 66
63, 67
63, 67
48, 67
48, 67
49, 66
50, 65
51, 65
52, 65
53, 65
53, 65
53, 65
58, 63
59, 64
60, 65
61, 66
61, 66
62, 67
63, 68
63, 68
55, 64
54, 63
53, 62
52, 61
51, 60
51, 60
49, 57
48, 58
48, 58
47, 59
47, 59
48, 58
49, 57
50, 56
50, 55
50, 54
50, 53
50, 52
50, 51
49, 52
48, 53
47, 54
46, 55
46, 55
54, 70
54, 70
54, 70
55, 69
56, 68
57, 67
57, 67
58, 66
59, 65
60, 64
60, 64
44, 68
44, 68
43, 67
43, 67
42, 66
42, 66
51, 70
52, 71
52, 71
53, 72
54, 73
54, 73
56, 65
57, 64
57, 64
58, 63
59, 62
60, 61
60, 61
63, 68
62, 67
61, 66
60, 65
59, 64
58, 63
57, 62
57, 62
57, 62
51, 59
51, 58
51, 57
51, 57
51, 56
51, 55
51, 54
51, 54
51, 54
47, 56
48, 57
49, 58
50, 59
51, 60
52, 61
52, 61
48, 53
49, 54
49, 54
50, 55
51, 56
52, 57
52, 57
52, 57
52, 57
39, 70
40, 70
41, 70
42, 70
42, 70
43, 70
44, 70
45, 70
46, 70
46, 70
56, 71
56, 70
56, 69
56, 69
56, 68
56, 67
56, 66
56, 66
48, 47
48, 47
49, 48
49, 48
49, 48
49, 48
50, 49
51, 50
51, 50
59, 63
58, 62
57, 62
56, 62
56, 62
55, 62
55, 62
54, 62
53, 62
52, 62
52, 62
39, 63
40, 62
41, 61
41, 61
42, 60
44, 59
45, 58
46, 57
47, 56
48, 55
49, 54
49, 54
53, 52
52, 51
52, 51
51, 50
50, 49
49, 48
48, 47
47, 46
46, 45
45, 44
45, 44
51, 80
51, 80
51, 80
50, 79
49, 78
48, 77
47, 76
46, 75
46, 75
32, 72
32, 73
32, 73
32, 73
32, 73
32, 73
32, 73
35, 61
35, 61
34, 60
33, 59
33, 59
32, 58
32, 57
32, 57
36, 57
37, 58
38, 59
39, 60
40, 61
41, 62
42, 63
43, 64
44, 65
45, 66
45, 66
53, 65
54, 66
54, 66
55, 67
56, 68
57, 69
58, 70
58, 70
58, 70
52, 62
51, 61
50, 60
49, 59
48, 58
47, 57
47, 57
46, 56
46, 54
47, 53
48, 52
49, 51
50, 50
50, 50
50, 50
50, 50
62, 66
61, 65
60, 64
59, 63
58, 62
57, 61
57, 61
57, 61
56, 60
55, 59
55, 59
52, 58
51, 58
50, 58
50, 58
49, 58
49, 58
48, 58
47, 58
47, 58
47, 58
47, 58
47, 71
48, 72
49, 73
50, 74
51, 75
52, 76
53, 77
54, 78
55, 79
56, 80
56, 80
50, 53
50, 52
50, 52
50, 51
50, 51
50, 51
50, 51
50, 51
50, 51
50, 51
33, 58
34, 59
35, 60
35, 60
35, 60
36, 61
37, 62
38, 63
38, 63
59, 71
60, 72
61, 73
62, 74
63, 75
63, 75
64, 76
64, 76
64, 76
50, 51
49, 52
48, 53
47, 54
46, 55
46, 56
46, 57
47, 57
48, 56
49, 55
50, 54
50, 53
50, 52
50, 51
50, 50
50, 50
50, 50
49, 51
49, 51
44, 45
43, 46
42, 47
42, 47
41, 48
41, 48
41, 48
42, 66
41, 65
41, 65
40, 64
39, 63
38, 63
37, 63
36, 63
36, 63
36, 63
46, 70
46, 70
47, 71
48, 72
49, 73
50, 74
51, 75
51, 75
55, 79
54, 78
53, 77
52, 76
51, 75
50, 74
49, 73
48, 72
48, 72
50, 50
49, 49
48, 48
47, 47
46, 46
46, 46
53, 62
54, 63
55, 64
55, 64
55, 64
56, 64
56, 64
59, 60
58, 59
58, 59
57, 59
57, 59
57, 59
57, 59
57, 59
56, 59
56, 59
56, 59
60, 64
59, 64
58, 64
57, 64
56, 64
55, 64
54, 64
54, 64
54, 73
55, 72
56, 71
56, 71
57, 70
58, 69
58, 69
51, 61
50, 60
50, 60
49, 59
48, 58
48, 58
51, 52
51, 52
52, 53
53, 54
54, 55
54, 55
52, 57
51, 58
50, 59
50, 59
49, 60
49, 60
50, 59
50, 58
50, 57
50, 56
49, 57
49, 57
55, 59
54, 58
53, 57
52, 56
51, 55
51, 55
51, 55
46, 67
47, 68
48, 69
48, 69
49, 70
50, 71
51, 72
52, 73
53, 74
54, 75
54, 75
51, 55
51, 56
51, 57
51, 58
51, 59
51, 59
47, 74
47, 74
48, 73
49, 72
50, 71
51, 70
52, 69
52, 69
57, 62
56, 62
55, 62
54, 62
54, 62
53, 62
53, 62
33, 72
33, 72
33, 72
34, 71
35, 70
35, 70
48, 53
47, 52
46, 51
46, 51
45, 50
44, 49
44, 49
55, 65
54, 64
53, 63
52, 62
51, 61
50, 60
49, 59
48, 58
48, 58
46, 57
46, 55
47, 54
48, 53
49, 52
50, 51
50, 50
50, 50
50, 50
50, 50
50, 50
49, 51
48, 52
47, 53
47, 53
46, 54
46, 54
46, 53
45, 54
44, 54
43, 53
44, 52
44, 53
45, 54
45, 53
44, 52
44, 52
52, 74
53, 74
52, 74
53, 75
52, 76
52, 76
48, 56
49, 56
48, 55
48, 54
49, 55
48, 55
48, 55
48, 71
49, 70
48, 71
49, 71
50, 72
50, 73
50, 72
50, 72
55, 64
55, 65
55, 64
55, 65
55, 66
54, 66
54, 67
55, 67
56, 66
56, 66
53, 76
52, 75
53, 76
54, 77
54, 78
54, 78
53, 61
54, 60
53, 61
53, 62
54, 62
55, 63
56, 62
56, 63
57, 63
57, 63
58, 70
59, 69
58, 69
59, 68
59, 67
60, 67
60, 67
52, 55
51, 54
51, 55
50, 56
51, 56
51, 55
51, 55
48, 57
47, 58
48, 57
47, 58
47, 57
47, 58
47, 57
47, 58
48, 59
49, 60
49, 60
43, 48
42, 47
43, 46
44, 46
44, 47
43, 47
42, 47
43, 48
43, 48
40, 48
41, 48
40, 47
40, 48
39, 47
39, 47
36, 69
35, 68
36, 67
35, 67
36, 67
35, 68
36, 69
36, 68
36, 68
63, 77
63, 76
63, 75
62, 76
62, 75
61, 75
62, 75
63, 76
63, 76
35, 64
36, 64
36, 63
35, 64
35, 63
35, 62
36, 61
36, 62
36, 62
50, 60
51, 59
50, 60
51, 60
50, 61
49, 61
50, 62
50, 62
45, 47
44, 47
45, 46
46, 45
46, 44
45, 43
46, 43
45, 44
44, 44
45, 44
45, 44
57, 58
58, 58
58, 57
59, 57
58, 57
58, 57
47, 59
48, 58
49, 58
50, 59
49, 60
49, 60
37, 64
38, 65
39, 66
38, 66
38, 65
37, 64
38, 63
38, 63
53, 64
54, 64
53, 65
54, 66
55, 66
55, 66
50, 51
49, 51
49, 50
49, 49
50, 48
51, 49
52, 50
52, 50
54, 56
53, 56
54, 55
55, 54
55, 55
56, 55
56, 55
51, 70
51, 71
52, 71
51, 72
50, 73
51, 72
52, 72
53, 71
53, 70
53, 70
60, 68
59, 67
58, 66
59, 67
60, 67
60, 67
40, 47
41, 48
40, 49
40, 50
41, 49
42, 48
42, 48
35, 62
36, 61
35, 60
35, 59
34, 59
34, 59
51, 49
50, 48
51, 49
52, 49
51, 50
52, 50
53, 50
53, 50
49, 71
48, 72
49, 71
50, 70
49, 69
48, 68
47, 67
48, 66
47, 65
46, 64
46, 64
37, 62
37, 61
38, 62
39, 63
38, 64
37, 64
36, 63
37, 64
37, 64
43, 51
44, 51
45, 51
45, 52
46, 53
46, 53
52, 71
52, 70
51, 71
51, 70
52, 70
51, 70
50, 71
50, 72
49, 71
50, 70
50, 70
56, 56
55, 57
55, 56
54, 57
55, 56
54, 55
54, 55
48, 56
47, 55
48, 54
48, 53
47, 54
47, 55
47, 54
48, 54
49, 53
48, 52
48, 52
58, 58
58, 57
57, 57
58, 56
59, 57
58, 57
58, 57
50, 56
51, 57
51, 58
51, 57
52, 56
52, 57
52, 58
52, 58
55, 67
56, 66
57, 65
58, 66
57, 67
57, 68
56, 68
57, 69
57, 70
57, 70
50, 61
51, 60
51, 61
52, 60
51, 61
50, 61
50, 61
49, 59
50, 59
51, 59
50, 58
49, 57
48, 56
48, 57
47, 57
46, 56
46, 57
46, 57
48, 59
48, 60
49, 61
50, 60
50, 59
50, 60
50, 59
50, 58
50, 58
35, 68
36, 67
35, 67
34, 68
34, 67
33, 68
34, 67
33, 66
34, 66
34, 67
34, 67
42, 48
41, 47
42, 48
43, 49
44, 50
45, 50
45, 50
51, 76
50, 77
50, 78
51, 78
50, 78
50, 79
51, 80
51, 81
51, 80
50, 79
50, 79
46, 45
45, 46
45, 47
46, 48
45, 48
46, 47
46, 46
47, 47
46, 47
47, 46
47, 46
56, 64
57, 65
58, 65
57, 64
56, 64
57, 65
57, 64
56, 63
56, 63
62, 77
62, 78
63, 77
63, 76
62, 75
63, 76
63, 75
62, 74
62, 74
53, 78
52, 77
53, 78
54, 79
54, 78
53, 77
54, 76
55, 76
55, 76
55, 67
55, 66
56, 67
57, 67
56, 68
55, 69
55, 70
55, 70
35, 58
36, 58
37, 57
38, 56
38, 55
38, 56
37, 55
38, 56
37, 56
37, 56
48, 47
49, 47
50, 48
51, 48
50, 49
50, 49
46, 51
45, 51
45, 52
44, 53
45, 53
44, 54
44, 55
44, 54
44, 54
55, 54
55, 53
56, 53
55, 53
54, 53
55, 53
54, 53
53, 53
52, 54
51, 55
51, 55
35, 67
35, 66
34, 67
34, 68
34, 69
33, 70
34, 70
33, 69
33, 68
33, 69
33, 69
59, 67
59, 66
59, 65
60, 66
61, 67
60, 67
59, 67
59, 66
59, 66
51, 61
50, 62
51, 63
51, 64
52, 64
51, 64
50, 64
50, 64
45, 63
46, 62
45, 63
46, 63
47, 64
48, 63
48, 64
49, 64
50, 65
51, 65
51, 65
56, 75
55, 76
56, 76
56, 75
55, 76
56, 75
56, 76
55, 77
55, 77
42, 47
43, 46
43, 47
43, 48
42, 47
43, 48
44, 49
45, 50
44, 49
44, 49
36, 63
37, 64
37, 65
38, 66
39, 65
38, 64
38, 63
38, 63
56, 70
57, 70
56, 70
57, 69
56, 68
56, 68
55, 64
55, 65
55, 64
55, 65
54, 66
55, 67
54, 68
55, 68
54, 69
53, 68
53, 68
49, 78
50, 77
50, 78
51, 77
50, 78
49, 77
50, 78
50, 78
46, 56
46, 57
46, 56
46, 57
47, 57
48, 56
47, 56
46, 56
46, 56
54, 49
53, 48
53, 49
54, 49
53, 50
54, 49
53, 48
53, 49
54, 49
53, 50
53, 50
51, 69
50, 69
49, 70
50, 70
51, 70
51, 70
54, 70
55, 71
56, 70
55, 69
55, 68
56, 69
55, 70
56, 70
56, 69
56, 69
61, 74
60, 74
61, 73
62, 73
63, 72
64, 71
64, 72
64, 72
49, 59
49, 58
50, 57
49, 58
50, 58
50, 57
51, 58
51, 58
47, 53
46, 53
47, 54
47, 53
48, 54
48, 55
49, 55
49, 55
51, 58
51, 59
50, 58
50, 57
51, 58
52, 59
53, 59
54, 58
53, 58
54, 57
54, 57
47, 53
47, 54
48, 54
47, 54
48, 53
47, 52
46, 51
46, 51
58, 56
58, 55
57, 54
58, 55
58, 54
57, 53
57, 54
58, 53
58, 53
53, 67
53, 68
53, 69
52, 68
51, 69
50, 69
50, 70
51, 70
51, 70
47, 55
46, 54
45, 54
44, 53
45, 52
46, 53
47, 54
46, 53
46, 53
32, 68
31, 69
32, 69
31, 70
30, 71
31, 72
31, 72
51, 69
52, 68
52, 67
51, 68
52, 68
53, 69
54, 68
55, 69
55, 69
51, 49
52, 49
53, 48
53, 47
54, 47
54, 46
53, 47
53, 46
53, 46
47, 51
47, 50
46, 49
47, 49
46, 50
45, 49
45, 49
48, 55
49, 54
49, 53
50, 53
49, 54
49, 54
50, 55
51, 55
50, 55
51, 54
50, 54
49, 54
49, 54
44, 53
45, 53
45, 52
45, 53
45, 52
44, 51
45, 51
44, 51
45, 50
45, 50
58, 54
57, 55
58, 54
57, 53
58, 54
58, 54
50, 79
51, 80
51, 79
52, 80
52, 81
52, 82
51, 81
51, 81
53, 56
53, 57
54, 57
55, 58
55, 59
54, 58
54, 59
55, 58
56, 59
56, 59
50, 57
50, 58
50, 59
49, 60
48, 60
47, 59
48, 60
49, 59
50, 60
50, 60
38, 57
37, 57
38, 58
37, 58
38, 57
37, 58
37, 57
37, 56
37, 56
56, 77
55, 76
56, 76
57, 75
56, 74
55, 73
56, 74
57, 73
57, 73
52, 49
52, 48
53, 47
54, 46
55, 46
54, 46
55, 45
55, 45
38, 64
39, 63
40, 64
39, 63
38, 62
39, 61
38, 60
38, 61
37, 61
36, 62
36, 62
44, 50
44, 51
44, 52
43, 51
43, 52
43, 52
51, 64
51, 65
52, 66
52, 65
53, 66
52, 66
52, 67
52, 68
51, 67
51, 67
57, 68
57, 67
58, 68
58, 67
58, 68
58, 68
56, 69
57, 69
58, 70
59, 69
58, 69
57, 70
56, 70
56, 70
58, 65
58, 64
59, 64
60, 65
61, 65
60, 64
60, 63
60, 63
65, 72
64, 72
65, 72
64, 72
65, 73
66, 73
66, 73
50, 64
49, 65
50, 65
49, 65
49, 64
48, 64
48, 64
51, 59
50, 60
51, 61
51, 62
51, 63
51, 63
50, 70
49, 71
49, 72
50, 71
49, 70
50, 69
50, 69
58, 74
59, 74
58, 73
59, 72
59, 71
60, 70
61, 71
62, 71
62, 70
61, 70
61, 70
67, 73
68, 73
69, 73
69, 72
68, 72
69, 73
68, 73
67, 74
68, 73
69, 72
69, 72
48, 53
47, 52
47, 51
47, 52
48, 53
47, 54
48, 55
47, 54
47, 54
54, 69
55, 70
55, 69
56, 69
56, 70
56, 71
56, 71
31, 71
30, 72
30, 73
29, 73
28, 72
28, 73
29, 73
28, 73
27, 74
26, 74
26, 74
52, 66
53, 65
52, 64
51, 64
50, 64
49, 64
48, 63
48, 64
47, 64
48, 65
48, 65
44, 48
44, 49
43, 48
43, 49
44, 48
45, 47
45, 47
58, 53
57, 53
58, 53
57, 53
56, 54
55, 55
56, 56
57, 56
57, 56
57, 59
57, 60
57, 61
56, 61
56, 62
56, 62
57, 69
56, 68
55, 67
54, 67
54, 66
54, 65
53, 66
54, 66
55, 65
55, 66
55, 66
61, 62
62, 63
61, 62
60, 62
61, 62
60, 63
60, 63
52, 45
51, 46
52, 47
53, 48
52, 48
52, 47
51, 48
52, 49
52, 49
44, 51
43, 51
44, 50
44, 51
43, 50
42, 49
42, 49
51, 80
52, 81
51, 81
50, 82
50, 83
51, 82
50, 83
49, 83
48, 83
48, 83
37, 61
38, 62
39, 63
38, 62
37, 62
38, 61
39, 62
39, 62
38, 56
37, 57
36, 57
35, 56
36, 57
36, 58
36, 59
37, 59
37, 58
38, 57
38, 57
45, 53
45, 52
44, 53
45, 54
46, 53
46, 54
46, 54
57, 71
58, 72
57, 71
58, 72
59, 71
60, 70
61, 69
60, 69
61, 69
61, 68
61, 68
50, 54
50, 53
51, 52
50, 53
51, 54
52, 53
52, 52
52, 52
54, 46
55, 46
55, 45
54, 46
53, 47
52, 47
52, 46
51, 46
52, 46
52, 45
52, 45
44, 51
45, 50
45, 49
45, 48
45, 49
46, 48
46, 48
47, 64
46, 65
46, 64
47, 65
48, 64
47, 64
48, 64
48, 63
48, 63
51, 53
51, 52
52, 52
51, 53
52, 52
51, 51
51, 51
53, 50
52, 51
53, 50
54, 49
54, 48
55, 49
54, 48
54, 48
45, 48
46, 49
47, 49
46, 49
47, 48
46, 47
46, 46
47, 46
46, 45
46, 45
52, 46
51, 46
52, 46
53, 46
54, 47
55, 46
56, 46
56, 46
39, 56
40, 57
40, 58
39, 59
39, 60
38, 61
37, 61
36, 62
36, 62
55, 67
54, 67
53, 66
54, 65
55, 65
54, 64
55, 63
54, 63
54, 63
43, 48
44, 47
44, 46
43, 47
44, 48
44, 48
68, 73
68, 74
67, 74
67, 75
68, 74
69, 75
69, 75
62, 68
62, 69
63, 69
62, 68
63, 69
63, 69
48, 64
49, 65
48, 64
47, 64
48, 63
48, 63
62, 70
62, 71
61, 70
62, 70
61, 69
62, 68
62, 67
62, 66
61, 66
61, 66
51, 64
50, 64
49, 65
48, 65
47, 65
48, 66
49, 65
49, 65
45, 46
46, 45
47, 44
46, 43
47, 44
47, 43
46, 42
45, 42
44, 42
44, 43
44, 43
57, 72
57, 71
57, 70
58, 70
58, 71
57, 71
57, 72
56, 72
55, 72
56, 72
56, 72
48, 84
49, 85
49, 84
49, 83
50, 82
49, 83
50, 83
49, 84
48, 83
47, 84
47, 84
57, 55
56, 56
56, 57
55, 57
56, 58
57, 58
57, 58
57, 62
56, 63
55, 62
54, 61
53, 61
54, 60
53, 61
52, 60
51, 60
51, 60
51, 70
50, 70
50, 69
49, 70
50, 71
50, 71
27, 74
27, 73
28, 74
28, 73
27, 74
28, 74
29, 73
29, 73
48, 54
49, 55
48, 55
48, 56
48, 55
47, 56
46, 55
47, 56
47, 57
47, 56
47, 56
40, 61
41, 62
41, 61
40, 61
39, 62
40, 62
39, 63
39, 63
46, 55
47, 55
47, 56
46, 56
47, 57
47, 57
60, 64
61, 63
60, 63
61, 64
62, 64
63, 63
63, 63
48, 66
47, 67
47, 66
46, 65
47, 65
47, 66
48, 66
48, 67
48, 67
36, 61
36, 62
35, 62
36, 63
37, 64
36, 63
35, 62
34, 62
35, 61
35, 61
29, 72
30, 72
30, 73
30, 72
30, 71
30, 72
30, 72
63, 68
64, 69
63, 69
64, 69
63, 70
62, 71
63, 72
63, 71
62, 71
63, 71
63, 71
46, 55
46, 56
46, 57
47, 58
48, 58
48, 58
60, 65
59, 66
58, 67
59, 68
58, 67
57, 66
57, 66
55, 73
55, 74
56, 74
57, 74
57, 73
57, 73
45, 42
46, 42
47, 43
46, 43
47, 43
47, 42
47, 41
47, 40
47, 40
45, 48
46, 47
45, 48
44, 48
45, 47
46, 46
45, 47
45, 48
46, 49
46, 49
53, 62
54, 61
55, 60
54, 59
55, 58
56, 58
55, 58
55, 57
54, 57
54, 56
54, 56
47, 68
46, 67
45, 66
45, 67
44, 67
44, 67
51, 71
52, 72
53, 71
53, 70
54, 70
55, 70
54, 71
54, 72
54, 72
70, 75
71, 76
70, 77
71, 78
70, 79
70, 79
49, 64
50, 64
50, 65
49, 66
48, 66
49, 66
48, 67
47, 68
46, 68
46, 68
48, 58
48, 59
47, 59
48, 58
47, 59
47, 58
47, 58
58, 57
57, 58
58, 59
57, 60
58, 61
58, 62
57, 63
56, 62
55, 61
55, 61
49, 64
49, 65
49, 64
48, 63
47, 63
46, 63
46, 63
38, 64
37, 63
37, 62
38, 61
38, 60
37, 60
37, 61
37, 61
45, 44
44, 45
44, 46
45, 46
46, 46
46, 45
45, 44
45, 44
48, 84
49, 83
50, 83
50, 82
51, 81
51, 82
52, 83
53, 83
54, 82
53, 82
53, 82
52, 51
51, 52
52, 51
52, 50
52, 49
51, 49
50, 48
50, 48
50, 59
51, 59
50, 60
51, 61
50, 61
51, 61
50, 60
51, 60
52, 60
52, 60
56, 45
55, 45
56, 45
57, 44
56, 43
55, 44
56, 44
56, 44
64, 64
64, 65
63, 64
62, 63
61, 64
62, 64
62, 64
53, 48
53, 49
54, 49
53, 49
53, 48
52, 47
52, 47
47, 41
47, 40
47, 41
46, 42
45, 41
45, 40
44, 41
44, 41
38, 60
38, 59
38, 60
38, 61
37, 62
37, 63
37, 63
53, 46
53, 47
52, 47
53, 48
52, 47
53, 46
54, 45
54, 46
54, 46
62, 71
62, 70
61, 70
60, 70
59, 71
59, 71
57, 72
58, 73
58, 74
58, 75
59, 74
58, 73
59, 74
60, 74
60, 74
45, 68
44, 68
43, 67
44, 67
45, 68
46, 68
46, 68
47, 49
48, 49
47, 50
48, 50
48, 51
48, 50
48, 49
49, 50
49, 50
52, 59
52, 60
51, 60
51, 61
52, 61
52, 61
61, 65
62, 65
61, 66
62, 66
61, 67
60, 67
59, 68
58, 69
59, 69
59, 70
59, 70
44, 43
45, 43
44, 44
45, 45
46, 45
47, 45
47, 45
56, 65
56, 64
57, 63
57, 64
57, 63
56, 63
55, 64
55, 65
55, 64
55, 64
51, 49
52, 49
52, 50
52, 51
53, 50
53, 50
48, 59
49, 58
50, 57
50, 56
50, 57
50, 57
45, 66
44, 65
44, 64
45, 63
44, 64
43, 65
44, 64
45, 63
44, 64
44, 64
52, 81
53, 82
54, 81
55, 81
56, 81
56, 81
36, 60
35, 60
36, 60
36, 59
36, 60
36, 60
31, 72
30, 72
31, 71
31, 70
32, 69
32, 69
55, 71
54, 72
55, 73
54, 73
54, 72
54, 71
54, 72
54, 72
71, 78
70, 78
69, 77
69, 76
70, 77
71, 76
71, 76
57, 44
56, 43
56, 42
55, 42
56, 41
56, 40
56, 41
56, 41
56, 60
55, 60
56, 59
57, 58
57, 57
56, 58
57, 58
56, 58
55, 57
56, 58
56, 58
47, 64
48, 63
47, 64
48, 64
47, 64
48, 65
48, 65
49, 59
49, 60
49, 61
50, 61
51, 60
52, 59
51, 59
51, 59
53, 57
53, 56
52, 57
51, 56
52, 55
52, 54
52, 54
60, 70
59, 71
60, 72
60, 73
60, 72
60, 72
45, 68
44, 68
43, 67
42, 67
41, 67
41, 66
40, 67
39, 67
39, 67
72, 77
73, 77
72, 78
72, 79
73, 80
72, 79
71, 80
71, 80
46, 44
45, 45
44, 44
45, 45
44, 45
44, 44
45, 43
44, 43
44, 43
59, 74
58, 75
57, 76
57, 77
56, 78
55, 79
55, 79
32, 68
31, 68
32, 69
33, 69
34, 70
34, 70
57, 57
56, 57
57, 56
58, 57
59, 58
60, 59
59, 59
58, 58
58, 59
58, 59
52, 59
52, 60
53, 61
53, 60
52, 59
53, 59
53, 59
57, 81
57, 80
58, 81
57, 80
56, 81
55, 80
56, 80
57, 81
56, 82
56, 82
53, 49
54, 49
54, 48
53, 47
54, 48
53, 47
53, 47
37, 64
36, 65
35, 64
34, 63
35, 64
35, 65
35, 65
47, 64
47, 65
48, 66
47, 66
48, 67
49, 68
49, 69
49, 69
53, 72
54, 71
55, 72
56, 71
57, 72
56, 72
57, 72
56, 73
55, 74
55, 74
45, 42
45, 43
46, 42
46, 41
47, 41
46, 40
47, 40
46, 39
45, 39
44, 39
44, 39
53, 46
52, 45
53, 45
53, 46
53, 47
52, 46
51, 47
51, 46
52, 46
52, 46
43, 64
44, 65
45, 64
44, 64
45, 63
45, 63
51, 54
52, 55
52, 54
51, 54
51, 55
52, 56
53, 56
54, 55
53, 56
52, 57
52, 57
60, 69
59, 69
59, 70
60, 71
59, 70
58, 71
58, 71
36, 61
35, 61
36, 61
37, 62
36, 63
37, 64
36, 64
35, 64
36, 63
36, 63
50, 50
51, 51
50, 50
49, 51
50, 51
49, 51
48, 52
47, 53
46, 52
46, 53
46, 53
57, 41
56, 41
57, 40
57, 39
58, 40
57, 41
57, 41
49, 56
50, 56
49, 56
48, 57
47, 57
46, 57
47, 57
46, 57
46, 57
55, 63
55, 64
56, 63
57, 63
58, 64
58, 64
53, 60
54, 59
55, 59
54, 60
55, 60
54, 61
54, 61
56, 78
56, 77
56, 76
57, 76
56, 77
55, 76
55, 76
47, 56
46, 56
47, 57
46, 57
46, 56
47, 55
48, 55
47, 56
48, 57
49, 57
49, 57
56, 40
57, 41
58, 40
59, 39
59, 38
59, 38
54, 75
53, 74
53, 75
52, 74
52, 73
52, 73
54, 47
54, 46
53, 47
54, 48
55, 49
55, 49
58, 65
58, 66
57, 67
58, 68
58, 67
58, 66
57, 65
57, 65
44, 40
43, 39
44, 40
45, 40
45, 39
45, 38
45, 38
33, 71
32, 72
31, 73
32, 74
31, 74
30, 75
31, 74
31, 74
59, 72
58, 71
58, 70
59, 69
60, 70
60, 71
60, 71
71, 79
72, 79
72, 80
71, 80
72, 81
71, 81
72, 81
71, 82
70, 82
70, 82
53, 45
53, 46
53, 45
54, 46
54, 45
55, 44
55, 44
39, 68
39, 69
40, 68
41, 68
41, 69
42, 69
43, 70
43, 70
55, 81
56, 82
57, 81
57, 82
57, 81
57, 81
57, 72
57, 71
58, 70
59, 69
58, 69
58, 69
51, 58
50, 57
49, 58
49, 57
50, 58
50, 59
49, 59
49, 59
45, 44
44, 44
45, 44
46, 45
47, 46
48, 47
48, 47
48, 68
48, 67
49, 67
50, 67
49, 66
50, 67
51, 66
52, 65
53, 66
53, 66
52, 60
53, 60
54, 61
54, 62
55, 62
55, 61
54, 61
53, 61
52, 61
52, 61
46, 54
47, 53
48, 54
49, 54
49, 53
49, 53
36, 62
37, 62
36, 61
37, 61
37, 60
37, 60
35, 64
36, 64
37, 63
36, 62
35, 63
34, 63
34, 63
57, 60
56, 59
55, 58
54, 57
55, 58
54, 59
53, 58
52, 59
53, 60
53, 59
53, 59
55, 62
56, 63
56, 64
57, 64
58, 63
58, 63
46, 64
45, 63
45, 64
45, 63
45, 62
45, 61
46, 62
45, 63
44, 62
44, 62
36, 61
35, 62
35, 61
35, 60
35, 59
35, 59
35, 62
36, 62
35, 61
36, 60
36, 59
37, 58
37, 58
50, 58
49, 57
50, 57
50, 58
49, 59
48, 59
48, 59
57, 70
58, 70
57, 70
56, 70
56, 71
56, 71
46, 39
46, 38
45, 37
46, 38
46, 37
46, 36
46, 36
58, 37
59, 36
60, 37
59, 38
60, 38
60, 38
58, 82
59, 81
59, 82
60, 81
59, 81
60, 80
59, 79
59, 79
54, 67
54, 66
53, 66
54, 66
53, 65
53, 66
53, 65
54, 64
54, 63
54, 62
54, 62
31, 75
32, 76
32, 75
32, 74
33, 73
33, 73
50, 52
50, 51
49, 50
50, 49
50, 50
50, 50
54, 43
55, 43
54, 44
53, 45
54, 44
55, 44
56, 45
55, 46
55, 46
57, 64
56, 64
56, 65
55, 66
55, 67
54, 68
53, 67
53, 67
42, 71
41, 70
40, 69
39, 69
39, 68
38, 68
38, 69
38, 69
55, 50
56, 50
55, 49
54, 48
55, 49
55, 50
55, 50
51, 74
52, 75
52, 76
52, 75
51, 76
51, 77
50, 76
49, 76
50, 76
50, 75
50, 75
70, 83
71, 83
71, 82
70, 81
71, 81
72, 81
71, 81
71, 81
48, 59
47, 58
47, 57
48, 58
48, 57
49, 57
48, 56
47, 57
47, 58
47, 57
47, 57
61, 71
61, 72
60, 72
59, 71
59, 72
60, 71
59, 70
60, 71
59, 72
59, 72
52, 59
53, 58
54, 57
53, 58
54, 59
54, 58
55, 59
54, 58
54, 58
45, 63
46, 64
46, 65
45, 66
44, 67
43, 67
42, 66
42, 66
49, 47
48, 46
49, 45
49, 46
50, 46
50, 46
59, 63
58, 63
59, 62
60, 61
59, 61
58, 62
58, 63
59, 63
59, 64
60, 63
60, 63
54, 76
55, 75
55, 74
56, 75
57, 76
56, 76
55, 76
56, 76
56, 77
55, 78
55, 78
53, 60
54, 61
54, 60
55, 61
55, 62
54, 63
53, 62
52, 61
53, 61
53, 61
56, 72
55, 73
54, 74
53, 75
53, 76
52, 75
51, 74
50, 75
51, 76
50, 76
50, 76
53, 66
52, 66
52, 67
51, 67
50, 67
50, 66
50, 67
49, 67
49, 66
49, 66
53, 62
52, 63
53, 64
54, 63
53, 64
53, 64
54, 77
53, 76
53, 77
54, 77
53, 77
53, 78
52, 78
53, 77
53, 76
53, 76
45, 35
44, 35
43, 35
42, 34
42, 35
42, 34
43, 34
43, 35
43, 35
60, 80
60, 81
61, 81
62, 82
63, 83
62, 84
62, 83
63, 84
64, 83
65, 82
65, 82
59, 62
60, 63
59, 63
59, 64
60, 64
59, 65
60, 66
59, 66
59, 67
59, 68
59, 68
54, 45
54, 46
54, 47
53, 47
54, 46
55, 45
55, 45
55, 62
56, 61
57, 62
56, 63
57, 62
57, 62
58, 73
58, 72
59, 71
58, 72
58, 71
58, 71
53, 58
54, 57
53, 58
53, 57
53, 58
53, 59
52, 58
52, 58
70, 80
69, 81
68, 82
67, 83
68, 83
69, 83
68, 82
67, 81
67, 80
68, 81
68, 81
47, 58
48, 59
48, 60
49, 59
49, 60
48, 59
47, 59
48, 59
48, 59
49, 47
49, 48
48, 48
48, 49
49, 49
49, 49
46, 56
47, 57
46, 56
46, 55
46, 54
45, 53
46, 53
45, 53
45, 54
45, 54
43, 67
43, 68
42, 68
42, 67
43, 68
44, 67
44, 67
39, 70
38, 70
38, 69
37, 70
37, 71
38, 71
38, 71
38, 57
38, 56
37, 57
36, 57
35, 56
35, 56
61, 38
62, 39
61, 38
62, 39
63, 39
64, 38
64, 38
51, 75
51, 76
52, 76
53, 76
53, 77
53, 77
49, 50
48, 51
48, 52
49, 53
48, 52
47, 53
46, 53
45, 52
45, 52
36, 60
36, 61
35, 62
36, 61
36, 62
36, 62
33, 72
33, 73
32, 73
32, 74
33, 74
32, 74
33, 73
33, 74
33, 74
54, 51
53, 50
53, 51
52, 50
51, 50
51, 50
49, 50
50, 49
49, 50
50, 50
50, 49
51, 50
50, 50
49, 51
50, 51
50, 52
50, 52
56, 46
57, 47
58, 48
58, 47
57, 47
56, 46
56, 45
56, 46
57, 47
57, 47
37, 62
38, 63
39, 64
38, 65
37, 64
36, 64
35, 63
35, 63
39, 71
39, 72
40, 73
41, 73
42, 72
43, 73
43, 73
44, 68
43, 68
42, 67
43, 67
42, 66
42, 66
66, 83
67, 82
67, 81
66, 81
67, 81
66, 81
65, 80
66, 81
66, 81
48, 67
49, 68
50, 69
49, 68
50, 69
51, 70
52, 69
51, 70
51, 69
51, 68
51, 68
44, 54
44, 55
43, 56
44, 55
43, 55
43, 54
44, 55
44, 55
46, 52
47, 53
47, 52
46, 52
46, 51
46, 51
50, 75
49, 75
48, 75
47, 75
47, 76
48, 76
48, 75
48, 76
49, 75
50, 74
50, 74
58, 68
58, 67
58, 66
57, 67
57, 68
56, 68
55, 67
54, 66
54, 66
54, 64
53, 64
52, 65
51, 64
52, 65
52, 65
68, 80
69, 81
70, 80
69, 81
69, 82
68, 81
69, 80
70, 80
69, 79
68, 78
68, 78
54, 78
53, 79
53, 80
54, 80
55, 81
55, 80
54, 80
53, 79
52, 78
52, 78
33, 73
32, 73
31, 74
30, 74
29, 75
28, 75
28, 75
56, 62
55, 63
55, 62
54, 63
53, 62
52, 63
51, 63
51, 63
47, 58
47, 57
48, 58
47, 58
48, 58
47, 57
46, 56
46, 55
45, 54
46, 54
46, 54
43, 36
43, 35
42, 35
41, 34
40, 34
40, 34
53, 59
53, 58
53, 59
54, 60
54, 59
54, 60
54, 59
54, 59
54, 77
54, 76
55, 75
56, 74
55, 73
54, 73
55, 73
55, 73
65, 37
64, 37
64, 36
63, 35
64, 35
63, 34
64, 33
63, 33
62, 34
62, 34
36, 56
35, 56
36, 57
35, 58
35, 57
34, 57
35, 58
35, 58
50, 50
51, 49
50, 50
50, 49
50, 48
51, 49
51, 49
59, 70
60, 69
61, 68
61, 69
60, 69
61, 69
61, 70
62, 69
63, 70
62, 69
62, 69
39, 33
39, 34
40, 35
41, 36
42, 37
41, 36
42, 37
41, 37
42, 36
43, 35
43, 35
43, 67
42, 67
42, 66
41, 65
42, 65
43, 65
42, 64
41, 63
41, 63
43, 54
44, 54
45, 53
44, 52
43, 51
42, 51
41, 50
42, 51
41, 52
41, 52
65, 82
65, 83
66, 83
67, 82
68, 81
67, 81
67, 80
68, 79
69, 78
69, 79
69, 79
42, 73
41, 73
40, 73
40, 72
39, 71
39, 72
39, 71
40, 72
41, 73
41, 73
52, 48
52, 47
52, 48
52, 47
53, 46
52, 46
51, 47
51, 47
69, 78
70, 78
70, 79
71, 80
70, 81
69, 80
70, 80
71, 79
72, 79
73, 79
73, 79
52, 68
53, 69
53, 68
52, 68
53, 69
52, 68
53, 67
54, 67
54, 67
35, 64
35, 65
34, 66
33, 66
34, 66
34, 66
53, 64
52, 63
51, 64
52, 64
51, 63
51, 62
51, 61
51, 62
52, 61
52, 61
62, 70
63, 70
62, 71
63, 70
63, 71
64, 72
63, 71
64, 72
64, 73
64, 73
53, 59
54, 59
55, 58
54, 58
53, 59
53, 60
54, 59
55, 60
55, 60
52, 62
51, 62
52, 63
51, 63
52, 62
53, 62
54, 62
53, 61
53, 61
56, 74
57, 73
57, 74
57, 75
56, 74
56, 74
52, 77
51, 78
50, 78
51, 78
50, 78
50, 78
56, 46
55, 46
54, 46
54, 47
53, 46
52, 46
51, 45
51, 44
52, 43
53, 44
53, 44
61, 33
60, 33
61, 34
60, 35
61, 34
61, 33
61, 33
46, 55
47, 54
46, 53
46, 54
47, 54
46, 55
47, 56
47, 55
47, 56
47, 56
49, 52
48, 52
49, 53
50, 54
50, 53
50, 52
50, 53
50, 54
49, 54
49, 53
49, 53
34, 59
35, 59
35, 58
34, 57
33, 56
32, 56
32, 56
55, 66
56, 65
55, 65
54, 64
53, 63
53, 63
27, 75
28, 75
27, 76
28, 77
29, 76
29, 75
29, 75
49, 74
50, 73
49, 74
49, 73
50, 73
50, 72
50, 72
45, 52
44, 51
43, 52
42, 53
41, 53
41, 53
49, 73
50, 73
50, 72
51, 72
52, 72
51, 72
51, 72
63, 72
63, 73
64, 72
64, 73
63, 72
63, 73
63, 72
64, 73
63, 72
63, 72
44, 36
44, 35
43, 36
42, 37
43, 37
42, 37
42, 36
41, 35
41, 34
40, 33
40, 33
72, 80
73, 80
72, 79
72, 78
73, 79
73, 78
73, 79
72, 79
71, 80
70, 81
70, 81
60, 33
59, 33
60, 33
59, 33
59, 34
59, 35
58, 35
57, 36
56, 35
57, 35
57, 35
49, 52
50, 53
51, 53
51, 54
50, 54
49, 53
50, 53
49, 52
49, 52
54, 64
54, 63
53, 63
52, 63
51, 63
52, 64
53, 63
53, 63
28, 74
27, 75
27, 74
28, 75
29, 74
29, 74
52, 61
53, 61
54, 61
53, 62
54, 61
53, 61
54, 62
54, 63
54, 63
42, 52
43, 53
43, 54
42, 55
43, 55
42, 54
41, 53
41, 54
41, 54
55, 75
56, 76
57, 77
58, 78
59, 79
59, 80
60, 79
60, 79
41, 62
42, 61
42, 60
41, 59
42, 59
41, 58
40, 57
40, 57
42, 53
43, 53
42, 52
43, 53
44, 52
43, 53
44, 54
44, 54
52, 43
51, 42
52, 43
52, 44
51, 45
51, 46
51, 46
31, 55
32, 55
32, 56
31, 56
31, 57
32, 56
33, 56
33, 56
52, 47
51, 47
50, 46
51, 46
51, 47
51, 46
51, 45
51, 46
50, 45
50, 45
48, 56
49, 55
49, 54
50, 55
50, 54
49, 53
50, 54
50, 54
42, 72
41, 71
40, 72
41, 73
40, 73
41, 73
41, 73
68, 78
68, 77
69, 76
70, 77
70, 78
71, 78
71, 77
70, 76
70, 76
33, 65
33, 64
34, 65
33, 66
32, 65
31, 65
31, 64
32, 64
32, 64
51, 61
52, 62
51, 61
50, 61
50, 60
49, 60
48, 60
49, 60
48, 59
48, 59
51, 79
51, 78
50, 78
49, 77
48, 77
49, 78
48, 79
47, 78
47, 78
55, 61
54, 60
54, 59
53, 58
53, 59
52, 59
53, 60
53, 60
55, 68
56, 67
57, 68
56, 68
56, 67
55, 68
56, 69
56, 69
52, 62
53, 63
53, 64
53, 63
54, 63
54, 63
64, 73
63, 72
63, 71
62, 72
63, 73
63, 73
33, 65
32, 66
31, 65
31, 64
30, 63
30, 63
41, 32
41, 31
40, 31
41, 31
41, 30
40, 29
41, 30
41, 30
28, 75
28, 74
28, 73
29, 73
28, 73
28, 74
28, 73
28, 73
43, 55
42, 55
42, 56
41, 55
40, 56
41, 56
42, 55
41, 56
41, 56
49, 53
49, 54
48, 53
48, 54
48, 55
47, 55
48, 55
47, 56
48, 57
48, 57
47, 79
47, 78
48, 78
49, 78
48, 78
49, 79
49, 79
57, 36
57, 35
56, 35
57, 34
56, 34
56, 34
69, 82
70, 83
71, 84
70, 85
69, 84
69, 84
51, 71
50, 72
51, 71
52, 71
51, 72
52, 73
51, 74
52, 73
52, 72
52, 72
52, 61
51, 61
50, 60
51, 59
50, 60
51, 61
52, 60
53, 60
53, 60
41, 57
42, 56
41, 57
41, 56
40, 57
39, 56
39, 57
39, 57
51, 45
52, 46
51, 45
51, 44
50, 44
49, 43
50, 42
49, 43
48, 44
48, 44
55, 64
54, 64
55, 63
54, 64
53, 63
52, 62
53, 61
53, 62
54, 61
54, 61
41, 72
42, 72
41, 72
40, 72
41, 72
42, 72
41, 73
40, 72
41, 72
41, 72
52, 47
51, 47
51, 48
51, 47
52, 46
51, 46
51, 45
50, 45
49, 45
49, 45
71, 77
70, 78
69, 77
70, 78
69, 79
69, 79
47, 58
48, 57
47, 57
47, 56
48, 56
49, 55
50, 55
50, 55
49, 53
49, 54
50, 53
49, 52
50, 53
51, 54
51, 55
51, 55
59, 78
59, 77
60, 78
59, 79
58, 79
59, 78
60, 79
60, 80
60, 80
33, 57
34, 58
34, 59
34, 58
35, 59
34, 58
35, 59
34, 60
33, 60
33, 60
57, 70
57, 71
57, 70
57, 71
57, 72
58, 73
57, 73
57, 72
58, 72
58, 71
58, 71
40, 55
41, 56
40, 55
41, 55
42, 56
41, 55
42, 54
42, 53
41, 52
41, 51
41, 51
57, 71
58, 70
57, 71
56, 72
56, 73
57, 73
58, 74
58, 74
57, 34
58, 35
58, 34
57, 35
58, 35
57, 34
57, 34
38, 56
37, 57
38, 57
38, 58
39, 59
40, 59
40, 58
40, 57
40, 57
40, 57
39, 57
38, 56
39, 56
40, 57
41, 57
41, 56
40, 57
41, 58
41, 58
52, 73
53, 74
52, 73
53, 73
54, 72
55, 71
55, 70
55, 70
49, 58
48, 57
47, 56
46, 55
45, 54
44, 54
44, 54
40, 52
40, 53
39, 52
40, 51
41, 50
42, 50
43, 49
43, 50
43, 49
42, 50
42, 50
48, 45
48, 46
49, 47
48, 48
47, 49
46, 49
45, 48
44, 47
45, 46
45, 46
42, 31
41, 31
42, 31
43, 30
42, 31
41, 32
41, 31
40, 32
40, 31
41, 30
41, 30
49, 56
48, 57
47, 56
46, 56
46, 55
45, 54
44, 53
44, 53
48, 79
48, 80
48, 79
47, 80
47, 81
46, 80
46, 81
45, 80
44, 79
44, 79
70, 78
71, 78
71, 77
71, 78
72, 79
71, 79
72, 79
71, 80
70, 79
70, 78
70, 78
27, 73
28, 74
27, 75
27, 76
26, 76
26, 76
49, 46
48, 45
49, 44
49, 43
50, 44
49, 44
48, 45
47, 46
46, 46
47, 47
47, 47
32, 60
31, 61
31, 62
31, 63
31, 64
32, 65
31, 66
31, 66
42, 72
43, 73
43, 72
42, 71
43, 72
43, 72
54, 64
53, 64
52, 63
51, 64
50, 65
51, 66
51, 67
50, 68
50, 68
69, 83
70, 84
71, 84
70, 85
70, 84
71, 85
70, 86
70, 87
70, 87
53, 61
54, 60
53, 61
54, 62
55, 63
54, 63
53, 63
52, 64
53, 65
54, 64
54, 64
59, 81
58, 80
59, 80
60, 81
59, 80
59, 81
60, 81
59, 80
60, 80
60, 80
50, 55
50, 54
50, 53
51, 54
50, 53
50, 54
50, 54
55, 62
56, 62
57, 61
56, 60
57, 59
58, 59
59, 60
58, 61
58, 61
31, 64
32, 64
32, 63
33, 62
34, 63
33, 63
32, 63
32, 63
64, 72
63, 72
62, 73
62, 72
63, 73
62, 72
63, 71
63, 71
44, 54
44, 53
44, 52
43, 51
44, 52
43, 51
42, 51
42, 52
42, 52
50, 55
49, 56
50, 57
50, 56
50, 57
49, 57
49, 57
55, 64
55, 63
56, 62
57, 61
56, 62
57, 61
57, 60
57, 60
51, 69
52, 70
52, 71
53, 70
54, 70
55, 70
55, 70
45, 54
44, 54
45, 53
44, 52
44, 51
43, 51
43, 52
43, 52
46, 47
47, 46
48, 47
47, 48
46, 48
47, 48
46, 47
47, 48
48, 49
49, 48
49, 48
59, 79
60, 78
61, 78
62, 79
61, 79
61, 78
62, 78
62, 78
43, 71
44, 71
45, 71
45, 70
45, 69
46, 70
47, 71
48, 72
48, 73
47, 73
47, 73
39, 56
38, 55
37, 55
37, 54
38, 55
39, 56
38, 57
38, 56
39, 56
39, 56
57, 60
56, 61
55, 62
55, 63
55, 64
55, 64
33, 62
34, 61
33, 61
32, 61
32, 60
33, 61
33, 61
58, 35
59, 34
59, 35
58, 36
58, 37
58, 38
57, 38
57, 38
71, 86
70, 85
69, 86
68, 85
68, 86
69, 87
70, 88
71, 89
70, 88
70, 88
64, 72
65, 72
66, 72
67, 72
68, 71
68, 72
68, 71
68, 71
47, 48
46, 49
46, 50
45, 50
44, 49
44, 48
44, 47
44, 46
45, 45
46, 44
46, 44
42, 59
41, 58
42, 59
41, 60
41, 61
41, 60
42, 60
41, 61
41, 61
31, 65
30, 66
29, 66
30, 66
30, 67
29, 67
28, 66
28, 66
43, 79
43, 78
44, 79
45, 79
45, 78
45, 78
26, 75
26, 76
27, 75
26, 76
27, 77
26, 76
25, 76
25, 76
59, 75
58, 76
58, 75
57, 75
57, 74
56, 73
55, 74
56, 73
56, 73
40, 29
40, 28
39, 28
38, 27
39, 27
38, 26
38, 27
37, 27
37, 27
43, 51
42, 50
43, 49
43, 48
44, 49
44, 49
56, 69
57, 68
58, 69
59, 69
60, 68
59, 69
58, 70
57, 71
57, 71
69, 78
70, 78
70, 79
70, 78
70, 77
71, 77
72, 77
72, 78
72, 77
72, 77
44, 50
43, 50
44, 51
45, 51
46, 51
46, 52
47, 51
48, 50
49, 51
48, 52
48, 52
38, 57
37, 56
36, 56
37, 57
38, 56
38, 55
38, 56
39, 56
39, 56
55, 72
56, 73
57, 72
56, 71
56, 70
56, 71
57, 72
57, 72
27, 66
26, 65
25, 66
26, 66
27, 65
28, 65
28, 66
28, 66
61, 77
62, 76
63, 75
64, 76
63, 76
64, 76
63, 77
63, 78
63, 79
63, 79
45, 79
45, 78
46, 77
46, 76
47, 76
47, 77
47, 76
48, 77
47, 78
47, 78
37, 26
37, 25
38, 24
37, 23
38, 22
38, 22
55, 63
54, 62
55, 62
56, 63
56, 64
56, 65
56, 65
54, 69
53, 70
53, 71
52, 70
51, 69
50, 70
50, 70
43, 51
42, 50
42, 51
41, 51
40, 51
39, 51
38, 51
37, 52
37, 53
37, 53
58, 70
58, 71
59, 71
58, 71
59, 71
58, 72
58, 73
57, 74
56, 73
57, 72
57, 72
69, 71
69, 72
70, 71
71, 71
70, 70
69, 70
69, 70
40, 61
41, 62
40, 62
40, 61
39, 62
38, 62
37, 63
37, 62
37, 61
38, 60
38, 60
57, 61
56, 62
55, 61
56, 62
55, 62
55, 63
56, 62
56, 63
55, 64
55, 64
48, 57
49, 57
48, 57
47, 58
47, 59
47, 59
73, 78
73, 77
72, 78
71, 77
70, 77
69, 78
70, 77
69, 76
68, 76
69, 75
69, 75
50, 48
51, 49
50, 50
51, 51
52, 50
53, 51
53, 51
44, 51
43, 51
42, 50
42, 51
43, 52
43, 52
57, 37
57, 36
57, 37
58, 36
57, 36
57, 36
45, 45
46, 44
45, 45
44, 46
45, 46
46, 47
45, 47
44, 48
44, 48
47, 74
46, 75
45, 74
45, 73
44, 73
44, 73
69, 89
68, 89
67, 89
66, 90
66, 89
65, 88
66, 87
65, 88
64, 88
64, 87
64, 87
34, 61
33, 61
32, 60
32, 59
32, 58
33, 57
34, 57
33, 57
33, 57
24, 76
23, 76
24, 76
25, 76
24, 77
23, 77
23, 76
22, 76
22, 75
22, 75
58, 71
57, 71
57, 70
56, 70
55, 71
55, 71
43, 53
43, 54
44, 55
44, 54
44, 55
44, 55
39, 57
40, 58
40, 57
40, 56
41, 56
41, 56
21, 76
21, 75
20, 74
21, 75
21, 74
20, 73
19, 74
20, 73
20, 73
56, 71
57, 72
56, 73
57, 73
58, 72
59, 72
59, 72
50, 69
51, 70
51, 71
50, 71
51, 70
52, 71
53, 70
54, 69
53, 70
54, 71
54, 71
62, 80
61, 80
60, 81
60, 80
60, 79
60, 78
61, 77
62, 76
62, 76
39, 22
40, 23
41, 23
42, 24
41, 25
42, 25
42, 26
42, 26
64, 86
64, 85
63, 84
63, 83
64, 83
63, 84
63, 85
63, 85
48, 60
48, 59
49, 60
49, 59
49, 58
49, 59
49, 59
56, 36
56, 35
55, 35
55, 34
54, 33
53, 32
53, 32
49, 53
48, 54
47, 55
46, 54
46, 55
45, 54
45, 54
38, 59
39, 60
38, 60
38, 59
39, 60
40, 60
41, 61
40, 61
39, 61
39, 61
69, 71
69, 72
70, 73
69, 74
68, 73
68, 74
69, 74
70, 73
70, 73
45, 49
46, 49
46, 48
47, 49
48, 48
49, 47
49, 47
68, 75
67, 76
66, 77
65, 78
64, 78
64, 79
63, 79
62, 78
62, 79
63, 79
63, 79
56, 63
55, 63
54, 63
53, 64
53, 65
53, 65
55, 64
55, 65
56, 65
55, 66
55, 67
56, 68
56, 68
43, 74
43, 73
43, 74
43, 73
42, 73
41, 72
42, 72
42, 73
42, 72
42, 72
47, 79
48, 79
47, 79
47, 80
46, 79
47, 80
48, 79
49, 78
49, 78
32, 58
32, 57
33, 57
34, 58
34, 57
35, 57
36, 58
35, 57
35, 57
29, 65
30, 66
30, 65
30, 66
30, 67
29, 66
29, 66
52, 51
51, 50
51, 51
51, 50
52, 50
51, 51
50, 50
49, 51
50, 50
50, 50
36, 54
36, 55
37, 54
37, 53
38, 53
39, 52
39, 51
38, 51
37, 51
37, 51
40, 62
41, 61
42, 61
42, 60
42, 61
42, 60
42, 59
42, 59
60, 72
61, 72
62, 72
62, 73
61, 72
61, 72
55, 71
54, 71
53, 70
54, 69
54, 70
54, 71
55, 72
55, 72
42, 27
43, 26
42, 25
41, 24
42, 25
43, 24
44, 24
45, 25
44, 24
43, 24
43, 24
42, 71
42, 72
41, 72
42, 73
42, 74
41, 73
41, 73
34, 57
34, 56
34, 55
33, 56
34, 57
33, 57
33, 57
64, 80
63, 79
63, 78
64, 78
63, 77
63, 77
48, 79
48, 80
47, 81
47, 80
48, 79
47, 80
46, 81
47, 81
47, 81
21, 72
20, 71
19, 72
20, 72
19, 72
20, 71
21, 71
20, 72
20, 72
42, 56
43, 57
42, 57
41, 57
41, 56
41, 56
36, 52
37, 51
37, 52
37, 51
38, 50
37, 51
37, 52
36, 52
37, 52
37, 52
54, 33
53, 33
52, 34
52, 33
53, 32
53, 32
44, 54
43, 54
42, 53
42, 52
43, 51
42, 51
42, 51
69, 72
68, 73
69, 73
70, 74
69, 75
69, 75
30, 66
29, 66
28, 65
27, 66
28, 65
27, 64
26, 63
26, 63
54, 66
55, 66
56, 67
57, 67
56, 66
56, 66
63, 86
63, 85
64, 86
65, 85
64, 85
63, 85
64, 84
63, 83
64, 82
63, 81
63, 81
50, 60
50, 61
50, 62
51, 63
52, 63
51, 62
52, 63
51, 62
52, 63
51, 63
51, 63
49, 49
48, 48
48, 47
48, 48
47, 49
48, 50
49, 51
48, 50
49, 50
49, 50
44, 54
45, 53
46, 52
47, 52
48, 53
49, 54
48, 55
49, 55
50, 55
50, 55
54, 71
53, 71
54, 71
53, 71
54, 72
55, 73
56, 72
55, 73
55, 74
54, 73
54, 73
57, 67
56, 68
55, 69
55, 68
56, 68
55, 67
56, 67
56, 66
56, 66
50, 46
51, 46
52, 45
52, 44
53, 44
52, 44
53, 43
54, 43
53, 43
52, 44
52, 44
62, 77
63, 77
62, 78
61, 78
60, 78
59, 78
58, 77
58, 77
40, 73
41, 72
42, 73
41, 73
40, 72
40, 73
40, 74
40, 73
40, 73
56, 65
57, 64
56, 63
56, 64
55, 63
56, 63
56, 63
62, 80
61, 79
62, 78
63, 78
62, 78
62, 79
61, 79
62, 80
62, 81
61, 82
61, 82
56, 73
56, 72
56, 73
56, 72
56, 71
57, 70
58, 70
58, 71
57, 70
58, 69
58, 69
55, 65
55, 66
54, 66
55, 65
54, 66
53, 65
52, 65
53, 64
53, 64
54, 33
55, 32
54, 32
55, 32
55, 31
56, 31
55, 32
54, 32
54, 32
61, 73
62, 73
61, 73
62, 74
63, 73
63, 72
64, 72
65, 72
66, 71
66, 71
53, 44
52, 45
51, 45
52, 45
53, 46
53, 46
51, 55
51, 54
50, 54
49, 55
48, 56
47, 55
46, 55
45, 54
46, 55
46, 55
27, 62
28, 62
27, 63
28, 63
28, 64
27, 64
27, 63
26, 64
27, 63
28, 62
28, 62
69, 74
68, 73
67, 74
67, 75
66, 74
67, 75
66, 75
67, 75
68, 75
67, 76
67, 76
46, 80
47, 79
46, 78
47, 77
48, 76
47, 75
48, 74
49, 73
50, 72
50, 72
41, 60
42, 60
41, 61
40, 60
40, 61
39, 60
39, 60
53, 72
54, 73
55, 73
54, 73
53, 74
52, 74
51, 75
51, 74
51, 74
52, 62
51, 61
50, 61
50, 62
49, 61
50, 62
50, 61
51, 60
51, 59
51, 59
63, 78
63, 77
64, 76
64, 75
65, 74
66, 74
66, 74
42, 23
43, 22
44, 23
45, 23
44, 24
44, 24
21, 71
22, 71
21, 70
22, 69
22, 68
22, 69
22, 69
41, 50
41, 49
42, 50
42, 49
43, 49
43, 49
33, 56
34, 57
35, 56
35, 57
34, 58
35, 58
35, 57
35, 56
36, 57
35, 58
35, 58
36, 51
37, 50
38, 50
39, 51
39, 52
38, 51
39, 52
40, 52
40, 52
57, 78
57, 77
56, 76
55, 76
54, 77
55, 77
55, 77
48, 49
48, 50
49, 51
48, 51
49, 51
48, 50
47, 51
47, 50
47, 50
41, 57
40, 56
39, 56
38, 56
37, 57
37, 57
56, 78
57, 79
57, 80
57, 81
56, 80
55, 81
55, 81
40, 59
39, 60
39, 61
40, 62
39, 63
38, 64
37, 64
36, 63
35, 62
35, 62
59, 70
60, 70
59, 69
58, 70
59, 70
60, 71
60, 71
46, 49
45, 50
44, 49
43, 48
44, 47
44, 46
44, 46
55, 33
55, 34
56, 35
55, 34
54, 34
53, 35
52, 35
52, 36
52, 37
53, 37
53, 37
66, 70
65, 70
66, 69
67, 70
68, 69
68, 70
69, 70
68, 69
68, 69
45, 54
45, 53
44, 54
44, 55
43, 54
44, 54
44, 54
27, 63
26, 62
26, 61
25, 61
24, 62
23, 61
23, 60
23, 60
21, 70
21, 71
20, 72
21, 72
22, 73
22, 74
22, 73
23, 73
23, 73
66, 75
67, 76
68, 77
69, 78
70, 79
69, 78
70, 77
69, 77
68, 78
69, 79
69, 79
44, 25
43, 26
44, 26
43, 25
44, 25
45, 24
46, 24
46, 25
45, 25
46, 26
46, 26
49, 72
49, 73
48, 74
49, 74
48, 74
49, 75
49, 75
62, 82
63, 81
62, 82
63, 81
63, 80
62, 81
63, 82
63, 83
64, 82
65, 82
65, 82
39, 51
40, 52
41, 51
42, 50
43, 50
44, 50
44, 49
44, 48
44, 48
39, 74
39, 75
40, 74
41, 73
40, 72
39, 73
39, 72
38, 72
39, 73
39, 73
52, 64
51, 64
52, 65
52, 66
51, 65
51, 65
34, 57
34, 58
34, 57
35, 58
35, 59
34, 58
34, 59
34, 59
44, 49
44, 48
45, 47
44, 48
43, 48
42, 47
41, 48
40, 47
39, 47
39, 47
52, 75
52, 76
53, 77
53, 78
52, 79
51, 79
52, 78
52, 79
52, 80
52, 80
52, 60
52, 61
52, 62
52, 63
53, 62
53, 62
57, 62
58, 63
57, 63
56, 64
57, 64
57, 64
68, 76
69, 75
68, 75
68, 76
67, 77
67, 76
68, 77
69, 78
69, 78
38, 56
39, 56
38, 56
37, 55
38, 55
38, 56
38, 56
52, 45
53, 46
54, 46
53, 46
54, 45
54, 46
55, 45
56, 46
56, 46
45, 47
44, 47
44, 46
44, 47
44, 46
44, 45
45, 46
46, 47
45, 48
45, 48
23, 61
24, 61
23, 62
24, 63
24, 64
24, 64
61, 70
61, 71
62, 70
62, 71
63, 70
64, 70
65, 71
64, 72
64, 73
64, 73
45, 47
44, 47
45, 48
46, 48
45, 48
45, 47
44, 47
44, 47
35, 63
36, 62
37, 62
36, 62
37, 63
38, 64
38, 64
68, 77
69, 77
70, 77
69, 77
68, 78
68, 77
68, 76
69, 77
70, 78
69, 79
69, 79
39, 72
40, 71
41, 70
40, 70
39, 70
38, 69
38, 70
38, 70
51, 80
52, 79
53, 80
52, 79
53, 79
53, 78
52, 79
52, 79
43, 54
44, 54
43, 53
44, 52
43, 53
44, 53
44, 52
45, 53
45, 53
48, 75
47, 75
47, 74
47, 75
47, 76
48, 75
47, 74
47, 73
46, 73
47, 73
47, 73
22, 72
22, 73
23, 72
23, 73
22, 72
23, 73
22, 72
21, 73
21, 73
54, 62
54, 63
54, 64
53, 63
52, 62
51, 62
51, 63
51, 64
52, 63
51, 63
51, 63
38, 46
39, 47
38, 47
39, 48
38, 48
39, 48
38, 47
38, 47
58, 63
57, 62
58, 61
58, 60
59, 59
58, 60
59, 59
59, 59
33, 60
34, 60
35, 60
34, 61
33, 62
33, 63
32, 63
32, 63
64, 82
64, 81
65, 82
64, 83
65, 83
66, 84
65, 85
66, 85
65, 86
65, 87
65, 87
45, 26
46, 26
47, 25
46, 24
47, 24
46, 24
45, 25
46, 24
46, 23
47, 24
47, 24
55, 82
55, 83
55, 82
54, 82
53, 81
52, 82
52, 81
52, 82
52, 82
68, 70
68, 71
69, 72
69, 71
68, 71
67, 71
66, 72
66, 73
66, 72
65, 71
65, 71
55, 46
54, 45
54, 46
53, 47
52, 46
51, 47
51, 48
51, 49
51, 49
54, 38
55, 37
54, 38
53, 38
52, 38
51, 39
50, 39
49, 40
48, 39
48, 39
52, 64
51, 64
51, 63
52, 62
51, 63
52, 63
52, 62
53, 63
52, 64
52, 64
70, 79
70, 80
71, 80
70, 80
69, 81
69, 82
70, 81
69, 81
68, 81
68, 82
68, 82
37, 57
38, 58
39, 57
38, 58
39, 58
38, 57
37, 57
37, 56
37, 57
37, 58
37, 58
39, 64
39, 65
38, 64
38, 65
37, 66
38, 67
38, 66
37, 66
36, 66
37, 65
37, 65
64, 70
64, 69
65, 69
64, 70
65, 70
65, 70
52, 49
51, 50
51, 51
52, 51
51, 50
51, 50
45, 48
44, 47
45, 47
46, 47
47, 46
47, 45
46, 44
46, 44
46, 25
46, 26
47, 25
48, 26
47, 27
47, 28
48, 28
48, 29
49, 29
49, 29
68, 83
69, 83
68, 83
69, 84
68, 85
68, 86
69, 86
69, 87
69, 87
32, 64
33, 64
32, 63
33, 63
33, 62
33, 63
33, 63
51, 65
51, 64
51, 65
51, 64
52, 65
51, 66
52, 66
51, 66
51, 66
51, 79
52, 80
53, 79
53, 80
54, 80
55, 80
54, 80
53, 81
54, 80
55, 81
55, 81
53, 82
52, 82
53, 83
52, 84
53, 84
53, 84
20, 73
21, 74
20, 74
19, 74
20, 75
19, 74
19, 74
39, 69
40, 68
40, 69
39, 70
40, 70
39, 70
38, 69
38, 68
39, 68
38, 69
38, 69
49, 39
48, 38
49, 38
48, 38
49, 38
49, 39
49, 38
50, 39
50, 38
50, 38
37, 48
36, 48
36, 49
37, 49
38, 50
37, 50
38, 50
39, 50
39, 50
65, 86
65, 87
65, 88
64, 88
65, 87
65, 87
46, 52
46, 53
45, 54
46, 53
45, 54
44, 53
43, 53
42, 53
41, 53
41, 53
46, 72
46, 71
45, 70
44, 70
43, 71
43, 71
23, 64
23, 65
22, 64
23, 63
22, 62
22, 62
52, 64
52, 63
53, 63
54, 62
54, 63
55, 63
55, 63
70, 79
69, 78
69, 77
69, 78
68, 77
69, 78
69, 79
69, 79
46, 49
45, 49
45, 48
46, 49
45, 50
44, 50
44, 50
60, 60
59, 61
60, 60
61, 61
61, 62
61, 61
62, 62
62, 63
62, 63
37, 57
37, 56
36, 57
35, 57
36, 57
37, 58
37, 59
36, 60
35, 59
35, 59
63, 72
62, 71
61, 70
62, 69
61, 70
62, 70
62, 69
62, 69
36, 58
36, 59
35, 59
34, 60
35, 60
36, 59
35, 58
34, 58
33, 58
33, 58
48, 28
47, 29
47, 28
46, 28
47, 27
48, 26
47, 26
46, 27
45, 26
45, 27
45, 27
45, 43
44, 44
43, 43
44, 44
43, 43
43, 43
38, 49
37, 50
38, 49
37, 48
38, 48
38, 49
38, 49
66, 87
67, 87
68, 86
69, 87
68, 87
69, 88
69, 88
36, 65
37, 64
37, 65
37, 64
36, 64
35, 63
35, 62
35, 62
63, 69
63, 70
63, 71
63, 70
63, 71
63, 70
63, 69
63, 69
51, 67
50, 67
50, 68
50, 67
51, 68
52, 69
53, 68
53, 67
53, 67
55, 62
54, 63
55, 63
54, 64
53, 64
53, 64
41, 54
42, 53
42, 52
43, 53
42, 52
42, 52
21, 63
21, 62
22, 62
21, 61
22, 61
22, 60
21, 61
22, 60
21, 61
21, 62
21, 62
70, 80
70, 79
69, 80
68, 79
69, 79
69, 79
51, 37
50, 36
50, 35
49, 34
50, 34
49, 34
50, 35
49, 36
48, 36
48, 36
43, 72
42, 71
43, 71
44, 72
45, 71
46, 70
45, 71
45, 71
32, 62
31, 63
32, 62
32, 63
32, 64
32, 63
32, 63
53, 85
52, 86
51, 87
52, 86
51, 86
50, 86
50, 85
49, 86
49, 85
50, 86
50, 86
61, 62
62, 62
62, 61
63, 60
64, 59
65, 60
65, 59
65, 59
19, 73
19, 74
20, 73
21, 74
20, 74
20, 74
70, 86
71, 87
71, 86
71, 87
70, 88
71, 87
72, 88
71, 87
71, 87
65, 69
64, 70
65, 70
65, 69
66, 69
65, 68
65, 69
66, 70
66, 70
44, 49
44, 50
43, 50
44, 49
45, 48
45, 47
46, 47
46, 47
56, 82
57, 82
56, 82
55, 82
56, 83
57, 82
56, 82
55, 81
55, 82
56, 81
56, 81
51, 51
52, 52
53, 52
52, 52
53, 53
53, 53
37, 68
36, 67
36, 66
35, 66
35, 67
34, 68
34, 67
33, 66
34, 67
35, 68
35, 68
51, 85
51, 85
50, 85
50, 85
51, 84
52, 83
53, 82
54, 82
54, 82
55, 81
56, 80
57, 79
57, 79
68, 87
68, 88
68, 88
68, 87
68, 86
68, 86
68, 85
68, 85
36, 63
36, 64
36, 64
37, 65
38, 66
39, 67
40, 68
41, 69
42, 68
42, 68
42, 68
56, 80
56, 80
55, 81
54, 82
53, 83
52, 84
51, 84
50, 84
50, 84
50, 84
70, 86
69, 85
68, 84
67, 83
66, 83
66, 83
65, 82
65, 82
46, 72
47, 73
48, 73
48, 73
49, 74
48, 73
48, 73
49, 74
50, 75
50, 75
36, 69
37, 70
38, 71
39, 72
39, 71
39, 71
40, 72
41, 73
42, 73
43, 73
43, 73
43, 73
54, 54
54, 55
54, 55
53, 55
53, 55
54, 56
55, 57
56, 57
56, 57
57, 58
58, 59
59, 60
59, 60
44, 44
45, 45
46, 46
47, 47
48, 48
49, 49
50, 50
51, 51
52, 52
52, 52
43, 53
44, 54
46, 56
47, 57
48, 58
49, 59
50, 60
50, 61
50, 62
50, 63
50, 64
50, 65
50, 66
50, 66
65, 71
64, 72
63, 72
63, 72
62, 73
61, 74
61, 73
61, 73
60, 74
59, 75
58, 76
58, 76
33, 64
34, 65
35, 66
36, 67
37, 68
38, 69
38, 69
39, 50
38, 50
38, 50
39, 51
40, 52
41, 53
42, 54
43, 55
44, 56
46, 58
47, 59
48, 60
49, 61
50, 62
51, 63
52, 64
53, 65
54, 66
54, 66
46, 28
47, 29
48, 30
49, 31
50, 32
51, 33
52, 34
52, 34
21, 75
22, 76
21, 76
21, 76
22, 77
23, 78
24, 79
25, 79
24, 79
24, 79
24, 79
64, 60
63, 61
62, 62
61, 63
60, 64
60, 65
60, 65
60, 66
60, 66
49, 37
50, 38
51, 37
51, 37
51, 36
51, 36
52, 37
53, 38
54, 39
55, 40
56, 41
56, 42
56, 42
56, 42
34, 59
35, 59
35, 59
36, 60
37, 61
38, 62
37, 61
37, 61
38, 62
39, 63
39, 63
22, 63
23, 64
24, 63
24, 63
25, 64
26, 65
27, 66
28, 67
27, 66
27, 66
28, 67
29, 68
29, 68
52, 64
52, 64
53, 65
54, 66
55, 67
55, 68
56, 67
56, 67
56, 67
64, 70
65, 71
66, 72
65, 73
65, 73
66, 72
66, 72
67, 73
68, 74
69, 75
69, 75
68, 80
69, 79
69, 79
68, 80
67, 81
66, 82
65, 83
64, 83
64, 83
63, 84
63, 84
47, 48
48, 49
48, 50
48, 50
49, 51
50, 52
51, 53
52, 54
53, 55
52, 54
52, 54
53, 55
53, 55
52, 68
52, 69
52, 70
52, 71
52, 72
52, 73
52, 74
52, 75
52, 75
57, 43
57, 44
57, 44
59, 46
60, 47
61, 48
62, 49
63, 50
64, 51
65, 52
66, 53
68, 55
68, 56
68, 57
68, 58
68, 59
68, 60
68, 61
68, 62
68, 63
68, 64
68, 66
68, 67
68, 68
68, 69
68, 70
68, 71
68, 72
68, 73
68, 74
68, 75
68, 75
68, 75
68, 75
68, 75
68, 75
25, 80
26, 81
28, 83
29, 84
30, 85
31, 86
32, 86
33, 86
35, 86
36, 86
37, 86
38, 86
39, 86
41, 86
42, 86
43, 86
44, 86
45, 86
46, 86
47, 86
48, 86
49, 86
50, 86
50, 86
40, 64
39, 64
39, 64
40, 65
41, 66
42, 67
43, 68
44, 69
45, 70
46, 71
46, 71
39, 70
40, 71
41, 72
42, 73
43, 74
43, 74
57, 75
57, 75
58, 76
59, 77
59, 76
59, 76
60, 77
61, 77
61, 77
44, 74
45, 75
44, 76
44, 76
45, 77
46, 78
47, 79
47, 79
54, 56
54, 56
53, 57
52, 58
51, 59
51, 60
51, 61
51, 61
51, 67
52, 68
53, 69
54, 70
54, 70
55, 71
56, 72
57, 73
58, 74
59, 75
59, 75
53, 35
54, 36
55, 37
56, 38
57, 39
57, 39
50, 76
50, 77
50, 78
50, 79
50, 80
50, 81
50, 82
50, 83
50, 84
50, 84
53, 74
52, 74
52, 74
51, 74
51, 74
52, 73
53, 72
54, 72
54, 72
53, 71
53, 71
53, 71
43, 69
44, 70
45, 71
46, 72
46, 73
46, 73
47, 74
48, 75
48, 75
56, 80
55, 81
54, 82
53, 83
52, 83
51, 82
51, 82
51, 83
51, 83
50, 83
50, 83
50, 83
55, 68
55, 68
56, 69
56, 69
55, 70
55, 70
56, 71
57, 72
58, 73
59, 74
60, 75
61, 76
61, 76
68, 76
67, 76
68, 75
68, 75
67, 76
66, 75
66, 75
65, 76
65, 76
62, 83
62, 82
62, 82
61, 81
60, 80
59, 79
59, 79
51, 53
51, 53
52, 54
53, 55
54, 56
55, 57
55, 57
56, 58
57, 59
58, 60
58, 61
58, 61
67, 86
66, 87
65, 88
65, 89
65, 89
64, 89
64, 89
53, 67
54, 68
54, 68
53, 69
54, 68
54, 68
54, 69
54, 69
53, 70
52, 71
52, 71
51, 83
52, 82
53, 81
54, 80
55, 79
56, 78
56, 78
61, 66
61, 66
60, 66
60, 66
59, 67
58, 68
57, 69
56, 70
55, 71
55, 72
56, 72
56, 72
56, 72
64, 81
63, 80
62, 79
61, 78
60, 77
59, 76
59, 75
59, 74
59, 74
60, 61
59, 60
59, 60
60, 61
60, 62
60, 62
61, 63
61, 63
30, 69
31, 70
32, 71
33, 72
34, 73
35, 74
35, 74
49, 76
50, 77
51, 78
52, 79
53, 80
54, 81
55, 82
56, 83
56, 84
56, 84
57, 85
57, 85
63, 88
63, 87
62, 86
62, 86
63, 85
63, 84
63, 83
63, 82
63, 81
63, 81
63, 81
50, 83
50, 83
51, 84
52, 85
53, 86
54, 87
55, 87
56, 87
57, 87
57, 87
59, 61
59, 61
58, 62
59, 63
59, 63
60, 62
60, 62
59, 63
58, 64
57, 65
56, 66
56, 66
55, 79
54, 79
54, 79
53, 80
54, 80
54, 80
53, 81
53, 81
60, 78
60, 79
60, 79
59, 80
58, 81
59, 82
59, 82
59, 82
62, 64
63, 65
64, 66
65, 67
65, 68
65, 69
64, 70
64, 70
65, 71
65, 72
65, 72
60, 73
60, 73
59, 74
59, 75
59, 75
58, 76
57, 76
57, 76
67, 76
66, 77
66, 76
66, 76
65, 77
64, 78
63, 79
62, 80
61, 79
61, 79
60, 80
60, 80
47, 72
48, 73
49, 74
50, 75
51, 76
52, 77
52, 78
52, 78
52, 77
52, 77
53, 78
53, 78
36, 73
37, 72
38, 71
39, 71
40, 71
41, 71
42, 71
43, 71
44, 71
44, 71
50, 84
50, 84
51, 83
52, 82
53, 81
54, 80
55, 79
56, 78
55, 78
55, 78
56, 77
57, 76
57, 76
53, 72
54, 73
55, 74
56, 75
57, 75
58, 75
59, 75
60, 74
60, 74
60, 74
44, 75
44, 74
44, 74
44, 75
44, 75
45, 76
46, 77
46, 77
64, 77
63, 78
63, 78
63, 78
63, 78
63, 78
63, 78
63, 78
63, 78
62, 78
62, 78
62, 78
62, 77
63, 77
62, 76
62, 76
63, 77
64, 77
65, 77
65, 77
65, 77
58, 76
58, 77
58, 78
58, 79
58, 80
58, 81
58, 82
58, 83
58, 83
48, 79
49, 79
50, 79
51, 79
52, 78
52, 78
53, 79
54, 79
55, 79
55, 79
55, 79
55, 79
58, 38
58, 38
59, 39
59, 40
59, 40
59, 39
59, 39
60, 40
61, 41
63, 43
64, 44
65, 45
66, 46
67, 47
68, 48
70, 50
70, 51
70, 52
70, 53
70, 54
70, 55
70, 56
70, 57
69, 58
69, 58
69, 58
52, 62
53, 63
54, 64
55, 65
54, 65
54, 65
55, 66
55, 67
55, 68
54, 68
54, 68
55, 69
55, 69
55, 73
55, 74
55, 75
54, 76
54, 76
55, 77
55, 77
55, 77
54, 72
55, 73
55, 72
55, 72
56, 73
57, 74
57, 74
60, 80
61, 80
61, 80
62, 81
63, 82
63, 83
63, 84
63, 85
63, 85
63, 85
51, 87
52, 88
53, 88
54, 88
55, 88
56, 88
57, 88
57, 88
45, 72
46, 73
47, 74
46, 73
46, 73
47, 74
48, 75
48, 75
57, 86
57, 86
58, 85
59, 84
58, 83
58, 83
59, 83
60, 83
61, 83
62, 83
62, 83
58, 77
59, 78
60, 78
61, 78
62, 78
63, 78
64, 78
65, 78
66, 78
66, 78
54, 78
53, 79
52, 79
52, 79
51, 80
50, 81
50, 82
50, 83
50, 84
51, 84
51, 84
50, 83
50, 83
50, 83
64, 76
63, 75
62, 74
62, 74
61, 74
60, 74
59, 74
58, 74
57, 74
57, 74
59, 79
58, 78
58, 77
58, 76
58, 75
58, 75
56, 87
56, 87
57, 86
58, 85
59, 84
59, 83
59, 83
60, 82
60, 82
56, 80
57, 80
58, 80
59, 80
59, 80
59, 80
59, 80
59, 80
59, 80
59, 80
59, 80
56, 89
56, 89
55, 88
54, 87
53, 86
52, 85
51, 84
51, 83
51, 84
51, 84
51, 84
54, 70
53, 71
52, 72
53, 72
53, 72
52, 73
51, 74
51, 74
55, 67
55, 67
54, 68
53, 69
53, 70
53, 71
53, 72
53, 72
59, 75
58, 76
57, 75
57, 75
56, 76
55, 77
54, 78
53, 79
52, 80
52, 80
58, 77
59, 78
60, 78
61, 78
62, 78
63, 78
63, 78
62, 79
62, 79
61, 80
62, 81
62, 81
61, 82
60, 83
59, 83
58, 83
57, 83
56, 83
55, 83
55, 83
45, 77
45, 77
46, 76
47, 76
48, 76
49, 76
50, 76
49, 75
49, 75
50, 74
50, 74
51, 75
52, 76
52, 76
64, 73
63, 74
62, 75
61, 76
60, 77
59, 78
58, 79
57, 79
57, 79
57, 79
58, 81
57, 80
56, 79
56, 79
56, 78
56, 79
56, 79
56, 78
56, 78
56, 78
70, 59
69, 58
69, 58
69, 59
69, 59
70, 60
71, 59
71, 59
70, 60
70, 62
70, 63
70, 64
70, 65
70, 66
70, 67
70, 68
70, 69
70, 69
63, 84
63, 83
63, 82
63, 81
63, 80
63, 79
63, 78
62, 78
62, 78
63, 77
63, 77
56, 75
55, 76
54, 77
55, 78
55, 78
54, 79
53, 80
52, 81
52, 81
54, 80
55, 79
56, 78
57, 77
58, 76
59, 76
60, 76
61, 76
62, 76
62, 77
62, 77
62, 77
54, 79
55, 80
55, 80
55, 81
55, 81
56, 80
57, 79
58, 79
59, 79
60, 79
61, 79
62, 78
62, 78
62, 78
64, 82
65, 82
66, 82
66, 83
66, 83
67, 82
68, 82
68, 82
59, 82
59, 82
60, 83
59, 84
59, 84
60, 83
59, 84
59, 84
59, 84
60, 81
61, 82
62, 83
63, 84
64, 85
65, 86
66, 87
65, 87
65, 87
66, 88
67, 89
67, 89
51, 82
52, 81
53, 80
54, 79
54, 80
54, 80
55, 79
56, 79
57, 79
58, 79
59, 78
59, 78
59, 78
53, 82
54, 83
55, 84
56, 85
57, 85
57, 85
58, 86
57, 87
57, 87
57, 87
63, 79
62, 78
62, 78
63, 79
63, 80
63, 81
63, 81
63, 82
63, 83
63, 84
63, 84
62, 77
61, 76
61, 75
61, 76
61, 76
61, 75
61, 75
49, 76
50, 77
51, 78
51, 78
52, 79
53, 80
54, 81
53, 80
53, 80
54, 81
54, 81
67, 81
66, 80
65, 79
65, 80
65, 80
64, 79
64, 79
64, 76
65, 75
65, 75
66, 74
67, 73
68, 72
69, 71
70, 70
70, 70
69, 70
69, 70
69, 70
59, 76
59, 77
59, 77
59, 78
59, 78
60, 79
61, 80
62, 81
61, 82
61, 82
62, 83
63, 84
64, 85
64, 85
58, 75
59, 75
59, 75
60, 76
61, 77
60, 76
60, 76
61, 75
61, 75
61, 76
61, 76
61, 76
52, 73
53, 73
54, 73
55, 73
56, 73
57, 73
58, 73
59, 73
60, 74
60, 74
60, 74
56, 82
57, 81
58, 80
59, 79
60, 78
60, 77
60, 77
59, 76
59, 76
60, 75
61, 74
61, 74
53, 79
53, 78
53, 77
53, 76
53, 75
53, 74
53, 73
54, 73
54, 73
54, 73
58, 85
57, 86
56, 85
56, 85
57, 86
57, 87
57, 87
57, 87
52, 83
53, 82
53, 82
54, 81
55, 80
56, 79
57, 78
58, 77
59, 78
59, 78
59, 78
57, 77
58, 76
59, 75
60, 74
61, 73
62, 73
63, 73
64, 73
65, 73
65, 73
65, 73
56, 80
55, 81
55, 80
55, 80
54, 81
53, 82
53, 82
71, 69
71, 69
70, 70
69, 71
68, 72
68, 73
68, 73
69, 73
69, 73
68, 74
67, 75
67, 75
63, 82
64, 81
65, 81
65, 80
65, 80
65, 81
65, 81
65, 81
65, 81
65, 81
66, 82
66, 82
65, 81
65, 81
53, 75
54, 74
55, 73
56, 72
57, 71
57, 70
57, 70
57, 70
57, 70
57, 70
61, 78
61, 78
60, 77
60, 77
61, 76
62, 75
62, 75
61, 74
61, 73
61, 73
61, 73
54, 73
55, 74
56, 75
57, 76
58, 77
58, 76
58, 76
58, 76
65, 79
65, 78
65, 78
64, 79
63, 80
62, 81
63, 81
63, 81
62, 82
61, 83
60, 84
60, 84
59, 81
58, 80
57, 79
56, 78
56, 77
56, 76
56, 75
57, 74
57, 74
56, 74
56, 74
56, 74
66, 74
67, 75
68, 76
68, 77
68, 78
68, 79
68, 80
68, 80
68, 81
69, 81
69, 81
69, 82
69, 82
69, 82
61, 73
61, 73
60, 74
61, 75
61, 75
60, 76
60, 77
61, 77
61, 77
61, 77
56, 71
55, 70
55, 70
56, 71
56, 71
55, 72
54, 73
53, 74
53, 75
53, 76
53, 76
53, 76
59, 76
60, 76
59, 77
59, 77
58, 76
58, 76
59, 76
58, 75
58, 75
59, 76
59, 76
66, 88
67, 89
67, 89
66, 88
65, 87
64, 86
64, 86
62, 77
63, 78
64, 79
64, 79
65, 80
66, 81
67, 82
68, 83
69, 82
69, 82
69, 82
62, 76
61, 75
61, 75
62, 76
62, 75
62, 75
63, 76
64, 77
63, 77
63, 77
64, 78
64, 78
58, 88
58, 89
58, 90
58, 90
57, 89
57, 89
58, 90
58, 90
58, 90
58, 90
63, 84
63, 83
63, 82
63, 82
63, 82
63, 82
63, 82
56, 86
55, 85
54, 84
53, 83
52, 83
52, 83
52, 83
54, 81
55, 80
56, 79
57, 78
58, 77
59, 76
60, 75
61, 74
61, 74
61, 83
62, 82
63, 81
64, 80
65, 79
65, 80
65, 80
65, 80
68, 71
67, 72
66, 73
66, 73
66, 73
66, 73
66, 73
55, 80
56, 79
57, 79
58, 79
59, 79
60, 79
61, 79
61, 79
58, 79
57, 80
56, 81
55, 82
54, 82
53, 82
52, 82
52, 82
52, 82
52, 82
61, 75
62, 76
63, 77
64, 78
65, 79
65, 79
62, 85
61, 86
62, 87
62, 87
61, 88
60, 89
61, 89
61, 89
60, 90
60, 90
58, 79
57, 80
56, 80
55, 80
54, 80
53, 80
53, 80
53, 80
57, 75
58, 75
59, 75
59, 75
59, 76
59, 76
60, 75
61, 75
62, 75
62, 75
55, 74
56, 75
57, 76
58, 77
59, 78
60, 79
61, 80
62, 79
62, 79
62, 80
62, 81
62, 81
62, 74
63, 75
64, 76
65, 77
66, 78
67, 79
67, 79
67, 79
66, 76
65, 77
64, 78
63, 79
62, 79
61, 79
61, 79
61, 79
61, 79
61, 79
65, 80
66, 81
67, 82
67, 83
67, 84
67, 84
66, 85
66, 85
66, 85
65, 80
65, 80
64, 81
64, 81
63, 81
62, 80
62, 80
61, 81
60, 81
59, 81
59, 81
59, 81
65, 84
64, 83
63, 82
62, 82
61, 82
61, 82
63, 77
62, 76
61, 75
60, 75
59, 75
60, 74
60, 74
59, 75
58, 75
58, 75
51, 82
51, 82
52, 81
53, 82
53, 82
54, 81
55, 80
56, 79
56, 79
54, 79
55, 78
55, 77
55, 76
55, 75
55, 74
54, 75
54, 75
54, 75
64, 80
63, 81
62, 82
61, 83
60, 83
59, 82
59, 82
58, 83
57, 83
56, 83
56, 83
68, 83
68, 84
68, 84
68, 84
68, 84
68, 84
68, 80
69, 80
69, 80
68, 81
68, 82
68, 82
68, 83
68, 84
68, 85
68, 85
68, 85
65, 74
64, 75
63, 76
62, 77
62, 77
61, 78
60, 79
60, 80
60, 80
69, 83
69, 83
68, 82
67, 81
67, 80
67, 79
67, 79
63, 85
63, 85
62, 84
62, 84
61, 85
61, 85
62, 86
63, 87
64, 88
64, 88
65, 89
66, 90
67, 90
67, 90
58, 89
57, 90
57, 90
58, 89
58, 88
58, 87
58, 86
58, 85
58, 84
58, 84
61, 76
61, 75
62, 74
62, 74
63, 73
63, 73
62, 72
61, 71
61, 71
61, 71
62, 80
63, 81
63, 82
63, 83
63, 84
63, 84
63, 84
63, 84
63, 84
62, 76
62, 76
62, 77
62, 78
62, 79
62, 80
61, 81
61, 81
62, 82
62, 82
64, 81
64, 81
64, 82
64, 83
65, 84
65, 84
64, 85
64, 86
64, 87
64, 87
64, 87
64, 87
62, 73
63, 72
64, 71
65, 70
66, 69
66, 69
67, 68
67, 68
66, 69
66, 69
67, 70
67, 70
66, 70
65, 70
65, 70
62, 80
61, 81
61, 81
62, 82
63, 82
63, 82
63, 83
63, 84
63, 84
63, 84
61, 80
60, 79
59, 78
58, 77
57, 76
56, 75
55, 75
54, 74
54, 74
53, 75
53, 75
58, 82
57, 82
57, 82
56, 83
55, 84
54, 85
53, 86
52, 86
51, 86
51, 86
51, 86
51, 86
59, 89
60, 89
60, 89
59, 88
59, 87
59, 86
59, 85
59, 84
59, 84
60, 75
61, 74
62, 73
63, 72
64, 71
63, 71
63, 71
64, 70
64, 70
54, 75
55, 74
56, 74
55, 75
55, 75
56, 74
57, 74
56, 73
56, 73
57, 74
58, 74
58, 73
58, 73
58, 73
53, 82
54, 81
55, 80
56, 79
57, 79
58, 79
58, 79
58, 79
57, 78
57, 78
58, 79
58, 79
64, 79
64, 78
64, 78
63, 78
62, 78
61, 78
61, 78
60, 72
59, 73
58, 74
57, 75
56, 76
55, 77
54, 78
53, 79
53, 79
67, 84
68, 84
68, 84
67, 83
68, 82
68, 82
67, 81
66, 80
66, 80
54, 76
55, 77
55, 76
55, 76
56, 77
57, 78
56, 77
56, 77
57, 78
58, 79
59, 80
60, 81
60, 81
66, 89
66, 89
65, 88
64, 88
64, 88
63, 87
62, 86
61, 85
60, 84
60, 85
60, 85
60, 84
60, 84
57, 78
56, 77
55, 76
54, 75
54, 75
55, 76
55, 76
54, 76
54, 76
51, 85
51, 85
52, 84
51, 85
51, 85
50, 85
50, 85
51, 84
50, 85
50, 85
50, 84
50, 84
50, 84
55, 80
55, 80
54, 80
54, 80
55, 79
56, 78
56, 77
56, 77
56, 78
56, 78
57, 77
58, 76
58, 76
58, 76
60, 81
60, 80
60, 79
60, 79
60, 79
60, 79
60, 79
60, 79
60, 79
66, 80
67, 80
67, 80
66, 81
66, 80
66, 80
66, 79
66, 79
65, 80
64, 81
63, 81
63, 81
67, 85
68, 86
68, 86
67, 87
66, 88
65, 89
66, 90
66, 90
66, 90
53, 74
52, 73
52, 73
52, 73
52, 73
52, 73
52, 73
52, 73
52, 73
52, 73
52, 73
65, 88
66, 89
66, 89
67, 88
66, 89
66, 89
67, 88
68, 88
69, 88
69, 88
65, 71
66, 71
66, 71
66, 72
66, 73
66, 74
66, 74
64, 85
65, 86
65, 86
65, 87
65, 87
64, 88
64, 88
64, 88
57, 72
57, 72
56, 73
56, 73
55, 73
55, 73
56, 74
57, 74
58, 74
59, 74
60, 74
61, 74
62, 74
62, 74
58, 84
57, 84
56, 84
55, 84
54, 84
54, 84
57, 83
56, 82
56, 81
56, 80
56, 80
56, 80
56, 80
56, 80
60, 77
59, 76
58, 75
57, 74
57, 74
56, 74
55, 74
54, 74
53, 74
52, 74
52, 74
65, 71
66, 71
66, 71
65, 72
65, 73
65, 73
64, 72
64, 72
63, 71
63, 71
63, 71
57, 82
57, 81
57, 80
56, 81
56, 81
57, 80
57, 79
57, 78
57, 77
57, 76
57, 75
57, 75
59, 74
60, 74
60, 74
61, 73
62, 72
63, 71
64, 70
64, 69
64, 69
64, 69
59, 79
58, 78
57, 77
56, 76
55, 76
55, 76
61, 83
61, 83
62, 82
63, 81
63, 81
62, 80
62, 79
62, 79
62, 83
63, 83
63, 83
62, 82
61, 81
60, 81
60, 81
59, 80
58, 79
57, 78
57, 78
65, 89
64, 88
65, 87
66, 87
65, 86
65, 87
65, 87
59, 79
58, 78
57, 77
58, 76
57, 75
58, 76
58, 75
58, 75
54, 76
53, 75
53, 74
53, 73
54, 72
54, 73
55, 72
55, 71
54, 70
55, 71
55, 71
60, 85
59, 84
60, 85
60, 86
59, 87
60, 87
59, 88
59, 88
58, 75
58, 76
58, 77
57, 78
58, 77
57, 76
58, 76
57, 77
57, 78
58, 77
58, 77
50, 83
50, 82
50, 83
51, 82
50, 83
51, 83
50, 82
49, 82
49, 83
49, 83
52, 78
53, 78
53, 79
54, 79
55, 78
56, 77
56, 77
65, 87
64, 88
63, 88
62, 88
62, 89
62, 89
55, 76
56, 75
55, 76
55, 75
56, 74
56, 74
63, 80
62, 80
63, 80
62, 80
62, 81
63, 80
64, 80
64, 80
70, 87
69, 86
70, 86
71, 87
70, 86
71, 85
71, 85
61, 78
62, 78
63, 79
64, 79
64, 80
65, 80
64, 80
64, 81
65, 81
66, 80
66, 80
61, 74
61, 75
60, 76
60, 77
61, 76
62, 76
61, 76
61, 76
51, 74
52, 73
53, 74
52, 75
53, 75
52, 76
53, 77
54, 78
54, 78
53, 84
53, 83
52, 82
53, 81
52, 81
52, 81
58, 76
59, 77
60, 78
59, 77
60, 77
59, 78
58, 77
59, 76
60, 77
60, 77
66, 73
67, 72
66, 72
65, 71
65, 70
66, 71
65, 71
66, 70
65, 69
64, 70
64, 70
63, 68
63, 69
64, 69
63, 70
62, 69
62, 69
53, 73
52, 73
51, 74
50, 73
50, 74
50, 74
64, 72
63, 71
63, 70
64, 69
65, 69
66, 70
66, 70
58, 78
58, 79
58, 80
59, 81
60, 81
59, 82
60, 83
60, 83
60, 80
61, 81
60, 82
61, 81
60, 81
61, 80
61, 81
61, 81
57, 80
58, 80
57, 80
57, 79
57, 80
56, 80
56, 80
66, 81
67, 81
66, 80
67, 79
67, 80
68, 81
67, 80
68, 79
69, 78
70, 78
70, 78
61, 76
62, 75
63, 76
64, 76
64, 75
64, 75
56, 70
55, 70
56, 70
56, 69
55, 70
55, 69
55, 69
55, 75
56, 76
55, 77
54, 78
53, 79
54, 78
53, 79
53, 79
61, 90
60, 91
59, 90
58, 90
59, 89
59, 90
59, 91
59, 91
61, 68
62, 68
62, 69
62, 70
62, 69
62, 69
65, 88
64, 87
64, 86
63, 87
62, 87
61, 86
62, 86
62, 87
62, 87
65, 81
65, 82
65, 83
64, 84
65, 84
65, 84
61, 80
62, 81
63, 82
63, 81
64, 81
64, 80
63, 81
62, 82
62, 82
49, 75
49, 74
48, 75
49, 75
48, 75
47, 74
48, 75
48, 75
50, 82
51, 83
51, 84
52, 83
51, 82
52, 81
52, 81
59, 78
59, 79
58, 79
57, 78
58, 79
58, 78
57, 79
57, 79
61, 77
61, 78
62, 77
61, 76
62, 76
62, 75
61, 76
60, 77
60, 77
63, 71
62, 72
63, 73
63, 74
64, 74
64, 74
59, 84
60, 85
61, 85
62, 85
62, 86
62, 85
61, 85
61, 86
62, 86
62, 85
62, 85
55, 77
56, 78
57, 77
57, 76
58, 75
58, 75
67, 70
68, 71
67, 70
67, 69
66, 68
65, 69
66, 69
67, 69
66, 70
67, 70
67, 70
54, 79
53, 79
53, 80
54, 80
55, 80
56, 81
55, 80
55, 81
54, 82
53, 81
53, 81
65, 79
65, 80
65, 81
64, 80
65, 79
65, 79
60, 89
61, 90
61, 91
61, 90
62, 89
63, 88
62, 87
63, 87
62, 87
62, 88
62, 88
71, 78
70, 79
70, 78
71, 78
72, 79
71, 80
72, 80
71, 79
70, 78
70, 78
52, 82
51, 82
52, 81
52, 82
51, 81
52, 82
51, 82
51, 82
57, 74
57, 73
57, 74
56, 73
56, 72
56, 72
57, 80
57, 79
56, 78
55, 77
56, 77
55, 76
56, 76
57, 76
57, 76
70, 85
69, 86
70, 86
70, 85
71, 85
71, 85
64, 78
64, 78
63, 77
62, 76
61, 75
61, 75
69, 77
68, 76
67, 75
66, 74
65, 73
64, 72
64, 72
64, 72
56, 72
57, 71
58, 70
59, 69
59, 69
60, 68
60, 68
53, 82
53, 83
53, 83
53, 84
53, 85
53, 85
49, 74
50, 73
51, 72
52, 71
52, 71
52, 71
66, 69
65, 68
64, 67
64, 67
63, 66
63, 66
70, 84
70, 84
69, 83
69, 83
68, 82
68, 82
64, 75
63, 74
62, 73
61, 72
60, 71
59, 70
58, 69
58, 69
61, 81
60, 80
60, 80
60, 80
59, 79
58, 78
57, 77
56, 76
55, 76
54, 76
54, 76
58, 75
59, 74
59, 73
59, 72
59, 71
59, 70
59, 70
63, 84
64, 83
65, 82
66, 81
66, 81
67, 80
68, 79
69, 78
69, 77
69, 76
69, 76
64, 74
64, 74
63, 73
62, 72
61, 71
61, 71
54, 70
53, 71
52, 72
52, 72
51, 73
51, 73
61, 70
61, 70
60, 71
60, 71
60, 72
60, 72
64, 83
63, 82
62, 81
61, 80
60, 79
59, 78
59, 78
50, 81
49, 80
49, 80
48, 79
47, 78
46, 77
45, 76
44, 75
43, 74
43, 74
53, 79
53, 79
54, 78
55, 77
56, 76
57, 75
57, 75
57, 75
59, 74
59, 73
59, 72
59, 71
59, 70
59, 69
59, 68
59, 67
59, 66
59, 65
59, 65
53, 81
53, 81
52, 80
52, 80
51, 79
50, 78
49, 77
49, 77
61, 87
60, 86
59, 85
58, 84
57, 83
57, 83
62, 87
61, 86
60, 85
59, 84
58, 83
58, 83
59, 76
58, 75
57, 74
57, 74
56, 73
55, 72
55, 72
54, 71
53, 70
52, 69
52, 69
59, 91
59, 91
60, 90
61, 89
62, 88
63, 87
64, 86
65, 85
65, 85
58, 78
58, 77
58, 77
58, 76
58, 75
58, 74
58, 73
58, 73
67, 81
66, 80
65, 79
65, 79
64, 78
63, 77
62, 76
62, 76
61, 75
61, 75
62, 74
63, 73
64, 72
64, 72
65, 71
66, 70
66, 70
58, 71
57, 72
56, 73
55, 74
54, 75
53, 76
53, 76
53, 76
52, 77
52, 77
52, 77
65, 85
64, 84
63, 83
62, 82
61, 81
61, 81
58, 69
58, 69
57, 68
56, 67
55, 66
55, 66
60, 68
60, 68
59, 67
58, 66
57, 65
57, 65
53, 68
53, 68
54, 67
55, 66
56, 65
57, 64
58, 63
59, 62
59, 62
53, 70
54, 69
55, 68
56, 68
57, 68
58, 68
59, 68
59, 68
59, 68
59, 68
59, 68
64, 65
64, 64
64, 64
64, 63
64, 63
64, 63
64, 63
64, 62
64, 61
64, 61
57, 82
56, 81
55, 80
55, 80
54, 79
54, 79
53, 78
52, 77
51, 76
51, 76
52, 84
51, 83
50, 82
49, 81
48, 80
47, 79
46, 78
45, 77
44, 76
44, 76
53, 75
53, 75
52, 74
51, 73
50, 72
49, 71
49, 71
57, 72
56, 71
56, 71
55, 70
54, 69
54, 69
63, 73
62, 74
61, 75
61, 75
60, 76
60, 77
60, 77
60, 77
48, 78
48, 79
48, 80
48, 81
48, 82
48, 82
56, 82
56, 82
55, 81
55, 81
54, 80
53, 79
52, 78
51, 77
51, 77
58, 77
58, 77
58, 77
58, 77
57, 76
56, 75
55, 74
54, 73
54, 73
68, 75
67, 74
66, 73
65, 72
64, 71
63, 70
62, 69
62, 69
58, 74
58, 74
58, 73
58, 73
58, 73
58, 72
58, 71
58, 70
58, 69
58, 68
58, 68
52, 72
53, 71
54, 70
55, 69
56, 68
57, 67
58, 66
59, 65
59, 65
44, 73
45, 72
46, 71
47, 70
48, 69
49, 68
50, 67
51, 66
51, 66
60, 70
59, 69
58, 68
57, 67
56, 66
55, 65
54, 64
54, 64
58, 64
58, 64
57, 63
56, 62
56, 62
55, 61
54, 60
53, 59
53, 59
61, 73
62, 74
63, 75
63, 75
64, 76
64, 77
64, 78
64, 79
64, 80
64, 81
64, 81
49, 71
48, 70
47, 69
46, 68
46, 68
45, 67
45, 67
45, 67
63, 80
62, 79
61, 78
61, 78
60, 77
59, 76
58, 75
58, 75
58, 75
65, 69
64, 68
64, 68
64, 68
64, 68
63, 67
62, 66
61, 65
60, 64
60, 64
52, 78
53, 79
54, 80
55, 81
56, 82
56, 83
56, 84
56, 84
56, 84
56, 84
56, 84
58, 63
58, 63
58, 63
58, 63
57, 64
57, 64
50, 75
49, 74
48, 73
47, 72
47, 72
46, 71
46, 71
45, 70
44, 69
44, 69
47, 81
46, 80
45, 79
44, 78
43, 77
43, 77
43, 77
59, 76
58, 75
58, 75
57, 74
57, 74
57, 74
56, 73
56, 73
55, 72
54, 71
54, 71
52, 58
51, 57
50, 56
50, 56
49, 55
49, 55
48, 54
47, 53
46, 52
45, 51
45, 51
61, 68
60, 67
59, 66
58, 65
57, 64
57, 64
56, 63
55, 62
54, 61
54, 61
51, 66
50, 65
49, 64
48, 63
48, 61
49, 60
50, 59
50, 58
50, 57
50, 56
50, 55
50, 54
50, 53
49, 54
49, 54
53, 70
53, 70
52, 71
52, 71
51, 72
50, 73
49, 74
49, 74
60, 80
59, 79
59, 79
58, 78
57, 77
56, 76
55, 75
54, 74
54, 74
45, 75
45, 75
45, 74
45, 73
45, 72
45, 72
57, 69
56, 70
55, 71
54, 72
54, 72
53, 72
53, 72
52, 72
51, 72
51, 72
58, 66
57, 67
56, 67
55, 67
54, 67
53, 67
53, 67
57, 65
58, 66
59, 67
60, 68
60, 68
61, 69
62, 70
63, 71
64, 72
65, 73
65, 73
51, 76
51, 76
51, 76
51, 76
50, 75
50, 75
49, 74
49, 74
49, 74
63, 62
62, 63
61, 64
60, 65
59, 66
59, 66
53, 72
52, 71
51, 70
51, 70
51, 70
50, 69
49, 68
48, 67
47, 66
47, 66
58, 69
58, 69
57, 70
56, 71
55, 72
55, 72
55, 72
55, 72
54, 73
54, 73
60, 74
59, 73
58, 72
57, 71
56, 70
55, 70
55, 70
54, 70
54, 70
54, 65
53, 64
52, 63
51, 62
50, 61
49, 60
48, 59
47, 58
46, 57
46, 55
47, 54
48, 53
49, 52
50, 51
50, 50
50, 50
50, 50
50, 50
50, 50
50, 50
53, 63
53, 63
52, 62
52, 62
51, 61
50, 60
49, 59
48, 58
48, 58
53, 69
52, 68
51, 67
50, 66
49, 65
48, 64
48, 64
47, 63
47, 63
46, 62
46, 62
53, 60
52, 59
51, 58
50, 57
49, 56
48, 55
47, 54
46, 53
45, 52
45, 52
59, 63
58, 62
57, 61
56, 60
55, 59
54, 58
53, 57
53, 57
48, 55
47, 56
46, 57
46, 57
47, 56
48, 55
49, 54
50, 53
50, 52
50, 51
49, 52
49, 52
53, 73
53, 73
52, 72
51, 71
50, 70
49, 69
48, 68
47, 67
46, 66
46, 66
55, 83
54, 82
53, 81
52, 80
51, 79
51, 79
51, 79
51, 79
52, 71
53, 70
53, 69
53, 68
53, 67
53, 67
53, 72
52, 71
51, 70
50, 69
49, 68
48, 67
47, 66
47, 66
50, 75
51, 76
52, 77
53, 77
53, 77
54, 77
55, 77
55, 77
49, 59
50, 60
50, 60
50, 60
50, 60
51, 61
51, 62
51, 63
51, 64
51, 64
51, 64
51, 51
51, 51
52, 52
53, 53
54, 54
55, 55
55, 55
57, 64
58, 65
59, 66
60, 67
61, 68
62, 69
62, 69
45, 68
46, 67
47, 66
47, 66
48, 65
49, 64
49, 64
46, 65
45, 64
44, 63
44, 63
44, 61
45, 60
46, 59
47, 58
48, 57
49, 56
50, 55
50, 54
50, 53
50, 52
50, 52
45, 50
45, 49
45, 48
45, 48
45, 47
45, 46
45, 45
45, 44
45, 43
45, 43
60, 65
60, 65
60, 65
61, 64
61, 64
61, 64
61, 64
62, 63
62, 63
54, 68
54, 68
54, 69
54, 69
54, 70
54, 71
54, 71
54, 72
54, 73
54, 74
54, 74
59, 76
60, 77
61, 78
62, 79
62, 79
62, 79
62, 79
62, 79
50, 73
51, 72
52, 71
53, 70
54, 69
54, 69
44, 66
43, 65
43, 65
42, 64
42, 64
41, 63
41, 63
40, 62
39, 61
39, 61
43, 77
42, 76
41, 75
40, 74
39, 73
38, 72
37, 71
36, 70
35, 69
35, 69
54, 71
53, 70
53, 69
53, 68
53, 67
53, 66
53, 65
53, 65
53, 64
53, 64
46, 73
47, 74
48, 75
49, 76
50, 77
51, 78
52, 79
53, 80
53, 80
64, 72
63, 71
62, 70
61, 69
60, 68
59, 67
58, 66
57, 65
57, 65
50, 62
50, 61
50, 60
50, 59
50, 58
49, 57
48, 56
48, 56
47, 55
47, 55
46, 65
45, 64
45, 64
44, 63
44, 61
45, 60
46, 59
47, 58
48, 57
49, 56
50, 55
50, 54
50, 54
50, 54
40, 62
41, 63
42, 64
43, 65
44, 66
44, 66
48, 63
48, 63
48, 61
49, 60
50, 59
50, 58
50, 57
50, 56
49, 55
48, 54
48, 54
50, 51
51, 50
52, 50
52, 50
52, 50
52, 50
52, 50
52, 50
52, 50
52, 50
46, 62
45, 61
45, 59
46, 58
47, 57
48, 56
49, 55
50, 54
50, 53
50, 52
50, 51
50, 50
49, 49
49, 49
49, 49
50, 78
49, 77
48, 76
47, 75
46, 74
46, 74
46, 74
61, 70
60, 71
59, 72
58, 73
57, 74
56, 74
56, 74
55, 74
54, 74
54, 74
53, 67
54, 66
54, 66
54, 66
55, 65
56, 64
56, 64
57, 63
57, 63
47, 65
48, 64
50, 62
50, 61
50, 60
50, 59
50, 58
50, 57
50, 56
50, 55
51, 54
51, 54
51, 54
53, 73
52, 72
51, 71
51, 71
50, 70
49, 69
48, 68
47, 67
46, 66
45, 65
45, 65
53, 57
54, 58
54, 58
55, 59
56, 60
57, 61
58, 62
59, 63
59, 63
59, 63
58, 66
59, 67
60, 68
60, 68
61, 69
61, 69
61, 70
61, 71
61, 72
61, 73
61, 73
49, 51
48, 50
47, 49
46, 48
45, 47
45, 47
45, 47
54, 79
55, 78
56, 77
57, 76
58, 75
59, 74
60, 73
60, 73
61, 72
61, 72
61, 72
44, 42
43, 41
42, 40
41, 39
40, 38
39, 37
38, 36
38, 36
53, 64
53, 64
52, 63
51, 62
50, 61
49, 60
48, 59
47, 58
46, 57
46, 57
62, 79
62, 79
62, 79
62, 79
62, 79
62, 79
62, 79
62, 79
62, 79
62, 79
56, 78
57, 79
58, 80
59, 80
60, 80
61, 80
61, 80
62, 80
62, 80
44, 52
43, 52
42, 52
41, 52
40, 52
39, 52
38, 52
37, 52
36, 52
36, 52
36, 52
56, 56
56, 56
57, 57
58, 58
59, 59
60, 60
61, 61
61, 61
55, 68
56, 67
57, 66
58, 65
59, 64
59, 64
59, 64
59, 64
59, 64
63, 64
64, 65
65, 66
66, 67
66, 68
66, 68
66, 69
66, 69
36, 70
37, 71
37, 71
38, 72
39, 73
40, 73
40, 73
36, 52
37, 53
38, 54
39, 55
40, 56
40, 56
41, 57
43, 57
44, 56
45, 55
46, 54
47, 53
48, 52
47, 53
47, 53
45, 65
46, 64
47, 63
49, 61
50, 60
50, 59
50, 58
50, 57
50, 56
50, 55
50, 54
50, 53
50, 52
51, 53
52, 54
52, 54
54, 74
54, 74
55, 73
55, 73
56, 72
57, 71
58, 70
59, 69
60, 68
60, 68
47, 53
46, 52
46, 51
46, 50
46, 49
46, 49
44, 64
43, 63
43, 63
43, 61
44, 60
45, 59
46, 58
47, 57
48, 56
49, 55
50, 54
49, 53
48, 52
47, 51
46, 50
46, 50
49, 49
48, 48
47, 47
46, 46
45, 45
45, 45
61, 78
60, 77
59, 76
58, 75
57, 74
57, 74
41, 72
42, 71
43, 70
44, 69
45, 68
46, 67
47, 66
48, 65
48, 65
66, 69
66, 69
65, 68
64, 67
63, 66
62, 65
61, 64
60, 63
59, 62
58, 61
58, 61
52, 50
52, 50
53, 49
54, 48
54, 48
53, 49
52, 50
51, 50
50, 50
51, 49
52, 48
53, 47
53, 47
38, 36
37, 37
36, 38
35, 39
35, 39
35, 41
36, 42
37, 43
38, 44
39, 45
40, 46
41, 47
42, 48
43, 49
43, 49
42, 48
41, 47
41, 47
42, 48
43, 49
44, 50
45, 50
46, 50
47, 50
48, 50
48, 50
59, 63
59, 63
60, 62
60, 62
60, 61
60, 60
60, 59
60, 59
49, 53
48, 52
47, 51
46, 50
45, 49
45, 49
45, 73
44, 72
43, 71
42, 70
41, 69
41, 69
40, 68
40, 68
46, 57
47, 56
48, 55
49, 54
50, 53
50, 52
49, 53
48, 54
47, 55
46, 56
46, 56
47, 55
48, 54
49, 53
50, 52
50, 51
49, 52
48, 53
47, 54
46, 55
46, 55
60, 60
59, 59
58, 58
57, 57
56, 57
55, 57
54, 57
53, 57
52, 57
51, 57
51, 57
51, 54
50, 55
49, 56
48, 57
47, 58
47, 58
59, 64
58, 65
57, 66
56, 67
55, 68
55, 68
55, 68
61, 72
60, 71
60, 71
59, 70
58, 69
57, 68
56, 67
56, 67
56, 64
55, 65
54, 66
53, 67
52, 68
51, 69
51, 69
50, 70
50, 70
47, 54
47, 53
47, 52
47, 51
47, 50
47, 50
47, 49
47, 48
47, 47
47, 47
46, 48
47, 49
48, 50
49, 51
50, 52
50, 52
61, 79
60, 78
59, 77
58, 76
58, 76
57, 75
56, 74
56, 74
56, 74
60, 72
59, 71
58, 70
57, 69
56, 68
55, 67
54, 66
53, 65
52, 65
52, 65
48, 57
49, 56
50, 55
50, 55
51, 54
52, 53
52, 53
52, 53
59, 69
58, 70
57, 71
56, 72
56, 72
55, 73
55, 73
50, 56
50, 56
49, 55
48, 54
47, 53
46, 52
45, 51
44, 50
43, 49
43, 49
47, 64
46, 63
45, 62
45, 60
46, 59
47, 58
48, 57
49, 56
50, 55
50, 54
50, 53
49, 54
49, 54
44, 50
44, 51
44, 51
44, 51
44, 51
44, 51
44, 51
54, 67
53, 66
52, 65
51, 64
50, 62
50, 61
50, 60
50, 59
50, 58
50, 57
50, 57
46, 49
46, 49
46, 48
46, 48
46, 47
46, 46
46, 46
46, 45
46, 44
46, 44
51, 69
52, 68
53, 67
53, 66
53, 65
53, 65
46, 46
45, 45
44, 44
43, 43
42, 42
42, 42
41, 41
41, 41
41, 41
57, 60
56, 59
56, 59
55, 58
54, 57
53, 56
53, 56
52, 55
52, 55
60, 59
59, 60
59, 61
59, 62
59, 63
59, 63
46, 54
46, 54
47, 53
48, 52
49, 51
50, 50
50, 50
50, 50
50, 50
50, 50
50, 50
49, 51
48, 52
47, 53
46, 54
46, 54
47, 53
48, 52
49, 51
50, 50
50, 50
50, 50
50, 50
50, 50
50, 50
49, 51
49, 51
49, 51
45, 50
45, 50
44, 51
44, 51
44, 51
44, 51
50, 52
51, 53
52, 54
53, 55
54, 56
54, 56
52, 54
52, 54
51, 53
50, 52
49, 51
49, 51
48, 50
48, 51
48, 51
48, 52
48, 53
48, 53
45, 45
44, 46
43, 47
42, 48
41, 49
40, 50
40, 50
55, 73
54, 72
53, 71
53, 70
53, 69
53, 68
53, 68
53, 68
53, 68
53, 68
53, 68
55, 66
55, 66
54, 65
53, 64
52, 63
51, 62
51, 62
51, 62
52, 48
51, 49
50, 50
49, 51
48, 51
47, 51
46, 51
46, 51
53, 66
53, 66
54, 67
55, 68
55, 69
55, 69
55, 70
55, 71
55, 71
39, 67
38, 66
37, 65
36, 64
36, 64
35, 63
34, 62
34, 62
47, 54
48, 53
48, 53
49, 52
50, 51
50, 51
50, 51
51, 50
52, 49
53, 48
53, 48
56, 73
55, 72
54, 71
53, 70
52, 69
52, 69
52, 47
53, 46
54, 45
55, 46
54, 47
53, 47
53, 46
54, 47
54, 48
54, 48
33, 62
32, 63
31, 64
32, 64
32, 65
32, 66
33, 66
34, 67
34, 67
51, 54
52, 55
51, 55
51, 54
51, 55
52, 56
52, 56
47, 50
47, 49
46, 49
47, 49
47, 48
46, 47
47, 46
48, 45
49, 44
49, 44
52, 63
52, 64
51, 63
51, 62
52, 61
52, 62
53, 61
54, 62
54, 63
54, 64
54, 64
41, 49
41, 50
42, 50
43, 51
42, 51
43, 52
44, 52
44, 52
47, 53
48, 54
49, 53
50, 54
51, 53
52, 53
52, 53
44, 48
45, 49
44, 50
44, 49
45, 48
44, 49
45, 50
44, 51
44, 51
54, 68
55, 69
54, 69
55, 69
54, 70
55, 69
55, 68
54, 67
53, 68
53, 68
58, 64
59, 63
59, 64
58, 64
59, 64
58, 65
59, 64
59, 64
43, 51
43, 52
42, 53
43, 53
44, 54
45, 54
45, 54
45, 44
46, 44
47, 43
46, 43
46, 42
45, 41
44, 40
44, 40
54, 73
55, 74
56, 73
55, 72
55, 71
55, 71
48, 52
49, 51
50, 50
50, 49
50, 50
50, 50
40, 40
41, 40
42, 41
43, 40
44, 39
44, 39
52, 64
53, 64
53, 65
53, 66
54, 67
55, 68
54, 67
54, 68
53, 69
52, 69
52, 69
55, 57
54, 58
53, 57
53, 56
52, 57
51, 57
52, 56
52, 57
51, 58
51, 58
48, 50
48, 51
47, 51
46, 52
45, 53
44, 52
44, 52
51, 68
52, 68
51, 68
51, 67
50, 68
49, 67
49, 66
48, 67
48, 67
53, 54
53, 53
52, 53
53, 53
52, 54
53, 55
53, 54
53, 54
50, 58
51, 57
52, 58
52, 59
52, 60
53, 59
52, 58
52, 57
53, 57
53, 56
53, 56
56, 70
57, 70
56, 71
55, 72
55, 73
54, 73
54, 73
43, 51
42, 52
42, 53
43, 53
43, 52
43, 52
50, 55
51, 56
51, 57
50, 56
51, 56
50, 55
49, 56
49, 57
49, 57
55, 63
55, 62
54, 62
53, 62
53, 61
53, 61
51, 50
51, 51
52, 52
52, 51
51, 52
51, 51
52, 52
52, 52
43, 41
42, 42
41, 41
42, 40
43, 41
42, 40
41, 39
40, 38
40, 38
52, 56
53, 56
53, 55
52, 56
52, 55
52, 54
52, 55
51, 54
52, 53
52, 53
54, 49
54, 50
53, 49
52, 48
51, 48
51, 48
51, 57
52, 56
53, 56
52, 57
52, 56
53, 57
54, 58
55, 57
54, 57
54, 57
52, 58
53, 57
53, 56
54, 57
54, 56
54, 56
54, 55
55, 55
54, 55
55, 56
56, 56
55, 56
56, 57
56, 57
43, 51
42, 50
42, 49
42, 50
42, 51
42, 51
33, 68
33, 67
34, 68
33, 67
33, 68
34, 67
34, 68
33, 68
33, 67
32, 66
32, 66
53, 68
53, 69
54, 70
55, 69
54, 69
54, 69
48, 45
49, 44
48, 43
49, 42
50, 42
50, 42
46, 53
47, 54
48, 53
47, 52
48, 51
49, 52
48, 53
48, 53
49, 68
48, 68
49, 67
48, 68
47, 69
46, 70
45, 71
45, 72
45, 72
56, 70
57, 71
58, 72
59, 72
58, 71
57, 70
58, 69
59, 69
58, 69
58, 69
44, 51
43, 52
44, 53
44, 54
43, 55
44, 54
43, 54
43, 54
45, 52
44, 53
45, 52
44, 52
43, 53
42, 54
42, 55
41, 54
41, 54
50, 57
49, 56
50, 57
50, 58
51, 57
51, 58
50, 57
50, 57
53, 69
53, 68
54, 67
55, 68
56, 68
57, 68
56, 68
55, 69
55, 69
43, 38
44, 38
45, 38
46, 39
45, 39
45, 39
59, 63
59, 62
58, 61
57, 62
58, 61
57, 60
58, 59
58, 60
57, 61
57, 60
57, 60
43, 51
42, 50
42, 49
42, 50
42, 49
42, 48
41, 48
41, 48
53, 74
52, 74
53, 73
54, 73
53, 73
53, 73
51, 53
50, 54
50, 53
49, 53
48, 54
49, 53
49, 53
49, 53
50, 54
50, 55
49, 55
48, 54
48, 53
47, 54
47, 54
52, 61
53, 62
54, 61
54, 60
54, 59
55, 58
55, 58
40, 48
39, 49
38, 50
39, 49
39, 50
38, 51
39, 50
39, 50
44, 40
44, 39
43, 39
44, 38
45, 38
45, 38
44, 55
43, 54
42, 53
41, 52
41, 51
42, 52
43, 51
43, 51
49, 57
48, 57
47, 57
48, 56
47, 56
48, 57
47, 56
48, 55
48, 55
58, 68
57, 68
58, 69
59, 68
60, 67
59, 66
59, 65
59, 66
60, 65
59, 66
59, 66
55, 56
56, 56
57, 56
58, 55
57, 56
57, 56
53, 57
54, 58
54, 59
55, 60
56, 60
55, 61
55, 60
56, 61
57, 60
58, 60
58, 60
51, 49
50, 50
49, 50
49, 51
49, 52
49, 51
49, 52
50, 53
50, 53
32, 65
31, 65
32, 64
31, 65
32, 66
33, 66
34, 65
35, 64
34, 65
35, 66
35, 66
55, 58
56, 58
55, 58
54, 59
53, 58
54, 57
53, 58
53, 58
54, 72
55, 72
56, 71
56, 70
57, 71
57, 71
53, 52
52, 52
52, 51
53, 51
52, 50
52, 50
44, 71
45, 72
46, 72
45, 72
45, 73
45, 72
46, 71
46, 71
41, 50
42, 51
43, 52
42, 51
42, 50
42, 50
40, 39
39, 39
40, 40
40, 39
40, 40
41, 39
41, 40
40, 39
40, 38
40, 38
56, 68
56, 69
55, 68
56, 67
56, 66
55, 66
55, 66
54, 68
55, 68
55, 67
55, 66
55, 67
56, 68
57, 67
57, 66
56, 65
56, 65
49, 42
50, 42
49, 43
50, 42
51, 43
51, 44
50, 43
49, 42
50, 41
50, 41
42, 53
43, 52
43, 53
43, 52
44, 51
44, 51
52, 53
51, 52
50, 51
51, 50
51, 49
52, 49
51, 48
50, 48
49, 48
49, 48
56, 59
56, 58
55, 59
55, 58
55, 57
56, 58
56, 57
57, 57
57, 57
48, 52
49, 52
48, 52
48, 51
47, 52
46, 51
47, 51
47, 51
42, 49
43, 48
42, 47
43, 46
42, 47
43, 47
44, 47
44, 47
43, 50
42, 50
41, 50
41, 51
40, 51
40, 51
44, 52
45, 53
45, 54
44, 54
44, 53
44, 52
43, 51
44, 51
44, 51
55, 67
55, 66
56, 67
57, 68
57, 69
57, 68
58, 68
58, 68
47, 56
46, 56
46, 55
45, 54
44, 53
44, 54
43, 55
43, 54
44, 53
45, 53
45, 53
35, 67
34, 67
34, 66
33, 66
33, 67
32, 67
32, 67
48, 55
49, 54
48, 54
47, 53
47, 52
47, 51
48, 50
48, 50
58, 56
58, 57
57, 58
56, 57
55, 57
56, 57
55, 56
55, 57
55, 56
55, 56
52, 59
52, 58
53, 59
53, 60
54, 59
53, 60
52, 61
52, 61
51, 52
50, 52
49, 51
50, 51
49, 52
48, 52
48, 52
54, 58
55, 58
56, 59
57, 58
57, 59
56, 60
56, 61
57, 60
58, 60
57, 59
57, 59
60, 67
60, 68
60, 69
59, 68
58, 69
58, 68
58, 69
58, 69
46, 52
45, 53
44, 53
45, 54
44, 55
44, 55
39, 39
40, 38
40, 39
40, 40
41, 39
42, 40
42, 40
57, 64
58, 64
58, 63
59, 64
60, 64
61, 63
61, 63
59, 59
59, 58
60, 58
59, 57
59, 58
60, 57
59, 58
60, 59
59, 59
59, 59
40, 50
39, 49
38, 50
37, 50
37, 49
36, 49
36, 49
57, 58
58, 59
59, 60
58, 60
59, 59
59, 58
59, 58
46, 37
45, 38
44, 37
45, 36
45, 37
44, 36
45, 35
46, 35
46, 35
50, 48
50, 47
50, 46
51, 46
51, 45
52, 45
52, 44
52, 44
58, 70
59, 71
58, 70
58, 69
58, 68
59, 69
58, 70
59, 70
59, 69
59, 69
46, 70
46, 71
46, 70
47, 70
47, 71
48, 72
47, 72
46, 72
46, 71
46, 71
51, 50
50, 49
51, 48
50, 49
50, 50
51, 49
52, 50
53, 51
52, 51
52, 50
52, 50
51, 42
52, 41
51, 40
52, 40
52, 41
53, 41
52, 41
51, 40
51, 40
54, 57
55, 57
55, 56
55, 55
56, 55
55, 54
56, 55
57, 54
58, 54
58, 55
58, 55
50, 39
51, 39
50, 40
51, 41
50, 41
51, 40
50, 39
49, 40
50, 39
51, 38
51, 38
48, 49
48, 48
48, 49
47, 49
47, 48
47, 48
43, 48
44, 49
43, 48
42, 49
43, 49
44, 48
45, 48
44, 47
44, 47
45, 54
46, 55
47, 56
47, 55
47, 56
48, 55
49, 54
48, 55
48, 55
47, 51
48, 51
48, 52
49, 52
48, 52
49, 52
49, 52
41, 50
40, 51
41, 50
42, 51
41, 51
40, 51
39, 51
39, 50
39, 49
38, 48
38, 48
58, 67
57, 66
57, 67
58, 67
58, 66
59, 66
59, 66
59, 59
58, 59
57, 58
58, 58
58, 57
57, 58
58, 57
58, 57
37, 49
37, 48
36, 47
35, 48
36, 47
36, 46
36, 46
47, 72
46, 73
47, 74
48, 75
47, 76
48, 75
48, 75
53, 51
54, 50
53, 50
54, 49
54, 48
53, 49
52, 49
51, 49
51, 50
50, 49
50, 49
32, 66
33, 65
32, 65
32, 64
32, 65
31, 66
30, 66
30, 66
41, 39
42, 38
42, 37
41, 38
42, 38
43, 39
43, 40
42, 40
41, 41
41, 41
52, 45
53, 44
53, 43
54, 42
54, 43
53, 43
53, 42
54, 43
55, 44
55, 45
55, 45
57, 68
58, 68
57, 69
56, 70
55, 69
55, 69
59, 60
60, 60
60, 59
61, 60
62, 60
62, 61
62, 61
43, 50
44, 50
43, 51
43, 50
42, 50
42, 50
53, 62
54, 63
54, 62
54, 63
55, 64
55, 64
45, 54
46, 54
45, 54
46, 53
45, 53
45, 54
44, 55
45, 54
46, 53
47, 54
47, 54
56, 60
57, 60
56, 60
57, 61
58, 60
58, 60
58, 70
57, 71
56, 70
55, 71
54, 71
54, 71
61, 64
61, 65
60, 65
61, 64
60, 63
61, 63
62, 64
62, 64
46, 36
46, 35
47, 35
47, 36
46, 36
46, 35
45, 36
46, 37
46, 36
46, 36
56, 68
57, 67
56, 67
55, 68
56, 68
56, 69
56, 69
50, 37
51, 37
51, 36
52, 37
51, 37
51, 37
43, 50
42, 51
42, 52
42, 53
41, 53
42, 53
42, 52
43, 52
43, 53
43, 52
43, 52
59, 60
59, 61
59, 62
59, 61
59, 62
59, 63
60, 62
61, 62
61, 62
37, 49
36, 48
36, 47
36, 46
36, 47
35, 46
36, 45
35, 45
35, 45
54, 45
54, 44
55, 43
54, 42
55, 43
56, 42
55, 43
55, 43
43, 47
44, 46
43, 47
44, 48
43, 49
42, 50
41, 50
41, 50
58, 56
57, 57
58, 56
59, 57
58, 56
59, 57
58, 56
58, 56
47, 36
48, 36
47, 37
46, 36
46, 35
46, 35
48, 51
47, 51
48, 51
47, 51
46, 52
46, 52
63, 63
64, 62
63, 63
64, 64
63, 63
64, 62
64, 62
48, 53
49, 52
49, 53
49, 54
49, 55
48, 56
47, 56
46, 55
45, 54
46, 55
46, 55
60, 67
61, 68
60, 67
61, 67
60, 66
59, 67
59, 68
60, 69
59, 68
59, 68
49, 50
48, 50
49, 51
49, 50
48, 49
47, 49
48, 50
48, 50
58, 56
57, 55
56, 54
55, 55
54, 54
53, 55
53, 55
47, 54
46, 54
47, 54
48, 54
49, 55
50, 56
51, 55
52, 55
52, 55
56, 64
56, 63
55, 63
56, 64
55, 65
56, 64
57, 64
56, 64
55, 63
55, 63
47, 74
46, 75
47, 74
48, 74
47, 73
47, 73
29, 66
30, 66
31, 67
32, 67
32, 68
32, 69
33, 68
33, 68
42, 40
41, 41
42, 40
41, 41
42, 41
41, 41
41, 42
42, 42
42, 41
41, 40
41, 40
46, 47
46, 46
47, 46
47, 47
46, 47
46, 47
63, 62
62, 63
63, 62
62, 61
61, 60
60, 59
60, 59
35, 46
35, 45
36, 44
37, 43
36, 42
36, 43
36, 43
54, 70
55, 70
55, 71
54, 72
55, 71
56, 71
55, 70
55, 70
47, 35
48, 35
49, 35
49, 34
48, 33
48, 33
41, 41
41, 42
41, 41
41, 40
42, 39
41, 38
41, 38
63, 62
64, 63
63, 62
62, 63
63, 64
63, 63
62, 63
62, 64
61, 64
61, 64
50, 37
51, 38
52, 39
51, 40
52, 39
52, 39
54, 54
53, 53
52, 52
52, 51
53, 50
53, 50
58, 55
57, 54
56, 55
56, 54
57, 54
58, 55
58, 54
58, 54
51, 56
52, 57
51, 58
51, 57
52, 58
52, 57
51, 56
52, 55
52, 54
52, 54
62, 63
61, 62
61, 63
62, 64
62, 65
61, 66
61, 66
59, 59
58, 60
57, 61
58, 60
58, 61
57, 62
58, 63
57, 62
58, 63
58, 63
56, 44
56, 45
57, 44
56, 45
57, 44
56, 45
55, 46
55, 46
55, 69
56, 70
57, 70
58, 71
57, 70
57, 71
58, 71
59, 71
60, 72
60, 72
44, 53
43, 52
44, 53
43, 53
42, 52
43, 52
42, 52
41, 53
42, 52
41, 51
41, 51
55, 62
54, 61
55, 62
54, 63
53, 62
53, 62
56, 69
56, 68
55, 67
55, 68
56, 68
57, 68
57, 69
57, 70
57, 70
35, 44
35, 45
35, 44
35, 45
35, 44
34, 43
35, 44
34, 43
33, 42
34, 42
34, 42
34, 45
35, 44
34, 43
33, 43
33, 44
32, 44
33, 45
33, 45
45, 51
46, 52
47, 52
48, 51
49, 51
48, 50
49, 51
50, 51
49, 51
50, 50
50, 50
60, 68
59, 69
58, 68
59, 67
59, 66
59, 67
60, 68
59, 68
60, 67
60, 68
60, 68
41, 49
40, 48
40, 47
41, 47
40, 47
39, 47
40, 48
39, 49
40, 49
40, 49
49, 50
50, 49
51, 50
51, 49
51, 50
51, 51
50, 50
50, 50
34, 68
34, 67
35, 67
36, 67
35, 66
35, 67
36, 66
37, 67
38, 66
38, 67
38, 67
47, 47
47, 46
47, 47
47, 46
48, 45
47, 45
46, 44
46, 45
46, 45
46, 54
47, 53
47, 52
48, 51
47, 50
47, 49
46, 48
45, 47
46, 47
46, 48
46, 48
46, 74
47, 75
46, 75
46, 74
45, 75
46, 75
45, 74
45, 74
44, 75
44, 74
44, 73
43, 72
42, 71
41, 72
42, 71
43, 72
44, 72
45, 73
45, 73
62, 65
61, 65
61, 66
60, 66
59, 67
59, 68
59, 67
60, 68
59, 68
59, 68
57, 69
56, 69
57, 69
57, 68
56, 69
56, 70
55, 69
55, 69
47, 49
48, 48
47, 48
48, 47
48, 46
48, 45
48, 44
47, 43
47, 43
50, 51
50, 50
50, 51
50, 50
50, 49
49, 48
49, 48
32, 45
31, 44
32, 44
31, 44
32, 44
32, 44
59, 64
58, 65
58, 64
59, 63
59, 64
60, 65
60, 66
60, 67
61, 68
61, 68
47, 44
48, 45
49, 45
50, 45
51, 45
52, 45
52, 45
59, 72
59, 73
59, 72
60, 71
61, 72
61, 71
62, 71
62, 70
63, 70
63, 70
34, 41
33, 42
33, 41
32, 40
32, 39
32, 39
58, 53
57, 54
56, 53
57, 54
58, 53
58, 53
39, 50
40, 49
39, 50
40, 50
41, 51
41, 51
53, 40
54, 41
53, 41
52, 40
51, 41
50, 42
51, 41
51, 41
56, 45
57, 44
58, 44
58, 43
59, 43
58, 43
57, 42
58, 42
58, 42
37, 67
36, 66
37, 65
36, 66
35, 65
34, 65
35, 66
35, 66
49, 49
48, 49
47, 49
46, 48
45, 49
46, 49
47, 50
48, 50
47, 51
47, 51
40, 52
39, 51
39, 50
38, 50
38, 49
37, 48
38, 48
39, 49
39, 49
60, 63
61, 62
61, 61
61, 62
61, 61
62, 60
62, 60
51, 55
52, 56
52, 55
51, 56
51, 55
51, 55
52, 51
52, 52
53, 52
53, 51
52, 51
51, 52
50, 51
50, 51
49, 32
49, 31
48, 31
49, 31
48, 31
47, 32
47, 32
54, 62
53, 62
53, 61
54, 62
54, 63
55, 62
56, 63
56, 63
61, 67
62, 66
62, 65
61, 65
60, 66
60, 65
59, 66
59, 66
42, 39
41, 39
42, 39
42, 40
42, 41
43, 41
42, 40
42, 39
42, 39
48, 51
47, 51
46, 51
45, 50
46, 50
45, 49
45, 50
45, 51
44, 51
44, 51
62, 68
61, 67
62, 66
63, 66
62, 65
62, 65
40, 50
41, 51
40, 52
39, 53
40, 52
39, 53
38, 53
38, 53
44, 74
44, 73
43, 73
42, 74
43, 74
43, 75
43, 75
64, 70
64, 71
64, 70
64, 69
65, 68
66, 68
66, 68
50, 56
49, 56
50, 55
51, 56
52, 55
51, 56
52, 55
52, 55
52, 44
51, 45
52, 44
53, 43
53, 44
53, 44
58, 66
59, 67
60, 68
61, 68
61, 67
62, 68
62, 68
33, 39
33, 40
33, 41
32, 42
31, 43
30, 44
30, 45
31, 44
32, 43
32, 43
48, 44
48, 43
47, 43
47, 44
46, 43
46, 42
46, 42
50, 47
49, 48
50, 49
49, 50
50, 50
50, 50
41, 40
42, 39
43, 39
43, 40
44, 41
44, 40
44, 39
43, 38
44, 38
44, 38
40, 50
40, 51
41, 51
41, 50
41, 51
42, 52
43, 53
42, 52
42, 52
58, 54
57, 54
56, 54
55, 53
55, 54
55, 54
59, 69
58, 70
58, 69
59, 70
60, 70
61, 71
60, 70
60, 70
54, 68
54, 67
53, 66
54, 67
54, 66
55, 66
56, 65
56, 65
34, 66
33, 66
34, 66
34, 67
35, 66
36, 67
37, 68
38, 69
39, 69
38, 68
38, 68
59, 43
59, 42
58, 41
59, 42
59, 41
58, 40
57, 41
58, 40
57, 39
57, 39
32, 45
31, 46
30, 47
29, 48
28, 49
28, 48
27, 48
27, 47
26, 46
27, 47
27, 47
50, 50
51, 51
52, 50
51, 49
50, 49
51, 48
51, 49
50, 49
50, 49
63, 60
63, 59
62, 58
63, 58
64, 58
63, 57
63, 58
64, 59
64, 60
65, 60
65, 60
55, 62
55, 61
55, 62
55, 61
55, 60
56, 59
56, 59
50, 40
49, 41
50, 42
50, 41
51, 41
51, 41
47, 33
46, 33
45, 33
44, 34
44, 35
43, 36
44, 35
43, 34
44, 34
43, 35
43, 35
28, 47
27, 46
27, 45
26, 44
27, 45
28, 44
27, 45
26, 45
25, 44
25, 44
33, 43
34, 42
35, 42
34, 43
33, 42
34, 41
35, 42
36, 43
36, 42
36, 42
65, 68
64, 67
65, 68
64, 69
63, 68
64, 67
65, 67
64, 67
64, 66
63, 65
63, 65
64, 61
63, 60
63, 59
63, 58
64, 59
63, 59
63, 59
55, 53
54, 53
53, 52
54, 51
55, 50
54, 51
54, 51
52, 40
51, 41
52, 40
53, 41
53, 42
52, 42
52, 41
53, 42
54, 43
54, 43
58, 38
58, 39
58, 38
59, 39
58, 40
57, 40
56, 39
55, 38
55, 38
49, 51
48, 50
48, 49
49, 48
50, 48
50, 48
60, 69
61, 70
62, 70
63, 71
62, 72
62, 71
62, 70
62, 71
62, 71
45, 43
46, 43
45, 44
44, 43
45, 42
45, 42
62, 69
62, 68
62, 67
61, 67
60, 68
61, 67
60, 68
61, 68
61, 68
41, 51
42, 50
43, 50
44, 50
43, 50
43, 49
42, 48
42, 48
39, 69
39, 70
40, 71
41, 72
42, 71
42, 71
57, 66
58, 66
57, 66
57, 67
56, 67
56, 67
44, 34
44, 35
43, 36
44, 36
45, 35
44, 36
44, 37
45, 37
45, 38
44, 39
44, 39
57, 60
58, 61
58, 62
58, 61
57, 60
57, 60
49, 49
48, 50
48, 51
49, 51
50, 50
49, 50
49, 51
48, 51
48, 50
49, 50
49, 50
44, 74
45, 74
46, 75
46, 76
47, 75
46, 74
46, 75
46, 76
45, 77
45, 77
43, 51
44, 52
44, 51
45, 51
46, 50
46, 49
46, 50
47, 50
46, 49
45, 48
45, 48
61, 66
61, 67
61, 66
61, 67
60, 68
60, 69
61, 70
61, 70
38, 52
39, 53
40, 54
39, 54
38, 54
37, 55
37, 55
52, 44
51, 43
50, 43
49, 44
48, 45
47, 44
48, 44
47, 43
47, 44
47, 44
44, 37
43, 36
43, 37
44, 37
44, 38
44, 37
44, 36
44, 37
43, 38
42, 39
42, 39
53, 56
52, 55
51, 56
52, 55
53, 54
54, 53
54, 53
44, 38
45, 38
46, 39
46, 40
45, 40
44, 39
45, 38
45, 39
45, 40
45, 41
45, 41
56, 38
55, 38
55, 39
55, 38
56, 37
55, 36
55, 35
54, 36
53, 36
54, 36
54, 36
53, 42
52, 42
51, 42
52, 43
53, 43
54, 44
55, 43
55, 44
55, 44
25, 43
26, 43
26, 44
27, 45
28, 45
28, 45
64, 65
65, 65
64, 65
65, 65
66, 66
66, 65
66, 65
44, 48
45, 48
46, 48
47, 47
46, 46
47, 45
48, 45
48, 44
49, 44
48, 45
48, 45
62, 70
61, 69
62, 69
63, 68
64, 67
65, 68
64, 67
64, 67
42, 40
43, 41
42, 41
43, 40
42, 39
42, 40
42, 39
41, 40
40, 39
40, 39
63, 71
62, 70
62, 69
62, 70
63, 69
62, 68
62, 67
61, 67
60, 66
60, 66
53, 52
52, 52
51, 51
51, 52
51, 51
51, 51
55, 50
56, 50
55, 49
54, 48
54, 47
54, 46
53, 45
52, 44
53, 45
53, 45
56, 61
56, 62
56, 63
57, 62
57, 63
58, 64
59, 63
58, 64
59, 64
58, 64
58, 64
36, 55
37, 56
38, 57
38, 56
38, 57
37, 58
37, 59
37, 60
36, 60
35, 61
35, 61
43, 47
43, 46
44, 46
43, 46
44, 46
44, 47
44, 47
62, 69
62, 70
61, 69
60, 68
61, 68
62, 68
62, 68
62, 60
63, 61
62, 61
63, 62
64, 62
64, 63
65, 62
66, 62
66, 62
41, 72
40, 71
39, 71
39, 72
38, 73
37, 74
37, 74
46, 43
46, 44
47, 45
48, 46
48, 45
47, 45
47, 45
46, 42
45, 41
46, 41
45, 40
44, 40
44, 41
43, 41
42, 40
42, 40
50, 47
51, 46
52, 45
53, 44
52, 45
51, 46
52, 46
51, 45
51, 45
44, 76
44, 77
45, 76
46, 75
45, 76
45, 76
48, 50
47, 51
46, 50
46, 49
45, 48
45, 49
45, 49
36, 43
37, 43
36, 42
36, 43
35, 44
36, 45
35, 45
34, 45
35, 46
34, 47
34, 47
57, 67
58, 66
59, 65
58, 66
59, 66
60, 65
61, 66
62, 67
63, 67
64, 68
64, 68
44, 48
44, 47
45, 48
46, 49
46, 50
45, 51
46, 50
47, 50
48, 51
49, 52
49, 52
64, 66
63, 66
64, 67
64, 68
63, 68
62, 69
62, 70
62, 70
52, 46
52, 47
52, 46
51, 47
51, 48
51, 48
35, 48
36, 48
37, 48
36, 49
35, 50
36, 50
36, 49
36, 50
37, 49
37, 48
37, 48
50, 50
51, 50
51, 51
52, 50
51, 50
52, 50
52, 50
37, 73
38, 72
37, 73
36, 74
37, 73
37, 72
36, 72
36, 72
67, 62
68, 62
68, 61
68, 60
69, 59
68, 60
69, 61
68, 62
69, 61
68, 60
68, 60
56, 44
57, 45
57, 44
58, 43
58, 44
57, 45
57, 45
65, 66
64, 65
65, 65
64, 65
64, 66
63, 65
64, 66
64, 66
46, 48
46, 49
45, 50
45, 49
46, 49
46, 49
63, 67
64, 66
65, 65
64, 64
64, 63
64, 63
46, 75
45, 76
44, 76
44, 77
43, 76
44, 77
43, 77
44, 77
43, 77
43, 77
63, 67
64, 66
63, 67
62, 68
63, 69
63, 69
34, 62
35, 63
36, 63
37, 64
37, 63
38, 63
38, 63
60, 67
61, 67
62, 68
63, 67
63, 66
62, 66
63, 65
63, 64
62, 63
63, 62
63, 62
54, 35
53, 34
52, 34
52, 35
51, 35
51, 36
50, 35
51, 35
51, 35
47, 45
48, 46
49, 45
50, 44
51, 43
50, 42
50, 42
58, 65
59, 66
58, 65
59, 65
58, 64
57, 64
56, 64
56, 65
55, 65
54, 65
54, 65
45, 42
46, 43
45, 44
44, 43
45, 42
46, 43
47, 42
46, 41
46, 41
48, 44
49, 45
49, 46
48, 45
47, 46
47, 45
48, 46
47, 46
46, 45
47, 46
47, 46
42, 41
43, 42
42, 42
43, 43
42, 43
42, 43
39, 38
40, 38
39, 39
39, 38
40, 37
39, 37
40, 38
40, 38
29, 45
30, 44
29, 45
30, 45
29, 45
29, 45
50, 44
49, 44
48, 45
49, 46
50, 47
50, 47
54, 64
54, 63
53, 64
54, 63
53, 63
52, 62
51, 61
51, 61
51, 43
52, 42
52, 43
53, 43
52, 43
53, 43
54, 42
53, 42
53, 42
63, 71
63, 72
64, 72
65, 73
65, 72
66, 71
67, 71
68, 70
69, 70
69, 70
49, 48
50, 47
49, 47
49, 48
49, 47
50, 46
50, 45
51, 46
52, 47
52, 47
39, 39
40, 40
41, 40
42, 41
43, 41
43, 40
44, 41
43, 40
43, 41
43, 41
56, 46
55, 45
54, 44
54, 45
54, 44
55, 43
56, 42
56, 42
52, 36
51, 37
51, 38
52, 37
52, 36
53, 36
53, 36
52, 47
53, 48
52, 47
51, 48
51, 49
51, 49
47, 47
48, 46
47, 45
48, 46
47, 45
47, 45
45, 41
46, 41
45, 41
44, 42
43, 41
43, 40
42, 41
42, 41
53, 50
54, 50
53, 50
53, 49
54, 48
53, 47
53, 48
54, 48
54, 48
37, 64
38, 64
39, 65
39, 64
38, 64
38, 65
39, 66
40, 65
41, 65
41, 65
63, 65
62, 66
63, 66
62, 67
61, 67
61, 68
62, 67
62, 67
47, 49
46, 49
46, 48
45, 49
44, 48
44, 48
44, 78
45, 78
46, 78
45, 77
45, 78
44, 79
43, 78
42, 79
42, 80
42, 80
38, 49
37, 50
38, 51
38, 52
37, 52
38, 51
39, 50
39, 50
64, 69
63, 69
62, 69
62, 70
63, 70
64, 70
63, 69
62, 68
61, 68
61, 68
43, 42
42, 43
43, 42
42, 42
43, 42
42, 42
43, 41
42, 40
42, 41
41, 41
41, 41
62, 61
61, 60
62, 61
63, 60
62, 59
63, 58
63, 58
68, 61
68, 60
68, 59
67, 58
67, 57
68, 58
68, 58
30, 45
31, 46
32, 47
32, 46
31, 46
31, 45
30, 44
31, 44
31, 44
37, 71
37, 72
36, 73
36, 72
37, 73
38, 74
38, 74
48, 53
48, 54
48, 53
48, 52
49, 51
50, 52
51, 51
51, 51
63, 64
63, 63
62, 64
61, 64
60, 65
61, 65
62, 64
61, 65
62, 64
62, 64
51, 47
51, 47
52, 48
53, 49
54, 50
56, 52
57, 53
58, 54
59, 55
60, 56
61, 57
62, 58
63, 59
64, 60
65, 59
65, 59
65, 60
65, 60
40, 51
41, 52
42, 53
43, 54
44, 55
44, 54
44, 54
44, 54
52, 42
52, 42
53, 43
54, 44
55, 45
56, 46
56, 48
56, 49
56, 50
56, 51
56, 52
56, 53
56, 54
56, 55
56, 56
56, 56
43, 81
44, 82
45, 83
46, 84
47, 84
47, 84
48, 85
49, 86
49, 86
52, 52
53, 53
54, 54
55, 55
55, 55
54, 56
54, 57
54, 58
54, 57
54, 57
54, 56
54, 56
54, 56
61, 63
61, 63
62, 64
63, 65
64, 66
63, 65
63, 65
64, 66
65, 66
65, 66
65, 67
65, 68
65, 69
65, 69
53, 37
53, 38
53, 39
53, 40
53, 41
53, 42
53, 43
53, 43
68, 71
67, 70
67, 70
67, 71
67, 72
67, 73
67, 74
67, 75
67, 76
67, 75
67, 75
67, 75
52, 50
53, 51
55, 53
56, 54
57, 55
58, 56
59, 57
60, 58
61, 59
62, 60
63, 61
64, 62
65, 63
67, 65
68, 66
69, 67
69, 68
69, 69
68, 70
68, 70
69, 71
69, 71
62, 59
62, 60
62, 60
61, 61
60, 62
59, 63
58, 62
58, 62
57, 63
57, 63
56, 64
55, 65
54, 66
54, 66
48, 44
48, 44
49, 45
50, 46
51, 47
52, 48
53, 49
52, 49
52, 49
52, 49
42, 66
42, 65
42, 65
43, 66
43, 65
43, 65
44, 66
45, 67
46, 68
47, 69
47, 69
52, 62
53, 63
54, 64
55, 65
55, 64
55, 64
56, 65
57, 66
58, 67
59, 68
59, 68
67, 59
66, 60
65, 61
64, 62
65, 63
65, 63
64, 64
64, 64
61, 69
61, 69
62, 70
63, 71
64, 72
65, 73
65, 73
62, 68
62, 68
61, 69
60, 68
60, 68
59, 69
58, 70
57, 71
56, 72
56, 72
32, 45
33, 46
33, 46
32, 45
32, 45
33, 46
34, 47
34, 47
56, 41
56, 41
57, 42
58, 43
59, 44
61, 46
62, 47
63, 48
64, 49
65, 50
65, 51
65, 53
65, 54
65, 55
65, 56
65, 57
65, 58
65, 59
65, 60
65, 61
65, 62
66, 63
66, 63
66, 63
39, 75
40, 75
40, 75
41, 76
40, 77
40, 77
41, 78
41, 78
42, 79
43, 80
43, 80
55, 49
56, 50
58, 52
59, 53
60, 54
61, 55
62, 56
63, 57
64, 58
65, 59
66, 60
67, 61
67, 61
45, 49
46, 50
47, 51
48, 52
49, 53
50, 52
50, 52
51, 53
52, 54
52, 54
43, 42
44, 43
44, 42
44, 42
45, 42
45, 42
46, 43
47, 44
48, 45
48, 45
48, 45
44, 42
45, 43
46, 44
47, 45
48, 46
49, 47
50, 47
50, 47
50, 47
42, 42
42, 42
43, 43
42, 43
42, 43
44, 45
45, 46
46, 47
47, 48
48, 49
49, 50
48, 51
48, 51
49, 52
49, 53
49, 53
49, 53
50, 85
51, 84
52, 83
53, 82
54, 81
54, 81
53, 57
52, 58
53, 57
53, 57
52, 58
51, 59
51, 60
51, 61
51, 62
51, 62
48, 70
49, 71
50, 72
51, 73
52, 74
53, 75
53, 75
53, 76
53, 77
53, 77
58, 67
58, 67
58, 68
58, 69
57, 68
57, 68
58, 69
58, 70
58, 71
58, 72
58, 73
58, 74
58, 74
64, 61
64, 62
64, 62
63, 63
62, 62
62, 62
61, 63
60, 64
59, 65
60, 66
60, 66
60, 66
65, 64
64, 65
63, 66
62, 67
61, 68
60, 69
59, 70
59, 70
51, 48
52, 49
53, 50
54, 51
56, 53
57, 54
57, 55
57, 56
57, 57
57, 58
57, 59
57, 60
57, 61
57, 62
57, 63
57, 64
57, 65
57, 65
35, 48
36, 49
37, 50
38, 51
38, 51
38, 52
38, 52
39, 53
40, 54
41, 55
42, 56
43, 57
43, 57
44, 79
45, 78
46, 77
45, 77
45, 77
46, 76
47, 75
48, 76
48, 76
49, 75
50, 74
50, 74
44, 55
44, 55
46, 57
47, 58
48, 59
49, 60
50, 61
51, 62
52, 63
53, 64
54, 65
53, 64
53, 64
54, 65
55, 66
56, 67
56, 67
66, 74
67, 75
67, 76
67, 77
67, 78
67, 79
67, 80
67, 81
67, 82
67, 82
53, 55
54, 56
55, 57
56, 58
57, 59
58, 60
58, 60
50, 54
51, 55
51, 54
51, 54
52, 55
53, 56
53, 56
66, 62
65, 63
64, 64
63, 65
62, 66
61, 67
60, 68
59, 69
59, 69
53, 67
52, 68
52, 69
52, 70
53, 70
53, 70
52, 71
52, 72
52, 72
57, 73
58, 74
59, 75
60, 76
61, 77
61, 77
66, 76
65, 77
64, 78
63, 78
62, 77
62, 77
61, 78
60, 78
59, 78
59, 78
68, 72
67, 73
66, 74
66, 75
66, 75
65, 76
64, 77
63, 78
63, 78
64, 70
63, 71
64, 70
64, 70
63, 71
62, 72
61, 73
60, 74
59, 75
59, 75
53, 50
52, 49
52, 49
53, 50
53, 51
53, 52
53, 52
49, 46
50, 47
51, 48
52, 49
53, 50
52, 51
52, 51
53, 52
54, 53
55, 54
56, 55
56, 55
52, 44
53, 45
53, 45
54, 44
54, 44
53, 45
52, 46
51, 47
51, 48
51, 49
51, 49
63, 65
62, 66
61, 67
61, 68
61, 68
61, 69
61, 70
61, 71
61, 71
57, 57
57, 58
57, 59
57, 60
57, 61
57, 61
54, 53
55, 54
56, 55
57, 56
58, 57
59, 58
58, 58
58, 58
57, 57
57, 57
57, 57
57, 55
57, 55
57, 54
57, 54
58, 55
60, 57
61, 58
61, 59
61, 60
61, 61
61, 62
61, 63
61, 64
60, 65
60, 65
61, 66
61, 67
61, 68
60, 69
60, 69
59, 70
59, 70
59, 70
60, 76
59, 75
58, 74
57, 73
56, 72
55, 72
55, 72
54, 72
54, 72
58, 62
59, 61
59, 61
60, 62
61, 63
62, 64
62, 64
59, 75
60, 76
61, 75
61, 75
62, 76
63, 77
64, 77
65, 77
65, 77
61, 66
61, 66
62, 67
62, 68
62, 68
63, 69
64, 70
64, 71
64, 72
64, 73
64, 74
64, 74
64, 79
65, 80
66, 81
66, 80
66, 80
67, 81
68, 82
68, 83
68, 83
68, 84
68, 84
52, 50
53, 51
55, 53
56, 54
57, 55
58, 56
59, 57
59, 58
59, 59
59, 60
59, 61
59, 62
59, 63
59, 63
45, 59
46, 60
47, 61
48, 62
49, 63
50, 64
51, 65
52, 66
53, 67
54, 68
55, 69
54, 69
54, 69
55, 70
55, 70
55, 80
55, 80
55, 80
55, 80
55, 80
55, 80
55, 80
55, 80
55, 80
54, 57
55, 58
56, 59
57, 60
58, 61
59, 62
60, 62
60, 62
60, 62
58, 76
57, 76
56, 76
55, 76
54, 76
53, 76
52, 76
52, 76
52, 76
52, 76
58, 70
57, 71
56, 72
56, 72
57, 73
57, 73
57, 72
57, 72
56, 73
55, 74
55, 75
56, 75
56, 75
55, 76
55, 76
66, 81
65, 80
65, 81
65, 81
65, 80
65, 80
64, 79
63, 79
63, 79
63, 78
63, 78
62, 79
62, 79
63, 79
63, 79
54, 78
53, 77
53, 77
54, 78
55, 79
56, 79
57, 79
58, 79
58, 79
56, 68
56, 68
57, 67
57, 67
58, 66
58, 66
57, 67
56, 68
56, 69
57, 68
57, 68
56, 69
56, 69
53, 73
54, 74
55, 75
56, 76
57, 77
57, 76
57, 76
58, 77
58, 77
51, 75
52, 76
53, 77
52, 77
52, 77
53, 78
54, 79
55, 80
56, 81
57, 82
57, 82
58, 70
57, 70
56, 70
56, 70
56, 70
56, 69
56, 69
56, 70
55, 70
55, 70
56, 70
56, 70
56, 70
59, 61
59, 61
60, 62
61, 63
62, 64
63, 65
64, 66
64, 66
52, 63
51, 62
51, 62
50, 61
50, 61
50, 62
50, 62
51, 63
51, 62
51, 62
51, 62
58, 66
59, 67
60, 68
61, 69
61, 70
61, 71
61, 72
61, 72
62, 71
62, 71
61, 72
60, 73
59, 74
58, 75
57, 76
57, 76
57, 76
59, 77
59, 76
60, 76
60, 76
59, 75
59, 74
59, 73
59, 73
67, 83
66, 82
65, 81
64, 80
63, 79
62, 78
63, 78
63, 78
63, 77
63, 77
62, 77
62, 77
62, 77
58, 77
59, 78
60, 79
61, 80
62, 81
63, 82
64, 83
63, 82
63, 82
64, 83
65, 84
65, 84
61, 62
61, 62
60, 63
61, 63
61, 63
62, 64
62, 64
61, 65
60, 66
59, 67
58, 68
57, 69
56, 70
56, 70
52, 63
53, 64
54, 65
54, 65
55, 66
56, 67
56, 67
57, 71
58, 72
59, 73
60, 74
60, 73
60, 73
61, 74
62, 75
62, 75
62, 65
62, 65
61, 66
60, 67
59, 68
58, 69
57, 70
57, 70
65, 67
66, 68
67, 69
68, 69
68, 69
69, 69
69, 69
68, 70
68, 70
56, 79
57, 78
58, 77
59, 76
60, 75
60, 75
59, 78
60, 77
61, 76
62, 75
63, 74
64, 73
65, 73
65, 73
53, 73
54, 74
54, 74
53, 75
53, 76
53, 77
53, 78
53, 79
53, 79
56, 77
57, 78
58, 78
58, 78
59, 79
59, 80
59, 80
58, 58
59, 59
59, 60
59, 61
59, 62
59, 63
59, 62
59, 62
59, 63
59, 63
59, 64
59, 65
59, 65
55, 70
54, 71
53, 71
53, 71
52, 72
51, 73
52, 72
52, 72
53, 72
53, 72
53, 72
63, 73
62, 72
63, 72
63, 72
62, 72
63, 73
63, 73
62, 74
62, 74
61, 73
60, 72
60, 72
62, 73
63, 74
64, 75
64, 74
64, 74
65, 75
66, 76
67, 76
67, 76
68, 77
69, 78
69, 78
68, 79
68, 79
57, 78
56, 79
57, 79
57, 79
56, 79
55, 79
54, 79
54, 79
58, 70
57, 70
56, 70
55, 70
54, 70
53, 70
52, 70
51, 70
51, 70
53, 77
54, 78
55, 79
56, 80
57, 81
57, 81
58, 63
58, 63
59, 64
60, 65
60, 66
60, 67
59, 66
59, 66
60, 67
60, 67
63, 80
63, 81
62, 80
62, 80
63, 80
63, 80
63, 81
63, 82
63, 83
63, 84
63, 85
63, 86
63, 86
58, 74
57, 75
56, 76
55, 77
54, 78
54, 79
54, 79
64, 78
63, 79
62, 80
61, 80
61, 80
60, 81
60, 81
61, 82
61, 83
61, 83
54, 69
54, 69
55, 70
56, 71
57, 72
58, 73
58, 73
56, 83
55, 84
55, 83
55, 83
54, 84
54, 85
53, 85
53, 85
54, 86
54, 87
53, 88
53, 88
53, 88
67, 71
67, 72
67, 72
68, 71
68, 71
67, 71
67, 71
67, 72
67, 72
66, 73
65, 74
64, 75
63, 74
63, 74
63, 74
60, 79
60, 79
60, 80
60, 81
60, 82
60, 83
60, 84
60, 85
60, 85
52, 71
51, 72
51, 72
52, 73
53, 74
54, 73
54, 73
55, 74
55, 74
61, 75
62, 75
63, 75
63, 76
63, 76
64, 75
65, 75
65, 75
66, 74
66, 74
66, 74
64, 86
64, 86
63, 85
64, 86
64, 86
63, 85
62, 84
62, 83
62, 82
62, 82
52, 73
53, 74
53, 74
52, 74
51, 74
51, 73
51, 73
51, 74
50, 75
50, 75
50, 75
54, 87
55, 86
56, 85
57, 84
57, 83
57, 82
57, 81
58, 80
58, 80
58, 79
58, 79
58, 79
56, 71
55, 72
54, 72
53, 72
52, 72
52, 72
52, 72
58, 80
59, 79
60, 78
61, 79
61, 79
62, 78
63, 77
63, 76
63, 76
63, 76
66, 84
66, 84
65, 83
64, 82
63, 81
62, 80
61, 80
60, 80
59, 80
59, 80
61, 77
61, 77
61, 76
61, 76
62, 77
63, 78
64, 79
65, 79
65, 79
65, 79
55, 70
54, 70
55, 69
55, 69
54, 70
53, 70
53, 70
55, 80
56, 81
57, 82
58, 83
59, 84
60, 85
61, 86
62, 86
63, 86
64, 86
64, 86
64, 86
54, 80
55, 81
56, 80
56, 80
57, 81
57, 82
57, 83
57, 83
57, 83
57, 83
60, 66
61, 67
61, 66
61, 66
62, 67
63, 68
63, 68
67, 80
66, 81
65, 82
64, 83
63, 84
62, 85
61, 86
60, 87
59, 88
58, 89
58, 89
63, 74
64, 73
64, 72
64, 72
63, 73
63, 73
64, 72
64, 72
64, 72
64, 72
64, 72
59, 74
60, 75
61, 75
61, 75
61, 75
62, 75
62, 75
63, 76
63, 76
62, 75
61, 75
61, 75
60, 71
60, 71
61, 72
62, 73
63, 74
64, 75
65, 76
66, 77
66, 77
59, 68
59, 69
59, 70
59, 71
59, 71
59, 71
58, 70
58, 70
59, 69
59, 69
59, 69
55, 68
54, 69
53, 70
53, 71
53, 72
53, 72
66, 74
67, 75
68, 76
69, 77
69, 77
69, 77
60, 82
59, 82
58, 82
57, 82
56, 82
55, 82
55, 82
56, 82
56, 82
55, 82
55, 82
55, 78
56, 77
57, 76
58, 75
59, 74
60, 74
60, 74
61, 73
61, 73
58, 81
57, 82
56, 83
55, 84
54, 85
53, 86
52, 87
52, 88
52, 90
52, 90
52, 90
52, 90
52, 90
52, 90
52, 90
68, 78
67, 79
66, 80
65, 81
65, 82
66, 83
66, 83
66, 84
66, 84
66, 83
66, 83
66, 83
60, 74
59, 75
58, 76
57, 75
57, 75
56, 76
56, 76
55, 77
55, 77
61, 81
62, 82
62, 82
61, 81
60, 80
59, 79
59, 79
64, 75
65, 76
66, 77
67, 78
68, 79
69, 80
70, 81
70, 82
70, 83
70, 83
54, 71
55, 72
56, 72
56, 72
57, 73
57, 74
57, 74
58, 75
59, 75
60, 75
61, 75
61, 75
62, 77
61, 77
60, 77
60, 77
59, 77
58, 77
57, 77
57, 77
56, 77
56, 77
56, 77
54, 73
55, 74
56, 75
57, 76
58, 77
59, 78
59, 78
62, 74
63, 73
62, 74
62, 74
63, 73
64, 72
65, 72
66, 72
66, 72
66, 72
66, 72
60, 70
61, 71
62, 72
63, 73
63, 74
63, 74
64, 73
64, 73
63, 74
63, 74
64, 85
64, 84
64, 83
64, 82
63, 82
63, 82
64, 81
64, 81
64, 81
64, 81
64, 80
64, 80
64, 80
56, 83
57, 84
57, 84
57, 85
57, 85
58, 86
59, 87
59, 87
59, 87
51, 76
52, 77
52, 77
53, 78
54, 79
53, 80
53, 80
53, 80
59, 88
59, 88
60, 87
61, 87
61, 87
61, 88
61, 88
62, 87
63, 88
63, 88
64, 87
64, 87
65, 86
65, 86
53, 73
54, 74
55, 74
55, 74
56, 75
57, 75
57, 74
57, 74
56, 75
56, 75
57, 75
56, 76
56, 76
56, 76
65, 78
64, 79
63, 80
62, 81
63, 82
63, 82
63, 81
63, 81
62, 82
62, 82
65, 75
64, 76
63, 77
63, 76
63, 76
62, 77
62, 78
62, 78
62, 78
62, 78
62, 79
62, 79
62, 79
60, 84
60, 83
60, 82
60, 81
60, 80
60, 80
64, 67
64, 67
63, 68
62, 69
61, 70
60, 71
59, 71
59, 71
58, 72
57, 71
57, 71
57, 71
66, 79
66, 79
66, 78
66, 77
66, 76
66, 76
66, 76
66, 76
59, 80
60, 81
61, 82
61, 83
61, 84
62, 83
62, 83
61, 84
61, 85
61, 85
56, 74
56, 74
57, 75
58, 75
58, 75
59, 76
60, 77
60, 77
65, 73
65, 72
65, 72
66, 73
67, 74
67, 74
66, 75
66, 76
66, 77
66, 77
58, 83
58, 83
59, 82
60, 81
61, 80
62, 79
62, 78
62, 77
62, 77
60, 79
61, 79
62, 79
63, 79
64, 79
65, 79
66, 79
66, 79
70, 84
70, 84
69, 83
68, 83
67, 83
66, 83
65, 83
64, 83
63, 83
62, 83
62, 83
67, 82
68, 83
68, 83
68, 82
68, 81
68, 80
68, 80
65, 78
64, 79
63, 80
62, 81
61, 82
60, 83
59, 84
58, 85
58, 86
58, 86
58, 86
60, 76
59, 76
60, 75
60, 75
59, 76
58, 76
58, 76
58, 77
58, 77
58, 76
58, 76
57, 75
58, 74
58, 73
58, 73
58, 72
58, 71
58, 70
58, 70
65, 73
64, 72
64, 72
63, 73
62, 74
61, 75
60, 76
60, 75
60, 75
60, 75
53, 89
54, 90
54, 90
55, 89
56, 88
57, 87
58, 86
58, 86
62, 76
62, 76
61, 75
60, 74
59, 74
58, 74
57, 74
57, 74
61, 81
62, 82
63, 83
64, 84
65, 83
65, 83
65, 84
65, 84
65, 75
64, 74
63, 73
62, 72
61, 71
60, 71
59, 71
58, 71
58, 71
63, 80
62, 80
61, 80
60, 80
59, 80
58, 80
57, 80
58, 80
58, 80
57, 80
57, 80
63, 79
64, 79
65, 79
64, 80
64, 80
64, 79
64, 79
65, 79
66, 79
66, 79
60, 79
60, 80
60, 81
60, 81
60, 81
60, 81
56, 76
57, 77
57, 77
58, 76
57, 76
57, 76
58, 75
59, 74
58, 74
58, 74
58, 73
58, 73
59, 73
60, 73
60, 73
63, 81
64, 80
65, 79
66, 78
67, 77
67, 77
59, 78
58, 78
58, 78
57, 78
56, 78
56, 78
56, 78
64, 75
63, 75
63, 75
64, 76
63, 77
63, 77
64, 78
65, 79
65, 79
60, 84
60, 84
61, 83
61, 83
62, 84
63, 85
64, 86
65, 87
66, 88
67, 89
67, 89
67, 89
54, 79
55, 78
56, 77
57, 77
58, 77
58, 77
66, 87
67, 88
66, 88
66, 88
67, 89
67, 89
67, 89
67, 89
67, 89
67, 89
56, 76
56, 75
56, 75
55, 74
55, 74
54, 75
54, 75
54, 75
58, 72
59, 73
60, 72
60, 72
59, 73
59, 74
59, 75
59, 76
59, 76
60, 86
61, 85
62, 84
63, 84
64, 84
65, 84
66, 84
67, 84
68, 84
68, 83
68, 83
68, 83
57, 77
57, 77
56, 78
55, 79
54, 80
54, 80
55, 81
55, 81
55, 81
55, 81
55, 81
55, 81
59, 72
58, 72
58, 72
59, 73
60, 74
59, 75
59, 75
60, 76
60, 76
64, 84
64, 84
63, 85
63, 85
62, 86
61, 86
60, 86
60, 86
56, 74
56, 74
57, 74
57, 74
57, 74
57, 74
57, 74
57, 74
67, 80
68, 81
69, 82
69, 83
69, 84
69, 85
69, 86
69, 86
57, 85
56, 84
57, 84
57, 84
56, 83
55, 82
55, 83
55, 83
54, 82
54, 83
54, 83
54, 83
61, 76
62, 77
63, 78
64, 78
64, 78
64, 79
64, 79
65, 80
65, 80
65, 80
57, 75
57, 74
56, 75
56, 75
57, 74
57, 74
57, 73
57, 73
57, 73
57, 73
56, 74
56, 74
56, 74
56, 81
56, 82
56, 82
56, 82
56, 82
56, 82
55, 74
56, 73
57, 73
58, 73
59, 73
59, 73
66, 90
66, 90
65, 89
64, 88
63, 87
62, 86
61, 85
60, 84
61, 83
61, 83
61, 83
66, 78
65, 79
64, 80
63, 81
62, 81
62, 81
63, 82
63, 82
63, 82
67, 82
66, 81
66, 82
66, 82
65, 81
64, 80
64, 80
63, 79
62, 78
61, 77
60, 76
59, 75
59, 75
59, 75
63, 82
64, 81
65, 80
66, 79
67, 78
67, 78
65, 78
64, 77
63, 76
62, 76
62, 76
63, 76
62, 75
62, 75
63, 76
64, 76
64, 76
64, 76
66, 88
66, 87
66, 87
65, 86
64, 86
64, 86
64, 87
64, 87
64, 88
64, 88
63, 87
63, 86
63, 86
59, 85
59, 85
60, 86
61, 85
61, 85
62, 86
61, 86
61, 86
61, 86
59, 73
58, 73
57, 73
57, 73
56, 73
55, 72
55, 72
54, 73
53, 72
53, 72
53, 72
64, 80
64, 81
64, 81
63, 81
63, 81
63, 81
63, 82
63, 82
63, 81
63, 81
63, 81
62, 82
62, 82
62, 82
58, 76
58, 76
58, 77
58, 77
57, 78
56, 79
55, 80
54, 81
55, 81
55, 81
55, 81
59, 71
60, 72
61, 73
62, 74
62, 75
62, 76
62, 77
61, 76
61, 76
61, 76
57, 76
57, 76
58, 77
59, 78
59, 78
60, 79
61, 80
61, 81
61, 82
60, 83
60, 83
61, 84
61, 85
61, 85
61, 82
62, 83
63, 83
62, 83
62, 83
63, 83
64, 83
64, 83
64, 83
64, 83
67, 81
66, 82
65, 83
64, 84
63, 85
62, 85
62, 85
56, 81
57, 80
58, 79
57, 78
57, 79
58, 80
59, 80
59, 81
58, 82
57, 82
57, 82
53, 82
53, 83
52, 83
53, 83
53, 84
52, 84
51, 84
50, 85
50, 84
50, 84
60, 87
59, 86
60, 85
61, 84
61, 85
62, 84
63, 85
62, 84
62, 84
59, 74
59, 73
60, 73
59, 73
58, 72
58, 72
63, 85
64, 84
65, 85
66, 86
65, 87
64, 86
64, 86
62, 83
61, 84
61, 83
60, 84
61, 84
60, 84
59, 83
60, 84
61, 83
61, 83
66, 77
67, 78
68, 78
67, 77
66, 77
66, 78
66, 78
55, 73
56, 74
56, 75
56, 76
55, 75
54, 75
54, 76
54, 76
64, 84
64, 85
64, 84
63, 84
63, 83
62, 84
62, 83
62, 84
61, 83
61, 83
60, 76
60, 77
61, 77
60, 77
60, 78
60, 79
59, 80
59, 80
56, 75
55, 76
56, 77
56, 76
57, 77
56, 77
55, 78
56, 77
56, 78
56, 78
64, 80
63, 80
62, 80
63, 79
63, 80
63, 80
59, 75
58, 75
57, 76
58, 75
57, 74
56, 73
56, 73
54, 73
54, 72
53, 72
54, 72
55, 72
55, 71
54, 70
53, 69
53, 69
58, 72
57, 71
57, 72
58, 71
57, 70
56, 71
56, 70
56, 70
61, 86
61, 87
61, 88
60, 87
60, 88
60, 89
60, 90
60, 91
59, 90
59, 90
65, 75
66, 75
67, 74
66, 73
65, 73
65, 73
62, 86
61, 87
60, 87
59, 87
58, 86
59, 87
60, 86
61, 86
62, 85
62, 86
62, 86
54, 80
54, 81
55, 80
55, 79
54, 78
55, 79
55, 79
61, 84
62, 83
61, 83
61, 84
60, 83
60, 83
57, 82
56, 83
55, 84
56, 85
55, 84
56, 84
56, 85
57, 85
57, 85
63, 81
62, 82
61, 82
60, 83
60, 84
59, 85
59, 84
59, 84
60, 87
59, 86
58, 85
58, 86
57, 87
57, 86
58, 87
59, 86
59, 87
59, 87
70, 85
69, 86
69, 85
70, 85
69, 84
70, 85
69, 84
69, 83
68, 82
68, 82
58, 86
59, 86
60, 87
61, 87
61, 88
61, 89
62, 89
62, 89
55, 75
54, 74
54, 75
54, 74
55, 75
54, 75
53, 76
54, 77
53, 76
53, 76
63, 81
62, 81
61, 81
61, 82
62, 83
62, 84
63, 83
64, 83
63, 83
63, 83
62, 82
61, 82
62, 81
61, 82
60, 81
61, 81
60, 80
61, 81
62, 81
63, 81
63, 81
69, 83
70, 83
71, 84
70, 85
70, 86
70, 87
69, 88
68, 89
69, 90
69, 90
57, 74
58, 73
57, 73
56, 73
57, 74
56, 73
55, 74
55, 75
54, 74
55, 75
55, 75
55, 78
54, 79
53, 78
54, 77
55, 78
55, 79
55, 80
54, 81
54, 80
54, 80
57, 83
56, 83
56, 84
55, 83
55, 82
55, 81
55, 81
63, 85
64, 84
63, 83
63, 84
62, 83
61, 82
61, 81
61, 81
61, 83
62, 84
62, 85
63, 86
62, 87
62, 87
49, 83
50, 82
50, 83
49, 84
49, 85
49, 85
55, 69
55, 68
56, 68
57, 67
56, 68
57, 69
57, 68
57, 67
57, 66
58, 66
58, 66
61, 84
60, 84
59, 83
60, 83
60, 84
60, 83
59, 83
59, 82
59, 83
59, 83
66, 77
67, 77
66, 78
65, 78
66, 79
67, 78
66, 78
67, 77
67, 78
67, 78
57, 73
57, 74
57, 75
57, 74
58, 73
58, 73
57, 86
56, 85
56, 84
57, 83
57, 82
56, 81
57, 81
56, 80
55, 79
54, 80
54, 80
63, 86
62, 87
62, 86
62, 87
62, 86
62, 85
61, 85
61, 85
61, 82
61, 81
62, 82
62, 81
61, 81
62, 81
61, 82
62, 83
63, 82
63, 82
52, 70
52, 71
53, 71
53, 72
54, 72
54, 72
58, 83
59, 82
60, 83
61, 84
61, 85
62, 86
63, 86
63, 85
62, 84
62, 84
59, 91
60, 92
60, 93
61, 94
60, 94
60, 94
54, 80
53, 79
52, 80
51, 81
52, 82
52, 82
60, 80
59, 81
58, 80
57, 80
57, 79
56, 80
57, 79
57, 79
66, 74
66, 73
67, 73
67, 74
66, 75
66, 76
65, 76
66, 76
66, 76
61, 85
61, 85
60, 86
59, 87
58, 88
57, 88
57, 88
62, 90
62, 91
62, 92
62, 92
62, 93
62, 94
62, 94
62, 94
62, 95
62, 96
62, 96
60, 80
59, 79
58, 78
57, 77
56, 76
55, 75
54, 74
53, 73
52, 72
51, 71
51, 71
55, 75
56, 74
57, 73
58, 72
59, 71
60, 70
60, 70
61, 86
61, 86
60, 85
59, 84
58, 83
58, 83
67, 78
67, 78
66, 77
65, 76
64, 75
63, 74
63, 74
62, 73
61, 72
61, 72
61, 85
61, 85
60, 84
60, 84
59, 83
59, 83
58, 82
58, 82
59, 72
60, 71
61, 70
61, 69
61, 69
61, 69
61, 68
61, 67
61, 66
61, 66
65, 75
64, 74
64, 74
63, 73
62, 72
61, 71
61, 71
68, 89
67, 88
66, 87
65, 86
65, 86
64, 85
64, 85
56, 78
56, 78
55, 77
54, 76
53, 75
52, 74
51, 73
50, 72
49, 71
48, 70
48, 70
51, 81
50, 80
49, 79
48, 78
47, 77
47, 77
58, 82
58, 82
57, 81
56, 80
55, 79
54, 78
53, 77
52, 76
51, 75
51, 75
54, 80
54, 80
55, 81
56, 82
57, 83
58, 84
59, 85
59, 85
62, 80
61, 79
60, 78
59, 77
58, 76
57, 75
56, 74
55, 73
54, 72
54, 72
53, 71
52, 70
52, 70
51, 69
51, 69
50, 68
49, 67
48, 66
48, 66
53, 79
52, 78
52, 77
52, 76
52, 75
52, 75
54, 80
53, 79
53, 79
52, 78
51, 77
51, 77
52, 75
51, 74
50, 73
50, 73
50, 73
50, 73
50, 73
64, 83
65, 83
66, 83
67, 83
67, 83
67, 83
67, 83
67, 83
67, 83
59, 93
57, 91
56, 90
55, 89
54, 88
53, 87
52, 86
51, 85
50, 84
49, 83
48, 82
48, 81
48, 80
48, 79
48, 78
48, 78
48, 84
47, 83
46, 82
46, 82
45, 81
44, 80
43, 79
42, 78
41, 77
40, 76
40, 76
62, 82
61, 81
60, 80
59, 79
59, 79
58, 78
57, 77
57, 77
57, 77
56, 76
56, 76
57, 65
56, 64
56, 64
55, 63
55, 63
54, 62
54, 62
55, 75
54, 74
53, 73
52, 72
51, 71
50, 70
49, 69
49, 69
41, 75
41, 75
42, 74
43, 73
44, 72
44, 72
50, 74
49, 73
48, 72
47, 71
46, 70
46, 70
45, 69
45, 69
61, 71
62, 72
63, 73
64, 74
65, 75
66, 76
67, 77
67, 77
58, 87
59, 86
60, 85
61, 84
61, 84
62, 83
63, 82
63, 82
50, 76
49, 75
48, 74
47, 73
46, 72
45, 71
45, 71
60, 70
60, 70
59, 69
59, 69
58, 68
57, 67
57, 67
66, 82
65, 81
64, 80
63, 79
62, 78
62, 78
57, 82
57, 82
57, 82
56, 81
55, 80
54, 79
54, 78
54, 78
54, 62
54, 62
55, 63
55, 63
56, 64
56, 65
56, 66
56, 66
48, 66
47, 65
46, 64
45, 63
44, 62
44, 60
45, 59
46, 58
47, 57
48, 56
49, 55
50, 54
50, 53
50, 52
49, 51
49, 51
49, 51
61, 95
60, 94
59, 93
57, 91
56, 90
55, 89
54, 88
53, 87
52, 86
51, 85
50, 84
50, 84
64, 85
63, 84
62, 83
61, 82
61, 82
61, 82
60, 81
59, 80
58, 79
58, 79
58, 79
60, 71
59, 70
58, 69
57, 68
56, 67
56, 67
51, 74
51, 74
50, 73
49, 72
48, 71
47, 70
47, 69
47, 68
47, 67
47, 66
47, 66
46, 76
45, 75
44, 74
43, 73
42, 72
41, 71
40, 70
40, 70
49, 72
48, 71
47, 70
47, 68
48, 67
49, 66
50, 65
50, 64
50, 64
49, 65
48, 66
47, 67
47, 67
57, 81
56, 80
55, 79
55, 79
54, 79
53, 79
53, 79
58, 84
57, 83
56, 82
55, 81
54, 80
53, 79
53, 79
60, 67
59, 68
58, 69
57, 70
56, 71
55, 72
55, 72
54, 73
53, 74
53, 74
47, 77
46, 77
45, 77
44, 77
43, 77
42, 77
41, 77
40, 77
39, 77
38, 77
38, 77
50, 70
49, 69
49, 68
49, 67
49, 66
49, 66
48, 70
48, 70
49, 71
49, 71
50, 72
51, 73
52, 74
52, 75
52, 76
52, 76
53, 72
52, 72
51, 72
51, 72
50, 72
49, 72
49, 72
62, 81
61, 80
60, 79
59, 78
58, 77
57, 76
57, 76
61, 77
60, 76
59, 75
58, 74
57, 73
57, 73
52, 73
51, 72
51, 72
50, 71
49, 70
48, 69
47, 68
47, 68
46, 67
46, 67
48, 71
47, 70
47, 68
48, 67
49, 66
50, 65
50, 64
50, 63
50, 62
50, 62
50, 62
50, 61
50, 60
50, 59
50, 58
50, 57
50, 56
49, 57
49, 57
44, 72
44, 72
45, 71
45, 71
46, 70
47, 69
48, 68
49, 67
49, 67
49, 67
57, 80
56, 81
56, 81
56, 81
56, 81
55, 82
54, 83
54, 83
53, 84
53, 85
53, 85
56, 66
55, 65
54, 64
54, 64
53, 63
53, 63
44, 68
43, 67
42, 66
41, 65
40, 64
39, 63
38, 62
37, 61
37, 61
53, 77
52, 76
51, 75
50, 74
49, 73
48, 72
47, 71
46, 70
45, 69
45, 69
45, 69
55, 66
55, 66
54, 65
53, 64
53, 64
53, 63
53, 63
67, 77
66, 76
65, 75
64, 74
63, 74
62, 74
62, 74
61, 74
60, 74
59, 74
59, 74
48, 67
47, 68
47, 68
48, 67
49, 66
50, 65
50, 64
50, 63
50, 62
50, 61
50, 61
50, 60
50, 59
50, 58
50, 57
50, 56
50, 55
50, 54
50, 53
50, 52
49, 53
48, 54
48, 54
46, 65
45, 64
44, 63
44, 61
45, 60
46, 59
47, 58
48, 57
49, 56
50, 55
49, 56
48, 57
48, 57
48, 50
47, 49
46, 48
45, 47
44, 46
44, 46
45, 47
46, 48
47, 49
48, 50
49, 50
50, 50
50, 50
50, 50
50, 50
49, 49
48, 48
47, 47
47, 47
47, 67
48, 68
49, 69
50, 70
51, 71
52, 71
53, 71
54, 71
55, 71
55, 71
45, 71
44, 72
43, 73
43, 73
43, 73
42, 74
41, 75
41, 75
49, 83
48, 82
47, 81
47, 80
47, 79
47, 78
47, 77
47, 76
47, 75
47, 75
57, 65
58, 64
59, 63
60, 62
61, 61
62, 60
63, 59
64, 58
65, 57
65, 57
51, 75
50, 74
49, 73
48, 72
47, 71
46, 70
46, 70
53, 79
52, 78
51, 77
50, 76
49, 75
48, 74
48, 74
48, 73
48, 73
48, 73
52, 78
51, 77
51, 77
50, 76
49, 75
49, 75
48, 74
48, 74
48, 74
48, 68
48, 68
47, 67
47, 67
46, 66
46, 66
45, 65
45, 65
40, 70
41, 71
41, 71
42, 72
42, 72
42, 72
42, 72
39, 76
40, 75
40, 75
40, 75
40, 75
41, 74
42, 73
43, 72
43, 72
43, 72
42, 71
41, 70
40, 69
39, 68
38, 67
37, 66
37, 66
52, 62
51, 61
50, 61
50, 61
49, 61
49, 61
49, 60
50, 59
50, 58
50, 57
50, 56
50, 55
49, 56
49, 56
56, 75
55, 74
54, 73
54, 73
53, 72
52, 71
52, 71
52, 71
56, 70
57, 69
57, 69
57, 69
57, 69
57, 69
49, 67
48, 66
48, 66
47, 65
47, 65
47, 65
46, 64
46, 64
65, 58
65, 59
65, 60
65, 61
65, 62
65, 63
65, 63
65, 63
44, 64
43, 63
43, 61
44, 60
45, 59
46, 58
47, 57
47, 57
47, 57
48, 56
49, 55
50, 54
50, 53
50, 52
50, 51
49, 52
48, 53
47, 54
47, 54
46, 55
46, 55
54, 84
55, 83
56, 82
57, 81
57, 80
57, 79
57, 78
57, 77
57, 77
41, 75
41, 75
42, 74
43, 73
44, 72
44, 72
44, 72
44, 72
45, 69
44, 68
43, 67
42, 66
41, 65
40, 64
39, 63
39, 63
56, 74
56, 74
55, 75
55, 76
55, 77
55, 78
55, 79
55, 79
55, 80
55, 80
55, 80
46, 46
45, 45
44, 44
43, 43
42, 42
42, 42
41, 41
41, 41
41, 41
38, 60
38, 60
39, 59
39, 59
40, 58
41, 57
41, 57
41, 57
41, 57
41, 57
48, 76
49, 77
50, 78
51, 79
51, 79
51, 79
51, 79
52, 80
53, 81
54, 82
54, 82
48, 57
47, 58
47, 58
48, 57
49, 56
50, 55
50, 54
50, 53
50, 52
49, 53
48, 54
47, 55
47, 55
46, 56
46, 56
58, 73
57, 72
56, 71
55, 70
54, 69
54, 69
48, 54
49, 53
50, 52
50, 52
51, 51
52, 50
53, 49
54, 48
54, 48
53, 49
52, 50
51, 50
50, 50
50, 50
50, 50
50, 50
50, 50
51, 49
51, 49
46, 68
47, 67
48, 66
49, 65
50, 64
51, 63
52, 62
53, 61
54, 60
55, 59
55, 59
53, 62
53, 61
53, 60
53, 59
53, 58
53, 57
53, 56
53, 56
53, 55
53, 54
53, 54
47, 73
46, 72
45, 71
44, 70
43, 69
42, 68
42, 68
42, 68
43, 72
44, 72
44, 72
45, 72
45, 72
45, 72
47, 72
46, 72
45, 72
45, 72
44, 72
43, 72
42, 72
42, 72
45, 66
44, 65
44, 65
43, 64
42, 63
42, 63
42, 63
41, 62
40, 61
40, 61
50, 57
50, 57
51, 57
51, 57
51, 57
51, 57
52, 57
53, 57
53, 57
43, 71
42, 70
42, 70
41, 69
41, 69
40, 68
39, 67
39, 67
39, 67
40, 40
39, 39
38, 38
38, 38
37, 37
36, 36
35, 35
34, 34
34, 34
43, 71
44, 70
45, 69
45, 68
45, 67
45, 66
45, 66
45, 65
45, 64
45, 64
38, 65
39, 64
41, 62
42, 61
43, 60
44, 59
45, 58
46, 57
47, 56
48, 55
49, 54
50, 55
50, 55
51, 56
52, 57
52, 57
53, 81
53, 81
52, 80
51, 79
51, 79
50, 78
49, 77
49, 77
65, 63
64, 62
63, 61
62, 60
61, 59
60, 58
59, 57
59, 57
50, 48
50, 48
49, 47
49, 47
48, 46
47, 45
46, 44
46, 44
46, 44
43, 67
44, 66
45, 65
46, 64
47, 63
47, 63
48, 61
49, 60
50, 59
50, 58
50, 57
50, 56
50, 55
49, 54
48, 53
47, 52
47, 52
54, 58
53, 57
52, 56
51, 55
51, 55
50, 54
49, 53
49, 53
46, 55
47, 54
48, 53
49, 52
50, 51
49, 52
49, 52
48, 53
47, 54
46, 55
46, 55
47, 54
48, 53
49, 52
50, 51
50, 50
50, 50
50, 50
50, 50
44, 71
43, 70
42, 69
42, 69
41, 68
40, 67
40, 67
54, 79
54, 79
54, 79
53, 78
53, 78
52, 77
51, 76
50, 75
50, 75
52, 58
51, 59
51, 59
50, 60
49, 61
49, 61
50, 60
50, 59
50, 58
50, 57
49, 58
49, 58
42, 56
42, 56
43, 55
44, 54
45, 53
46, 52
46, 52
40, 62
40, 62
41, 61
41, 61
42, 60
44, 58
45, 57
46, 56
47, 55
48, 54
49, 53
50, 52
50, 51
51, 50
52, 50
53, 50
53, 50
57, 69
56, 68
55, 67
54, 66
53, 65
52, 64
51, 63
51, 63
51, 63
51, 70
50, 69
49, 68
49, 68
49, 68
48, 67
48, 67
57, 77
57, 77
56, 76
55, 75
54, 74
53, 73
52, 72
51, 71
51, 71
51, 71
52, 55
52, 55
51, 56
50, 57
49, 58
48, 59
48, 59
49, 58
50, 57
50, 56
50, 55
50, 54
50, 53
50, 52
50, 52
50, 52
47, 55
47, 54
47, 53
47, 52
47, 51
47, 50
47, 49
47, 48
47, 48
45, 63
45, 63
44, 63
43, 63
42, 63
42, 63
41, 63
41, 63
41, 63
53, 68
53, 68
52, 67
51, 66
50, 65
49, 64
49, 64
48, 63
48, 61
49, 60
50, 59
50, 58
50, 57
50, 56
50, 55
50, 55
50, 57
51, 58
51, 58
52, 59
52, 59
53, 60
54, 61
54, 62
54, 63
54, 64
54, 64
41, 60
42, 59
44, 57
45, 56
46, 55
47, 54
48, 53
49, 52
50, 51
50, 50
50, 50
50, 50
49, 49
49, 49
49, 49
50, 70
49, 69
49, 69
48, 68
47, 67
46, 66
45, 65
44, 64
44, 64
51, 58
50, 59
49, 60
49, 60
50, 59
50, 58
50, 57
50, 56
49, 57
49, 57
50, 75
50, 75
49, 74
48, 73
47, 73
47, 73
41, 66
42, 65
43, 64
44, 63
45, 62
45, 62
47, 60
48, 59
49, 58
50, 57
50, 56
50, 55
51, 54
52, 53
52, 53
50, 50
51, 51
52, 52
53, 53
54, 54
55, 55
56, 56
56, 56
54, 64
54, 64
53, 63
52, 62
51, 61
51, 61
51, 61
47, 45
47, 45
47, 46
47, 47
47, 48
47, 49
47, 49
47, 50
47, 51
47, 51
49, 68
50, 69
51, 70
52, 71
53, 72
53, 72
54, 73
54, 73
54, 73
34, 34
35, 35
35, 35
35, 35
35, 35
35, 35
36, 36
36, 36
48, 50
48, 50
48, 50
47, 51
46, 52
45, 53
44, 54
43, 55
42, 56
42, 56
51, 63
52, 63
52, 63
52, 63
52, 63
52, 63
52, 63
52, 63
52, 63
39, 67
40, 68
41, 69
41, 69
42, 70
43, 71
44, 72
44, 72
51, 56
52, 57
52, 57
53, 58
54, 59
55, 60
56, 61
57, 62
58, 63
59, 64
59, 64
59, 57
60, 58
61, 59
61, 59
62, 60
62, 61
62, 62
62, 63
62, 63
47, 52
48, 53
49, 54
50, 55
51, 56
52, 57
53, 58
53, 58
53, 58
49, 53
49, 53
48, 54
47, 55
46, 56
46, 56
47, 55
48, 54
49, 53
50, 52
49, 53
49, 53
49, 53
48, 57
47, 56
47, 56
46, 55
45, 54
45, 54
48, 76
47, 75
47, 75
46, 74
45, 73
45, 73
46, 52
46, 52
45, 51
44, 50
43, 49
42, 48
42, 48
42, 48
48, 49
49, 50
49, 50
50, 51
51, 52
51, 52
51, 52
51, 52
52, 53
52, 53
48, 52
47, 51
46, 50
46, 50
45, 49
44, 48
44, 48
44, 48
53, 50
52, 51
52, 51
51, 52
51, 52
50, 53
49, 54
48, 55
47, 56
47, 56
47, 56
45, 64
46, 63
48, 61
49, 60
50, 59
50, 58
50, 57
50, 56
50, 55
51, 54
52, 53
52, 53
53, 52
53, 52
41, 63
41, 63
43, 61
44, 60
45, 59
46, 58
47, 57
48, 56
49, 55
49, 55
48, 54
48, 53
48, 52
48, 51
48, 50
48, 50
51, 52
50, 51
49, 50
48, 49
47, 48
46, 47
46, 47
46, 47
45, 46
45, 46
44, 64
44, 64
45, 63
46, 62
48, 60
49, 59
50, 58
50, 57
50, 56
50, 55
50, 55
49, 55
48, 55
48, 55
51, 52
50, 51
50, 51
49, 50
48, 49
48, 49
37, 37
37, 37
38, 38
39, 39
39, 39
40, 40
40, 40
53, 72
52, 71
51, 70
50, 69
50, 69
49, 68
49, 68
49, 67
49, 67
43, 57
45, 57
46, 56
47, 55
48, 54
49, 53
50, 52
50, 51
50, 50
50, 50
50, 50
51, 51
51, 51
52, 52
52, 52
53, 53
53, 53
52, 59
51, 60
50, 61
50, 61
50, 60
50, 59
50, 58
50, 57
50, 56
50, 55
50, 55
50, 55
49, 56
48, 57
47, 58
47, 58
55, 57
54, 58
54, 58
53, 59
52, 60
51, 61
50, 62
50, 62
50, 61
50, 60
50, 59
50, 58
50, 57
50, 56
49, 57
49, 57
43, 47
44, 46
44, 46
45, 45
45, 45
45, 45
43, 49
42, 50
41, 51
40, 52
40, 52
39, 53
39, 53
38, 54
37, 55
37, 55
61, 64
61, 64
60, 65
59, 66
59, 67
59, 68
59, 68
59, 68
50, 54
51, 55
52, 56
53, 57
54, 58
55, 59
56, 60
56, 60
52, 62
52, 62
52, 63
52, 64
52, 64
52, 65
52, 66
52, 67
52, 68
52, 69
52, 69
48, 55
49, 54
50, 54
51, 54
52, 54
53, 54
53, 54
48, 74
49, 75
50, 76
51, 77
51, 77
52, 78
53, 79
53, 79
46, 53
47, 52
48, 51
49, 50
49, 49
49, 49
53, 62
54, 61
55, 60
56, 60
57, 60
57, 60
57, 60
57, 60
49, 51
50, 52
51, 53
51, 53
51, 53
52, 54
53, 55
54, 56
54, 56
44, 72
43, 71
42, 70
41, 69
40, 68
39, 67
38, 66
37, 65
36, 64
35, 63
35, 63
48, 56
47, 55
46, 54
45, 53
45, 53
44, 52
43, 51
42, 50
41, 49
40, 48
40, 48
58, 63
57, 62
57, 61
57, 60
57, 59
57, 59
46, 50
45, 49
44, 48
43, 47
43, 47
43, 47
44, 48
45, 49
46, 50
47, 50
47, 50
47, 50
53, 52
52, 53
51, 54
50, 55
50, 55
49, 56
49, 56
45, 71
46, 70
47, 69
48, 68
49, 67
50, 66
50, 65
50, 65
45, 44
46, 45
47, 44
48, 43
48, 44
48, 45
48, 44
48, 45
47, 45
47, 45
57, 59
58, 58
57, 59
56, 59
55, 59
54, 58
55, 57
55, 56
55, 56
46, 57
47, 56
47, 57
46, 57
47, 56
46, 57
47, 58
47, 57
48, 56
49, 56
49, 56
48, 51
47, 51
48, 52
48, 51
47, 51
46, 51
47, 51
46, 52
45, 51
44, 51
44, 51
45, 45
45, 44
46, 44
46, 43
47, 44
47, 44
53, 80
54, 80
53, 79
54, 78
53, 78
52, 77
53, 76
53, 76
57, 60
56, 59
57, 60
58, 59
59, 58
58, 57
57, 56
56, 57
56, 57
47, 55
47, 56
48, 57
47, 58
47, 57
48, 56
49, 57
48, 58
49, 58
49, 58
49, 49
49, 48
50, 48
50, 47
50, 46
51, 47
51, 48
52, 47
52, 46
52, 46
40, 39
40, 38
41, 37
40, 37
41, 36
41, 35
41, 34
41, 33
42, 32
43, 32
43, 32
51, 69
50, 68
49, 68
50, 67
49, 66
49, 65
50, 65
51, 65
51, 65
50, 68
51, 67
52, 66
51, 65
50, 66
49, 66
48, 67
48, 67
50, 56
51, 55
52, 54
51, 55
50, 56
51, 55
52, 56
52, 55
52, 55
52, 55
52, 56
51, 57
52, 58
52, 57
51, 56
51, 55
50, 55
50, 55
52, 52
51, 52
50, 53
49, 54
48, 55
47, 54
46, 54
47, 53
47, 53
57, 60
56, 59
57, 59
58, 59
59, 60
60, 60
60, 61
59, 60
59, 60
54, 57
55, 56
55, 55
56, 54
57, 55
57, 55
51, 65
50, 66
50, 67
51, 67
50, 68
50, 69
49, 68
48, 69
48, 69
58, 68
58, 69
58, 68
57, 68
56, 69
56, 68
56, 68
39, 48
40, 49
40, 48
41, 49
42, 50
42, 49
43, 48
43, 48
35, 62
34, 62
35, 61
36, 62
37, 61
37, 61
49, 56
50, 57
51, 56
50, 56
51, 56
51, 56
48, 48
48, 47
47, 47
47, 46
48, 46
48, 45
49, 45
48, 45
48, 45
36, 55
35, 55
36, 56
37, 55
36, 54
36, 53
36, 53
38, 61
39, 61
38, 61
39, 60
40, 59
39, 59
39, 60
39, 60
51, 54
52, 53
51, 52
52, 52
53, 51
54, 50
55, 50
56, 50
56, 50
60, 61
59, 62
60, 61
59, 62
58, 63
59, 64
60, 63
59, 62
59, 62
52, 64
53, 65
52, 65
52, 66
51, 67
51, 66
52, 65
52, 64
52, 64
47, 54
46, 54
45, 54
44, 54
44, 53
45, 52
46, 51
46, 52
45, 52
45, 52
47, 70
47, 69
47, 70
48, 69
49, 68
50, 68
50, 68
43, 49
44, 48
43, 49
42, 50
42, 51
42, 51
48, 57
47, 57
47, 58
47, 57
46, 56
46, 55
47, 55
46, 55
46, 54
47, 55
47, 55
53, 46
54, 47
54, 46
54, 47
53, 46
54, 46
53, 47
54, 48
53, 49
53, 49
56, 57
56, 58
57, 58
58, 59
59, 58
60, 58
59, 57
58, 58
57, 59
57, 59
51, 57
50, 58
49, 58
50, 58
50, 59
51, 60
52, 61
52, 60
53, 61
53, 61
55, 67
56, 67
57, 68
58, 67
59, 68
60, 68
61, 68
60, 68
60, 69
61, 70
61, 70
44, 33
44, 32
43, 31
43, 32
43, 33
44, 34
43, 35
42, 34
42, 34
56, 54
55, 54
56, 53
57, 54
58, 55
58, 56
58, 57
57, 58
56, 59
56, 59
51, 54
51, 53
51, 54
51, 55
52, 54
51, 54
50, 53
50, 54
51, 54
52, 55
52, 55
50, 59
50, 58
50, 59
49, 59
48, 60
49, 61
49, 61
46, 44
47, 44
47, 43
48, 44
47, 44
47, 44
55, 56
54, 55
53, 56
54, 56
53, 56
54, 55
54, 55
49, 66
48, 65
48, 64
49, 65
49, 66
49, 65
50, 65
50, 65
49, 45
48, 45
48, 44
48, 45
47, 45
47, 46
46, 45
46, 45
43, 50
44, 50
43, 49
44, 49
45, 48
44, 47
44, 48
44, 49
44, 49
46, 44
46, 45
46, 44
47, 44
46, 45
46, 45
53, 75
52, 76
52, 77
53, 77
52, 76
51, 77
51, 77
37, 54
37, 55
36, 54
37, 55
36, 54
35, 53
34, 54
33, 53
33, 53
43, 35
42, 36
41, 35
42, 34
41, 33
41, 33
50, 62
51, 63
51, 64
50, 64
49, 64
49, 64
51, 64
52, 63
53, 62
54, 61
53, 60
53, 59
53, 58
52, 59
53, 58
54, 58
54, 58
56, 58
57, 57
58, 58
57, 58
58, 59
57, 59
58, 58
58, 58
55, 49
56, 48
57, 48
56, 49
56, 48
56, 48
49, 67
48, 67
48, 68
49, 68
50, 68
50, 68
40, 61
41, 62
41, 61
42, 61
42, 60
41, 60
42, 60
41, 60
41, 61
41, 61
43, 51
42, 52
43, 53
44, 54
44, 55
43, 55
44, 54
43, 54
43, 54
60, 61
61, 60
60, 61
61, 62
62, 62
63, 62
64, 62
65, 63
66, 63
66, 63
46, 54
46, 55
46, 54
46, 55
47, 54
48, 55
48, 54
48, 54
32, 52
32, 53
33, 53
33, 54
33, 55
33, 56
34, 55
33, 54
32, 55
31, 54
31, 54
45, 51
46, 52
46, 53
45, 54
45, 53
44, 54
44, 54
50, 78
49, 79
48, 78
48, 79
49, 79
48, 80
48, 79
48, 79
53, 63
52, 63
53, 64
54, 65
54, 66
53, 67
52, 68
52, 68
53, 56
52, 56
51, 55
50, 56
49, 57
49, 56
48, 57
47, 56
47, 56
62, 70
62, 69
63, 68
62, 68
61, 67
61, 67
45, 45
44, 44
44, 43
45, 43
44, 42
45, 41
44, 41
44, 41
46, 46
45, 45
45, 44
46, 44
45, 45
45, 46
44, 46
43, 46
44, 46
44, 46
48, 45
48, 46
47, 45
48, 46
47, 47
46, 48
47, 49
46, 49
46, 49
52, 61
53, 61
52, 62
52, 61
53, 61
53, 61
43, 50
42, 49
43, 49
44, 49
44, 50
43, 50
43, 49
44, 49
44, 49
51, 54
52, 55
53, 55
54, 54
54, 53
54, 54
54, 54
55, 59
55, 60
56, 59
57, 60
57, 61
57, 62
57, 62
52, 48
51, 49
50, 49
51, 49
50, 48
51, 47
50, 47
50, 47
45, 49
46, 50
47, 50
48, 49
48, 50
48, 50
57, 61
56, 61
57, 60
56, 61
57, 62
58, 61
57, 61
56, 61
57, 60
57, 60
54, 61
53, 60
54, 59
54, 58
53, 58
53, 57
53, 57
43, 53
44, 52
43, 53
42, 54
41, 54
41, 53
40, 53
39, 53
39, 53
57, 48
58, 49
57, 49
56, 48
57, 49
57, 49
43, 53
44, 54
43, 55
44, 55
43, 55
43, 55
53, 68
54, 69
53, 69
52, 68
53, 69
53, 70
54, 71
53, 72
54, 73
54, 73
43, 48
43, 47
44, 46
45, 46
44, 45
45, 46
45, 45
45, 45
51, 67
52, 67
52, 66
51, 65
52, 66
51, 66
51, 65
52, 66
53, 67
53, 67
51, 46
50, 46
51, 45
52, 46
53, 45
54, 44
55, 44
55, 44
48, 64
49, 65
48, 65
49, 64
48, 64
47, 64
46, 65
46, 65
48, 53
47, 54
47, 55
47, 56
47, 57
48, 56
49, 55
49, 55
65, 62
65, 61
64, 61
64, 60
64, 59
65, 58
65, 58
54, 55
53, 55
53, 54
53, 53
54, 54
55, 55
55, 55
32, 54
33, 55
33, 54
32, 54
33, 55
33, 54
34, 53
35, 52
36, 53
35, 53
35, 53
41, 60
42, 60
42, 61
41, 62
41, 61
41, 60
42, 59
41, 58
41, 57
41, 57
45, 40
46, 40
46, 39
45, 39
44, 40
43, 41
43, 41
55, 59
55, 60
56, 61
55, 60
55, 61
55, 61
47, 57
48, 58
48, 57
49, 57
50, 56
50, 56
48, 78
47, 79
46, 79
46, 80
46, 81
45, 81
45, 81
59, 58
58, 58
57, 58
56, 59
55, 58
56, 58
57, 59
57, 58
57, 58
45, 46
44, 45
44, 46
45, 47
46, 48
47, 48
46, 48
46, 47
45, 47
45, 46
45, 46
62, 66
62, 65
63, 64
62, 64
62, 65
63, 64
64, 63
64, 63
40, 33
39, 32
38, 33
38, 34
38, 33
38, 34
38, 33
38, 32
37, 32
37, 32
44, 81
45, 81
46, 81
47, 81
48, 82
49, 83
49, 84
50, 83
50, 82
51, 83
51, 83
44, 56
44, 55
43, 55
43, 54
44, 53
43, 52
42, 52
41, 53
40, 52
40, 52
48, 54
49, 54
48, 53
48, 54
49, 55
49, 55
46, 64
45, 63
46, 63
46, 64
45, 63
45, 62
45, 61
46, 62
47, 63
47, 63
49, 55
50, 54
51, 55
52, 56
51, 55
50, 54
51, 53
52, 52
52, 52
57, 59
58, 59
57, 58
57, 57
58, 56
58, 56
53, 68
54, 69
53, 69
54, 68
55, 67
55, 67
52, 56
51, 57
50, 56
51, 55
50, 55
51, 54
52, 55
52, 55
44, 41
45, 41
46, 40
46, 39
45, 39
46, 40
46, 41
45, 40
46, 41
46, 41
49, 49
49, 50
49, 51
50, 51
49, 50
48, 49
48, 49
58, 49
57, 49
56, 49
55, 50
56, 49
57, 49
57, 49
44, 45
45, 45
46, 45
45, 44
44, 45
45, 46
46, 47
46, 48
46, 48
65, 64
64, 65
65, 65
65, 64
64, 65
63, 66
63, 65
63, 65
56, 54
57, 53
57, 54
57, 55
56, 55
57, 54
56, 55
57, 56
56, 56
56, 56
44, 45
45, 46
46, 45
45, 44
44, 44
44, 44
38, 53
37, 52
36, 53
35, 53
36, 53
35, 52
35, 53
35, 53
40, 57
39, 56
40, 55
40, 56
40, 57
39, 56
39, 56
37, 31
36, 30
35, 30
34, 29
33, 30
33, 29
32, 28
31, 29
31, 29
54, 74
55, 75
54, 75
54, 76
55, 76
55, 76
58, 58
58, 59
57, 60
58, 59
57, 60
57, 61
56, 60
57, 60
57, 61
57, 60
57, 60
54, 60
54, 59
53, 59
53, 60
52, 60
51, 60
50, 60
50, 61
50, 60
50, 60
34, 53
35, 54
36, 55
35, 56
34, 55
34, 55
54, 43
55, 44
54, 43
54, 44
54, 43
55, 44
54, 44
55, 43
54, 44
54, 44
64, 57
65, 56
64, 57
65, 57
64, 58
64, 57
63, 56
62, 57
63, 56
62, 56
62, 56
52, 53
52, 52
53, 53
54, 54
55, 54
55, 55
55, 55
40, 51
41, 51
42, 52
42, 51
41, 50
40, 50
41, 49
42, 49
41, 49
40, 50
40, 50
52, 56
51, 56
50, 56
51, 55
51, 56
52, 55
53, 56
53, 56
45, 45
46, 44
45, 43
44, 44
45, 44
44, 45
43, 46
43, 46
53, 45
52, 45
51, 44
51, 45
52, 45
53, 45
53, 46
53, 45
53, 46
53, 46
62, 64
62, 65
61, 65
62, 66
63, 67
63, 66
64, 65
63, 64
63, 63
63, 64
63, 64
57, 56
57, 55
57, 54
57, 55
56, 55
57, 56
57, 55
56, 54
57, 54
57, 54
33, 54
32, 55
31, 56
30, 55
31, 56
31, 57
31, 57
62, 57
63, 58
63, 57
63, 58
62, 58
62, 59
61, 60
62, 60
61, 59
61, 59
48, 63
47, 64
47, 63
46, 63
47, 63
46, 62
45, 62
45, 63
45, 63
38, 55
37, 54
37, 53
36, 52
35, 52
34, 51
35, 51
35, 51
59, 57
58, 57
57, 56
56, 57
55, 58
55, 58
57, 61
56, 61
55, 61
56, 62
55, 61
55, 61
54, 77
55, 78
56, 79
57, 78
57, 77
57, 76
58, 75
57, 74
58, 73
58, 72
58, 72
47, 48
47, 47
47, 46
47, 47
48, 47
49, 46
48, 45
48, 46
49, 46
50, 45
50, 45
35, 52
34, 53
33, 54
32, 55
32, 54
32, 54
32, 29
33, 29
34, 30
35, 29
34, 30
34, 31
35, 30
34, 30
35, 31
35, 31
56, 49
55, 49
56, 48
56, 49
57, 48
58, 47
58, 48
58, 48
49, 49
48, 48
47, 48
48, 47
47, 47
47, 47
45, 42
45, 41
45, 40
46, 39
45, 40
46, 40
46, 41
45, 40
45, 39
45, 39
50, 82
49, 83
48, 82
49, 82
48, 83
48, 82
49, 83
50, 83
50, 82
50, 82
50, 56
51, 57
52, 58
53, 57
53, 56
53, 55
53, 54
53, 54
50, 59
50, 58
51, 57
50, 57
49, 57
49, 57
56, 68
55, 69
54, 70
55, 69
54, 68
53, 67
54, 68
53, 69
54, 70
54, 69
54, 69
50, 81
49, 82
50, 82
49, 82
48, 82
47, 82
48, 82
49, 82
49, 82
51, 46
50, 46
51, 46
50, 46
49, 45
48, 45
49, 44
49, 44
44, 45
45, 46
46, 45
46, 46
45, 46
46, 46
47, 46
47, 46
34, 52
35, 52
35, 53
34, 54
34, 55
33, 54
33, 54
33, 55
34, 56
35, 56
34, 55
33, 55
34, 56
35, 57
34, 57
34, 58
35, 59
35, 59
39, 51
39, 52
40, 53
39, 52
38, 52
38, 52
44, 40
45, 41
45, 42
46, 43
45, 43
46, 44
46, 45
46, 45
45, 64
45, 65
46, 66
45, 66
45, 65
45, 66
46, 65
46, 65
53, 68
52, 69
53, 70
54, 69
53, 69
53, 69
54, 47
53, 48
54, 49
54, 50
54, 51
53, 50
53, 50
34, 31
34, 32
35, 32
35, 33
34, 33
34, 34
34, 34
63, 63
63, 62
62, 62
63, 61
63, 60
63, 60
59, 71
60, 70
59, 69
59, 70
58, 70
59, 70
59, 70
54, 57
55, 57
56, 58
56, 59
57, 58
56, 59
56, 59
58, 53
58, 54
58, 53
58, 54
57, 55
57, 54
56, 54
56, 54
48, 47
47, 46
48, 47
49, 47
50, 47
50, 48
50, 48
54, 58
53, 57
54, 58
53, 58
53, 57
53, 58
52, 59
53, 59
53, 58
53, 58
54, 61
53, 61
53, 60
54, 61
54, 62
55, 62
54, 61
54, 60
53, 60
53, 60
58, 49
57, 48
56, 48
56, 49
55, 49
56, 49
57, 48
57, 48
49, 56
48, 56
47, 56
47, 57
46, 57
47, 57
47, 58
48, 57
49, 58
49, 58
56, 54
56, 55
57, 54
58, 53
57, 53
58, 54
57, 54
58, 55
58, 56
58, 56
62, 60
61, 61
60, 61
59, 60
60, 60
59, 61
59, 61
30, 56
31, 57
32, 56
33, 56
33, 55
33, 55
53, 55
54, 54
53, 53
53, 52
52, 51
53, 51
52, 51
53, 50
53, 50
58, 49
59, 48
60, 47
61, 48
60, 47
59, 48
60, 48
60, 48
45, 46
44, 47
45, 47
46, 48
46, 49
46, 49
54, 49
55, 50
55, 49
54, 50
53, 51
53, 52
53, 52
32, 54
31, 53
31, 54
30, 54
29, 55
28, 54
28, 54
60, 70
61, 69
61, 70
62, 71
61, 71
61, 71
53, 61
54, 61
55, 61
55, 62
56, 62
55, 61
56, 60
55, 61
55, 61
64, 59
63, 59
62, 60
63, 60
64, 59
64, 60
63, 61
63, 61
52, 68
53, 68
52, 67
53, 67
52, 67
53, 67
53, 67
48, 83
48, 84
47, 84
48, 83
48, 82
47, 82
46, 83
45, 82
46, 81
46, 81
38, 53
38, 52
39, 51
39, 50
40, 51
41, 51
41, 50
41, 50
36, 58
36, 59
37, 59
36, 60
35, 61
35, 61
49, 43
49, 44
50, 45
49, 46
50, 46
51, 47
52, 46
53, 46
52, 45
51, 44
51, 44
35, 35
36, 36
35, 37
34, 36
34, 35
33, 35
32, 35
31, 35
30, 35
31, 35
31, 35
34, 55
35, 56
34, 57
33, 56
32, 57
31, 58
30, 57
31, 56
31, 55
31, 55
60, 60
61, 61
62, 62
61, 61
62, 60
61, 60
61, 61
62, 61
63, 61
63, 61
46, 64
45, 65
46, 66
47, 67
48, 67
49, 68
49, 69
49, 68
49, 68
53, 57
53, 58
54, 57
53, 56
54, 55
53, 56
54, 57
55, 57
55, 57
55, 54
55, 53
56, 53
57, 54
58, 54
58, 54
55, 60
55, 59
55, 60
55, 61
54, 61
53, 61
52, 61
51, 62
52, 63
53, 62
53, 62
48, 46
47, 47
48, 46
48, 45
49, 46
49, 45
49, 45
48, 57
47, 56
47, 57
46, 56
47, 55
47, 54
47, 54
52, 50
53, 49
52, 50
51, 51
51, 52
50, 51
50, 51
59, 57
59, 58
58, 59
58, 58
57, 57
57, 58
56, 59
56, 59
49, 47
48, 47
47, 47
46, 46
46, 47
46, 48
45, 47
46, 46
46, 46
54, 67
53, 68
52, 68
52, 67
53, 67
54, 68
53, 68
53, 69
53, 69
60, 49
60, 48
59, 49
60, 49
59, 48
59, 48
62, 61
61, 62
60, 63
60, 62
60, 61
59, 60
60, 59
60, 59
35, 62
34, 62
35, 62
34, 61
34, 62
34, 62
40, 49
39, 49
40, 49
41, 49
41, 50
42, 49
41, 50
40, 51
39, 51
38, 51
38, 51
49, 50
48, 50
47, 51
48, 51
48, 50
47, 49
47, 49
46, 54
45, 53
46, 53
45, 52
44, 51
43, 51
43, 50
43, 50
45, 50
44, 49
44, 50
45, 51
44, 50
44, 49
44, 50
44, 50
50, 67
50, 68
49, 68
49, 69
48, 68
49, 69
50, 68
51, 69
51, 68
52, 69
52, 69
60, 71
59, 70
58, 70
58, 71
59, 70
58, 70
59, 70
60, 70
60, 70
32, 54
32, 55
33, 56
33, 55
32, 55
32, 54
33, 54
32, 55
33, 54
34, 53
34, 53
50, 43
49, 43
48, 44
49, 44
48, 43
49, 43
50, 42
51, 41
51, 42
51, 42
52, 53
52, 54
51, 54
52, 55
53, 56
53, 57
53, 56
52, 56
53, 55
53, 55
62, 61
62, 60
61, 60
61, 61
62, 60
61, 59
62, 58
63, 57
63, 58
63, 59
63, 59
57, 55
57, 56
58, 55
57, 55
57, 54
57, 53
58, 53
57, 54
56, 53
56, 53
31, 36
31, 35
31, 34
32, 34
31, 35
31, 35
47, 47
46, 48
46, 49
46, 50
45, 49
45, 50
46, 51
47, 50
48, 50
48, 50
53, 63
53, 62
52, 63
52, 64
53, 65
52, 65
51, 65
51, 65
56, 56
57, 57
56, 56
55, 57
55, 58
56, 57
56, 57
45, 81
46, 81
47, 80
46, 80
46, 81
45, 82
46, 83
46, 83
29, 55
30, 55
29, 55
29, 54
28, 53
28, 53
48, 45
49, 46
48, 47
47, 46
46, 45
46, 46
46, 46
56, 62
55, 61
56, 62
57, 62
56, 62
56, 62
55, 58
55, 59
54, 60
53, 61
54, 61
54, 61
64, 60
63, 59
63, 60
62, 60
63, 61
63, 61
60, 47
59, 48
58, 48
58, 49
59, 49
59, 49
50, 41
49, 41
48, 41
47, 41
47, 42
48, 41
49, 41
50, 42
51, 43
52, 42
52, 42
46, 50
46, 51
45, 50
46, 49
47, 49
48, 48
48, 48
54, 54
54, 53
53, 54
54, 53
55, 54
55, 55
54, 56
55, 55
55, 55
29, 52
28, 53
28, 54
28, 55
28, 56
28, 55
28, 56
27, 57
27, 57
55, 63
54, 64
55, 64
56, 65
57, 66
58, 66
58, 66
57, 54
56, 53
57, 54
56, 53
55, 53
54, 54
53, 55
53, 55
51, 69
51, 70
52, 71
51, 70
52, 70
51, 69
52, 70
52, 71
53, 72
53, 71
53, 71
55, 60
56, 61
57, 61
56, 60
56, 61
57, 62
58, 61
58, 61
56, 56
55, 55
55, 56
54, 55
53, 56
52, 57
52, 57
39, 52
38, 51
39, 52
38, 52
37, 51
37, 51
42, 50
42, 51
43, 50
44, 50
43, 51
44, 51
45, 52
44, 52
43, 53
43, 54
43, 54
61, 69
61, 68
61, 69
60, 70
61, 69
60, 68
60, 69
59, 70
59, 69
59, 69
52, 65
53, 65
52, 65
53, 65
52, 64
53, 64
54, 65
54, 64
53, 64
54, 64
54, 64
32, 34
33, 35
33, 34
33, 35
33, 34
34, 33
34, 32
33, 31
32, 32
31, 32
31, 32
45, 46
46, 46
47, 45
48, 44
49, 45
48, 45
49, 44
50, 43
50, 43
47, 84
48, 83
47, 84
48, 83
47, 84
48, 84
48, 85
49, 86
49, 86
45, 49
44, 50
43, 50
43, 49
43, 48
43, 49
43, 48
43, 47
44, 46
45, 46
45, 46
48, 49
47, 50
48, 51
49, 52
48, 53
48, 53
34, 63
34, 64
33, 64
33, 65
32, 64
33, 63
34, 63
33, 62
33, 62
54, 68
54, 69
53, 68
52, 68
53, 67
53, 66
53, 66
59, 60
58, 59
57, 60
58, 59
59, 58
59, 57
58, 58
59, 57
59, 57
35, 52
36, 53
37, 53
38, 54
39, 54
38, 54
37, 55
37, 55
38, 56
39, 57
40, 56
39, 56
40, 56
41, 57
41, 58
41, 58
62, 62
61, 63
60, 63
59, 62
60, 62
59, 61
58, 62
59, 61
58, 60
59, 61
59, 61
26, 57
26, 56
26, 55
27, 56
26, 55
26, 54
26, 54
38, 51
37, 50
36, 49
36, 48
35, 48
34, 47
35, 47
34, 48
35, 47
36, 47
36, 47
43, 55
44, 55
43, 54
44, 54
45, 53
46, 53
46, 53
48, 49
47, 49
46, 48
45, 47
44, 46
45, 47
44, 47
44, 47
58, 57
57, 57
56, 56
56, 55
56, 54
55, 54
54, 54
55, 53
56, 53
56, 53
30, 31
31, 31
32, 30
33, 29
34, 30
34, 31
33, 32
33, 32
59, 68
59, 67
59, 68
60, 68
60, 69
59, 68
59, 67
58, 68
59, 67
59, 67
49, 87
48, 87
49, 88
48, 89
48, 90
47, 90
47, 90
54, 55
53, 55
53, 54
52, 53
51, 54
50, 53
49, 54
50, 55
49, 54
49, 54
32, 61
31, 62
31, 63
30, 63
31, 64
31, 65
31, 66
30, 66
31, 67
31, 67
48, 52
48, 51
49, 51
49, 52
48, 52
49, 53
48, 53
48, 53
58, 65
59, 66
60, 66
59, 65
59, 64
60, 65
59, 66
58, 65
58, 66
59, 67
59, 67
52, 58
51, 57
51, 56
51, 55
52, 54
51, 55
52, 54
51, 54
52, 55
52, 55
54, 67
54, 66
54, 65
53, 65
53, 64
54, 63
55, 63
56, 63
56, 63
59, 61
58, 62
58, 63
59, 63
58, 62
57, 63
57, 63
54, 55
53, 56
52, 55
52, 54
53, 53
54, 54
54, 54
53, 43
54, 44
55, 44
56, 44
57, 45
56, 44
55, 43
55, 44
55, 44
60, 48
59, 47
60, 47
61, 48
60, 48
60, 48
46, 46
46, 47
45, 47
46, 46
45, 46
46, 46
46, 47
45, 47
45, 48
45, 47
45, 47
50, 44
50, 43
51, 43
51, 42
51, 41
51, 41
53, 65
52, 64
51, 64
52, 64
52, 63
51, 64
50, 64
50, 65
49, 66
49, 66
52, 70
53, 71
52, 72
51, 72
51, 71
51, 71
48, 89
49, 88
50, 89
50, 88
49, 88
49, 89
49, 88
49, 88
43, 46
42, 47
41, 48
42, 49
41, 50
41, 51
42, 52
42, 52
60, 67
60, 66
59, 66
58, 66
58, 65
59, 66
60, 65
59, 64
59, 64
40, 57
39, 57
40, 57
41, 58
41, 57
41, 57
53, 55
52, 55
51, 55
52, 55
53, 54
53, 54
54, 45
53, 44
52, 44
51, 43
50, 44
50, 45
49, 45
49, 45
50, 53
50, 54
51, 53
51, 54
50, 54
49, 53
49, 54
50, 53
50, 53
45, 54
44, 53
43, 53
42, 52
42, 53
42, 53
60, 62
59, 63
58, 63
59, 63
58, 64
58, 63
58, 63
50, 72
51, 73
52, 74
51, 74
52, 73
51, 73
52, 72
53, 72
53, 72
51, 42
50, 42
49, 43
50, 44
49, 44
50, 43
49, 43
49, 43
46, 46
47, 47
48, 46
49, 45
48, 45
49, 45
49, 46
49, 47
50, 47
51, 48
51, 48
36, 48
36, 47
35, 46
34, 45
33, 45
33, 46
32, 45
31, 46
31, 46
53, 56
53, 55
52, 56
51, 56
50, 55
49, 55
48, 54
48, 53
48, 53
48, 66
48, 65
48, 64
47, 64
48, 65
48, 65
25, 54
24, 54
24, 53
24, 52
23, 52
24, 53
25, 54
25, 54
60, 47
61, 47
62, 47
61, 46
60, 47
60, 47
32, 32
33, 31
34, 30
33, 31
34, 32
34, 31
33, 31
33, 31
48, 54
49, 53
48, 54
49, 53
50, 52
51, 53
50, 53
50, 53
55, 62
55, 63
56, 62
57, 61
58, 60
58, 61
59, 61
59, 62
58, 62
58, 62
56, 63
55, 64
55, 65
54, 64
54, 65
53, 66
53, 66
56, 54
55, 53
54, 54
55, 55
56, 54
56, 54
30, 66
29, 66
28, 65
27, 66
26, 65
27, 66
28, 67
29, 67
29, 67
58, 66
57, 66
56, 67
57, 68
58, 67
57, 67
57, 66
56, 66
56, 66
52, 55
51, 56
51, 57
51, 56
51, 57
52, 56
53, 57
54, 58
53, 58
52, 59
52, 59
48, 64
47, 65
48, 65
47, 64
46, 64
47, 65
48, 64
47, 65
47, 65
54, 67
55, 67
54, 67
54, 68
53, 68
53, 69
54, 68
54, 68
48, 54
47, 54
46, 53
46, 54
45, 54
45, 54
29, 66
29, 65
28, 66
29, 66
28, 67
27, 67
27, 67
48, 44
47, 44
48, 45
49, 44
49, 43
49, 42
50, 41
49, 40
49, 40
51, 54
51, 55
52, 55
52, 56
51, 56
51, 57
50, 58
49, 59
49, 59
58, 61
57, 60
58, 61
59, 62
58, 61
58, 60
59, 60
60, 59
60, 59
43, 53
44, 54
44, 53
43, 54
42, 54
42, 53
43, 53
43, 52
42, 52
42, 52
57, 64
58, 64
57, 64
57, 65
58, 64
58, 64
42, 57
41, 56
41, 57
40, 57
40, 56
41, 55
42, 56
43, 57
42, 57
42, 57
60, 48
59, 48
59, 47
58, 47
59, 48
60, 49
59, 49
58, 49
58, 49
41, 51
41, 50
40, 51
41, 50
42, 50
42, 50
52, 73
53, 72
54, 72
55, 72
56, 72
56, 72
60, 63
60, 64
60, 63
59, 64
58, 65
58, 65
50, 44
49, 45
48, 46
47, 47
48, 48
48, 49
49, 49
48, 50
48, 50
49, 87
48, 87
47, 86
48, 85
47, 85
47, 85
26, 53
25, 54
26, 53
27, 53
28, 54
28, 53
29, 54
29, 53
30, 52
30, 53
30, 53
33, 30
33, 31
33, 32
32, 33
31, 32
32, 32
33, 31
32, 32
33, 32
33, 32
51, 53
50, 53
51, 52
52, 53
52, 54
53, 53
53, 53
32, 45
33, 45
33, 44
32, 44
32, 45
32, 45
56, 67
55, 66
54, 67
54, 66
55, 67
54, 66
55, 66
55, 66
52, 47
52, 48
53, 49
53, 50
52, 50
53, 50
52, 51
52, 51
55, 55
54, 54
55, 54
56, 54
57, 55
57, 54
56, 53
56, 54
56, 54
42, 56
43, 57
42, 57
43, 57
42, 56
43, 57
43, 57
59, 60
58, 59
57, 60
57, 59
56, 59
57, 60
57, 60
51, 58
51, 57
50, 58
49, 58
48, 58
47, 58
48, 59
47, 58
47, 58
46, 85
47, 86
47, 85
47, 86
47, 85
48, 86
48, 87
48, 88
47, 88
47, 88
57, 71
57, 72
56, 73
56, 74
57, 75
57, 75
58, 50
58, 49
58, 50
59, 49
59, 50
58, 49
58, 49
51, 51
52, 51
53, 52
53, 51
54, 50
55, 50
55, 49
55, 49
56, 67
57, 66
57, 65
58, 65
57, 65
57, 65
44, 54
43, 54
44, 54
44, 53
43, 53
44, 53
43, 53
43, 53
29, 53
29, 54
30, 55
29, 55
30, 56
30, 57
31, 57
32, 56
32, 55
32, 55
49, 51
48, 51
47, 50
48, 49
49, 49
48, 48
47, 48
46, 48
46, 49
46, 49
53, 69
54, 69
54, 70
54, 69
53, 68
53, 69
54, 68
55, 67
55, 66
56, 65
56, 65
59, 64
60, 64
59, 65
59, 66
60, 66
59, 66
58, 66
59, 67
58, 66
58, 65
58, 65
34, 31
33, 32
32, 33
31, 33
30, 32
29, 31
28, 30
29, 29
28, 30
28, 30
50, 40
51, 40
51, 39
50, 38
49, 38
48, 38
48, 38
57, 64
56, 63
55, 64
56, 65
57, 64
56, 65
57, 66
57, 66
41, 50
42, 51
43, 50
42, 51
43, 50
43, 50
42, 51
43, 50
44, 49
43, 49
42, 48
43, 47
44, 47
43, 48
42, 49
42, 49
46, 65
47, 65
46, 65
45, 66
44, 67
44, 67
54, 54
54, 55
53, 55
53, 54
54, 54
55, 54
54, 55
54, 55
26, 68
27, 69
28, 70
27, 69
26, 68
27, 69
27, 70
27, 69
27, 69
55, 54
54, 54
54, 55
53, 55
52, 55
51, 56
50, 57
49, 57
49, 57
33, 44
34, 45
33, 45
32, 46
31, 46
30, 46
31, 45
31, 45
48, 58
47, 58
46, 57
47, 58
46, 57
47, 56
48, 57
49, 57
48, 57
47, 56
47, 56
56, 65
57, 66
58, 66
57, 67
58, 66
58, 65
59, 64
59, 63
58, 63
57, 64
57, 64
49, 58
50, 58
51, 58
50, 59
50, 58
49, 57
50, 56
49, 55
49, 55
57, 59
57, 58
57, 57
57, 56
58, 55
57, 56
57, 57
58, 58
58, 58
49, 37
49, 36
48, 35
47, 36
48, 37
48, 37
57, 66
58, 66
57, 66
56, 66
56, 65
56, 65
55, 54
55, 55
54, 55
55, 56
56, 55
56, 55
56, 49
57, 49
56, 48
57, 49
56, 48
56, 48
44, 49
45, 50
45, 49
45, 48
44, 48
43, 49
44, 48
45, 48
44, 48
43, 49
43, 49
56, 66
57, 67
56, 68
56, 69
55, 70
54, 71
54, 72
54, 73
53, 72
53, 72
56, 64
57, 63
56, 62
55, 63
56, 64
55, 63
56, 64
56, 64
46, 56
47, 57
47, 56
47, 55
47, 56
46, 55
46, 54
46, 55
46, 54
46, 54
48, 89
47, 89
48, 90
47, 89
48, 88
48, 87
48, 87
42, 54
43, 53
42, 54
43, 55
44, 54
43, 54
43, 55
44, 55
44, 54
44, 54
26, 68
27, 69
28, 70
27, 71
26, 72
27, 73
27, 74
28, 74
28, 74
56, 76
56, 77
57, 76
57, 75
58, 76
59, 76
58, 76
59, 76
59, 75
59, 75
43, 56
43, 57
44, 56
43, 55
44, 54
45, 53
45, 53
33, 56
32, 57
33, 56
33, 55
34, 56
34, 57
33, 56
33, 56
43, 50
42, 51
43, 52
43, 53
43, 52
43, 52
47, 50
46, 51
47, 50
48, 51
49, 51
49, 51
59, 49
58, 48
59, 49
58, 50
57, 49
58, 50
58, 50
27, 29
28, 28
28, 29
27, 30
28, 30
27, 30
26, 30
26, 30
48, 59
49, 59
49, 58
48, 57
49, 56
48, 55
48, 54
48, 55
48, 55
32, 44
31, 45
32, 44
31, 44
31, 45
32, 45
31, 46
30, 47
30, 47
45, 68
44, 67
43, 68
42, 69
43, 69
42, 69
41, 69
42, 70
43, 70
42, 71
42, 71
34, 57
34, 56
35, 57
34, 56
34, 57
35, 57
34, 57
34, 58
35, 58
35, 58
49, 54
48, 54
49, 54
50, 54
51, 54
50, 54
49, 55
49, 55
57, 48
56, 49
56, 48
57, 48
57, 47
57, 48
57, 47
58, 47
57, 47
57, 47
55, 64
54, 64
55, 64
56, 65
57, 64
58, 64
58, 64
43, 71
42, 71
43, 71
44, 72
44, 73
43, 74
44, 74
43, 73
43, 73
52, 71
53, 71
52, 71
53, 71
54, 71
53, 72
54, 71
55, 70
55, 70
49, 50
50, 50
51, 51
51, 50
52, 51
52, 51
44, 49
44, 48
45, 48
46, 49
45, 50
45, 51
45, 52
46, 53
47, 54
46, 55
46, 55
47, 55
46, 54
45, 54
45, 53
44, 54
44, 55
43, 56
42, 57
42, 56
42, 57
42, 57
48, 38
47, 37
46, 38
46, 39
47, 39
46, 39
46, 38
45, 37
46, 37
46, 37
57, 58
58, 59
59, 60
60, 59
59, 59
58, 59
57, 60
57, 59
58, 60
59, 61
59, 61
58, 65
58, 64
57, 64
56, 65
55, 64
55, 64
27, 31
26, 32
27, 32
26, 33
27, 34
28, 33
28, 33
29, 48
28, 49
29, 49
28, 48
27, 47
27, 47
44, 53
45, 53
45, 54
45, 53
46, 52
45, 52
45, 51
46, 50
46, 50
57, 55
58, 55
57, 54
56, 53
55, 53
55, 53
59, 76
58, 77
58, 78
58, 79
58, 78
59, 79
58, 78
59, 77
59, 76
60, 75
60, 75
47, 88
46, 89
45, 88
45, 89
46, 89
45, 89
46, 89
46, 88
45, 89
44, 88
44, 88
27, 74
26, 74
26, 75
25, 76
26, 76
25, 75
25, 75
45, 53
45, 54
46, 53
46, 52
46, 51
46, 50
47, 49
46, 49
45, 49
44, 50
44, 50
57, 64
57, 65
58, 65
59, 64
58, 65
57, 64
58, 63
58, 62
58, 62
44, 52
43, 53
43, 52
42, 51
42, 52
41, 53
41, 52
42, 52
41, 51
40, 51
40, 51
59, 50
58, 50
59, 49
59, 48
59, 49
58, 49
59, 48
59, 49
59, 49
49, 56
50, 56
51, 55
50, 55
51, 54
51, 55
51, 56
52, 56
52, 56
39, 51
39, 52
38, 53
39, 52
40, 53
40, 54
41, 55
42, 56
41, 57
41, 57
55, 54
54, 53
53, 53
52, 53
51, 53
52, 52
52, 52
54, 63
54, 62
55, 62
54, 61
54, 62
55, 62
54, 62
53, 61
52, 61
52, 61
57, 48
57, 49
57, 48
58, 49
59, 50
58, 49
58, 50
57, 49
58, 49
58, 49
54, 69
55, 69
56, 68
57, 69
58, 68
57, 69
58, 69
59, 70
59, 70
47, 51
46, 51
45, 50
46, 49
46, 48
47, 49
47, 49
52, 52
52, 53
53, 53
54, 54
54, 55
54, 55
28, 34
28, 35
29, 35
28, 36
28, 35
29, 34
28, 34
29, 33
29, 33
45, 88
44, 87
44, 88
45, 88
45, 87
46, 86
45, 87
44, 87
45, 88
46, 89
46, 89
42, 72
41, 72
40, 72
39, 71
39, 72
39, 73
39, 73
48, 54
49, 55
48, 54
49, 55
50, 54
50, 54
59, 75
58, 74
57, 73
58, 73
59, 73
59, 74
59, 73
59, 74
58, 74
59, 75
59, 75
43, 57
42, 56
42, 55
41, 55
41, 54
41, 53
42, 53
41, 52
41, 53
40, 53
40, 53
53, 56
53, 57
52, 57
51, 56
51, 55
52, 55
52, 54
53, 54
53, 55
53, 54
53, 54
46, 36
46, 37
47, 38
47, 39
48, 40
49, 41
49, 41
58, 60
58, 61
57, 61
56, 62
57, 63
57, 63
58, 49
59, 48
58, 48
59, 48
59, 49
59, 49
43, 50
42, 49
42, 48
41, 47
40, 47
40, 48
40, 49
41, 49
41, 49
36, 58
35, 58
34, 58
33, 59
33, 58
32, 58
32, 58
25, 74
24, 75
23, 74
23, 75
24, 76
25, 76
26, 76
26, 77
25, 78
25, 78
59, 64
58, 64
59, 64
58, 64
57, 63
58, 63
59, 62
59, 61
60, 60
59, 60
59, 60
58, 63
58, 64
57, 63
56, 64
55, 63
56, 64
57, 65
56, 66
55, 67
55, 67
47, 55
46, 55
45, 54
44, 53
43, 54
42, 55
41, 56
41, 55
40, 54
39, 54
39, 54
27, 48
28, 48
27, 49
28, 49
28, 50
29, 50
30, 51
30, 51
58, 48
59, 48
60, 49
59, 48
59, 47
58, 48
59, 49
60, 49
61, 48
61, 48
32, 59
32, 60
31, 61
30, 60
31, 59
30, 58
31, 57
31, 57
49, 54
48, 54
48, 55
47, 55
48, 55
48, 55
29, 50
28, 49
27, 49
28, 49
28, 48
28, 49
27, 49
27, 50
27, 50
56, 68
55, 68
56, 67
57, 66
57, 65
58, 65
58, 64
57, 63
58, 63
58, 63
58, 64
57, 65
57, 66
56, 67
56, 66
55, 66
56, 66
55, 65
55, 65
55, 55
55, 56
55, 55
56, 54
57, 53
56, 54
57, 55
57, 54
57, 53
57, 53
58, 76
58, 77
58, 78
57, 77
57, 76
57, 75
57, 75
47, 90
47, 89
48, 89
49, 88
49, 87
49, 86
48, 85
48, 85
53, 53
52, 54
51, 54
50, 55
51, 54
50, 55
50, 55
51, 60
50, 60
49, 61
49, 60
48, 59
49, 60
50, 59
50, 59
39, 52
40, 53
39, 52
40, 51
39, 51
40, 51
40, 52
39, 51
39, 51
24, 78
25, 78
24, 77
25, 78
24, 77
23, 76
23, 76
42, 57
41, 57
40, 57
39, 56
38, 57
38, 57
39, 53
40, 54
41, 53
40, 52
41, 51
41, 51
49, 42
50, 42
50, 43
50, 44
51, 43
51, 42
51, 41
50, 40
50, 39
50, 39
51, 51
50, 50
51, 50
52, 50
53, 49
53, 48
53, 47
54, 47
54, 47
58, 61
57, 61
58, 60
58, 59
57, 59
57, 58
58, 58
57, 57
57, 57
48, 49
47, 49
46, 48
47, 47
46, 47
47, 48
47, 49
48, 48
47, 49
48, 50
48, 50
60, 70
60, 69
59, 69
59, 70
58, 69
59, 70
58, 70
57, 71
58, 70
58, 70
42, 48
41, 47
42, 47
43, 46
44, 46
44, 46
58, 50
57, 49
58, 48
57, 49
58, 48
58, 49
58, 48
59, 47
60, 46
61, 46
61, 46
38, 73
37, 74
36, 74
36, 75
35, 75
35, 75
28, 32
27, 31
26, 31
26, 30
27, 30
26, 30
27, 29
28, 29
27, 28
27, 29
27, 29
53, 48
54, 48
54, 47
53, 48
53, 47
53, 48
53, 49
54, 49
55, 49
55, 49
36, 75
35, 76
35, 77
35, 76
35, 75
36, 75
35, 75
36, 75
37, 74
36, 73
36, 73
30, 57
31, 58
30, 59
31, 59
32, 58
31, 59
31, 60
31, 60
58, 53
58, 54
57, 53
58, 54
57, 53
58, 53
57, 53
58, 53
58, 53
45, 45
46, 45
45, 46
44, 45
44, 44
43, 43
44, 43
43, 43
43, 43
40, 51
39, 50
40, 49
41, 50
40, 51
40, 51
55, 66
54, 66
53, 67
53, 66
53, 65
53, 65
60, 47
61, 47
60, 48
59, 49
58, 49
58, 50
57, 49
57, 49
58, 71
57, 70
56, 70
57, 71
58, 70
59, 69
60, 68
59, 67
59, 67
57, 58
56, 58
56, 57
57, 57
58, 56
57, 55
56, 55
57, 54
58, 54
58, 54
47, 49
46, 49
45, 50
44, 49
45, 49
44, 48
43, 49
43, 49
58, 74
57, 73
58, 73
57, 72
57, 71
56, 70
55, 70
56, 70
56, 71
56, 71
47, 55
46, 55
47, 55
48, 55
47, 55
48, 56
49, 55
50, 55
51, 55
51, 54
51, 54
47, 85
48, 85
47, 85
46, 86
45, 87
44, 88
45, 87
46, 86
46, 86
37, 56
36, 56
35, 56
36, 57
36, 56
36, 56
27, 51
26, 52
27, 51
27, 50
26, 51
27, 52
28, 51
29, 51
30, 51
30, 51
51, 56
51, 55
52, 56
52, 57
53, 58
53, 58
23, 77
23, 76
24, 75
24, 76
25, 75
26, 75
26, 76
27, 75
28, 75
28, 75
27, 28
27, 29
28, 28
27, 29
26, 29
26, 29
58, 62
57, 63
58, 64
59, 64
59, 65
60, 66
61, 65
61, 66
62, 65
62, 64
62, 64
38, 51
39, 50
38, 50
39, 51
39, 50
39, 49
38, 50
39, 49
40, 48
40, 48
49, 38
48, 37
49, 38
50, 38
51, 37
52, 37
51, 37
51, 37
60, 47
61, 47
61, 48
61, 47
61, 48
60, 49
59, 49
58, 50
58, 49
59, 49
59, 49
51, 58
50, 57
50, 56
51, 56
50, 57
50, 56
51, 56
52, 56
52, 56
53, 64
52, 63
52, 62
53, 62
53, 61
52, 60
52, 60
54, 49
53, 49
52, 49
51, 48
52, 47
52, 46
53, 47
54, 47
54, 47
32, 61
33, 62
34, 61
35, 60
35, 59
36, 58
37, 58
37, 57
37, 57
45, 87
45, 88
45, 87
45, 88
45, 89
45, 88
44, 87
44, 87
37, 73
38, 74
39, 75
38, 74
39, 75
38, 74
37, 73
36, 73
37, 73
37, 73
37, 55
38, 54
37, 53
37, 54
37, 53
37, 53
57, 70
56, 69
57, 68
58, 67
59, 66
60, 65
60, 65
54, 59
55, 58
55, 59
56, 60
55, 59
55, 59
52, 37
53, 38
53, 39
52, 39
52, 40
53, 40
54, 40
54, 40
42, 42
42, 41
43, 40
42, 39
41, 38
40, 38
40, 39
39, 38
38, 39
39, 39
39, 39
58, 49
58, 48
59, 49
59, 50
58, 50
57, 49
56, 48
57, 48
57, 48
29, 74
28, 75
29, 74
30, 74
31, 75
30, 75
31, 76
32, 76
32, 76
29, 52
29, 51
29, 50
28, 51
27, 52
28, 51
28, 51
50, 55
51, 56
51, 55
50, 55
49, 55
50, 56
49, 55
50, 55
49, 56
49, 55
49, 55
60, 68
60, 69
60, 70
61, 70
61, 71
61, 71
42, 49
41, 50
41, 51
40, 52
39, 51
38, 51
37, 50
38, 51
37, 50
37, 50
26, 28
27, 27
28, 26
27, 25
26, 26
26, 26
39, 48
38, 49
39, 50
39, 51
38, 51
37, 51
38, 51
38, 50
37, 51
36, 52
36, 52
52, 55
53, 56
53, 55
52, 54
53, 55
52, 54
53, 55
53, 56
52, 56
52, 56
41, 50
41, 49
40, 48
40, 47
40, 48
40, 48
57, 53
57, 54
58, 55
58, 56
57, 55
58, 55
57, 56
57, 56
58, 55
57, 54
58, 55
57, 56
56, 57
55, 58
54, 59
53, 59
53, 59
56, 49
55, 49
54, 48
53, 48
52, 49
51, 49
52, 49
52, 48
53, 48
53, 48
61, 64
61, 63
60, 64
61, 63
60, 64
61, 64
61, 65
61, 64
61, 64
41, 48
41, 47
40, 47
41, 48
41, 49
42, 50
42, 50
44, 88
45, 89
46, 88
47, 88
46, 88
45, 88
45, 89
44, 88
44, 88
54, 60
54, 59
54, 60
53, 61
53, 60
53, 60
38, 73
37, 72
36, 71
36, 70
37, 71
36, 71
35, 70
36, 71
35, 70
34, 70
34, 70
38, 50
37, 51
36, 51
37, 51
36, 52
35, 51
36, 50
37, 50
38, 51
38, 51
48, 55
49, 55
48, 55
47, 56
47, 55
48, 54
49, 54
49, 53
48, 53
48, 53
53, 57
52, 57
51, 56
51, 57
50, 56
49, 56
49, 55
49, 54
49, 54
28, 50
29, 49
28, 49
27, 49
28, 48
28, 49
27, 48
27, 48
59, 65
58, 66
59, 65
60, 66
59, 67
58, 68
59, 67
59, 68
60, 69
61, 69
61, 69
55, 58
55, 57
56, 56
56, 57
55, 57
54, 57
55, 56
54, 55
54, 55
61, 63
62, 63
61, 62
62, 61
63, 62
63, 62
38, 38
37, 38
37, 39
38, 39
37, 39
37, 40
37, 39
38, 39
37, 40
37, 39
37, 39
55, 40
54, 41
53, 42
54, 43
55, 42
54, 41
54, 41
33, 75
32, 75
31, 75
30, 75
31, 75
32, 76
32, 77
31, 77
31, 77
36, 56
35, 56
35, 55
34, 56
35, 55
35, 56
34, 57
34, 58
34, 58
52, 49
53, 50
54, 50
53, 50
54, 50
55, 50
54, 51
54, 50
54, 50
53, 48
52, 49
51, 50
52, 49
52, 50
51, 50
50, 51
49, 52
49, 51
49, 51
27, 27
28, 26
29, 25
29, 26
30, 25
31, 26
30, 27
30, 28
30, 28
53, 61
54, 61
55, 61
54, 62
53, 62
52, 62
53, 62
52, 63
52, 63
60, 71
60, 70
59, 69
60, 68
59, 68
59, 67
59, 67
35, 53
36, 54
37, 54
38, 54
39, 53
38, 53
37, 53
38, 52
37, 53
37, 52
37, 52
57, 57
58, 58
58, 57
58, 56
58, 57
57, 57
57, 56
57, 55
58, 54
57, 54
57, 54
36, 53
35, 54
34, 53
35, 53
36, 53
37, 54
36, 53
35, 54
34, 54
34, 54
58, 49
59, 49
59, 50
60, 49
59, 50
58, 50
58, 49
57, 49
57, 48
56, 49
56, 49
39, 51
40, 51
40, 52
41, 51
41, 50
41, 50
31, 78
32, 78
31, 78
32, 79
31, 79
31, 79
53, 49
53, 50
53, 49
52, 49
51, 48
52, 48
53, 48
53, 48
35, 59
34, 60
35, 59
34, 59
33, 58
32, 59
32, 60
32, 60
57, 55
57, 56
56, 55
57, 56
58, 55
58, 55
52, 64
51, 65
52, 64
51, 63
50, 62
49, 61
48, 60
49, 60
48, 59
48, 59
58, 67
58, 68
58, 67
58, 68
58, 67
57, 66
58, 66
58, 66
50, 53
49, 53
50, 53
49, 53
49, 52
48, 52
48, 52
45, 87
46, 88
45, 87
45, 88
46, 88
47, 89
47, 90
47, 90
41, 50
40, 50
39, 50
40, 51
41, 50
42, 51
42, 52
43, 53
43, 53
28, 49
28, 48
28, 47
29, 46
28, 46
27, 47
26, 48
27, 48
28, 49
29, 48
29, 48
55, 49
54, 49
55, 50
55, 49
54, 48
53, 47
54, 46
54, 46
52, 61
52, 62
52, 63
52, 62
51, 63
51, 62
51, 63
50, 62
50, 61
50, 61
34, 71
35, 71
35, 70
34, 69
33, 70
34, 69
35, 68
36, 67
35, 67
35, 67
38, 39
37, 40
38, 39
37, 39
36, 39
37, 39
38, 38
38, 38
48, 52
49, 53
50, 53
50, 54
51, 55
51, 55
37, 51
38, 52
37, 53
36, 54
37, 54
38, 55
38, 54
38, 55
38, 55
50, 50
50, 51
51, 51
52, 52
51, 51
52, 50
51, 49
50, 50
51, 49
51, 49
54, 40
53, 39
52, 38
52, 37
51, 38
52, 37
53, 38
52, 38
52, 39
52, 40
52, 40
62, 62
63, 63
64, 64
63, 64
62, 63
61, 62
61, 63
62, 64
62, 64
55, 56
54, 56
55, 57
56, 56
57, 55
56, 55
57, 54
58, 53
58, 54
58, 54
30, 27
31, 27
31, 26
31, 27
31, 26
30, 25
29, 25
29, 25
34, 53
33, 52
34, 52
35, 51
34, 52
35, 52
35, 52
62, 69
63, 69
64, 70
63, 71
63, 72
64, 71
63, 70
63, 71
64, 71
64, 71
57, 55
56, 55
57, 56
57, 55
58, 55
58, 55
48, 89
48, 90
48, 89
47, 90
48, 90
47, 89
48, 89
47, 89
47, 90
47, 90
30, 80
31, 79
31, 78
30, 79
31, 79
30, 78
31, 77
32, 77
31, 78
31, 78
33, 61
32, 62
31, 62
30, 61
30, 62
31, 63
31, 63
37, 39
36, 38
35, 38
36, 38
35, 38
35, 39
35, 39
59, 66
58, 65
57, 66
57, 65
56, 66
57, 65
58, 65
57, 65
57, 65
36, 66
36, 65
36, 66
36, 67
35, 66
35, 66
30, 25
29, 25
30, 24
30, 23
31, 24
32, 25
33, 24
33, 23
32, 24
32, 24
54, 47
55, 46
54, 47
54, 48
53, 47
54, 48
54, 47
54, 48
54, 48
41, 51
42, 50
43, 49
42, 50
43, 51
42, 50
42, 50
57, 53
57, 54
58, 54
57, 55
58, 54
58, 54
64, 72
63, 71
64, 70
63, 69
62, 70
63, 71
62, 70
61, 70
61, 70
51, 62
52, 63
51, 62
50, 62
51, 62
52, 61
51, 60
51, 60
61, 63
60, 64
59, 64
58, 63
59, 64
58, 64
57, 64
57, 64
35, 53
34, 54
33, 54
34, 54
35, 54
36, 54
36, 54
49, 60
48, 60
48, 59
48, 60
48, 59
48, 60
48, 60
42, 52
42, 51
41, 52
42, 53
42, 52
43, 51
42, 52
42, 53
43, 53
43, 53
50, 50
51, 49
50, 48
51, 49
50, 48
51, 49
50, 50
50, 51
50, 51
28, 48
27, 47
26, 46
26, 45
27, 45
26, 46
26, 47
26, 47
49, 53
49, 54
50, 55
51, 54
52, 55
52, 55
53, 46
53, 45
52, 44
52, 43
51, 42
50, 43
50, 43
52, 56
53, 56
52, 55
51, 55
50, 56
51, 55
51, 56
52, 56
51, 55
51, 55
51, 39
51, 40
51, 41
51, 42
50, 42
50, 42
39, 54
40, 53
41, 53
41, 52
41, 51
40, 50
40, 50
40, 51
39, 50
40, 49
39, 50
38, 50
39, 49
39, 49
43, 51
43, 50
43, 49
44, 50
44, 49
43, 50
44, 50
44, 51
44, 52
44, 52
31, 25
32, 26
31, 27
32, 28
32, 27
32, 28
33, 28
33, 27
33, 28
33, 28
36, 67
37, 67
38, 67
37, 68
36, 69
36, 70
36, 70
36, 55
35, 54
36, 55
35, 54
35, 53
36, 52
36, 53
36, 53
56, 65
56, 66
56, 67
56, 66
57, 66
57, 65
58, 65
58, 65
49, 60
49, 61
50, 61
50, 60
51, 59
52, 58
51, 57
51, 57
27, 47
28, 46
29, 45
28, 44
29, 44
29, 43
28, 42
28, 43
29, 43
29, 43
30, 77
29, 76
29, 77
30, 78
31, 79
30, 79
30, 79
44, 53
43, 53
44, 54
43, 53
42, 52
43, 52
42, 53
41, 53
41, 54
41, 53
41, 53
36, 40
37, 40
38, 39
37, 38
36, 38
36, 37
36, 38
36, 37
36, 37
58, 56
58, 55
57, 55
57, 56
58, 56
58, 55
57, 55
56, 55
57, 54
58, 54
58, 54
52, 56
51, 56
50, 56
49, 56
48, 57
47, 57
47, 58
47, 59
48, 59
48, 59
51, 42
51, 43
52, 43
53, 44
52, 45
52, 46
53, 45
54, 44
53, 43
53, 43
55, 49
56, 50
55, 50
56, 49
55, 50
55, 50
50, 54
51, 55
50, 55
49, 54
49, 55
50, 55
51, 55
51, 55
31, 64
32, 63
32, 64
32, 65
33, 66
32, 65
32, 66
32, 66
57, 55
56, 55
57, 55
58, 55
57, 55
58, 56
57, 55
57, 55
49, 50
50, 49
50, 48
51, 48
50, 48
51, 49
51, 49
58, 66
57, 65
58, 64
59, 63
59, 64
59, 63
58, 62
58, 63
59, 64
59, 64
49, 44
48, 45
47, 46
48, 47
49, 48
50, 47
51, 47
51, 48
51, 48
46, 89
45, 89
46, 89
47, 88
46, 89
47, 90
48, 89
48, 90
47, 90
48, 89
48, 89
50, 60
49, 59
48, 60
49, 60
49, 61
48, 60
49, 59
49, 59
62, 69
63, 70
62, 70
62, 69
61, 69
61, 70
61, 70
51, 47
52, 48
53, 48
52, 47
51, 48
50, 47
51, 48
51, 48
33, 66
34, 65
34, 64
33, 64
34, 64
35, 65
35, 66
35, 66
52, 57
51, 56
50, 55
51, 54
50, 55
50, 55
49, 60
49, 61
50, 61
50, 62
51, 61
50, 60
50, 60
35, 71
36, 71
35, 71
36, 72
36, 71
35, 71
35, 72
35, 73
36, 74
36, 74
43, 51
44, 51
45, 50
46, 51
45, 50
44, 51
43, 50
43, 51
43, 51
60, 65
59, 66
59, 65
60, 66
61, 66
62, 67
62, 66
63, 65
64, 66
64, 65
64, 65
32, 28
31, 28
31, 29
30, 28
29, 28
29, 28
48, 90
47, 90
48, 90
48, 89
47, 88
46, 88
45, 89
46, 89
46, 89
58, 55
57, 56
58, 56
57, 55
56, 56
57, 56
56, 56
55, 57
54, 56
54, 56
52, 44
52, 43
52, 44
52, 45
53, 45
54, 45
54, 44
54, 43
54, 43
47, 58
46, 57
46, 56
47, 56
47, 55
47, 56
48, 56
48, 55
49, 55
50, 54
50, 54
62, 70
62, 71
61, 71
60, 71
61, 71
61, 72
60, 73
60, 73
50, 56
50, 57
50, 56
51, 57
52, 58
52, 58
55, 49
56, 48
57, 47
58, 48
59, 48
58, 49
58, 49
40, 50
39, 51
38, 52
39, 51
39, 52
38, 51
38, 52
38, 52
28, 43
27, 43
26, 43
27, 43
28, 43
27, 44
27, 43
27, 43
59, 66
60, 67
61, 67
60, 68
59, 67
58, 68
58, 67
57, 67
57, 68
57, 68
51, 48
51, 47
52, 46
51, 45
50, 46
51, 45
50, 46
51, 46
50, 46
50, 45
50, 45
36, 54
35, 55
35, 54
34, 55
35, 55
36, 55
35, 54
34, 55
34, 55
40, 53
39, 54
39, 53
38, 52
39, 51
39, 51
57, 53
58, 54
58, 55
58, 56
57, 57
58, 57
58, 57
31, 80
32, 80
33, 81
33, 80
32, 81
32, 81
37, 36
37, 37
36, 37
37, 36
38, 37
37, 38
38, 37
37, 36
38, 35
39, 35
39, 35
58, 56
58, 57
57, 56
57, 57
57, 58
57, 59
56, 60
57, 61
57, 60
57, 60
49, 56
49, 57
50, 57
50, 56
51, 57
52, 57
51, 56
52, 57
51, 56
51, 56
43, 52
43, 53
42, 54
43, 55
44, 56
43, 56
42, 55
42, 54
43, 55
43, 55
31, 80
30, 81
29, 82
30, 82
29, 82
30, 81
29, 82
30, 82
30, 82
34, 54
33, 55
32, 54
33, 55
33, 56
32, 55
31, 55
32, 56
33, 57
33, 56
33, 56
51, 44
51, 43
50, 43
49, 42
48, 42
47, 41
47, 41
35, 75
36, 75
35, 75
36, 74
36, 73
36, 73
57, 48
57, 47
56, 48
56, 49
56, 50
55, 49
56, 48
57, 49
57, 48
58, 47
58, 47
40, 35
39, 35
40, 35
41, 34
41, 33
42, 34
42, 34
46, 88
45, 87
44, 88
45, 87
46, 86
46, 86
52, 49
52, 50
51, 50
52, 49
52, 48
52, 47
51, 48
52, 48
52, 48
53, 57
52, 58
52, 59
52, 60
51, 59
50, 60
49, 59
48, 60
49, 61
49, 61
35, 67
35, 66
36, 66
36, 67
37, 67
36, 67
35, 66
35, 65
34, 64
34, 64
64, 64
65, 65
65, 66
66, 65
66, 66
66, 66
37, 51
36, 50
35, 50
36, 49
35, 48
36, 49
37, 48
37, 47
36, 48
36, 48
26, 43
25, 44
26, 44
25, 45
24, 44
25, 44
25, 43
24, 44
24, 44
49, 55
48, 56
47, 57
48, 57
47, 57
47, 56
46, 56
47, 57
46, 57
46, 57
39, 52
39, 51
40, 50
40, 49
41, 48
41, 49
40, 48
39, 49
39, 50
38, 51
38, 51
58, 69
59, 69
59, 68
60, 68
61, 67
62, 67
61, 66
61, 66
51, 59
52, 60
51, 59
50, 60
51, 60
52, 60
51, 60
51, 59
51, 59
49, 61
50, 62
51, 63
52, 63
53, 63
53, 63
59, 74
60, 75
61, 74
62, 74
61, 73
61, 74
60, 75
61, 75
61, 75
54, 42
54, 43
53, 43
52, 44
51, 43
52, 42
53, 42
53, 41
53, 41
28, 28
29, 29
28, 28
27, 28
28, 28
29, 29
28, 28
29, 27
29, 27
52, 57
53, 58
54, 59
55, 60
56, 61
57, 62
57, 62
44, 56
46, 58
47, 59
48, 60
49, 61
50, 62
51, 63
52, 64
53, 65
54, 66
55, 67
56, 67
56, 67
57, 68
58, 69
59, 70
59, 70
50, 60
50, 60
51, 61
52, 62
52, 63
52, 63
53, 64
52, 65
52, 65
53, 66
54, 67
54, 67
65, 67
64, 68
63, 69
62, 70
61, 71
61, 71
41, 33
41, 33
42, 34
42, 35
42, 35
43, 36
44, 37
44, 37
44, 37
60, 67
59, 68
58, 69
59, 68
59, 68
58, 68
58, 68
57, 69
56, 70
56, 70
37, 51
37, 51
38, 52
39, 53
40, 54
41, 55
42, 56
43, 56
43, 56
45, 58
46, 59
47, 60
48, 61
49, 62
49, 62
52, 64
52, 65
51, 66
51, 66
52, 67
52, 68
52, 67
52, 67
52, 68
52, 69
52, 69
37, 74
38, 75
39, 76
40, 77
41, 78
42, 79
43, 80
44, 81
45, 82
45, 82
30, 28
30, 28
31, 29
32, 30
33, 31
34, 32
35, 33
35, 33
36, 34
37, 35
37, 35
53, 49
53, 48
53, 48
54, 49
55, 50
57, 52
58, 53
59, 54
60, 55
61, 56
62, 57
63, 58
64, 59
63, 59
63, 59
63, 59
47, 58
48, 59
49, 60
50, 61
51, 62
52, 63
53, 64
53, 64
48, 60
48, 60
49, 61
50, 62
51, 63
51, 62
51, 62
52, 63
53, 64
53, 65
53, 65
54, 66
54, 66
35, 65
36, 66
35, 67
35, 67
36, 68
37, 68
37, 68
38, 69
38, 69
46, 40
46, 40
47, 41
48, 42
49, 43
50, 44
50, 44
56, 61
55, 62
54, 63
53, 64
53, 65
53, 66
53, 66
34, 57
35, 58
36, 59
37, 60
38, 61
39, 62
41, 64
42, 65
43, 66
44, 67
45, 68
46, 69
47, 70
48, 71
49, 72
50, 73
51, 74
52, 74
52, 74
53, 75
53, 75
25, 45
26, 46
27, 45
27, 45
28, 46
29, 47
29, 47
52, 41
52, 41
53, 42
54, 43
55, 44
56, 45
56, 45
57, 48
56, 49
55, 50
54, 51
53, 52
53, 53
53, 53
62, 74
63, 74
64, 74
65, 74
64, 73
64, 73
64, 73
31, 83
32, 84
32, 84
33, 85
34, 85
35, 84
35, 84
35, 85
35, 85
37, 85
38, 85
39, 85
40, 85
41, 85
42, 85
43, 85
44, 85
45, 85
46, 85
47, 85
48, 85
49, 85
49, 85
47, 86
47, 86
48, 85
49, 84
50, 83
51, 82
52, 83
52, 83
52, 82
52, 82
53, 81
54, 80
55, 79
55, 79
37, 49
38, 50
39, 51
40, 52
39, 52
39, 52
40, 53
41, 54
41, 54
51, 45
50, 44
50, 44
51, 45
52, 46
53, 47
54, 48
55, 49
55, 49
42, 55
43, 56
45, 58
46, 59
47, 60
48, 61
49, 62
51, 64
52, 65
53, 66
54, 67
55, 68
56, 69
57, 70
58, 71
59, 72
60, 73
61, 74
61, 74
28, 46
28, 46
29, 47
30, 48
31, 49
32, 50
33, 51
34, 52
35, 53
36, 54
37, 55
37, 55
55, 68
56, 67
56, 67
57, 68
58, 69
59, 70
60, 71
61, 72
62, 73
62, 73
63, 74
63, 75
63, 75
54, 64
54, 64
53, 65
52, 66
52, 67
52, 68
53, 69
53, 69
53, 69
57, 71
56, 70
56, 70
56, 69
56, 69
57, 70
58, 69
58, 69
59, 70
60, 71
61, 72
62, 73
63, 74
63, 74
63, 74
62, 75
63, 75
63, 75
62, 76
61, 77
60, 78
59, 78
58, 78
58, 78
38, 36
39, 37
38, 38
38, 38
39, 39
40, 40
41, 41
41, 41
46, 81
47, 80
48, 79
49, 78
50, 77
51, 76
52, 75
53, 75
54, 75
54, 75
54, 67
54, 68
54, 69
55, 69
55, 69
54, 70
54, 70
52, 76
51, 77
50, 76
50, 76
51, 77
51, 78
51, 79
51, 80
51, 80
55, 46
54, 47
53, 48
53, 49
53, 50
53, 50
60, 71
59, 71
59, 71
60, 72
61, 73
62, 74
63, 75
64, 76
64, 76
65, 77
66, 78
66, 78
51, 64
52, 65
53, 66
54, 67
55, 68
56, 69
57, 70
58, 71
59, 72
60, 73
61, 73
62, 73
63, 73
64, 73
65, 73
65, 74
65, 74
66, 73
66, 72
66, 72
66, 72
50, 84
51, 83
52, 84
52, 84
53, 83
53, 83
54, 82
55, 81
56, 80
56, 81
56, 81
57, 80
57, 80
39, 70
38, 69
38, 69
39, 70
38, 69
38, 69
39, 70
40, 71
41, 72
42, 73
42, 73
53, 70
53, 70
53, 70
53, 70
54, 69
54, 69
54, 69
58, 63
59, 64
60, 65
61, 66
61, 66
62, 67
63, 68
64, 69
65, 70
66, 71
67, 72
67, 72
54, 54
53, 53
53, 53
54, 54
55, 55
54, 54
54, 54
55, 55
56, 56
56, 56
55, 56
55, 56
56, 57
56, 58
56, 58
56, 58
45, 38
46, 39
47, 40
48, 41
49, 42
50, 43
51, 44
52, 45
52, 45
64, 60
65, 61
66, 62
68, 64
68, 65
68, 66
68, 67
68, 68
68, 69
68, 70
68, 71
68, 72
68, 73
68, 74
68, 74
62, 71
62, 71
62, 72
62, 72
61, 73
60, 74
59, 75
58, 76
57, 77
56, 77
56, 77
56, 77
54, 67
55, 68
56, 69
57, 70
57, 70
57, 69
57, 69
57, 69
56, 78
57, 77
58, 78
58, 78
59, 77
59, 77
60, 76
61, 75
61, 76
61, 76
61, 76
55, 71
56, 72
55, 73
55, 73
54, 72
54, 72
55, 73
56, 74
56, 74
67, 73
66, 72
65, 72
65, 72
66, 71
66, 71
65, 70
64, 70
63, 70
62, 70
61, 70
61, 70
38, 56
39, 57
40, 57
40, 57
41, 58
41, 57
41, 57
42, 57
42, 57
44, 59
45, 60
46, 61
47, 62
48, 63
49, 64
50, 65
51, 66
52, 67
53, 68
54, 69
54, 69
62, 75
61, 76
60, 76
60, 76
59, 77
58, 78
58, 78
54, 51
56, 53
57, 54
58, 55
59, 56
60, 57
61, 58
62, 59
62, 60
62, 61
61, 61
61, 61
60, 60
60, 60
61, 61
60, 61
60, 61
61, 62
62, 63
62, 64
62, 64
43, 74
44, 75
45, 76
46, 75
46, 75
47, 76
48, 77
49, 78
50, 79
50, 79
42, 42
43, 43
44, 44
45, 45
46, 46
47, 47
46, 46
46, 46
47, 47
48, 48
48, 48
62, 75
63, 76
64, 77
65, 78
66, 79
67, 80
67, 80
68, 81
68, 81
68, 82
68, 83
68, 83
57, 59
58, 60
59, 61
60, 62
61, 63
62, 64
61, 64
61, 64
62, 65
63, 66
63, 66
53, 70
52, 71
51, 72
52, 71
52, 71
51, 72
50, 71
50, 71
50, 71
65, 71
66, 72
66, 72
65, 71
64, 71
63, 71
62, 71
61, 71
60, 71
60, 70
60, 70
60, 70
56, 79
55, 78
54, 77
53, 76
53, 77
53, 77
52, 76
52, 75
52, 74
52, 73
52, 73
55, 76
56, 77
57, 78
58, 79
59, 80
60, 81
61, 82
61, 82
67, 73
67, 74
66, 74
66, 74
67, 75
67, 76
67, 77
67, 78
67, 79
67, 80
67, 80
67, 81
67, 81
57, 78
57, 78
58, 79
58, 80
58, 81
57, 80
57, 80
57, 79
57, 79
58, 80
59, 80
59, 80
59, 80
52, 70
51, 71
50, 72
50, 72
50, 73
50, 74
50, 75
50, 76
50, 77
50, 78
50, 79
50, 79
52, 81
53, 82
52, 83
52, 83
51, 84
51, 84
52, 84
53, 84
54, 84
55, 84
56, 84
57, 84
57, 84
58, 70
59, 71
60, 72
60, 73
60, 74
60, 75
59, 76
59, 76
59, 76
60, 76
60, 76
61, 75
62, 75
61, 75
61, 75
62, 76
62, 76
63, 75
64, 75
64, 75
53, 46
52, 47
52, 47
53, 48
54, 49
54, 48
54, 48
55, 49
55, 50
56, 50
56, 50
56, 50
63, 74
63, 74
64, 73
64, 73
64, 72
64, 72
63, 73
63, 74
63, 75
63, 75
57, 78
56, 79
56, 79
57, 79
57, 79
57, 79
57, 79
57, 79
57, 79
57, 79
56, 50
58, 52
59, 53
60, 54
61, 55
62, 56
63, 57
64, 58
65, 59
66, 60
67, 61
66, 60
66, 60
66, 60
65, 78
65, 78
64, 79
63, 80
62, 81
61, 82
60, 81
60, 81
59, 82
59, 82
58, 83
58, 83
57, 74
58, 74
59, 74
59, 74
60, 75
60, 75
59, 74
59, 74
59, 74
59, 74
59, 74
65, 61
64, 62
63, 63
63, 63
64, 63
64, 63
65, 62
65, 62
64, 61
64, 61
63, 62
62, 63
61, 64
60, 65
60, 65
58, 52
59, 53
60, 54
61, 55
62, 56
63, 57
64, 58
65, 59
66, 60
66, 61
66, 62
66, 63
66, 65
66, 66
66, 67
66, 68
66, 69
66, 70
65, 70
65, 70
65, 69
65, 69
65, 69
64, 67
65, 68
65, 67
65, 67
66, 68
67, 69
67, 70
67, 71
67, 71
49, 49
50, 49
50, 49
51, 50
52, 51
53, 52
54, 53
55, 54
55, 54
53, 74
54, 75
55, 76
56, 77
57, 76
57, 76
58, 76
58, 76
59, 77
59, 77
55, 70
56, 71
57, 72
58, 73
59, 74
60, 75
60, 75
59, 71
58, 72
58, 72
58, 72
58, 72
58, 72
58, 72
59, 77
59, 78
59, 79
59, 79
59, 79
59, 80
59, 80
59, 79
60, 78
60, 78
60, 78
66, 80
65, 79
64, 78
63, 77
63, 76
63, 75
64, 75
64, 75
63, 74
63, 73
63, 73
63, 73
67, 82
66, 81
65, 80
65, 81
65, 81
64, 80
65, 81
65, 81
64, 80
63, 79
62, 78
62, 77
62, 77
62, 74
61, 74
61, 75
61, 75
60, 74
59, 74
60, 75
60, 75
59, 74
58, 74
58, 74
58, 74
63, 76
62, 75
62, 75
61, 76
62, 75
62, 75
61, 76
61, 75
61, 75
60, 76
60, 76
59, 84
58, 84
58, 84
59, 84
60, 84
61, 85
61, 85
62, 84
63, 84
63, 84
63, 84
59, 77
59, 76
60, 75
60, 75
59, 74
59, 73
59, 72
59, 71
59, 70
59, 70
63, 65
64, 66
65, 67
66, 68
65, 68
65, 68
65, 68
60, 81
59, 80
59, 79
59, 79
58, 78
57, 77
57, 77
57, 76
57, 76
57, 77
57, 77
57, 77
57, 77
51, 72
52, 73
52, 74
52, 74
53, 75
54, 76
54, 76
51, 78
51, 77
51, 76
51, 75
51, 74
51, 73
51, 72
51, 72
51, 72
51, 72
51, 72
61, 71
61, 72
61, 73
61, 74
61, 74
60, 75
60, 75
60, 75
58, 85
59, 85
60, 85
61, 85
62, 85
62, 85
58, 81
57, 82
56, 83
55, 84
54, 85
54, 85
53, 86
52, 87
51, 88
52, 87
52, 87
52, 87
51, 80
52, 81
53, 82
54, 83
55, 84
55, 84
58, 80
58, 79
58, 79
58, 80
58, 81
58, 82
58, 81
58, 81
57, 80
57, 80
57, 80
61, 84
60, 83
59, 82
58, 81
57, 80
56, 79
55, 78
55, 78
60, 75
60, 75
59, 76
58, 77
58, 78
58, 79
58, 80
58, 80
64, 70
65, 71
65, 71
64, 72
65, 72
65, 72
64, 73
63, 73
64, 72
64, 72
64, 72
53, 86
54, 85
55, 84
56, 83
57, 82
57, 83
57, 83
58, 82
59, 81
59, 81
60, 74
60, 73
60, 72
60, 73
60, 73
61, 73
61, 73
60, 72
60, 71
60, 70
60, 70
60, 70
64, 72
65, 71
64, 71
64, 71
65, 71
66, 71
66, 71
67, 71
68, 71
68, 71
64, 69
63, 70
62, 71
61, 72
60, 73
60, 74
60, 74
60, 75
60, 75
59, 76
59, 77
60, 76
60, 76
60, 76
52, 73
53, 74
54, 75
55, 76
56, 77
56, 78
56, 78
57, 79
58, 80
59, 81
59, 81
56, 81
55, 81
54, 81
54, 81
54, 81
54, 81
54, 81
54, 81
53, 80
53, 80
54, 81
54, 81
59, 76
58, 77
57, 78
56, 79
55, 80
54, 81
53, 82
53, 82
59, 73
60, 74
61, 75
61, 76
61, 76
62, 77
62, 77
68, 72
67, 73
67, 73
68, 73
69, 73
69, 73
69, 73
68, 72
68, 72
67, 71
67, 71
68, 72
69, 72
69, 72
69, 72
59, 75
59, 76
59, 77
60, 77
60, 77
59, 78
59, 79
59, 80
59, 81
59, 82
59, 82
62, 78
62, 79
62, 80
62, 81
62, 81
62, 81
62, 81
61, 81
61, 81
62, 81
62, 81
56, 84
57, 84
58, 84
59, 84
60, 84
60, 84
64, 85
64, 85
65, 85
65, 85
64, 86
63, 85
63, 85
62, 86
61, 87
62, 88
62, 88
61, 88
61, 88
55, 75
55, 74
55, 73
55, 73
55, 73
55, 73
55, 73
55, 73
60, 75
61, 76
62, 77
63, 76
63, 76
64, 77
64, 77
59, 66
59, 67
59, 67
58, 68
57, 69
56, 70
56, 71
56, 72
56, 73
56, 73
56, 74
56, 74
61, 79
61, 79
60, 80
59, 81
58, 81
58, 81
58, 82
58, 82
58, 81
58, 81
58, 81
58, 81
56, 55
57, 56
58, 57
57, 58
57, 58
58, 59
59, 60
60, 61
60, 61
58, 78
59, 79
60, 80
60, 81
60, 81
61, 82
62, 83
62, 84
62, 85
61, 86
61, 86
61, 86
58, 78
58, 78
59, 79
59, 80
59, 81
59, 82
59, 83
60, 84
60, 84
59, 84
59, 84
59, 84
59, 84
60, 71
61, 72
62, 73
63, 74
64, 75
64, 75
65, 76
65, 76
66, 77
66, 77
65, 76
64, 76
63, 76
63, 76
61, 62
62, 63
62, 64
62, 65
63, 66
63, 66
62, 67
62, 68
62, 68
62, 69
62, 69
60, 83
61, 84
61, 84
60, 83
60, 82
60, 81
60, 80
60, 79
60, 78
60, 78
57, 75
58, 76
59, 77
60, 78
61, 79
61, 79
62, 80
62, 79
62, 79
63, 80
63, 80
60, 83
61, 82
62, 81
63, 80
64, 79
65, 78
66, 78
67, 77
67, 77
66, 78
66, 78
58, 80
58, 79
58, 78
58, 77
58, 76
57, 75
57, 75
57, 75
54, 72
53, 72
53, 72
53, 72
53, 72
53, 72
53, 72
53, 72
63, 78
63, 79
63, 79
64, 79
64, 79
64, 78
64, 78
63, 79
63, 79
61, 82
61, 83
61, 83
61, 83
61, 83
61, 83
61, 83
61, 83
61, 83
61, 83
61, 71
61, 70
61, 70
62, 71
61, 70
61, 70
62, 71
63, 72
63, 72
62, 85
63, 84
64, 83
64, 82
64, 81
64, 80
64, 79
64, 78
64, 77
64, 77
64, 77
68, 73
67, 74
66, 75
65, 75
64, 75
63, 75
63, 75
61, 78
60, 79
59, 80
58, 81
57, 82
56, 83
57, 83
57, 83
56, 83
55, 83
55, 83
55, 77
55, 76
55, 75
55, 74
56, 75
56, 75
55, 75
55, 75
55, 74
56, 73
56, 73
55, 73
55, 73
55, 73
55, 82
54, 82
54, 82
55, 83
56, 84
57, 85
58, 86
59, 87
60, 87
60, 87
67, 72
66, 73
65, 74
64, 75
63, 76
62, 77
62, 77
61, 75
61, 75
62, 76
63, 77
62, 76
62, 76
63, 77
63, 78
63, 79
63, 80
63, 81
64, 82
64, 82
64, 82
60, 81
61, 80
61, 79
61, 78
62, 78
62, 78
61, 77
61, 76
61, 75
61, 74
61, 74
54, 81
55, 80
56, 80
57, 80
58, 80
59, 81
59, 81
59, 81
63, 71
63, 71
62, 72
61, 73
60, 74
59, 75
60, 76
60, 76
59, 77
58, 78
57, 79
57, 79
62, 87
63, 86
62, 86
62, 86
63, 85
64, 84
65, 83
66, 82
66, 81
66, 80
66, 79
66, 79
59, 81
60, 82
61, 83
62, 84
63, 85
63, 86
63, 87
63, 88
63, 89
64, 90
64, 90
64, 90
60, 80
61, 79
62, 78
61, 79
61, 79
62, 79
62, 79
63, 80
63, 80
64, 79
65, 78
65, 77
65, 76
65, 76
57, 82
56, 83
55, 84
55, 83
55, 83
55, 84
55, 84
54, 85
54, 85
64, 81
64, 82
64, 83
64, 84
64, 85
64, 84
64, 84
64, 85
65, 84
65, 84
66, 84
66, 84
65, 85
65, 85
65, 77
64, 76
63, 75
62, 74
61, 73
60, 73
60, 73
63, 78
62, 79
61, 80
60, 81
59, 82
58, 83
57, 84
57, 84
56, 76
55, 76
55, 76
56, 77
56, 78
55, 77
55, 77
56, 78
56, 78
59, 79
58, 80
58, 81
58, 82
59, 83
59, 83
58, 84
57, 85
57, 85
58, 84
58, 84
58, 84
52, 73
51, 74
52, 73
52, 73
51, 74
50, 75
50, 75
62, 77
61, 78
60, 79
60, 78
60, 78
59, 79
58, 80
58, 80
64, 76
65, 77
66, 78
66, 79
65, 78
65, 78
66, 78
66, 78
66, 79
65, 78
65, 78
66, 79
66, 79
65, 78
64, 77
64, 77
63, 76
62, 75
61, 74
60, 73
59, 72
58, 71
57, 71
58, 72
58, 72
58, 72
62, 80
61, 81
60, 82
59, 83
59, 84
59, 84
59, 84
62, 82
63, 81
64, 80
63, 81
63, 81
64, 80
64, 80
62, 73
61, 72
61, 72
62, 73
62, 73
62, 73
62, 73
62, 73
62, 73
62, 73
62, 73
62, 73
65, 83
66, 84
66, 85
66, 86
66, 87
66, 87
66, 87
66, 87
66, 87
66, 87
58, 78
58, 78
57, 77
56, 76
55, 75
56, 76
56, 76
55, 75
56, 76
56, 76
56, 76
60, 80
60, 80
60, 79
60, 78
60, 77
60, 76
60, 77
60, 77
60, 77
54, 73
54, 73
54, 73
54, 73
54, 73
54, 73
54, 73
54, 73
61, 78
60, 79
59, 80
60, 81
60, 81
61, 80
61, 80
60, 81
59, 82
59, 82
62, 72
62, 72
61, 73
60, 74
59, 75
58, 76
57, 77
57, 78
57, 78
57, 78
57, 78
57, 78
61, 70
61, 71
61, 71
60, 70
61, 70
61, 70
60, 70
59, 70
59, 70
63, 89
64, 90
64, 90
63, 89
63, 88
63, 87
63, 86
63, 85
63, 84
63, 83
63, 83
59, 86
58, 87
58, 87
57, 86
56, 85
55, 84
54, 83
53, 82
53, 82
66, 77
66, 78
65, 77
65, 77
66, 78
66, 79
66, 80
66, 81
66, 81
53, 86
52, 87
51, 88
52, 87
52, 87
51, 88
52, 88
52, 88
51, 87
51, 87
51, 88
51, 88
51, 88
51, 88
56, 82
57, 81
58, 80
59, 79
60, 78
60, 77
60, 77
60, 76
60, 75
60, 74
60, 74
60, 74
51, 76
52, 77
53, 78
54, 79
55, 80
54, 81
54, 81
55, 80
55, 80
58, 83
59, 83
59, 83
60, 84
60, 84
60, 83
59, 82
59, 82
60, 81
60, 80
60, 79
60, 79
57, 77
58, 76
58, 76
59, 77
58, 77
58, 77
57, 76
57, 76
58, 77
59, 78
60, 79
61, 80
61, 80
64, 84
65, 85
66, 86
67, 86
68, 86
68, 86
52, 87
53, 88
53, 88
53, 87
53, 86
53, 85
53, 84
53, 83
53, 82
53, 81
53, 81
56, 79
55, 80
54, 81
53, 82
54, 83
54, 83
53, 84
52, 84
51, 84
51, 84
51, 84
59, 79
58, 79
58, 79
59, 78
60, 77
61, 77
62, 77
63, 77
64, 77
64, 77
67, 86
68, 85
69, 84
69, 83
69, 82
69, 81
69, 81
69, 80
69, 80
59, 71
59, 72
59, 72
59, 72
59, 72
59, 72
60, 74
60, 75
60, 76
61, 76
61, 76
60, 77
60, 78
60, 78
64, 84
63, 83
63, 82
63, 81
63, 80
63, 79
63, 79
65, 79
66, 78
67, 77
68, 76
69, 76
69, 76
69, 75
69, 75
57, 77
58, 76
59, 76
60, 76
61, 76
62, 76
63, 76
63, 76
60, 82
60, 82
61, 81
62, 80
63, 79
63, 78
63, 77
63, 77
57, 72
57, 72
58, 73
59, 74
60, 75
59, 75
59, 75
60, 76
60, 76
67, 81
67, 81
66, 80
66, 79
66, 78
66, 77
67, 76
67, 76
66, 77
66, 77
66, 76
66, 76
66, 76
54, 81
55, 80
56, 79
57, 78
58, 77
58, 77
58, 76
58, 76
65, 78
64, 77
63, 76
64, 75
64, 75
63, 74
62, 73
63, 73
63, 73
64, 73
64, 73
63, 72
63, 72
60, 78
60, 78
61, 79
62, 80
63, 80
64, 80
65, 80
66, 80
66, 80
55, 72
56, 71
57, 70
58, 70
59, 70
60, 70
59, 70
59, 70
60, 70
61, 70
60, 70
60, 70
60, 70
63, 74
62, 73
62, 73
63, 74
63, 75
63, 76
63, 77
63, 78
63, 78
58, 83
58, 82
58, 81
58, 80
58, 79
58, 79
57, 84
56, 84
55, 84
55, 84
54, 84
53, 84
52, 84
51, 84
51, 84
50, 84
50, 84
51, 83
51, 83
51, 83
60, 75
59, 75
59, 75
60, 76
59, 76
59, 76
60, 77
60, 77
60, 77
60, 77
61, 76
62, 77
63, 76
64, 75
63, 75
62, 76
61, 76
62, 75
63, 76
63, 76
59, 76
59, 77
58, 77
59, 77
58, 77
58, 77
68, 76
69, 77
70, 78
70, 79
69, 80
70, 80
69, 79
68, 78
69, 79
69, 79
62, 71
63, 70
64, 70
65, 69
64, 68
64, 67
63, 67
64, 68
65, 69
66, 69
66, 69
63, 75
64, 75
65, 76
64, 77
63, 78
63, 78
59, 77
58, 78
59, 79
58, 80
59, 80
59, 80
54, 81
53, 80
52, 79
52, 80
53, 79
52, 78
51, 79
51, 79
60, 80
59, 81
59, 80
60, 81
60, 82
61, 83
61, 82
61, 81
61, 81
62, 76
61, 75
60, 76
60, 75
59, 76
58, 75
58, 74
58, 74
61, 78
61, 77
60, 77
59, 77
59, 78
60, 79
60, 80
60, 80
61, 81
62, 81
61, 82
60, 83
59, 82
58, 83
58, 83
65, 81
66, 82
65, 83
64, 82
64, 83
65, 82
64, 81
63, 82
64, 81
64, 81
68, 80
68, 79
67, 78
68, 79
69, 80
68, 79
67, 79
67, 79
52, 80
53, 80
53, 79
53, 78
53, 79
54, 78
54, 77
53, 76
52, 76
52, 76
58, 80
59, 80
58, 79
57, 79
56, 80
56, 80
67, 75
68, 75
67, 74
66, 73
67, 74
66, 74
66, 73
65, 74
65, 74
51, 85
50, 86
49, 85
50, 85
51, 86
50, 86
51, 85
52, 85
53, 85
53, 84
53, 84
64, 77
64, 76
63, 77
64, 77
63, 76
63, 75
62, 75
62, 75
62, 80
63, 81
62, 82
63, 81
64, 81
63, 82
62, 81
63, 81
63, 81
63, 76
62, 75
63, 74
62, 74
61, 73
61, 73
50, 84
49, 83
50, 84
51, 85
51, 84
52, 84
53, 85
52, 86
52, 86
68, 87
67, 87
67, 86
66, 85
65, 84
64, 84
63, 83
62, 84
63, 85
64, 85
64, 85
58, 72
57, 71
58, 71
59, 70
58, 71
59, 71
59, 72
58, 73
58, 73
59, 69
58, 70
59, 70
59, 69
58, 70
57, 71
57, 72
57, 71
58, 72
57, 73
57, 73
64, 75
65, 76
66, 75
65, 74
64, 74
65, 73
66, 72
65, 72
64, 72
63, 71
63, 71
65, 86
65, 87
65, 88
66, 89
65, 88
66, 87
65, 86
65, 85
65, 85
51, 80
52, 81
52, 80
53, 79
54, 80
55, 79
56, 80
55, 81
55, 81
53, 87
53, 86
53, 85
53, 86
53, 85
52, 84
51, 85
51, 84
51, 84
60, 81
60, 80
59, 80
59, 81
59, 80
59, 81
60, 82
61, 83
61, 83
62, 78
62, 77
62, 78
61, 78
60, 78
60, 78
59, 72
60, 72
61, 73
61, 74
61, 73
60, 73
60, 74
60, 75
60, 74
60, 74
60, 73
60, 72
61, 71
60, 70
61, 71
61, 72
62, 72
62, 71
62, 71
63, 80
64, 81
63, 81
62, 82
63, 83
63, 83
58, 84
58, 83
57, 83
58, 84
58, 83
58, 83
66, 74
67, 75
66, 75
67, 74
67, 73
66, 74
66, 74
57, 74
56, 75
56, 74
56, 75
57, 75
57, 76
57, 76
62, 82
63, 81
64, 81
64, 82
65, 83
66, 84
65, 84
65, 84
60, 80
59, 79
59, 78
58, 79
57, 80
56, 81
56, 80
57, 79
58, 78
57, 78
57, 78
62, 74
63, 74
64, 74
65, 75
64, 74
63, 75
64, 74
64, 74
57, 80
57, 79
58, 80
57, 79
58, 80
57, 79
58, 78
59, 77
59, 77
66, 80
65, 79
65, 80
64, 81
65, 81
66, 81
65, 80
65, 79
66, 79
66, 79
67, 70
66, 70
67, 71
66, 71
65, 71
66, 70
67, 70
68, 69
68, 69
54, 84
54, 85
53, 85
54, 85
54, 84
55, 84
55, 83
55, 82
56, 83
56, 83
58, 81
57, 82
56, 83
56, 82
57, 81
56, 82
57, 81
58, 81
57, 81
57, 81
52, 75
52, 76
51, 76
52, 76
51, 75
52, 76
52, 76
69, 78
70, 79
70, 78
70, 79
71, 80
72, 80
73, 80
72, 80
73, 79
74, 78
74, 78
59, 77
59, 78
58, 78
59, 78
58, 77
59, 77
60, 78
60, 78
58, 73
58, 74
59, 74
59, 73
58, 74
57, 75
56, 75
56, 75
65, 75
65, 75
65, 75
64, 76
63, 77
62, 78
61, 79
60, 79
59, 79
58, 79
58, 79
60, 82
59, 81
58, 80
57, 79
56, 78
55, 77
55, 76
55, 76
64, 84
63, 83
63, 83
62, 82
61, 81
60, 80
59, 79
58, 78
58, 78
64, 74
63, 73
62, 72
61, 71
60, 70
60, 70
59, 69
59, 69
62, 82
62, 82
61, 81
60, 80
59, 79
58, 78
57, 77
57, 77
56, 75
55, 74
54, 73
54, 73
53, 72
53, 72
53, 72
53, 72
57, 78
56, 77
55, 76
54, 75
54, 74
54, 74
54, 73
54, 73
54, 73
56, 80
55, 79
54, 78
53, 77
52, 76
52, 76
51, 75
51, 75
50, 74
49, 73
49, 73
56, 83
55, 82
54, 81
53, 80
52, 79
51, 78
51, 78
59, 75
59, 75
59, 76
59, 77
59, 77
59, 78
59, 79
59, 80
59, 80
59, 81
59, 81
65, 78
64, 77
63, 76
62, 75
61, 74
61, 74
59, 79
58, 80
57, 81
57, 82
57, 83
57, 84
57, 85
57, 86
57, 86
53, 77
53, 77
54, 78
55, 78
56, 78
56, 78
56, 75
55, 74
55, 74
54, 73
54, 73
53, 72
52, 71
52, 71
62, 70
61, 69
61, 69
61, 69
61, 69
60, 68
59, 67
58, 66
58, 66
67, 68
67, 68
66, 67
65, 66
64, 65
63, 64
62, 63
61, 62
61, 62
58, 76
58, 76
57, 75
56, 74
55, 73
55, 73
55, 73
54, 73
53, 73
52, 73
52, 73
61, 79
61, 79
61, 79
61, 79
61, 79
61, 79
57, 84
56, 85
56, 86
56, 87
56, 88
56, 89
55, 89
54, 88
53, 87
52, 86
51, 85
50, 84
50, 83
50, 82
50, 82
61, 70
61, 70
60, 69
60, 68
60, 67
60, 66
60, 66
60, 65
60, 65
60, 65
73, 77
72, 76
70, 74
69, 73
68, 72
67, 71
66, 70
65, 69
64, 68
63, 67
62, 66
61, 65
61, 65
51, 84
50, 83
49, 82
48, 81
47, 80
46, 79
45, 78
44, 77
44, 77
44, 77
55, 81
54, 80
54, 80
53, 79
52, 78
52, 78
51, 77
51, 77
66, 83
67, 82
68, 81
69, 81
70, 81
71, 81
72, 81
72, 81
57, 77
56, 76
56, 76
55, 75
54, 74
53, 73
52, 72
51, 71
50, 70
50, 70
51, 72
50, 71
49, 70
48, 69
47, 68
46, 67
45, 66
45, 66
45, 66
59, 66
58, 67
57, 67
57, 67
56, 67
56, 67
55, 67
55, 67
55, 67
54, 67
54, 67
60, 82
61, 83
62, 84
63, 85
64, 86
65, 87
66, 88
67, 89
67, 90
67, 91
67, 91
71, 82
70, 83
70, 83
69, 84
68, 85
68, 86
68, 87
68, 87
68, 87
57, 78
56, 77
55, 76
54, 75
53, 74
52, 73
51, 72
50, 71
49, 70
49, 70
50, 77
50, 77
49, 76
49, 76
49, 76
48, 75
47, 74
47, 74
60, 73
59, 72
58, 71
57, 70
57, 70
56, 69
55, 68
54, 67
54, 67
57, 77
56, 76
55, 75
55, 75
55, 75
54, 74
53, 73
53, 73
53, 70
54, 70
55, 70
55, 70
55, 70
55, 70
55, 70
55, 70
55, 70
53, 72
52, 71
51, 70
50, 69
50, 69
49, 68
49, 68
54, 75
53, 74
52, 73
51, 72
51, 72
50, 71
50, 71
55, 77
55, 77
54, 76
53, 75
52, 74
51, 73
51, 73
50, 72
50, 72
61, 62
62, 63
63, 64
64, 65
65, 66
66, 67
67, 68
67, 69
67, 70
67, 70
50, 72
51, 71
52, 70
52, 70
53, 69
53, 69
60, 78
59, 77
58, 76
57, 75
56, 74
56, 74
55, 73
54, 72
54, 72
43, 76
42, 75
41, 74
40, 73
39, 72
38, 71
38, 71
52, 76
53, 75
54, 74
55, 73
55, 73
55, 73
58, 68
57, 67
57, 67
57, 66
57, 65
57, 64
57, 64
57, 64
57, 64
57, 64
52, 71
52, 71
51, 70
50, 69
49, 68
48, 67
47, 66
46, 65
46, 65
56, 85
55, 84
54, 83
53, 82
52, 81
52, 81
52, 81
51, 80
50, 79
50, 79
57, 65
56, 64
56, 64
56, 64
56, 64
55, 63
55, 63
54, 62
53, 61
53, 61
49, 81
48, 80
47, 79
46, 78
45, 77
44, 76
43, 75
42, 74
41, 73
41, 73
60, 66
59, 67
58, 68
58, 68
57, 68
56, 68
56, 68
55, 68
55, 68
51, 71
52, 70
53, 69
54, 68
54, 68
55, 67
56, 66
56, 65
56, 65
49, 68
50, 69
51, 70
52, 71
53, 72
54, 73
55, 74
56, 75
56, 75
46, 67
47, 68
48, 69
48, 70
48, 71
48, 72
48, 73
48, 74
48, 74
66, 90
65, 89
64, 88
63, 87
62, 86
62, 86
68, 71
69, 72
70, 73
70, 73
69, 72
68, 71
67, 70
66, 69
65, 68
64, 67
63, 66
62, 65
61, 64
61, 64
61, 64
61, 64
38, 71
39, 70
40, 69
41, 68
41, 68
42, 67
43, 66
44, 65
45, 64
45, 64
45, 64
54, 60
55, 59
56, 58
56, 58
57, 57
58, 56
58, 56
58, 55
58, 54
58, 53
58, 53
67, 86
66, 85
65, 84
65, 84
64, 83
63, 82
62, 81
62, 80
62, 79
62, 78
62, 78
54, 68
55, 67
56, 66
57, 65
58, 64
59, 63
60, 62
61, 61
62, 60
63, 59
63, 59
53, 71
52, 70
51, 69
50, 68
49, 67
49, 67
48, 66
47, 65
47, 65
51, 69
51, 68
51, 68
51, 68
51, 68
51, 68
51, 68
51, 68
54, 67
54, 67
54, 67
55, 68
56, 69
57, 70
57, 70
52, 72
51, 71
51, 71
51, 71
50, 70
49, 69
49, 69
48, 68
47, 67
47, 67
56, 72
57, 71
58, 70
58, 69
58, 68
58, 67
58, 67
58, 67
58, 67
56, 63
55, 62
54, 61
53, 60
53, 60
52, 59
51, 58
50, 57
49, 56
49, 56
55, 68
55, 68
54, 69
53, 70
52, 70
51, 70
50, 70
49, 70
48, 70
48, 70
49, 70
49, 70
48, 69
47, 68
46, 67
46, 67
40, 72
39, 71
38, 70
37, 69
36, 68
35, 67
34, 66
33, 65
32, 64
32, 64
49, 78
48, 77
48, 76
48, 75
48, 75
48, 75
48, 74
48, 73
48, 72
48, 72
48, 71
47, 72
47, 72
46, 73
45, 74
44, 75
44, 75
44, 75
54, 71
53, 72
52, 73
51, 74
50, 75
49, 76
49, 76
47, 74
46, 73
45, 72
44, 71
43, 70
43, 70
42, 69
42, 69
46, 65
45, 66
44, 67
44, 67
44, 67
44, 67
55, 68
56, 69
57, 70
58, 71
59, 72
59, 72
56, 71
55, 72
55, 72
54, 73
53, 74
53, 75
53, 75
45, 68
45, 68
44, 69
43, 70
43, 70
43, 70
42, 71
41, 72
41, 72
59, 68
59, 68
60, 69
61, 70
62, 71
62, 71
62, 71
43, 76
42, 77
41, 78
40, 79
39, 80
38, 81
37, 82
37, 82
37, 82
49, 56
50, 55
51, 54
52, 53
53, 52
54, 51
55, 50
56, 50
56, 50
61, 64
61, 64
62, 65
63, 66
64, 67
64, 67
64, 67
55, 64
54, 63
53, 62
52, 61
51, 60
50, 59
49, 58
48, 57
48, 57
48, 57
50, 69
49, 70
49, 70
48, 71
48, 71
47, 72
46, 73
45, 74
44, 75
44, 75
56, 51
55, 50
54, 50
53, 50
52, 50
51, 49
50, 48
49, 47
49, 47
48, 46
48, 46
47, 45
47, 45
46, 44
46, 44
33, 65
34, 66
34, 66
35, 67
35, 67
36, 67
36, 67
57, 74
58, 73
59, 72
60, 71
61, 70
62, 70
63, 70
63, 70
63, 70
63, 70
63, 70
48, 66
49, 65
50, 64
51, 63
52, 62
53, 61
54, 60
55, 59
56, 58
56, 58
56, 58
59, 72
59, 72
58, 71
57, 71
56, 71
56, 71
47, 73
46, 72
45, 71
45, 71
45, 71
44, 70
44, 70
48, 75
47, 74
46, 73
45, 72
44, 71
43, 70
43, 70
44, 63
44, 61
45, 60
46, 59
47, 58
48, 57
49, 56
50, 55
50, 54
50, 53
49, 52
48, 51
47, 50
47, 50
46, 64
45, 63
44, 62
44, 60
45, 59
46, 58
47, 57
48, 56
49, 55
50, 54
50, 53
50, 52
50, 51
49, 50
48, 49
47, 48
47, 48
46, 47
46, 47
43, 66
42, 65
41, 64
41, 62
42, 61
43, 60
44, 59
45, 58
46, 57
47, 56
48, 55
47, 54
46, 53
45, 52
45, 52
49, 73
50, 74
50, 74
51, 75
51, 75
51, 75
43, 68
43, 68
44, 67
45, 66
45, 66
46, 65
46, 65
63, 85
64, 84
65, 83
65, 83
66, 82
67, 81
67, 81
67, 81
64, 60
65, 61
66, 62
66, 62
66, 62
66, 62
65, 61
64, 60
63, 59
62, 58
61, 57
60, 56
59, 55
59, 55
58, 54
57, 53
56, 52
55, 51
54, 50
53, 50
52, 50
51, 50
50, 50
50, 50
51, 51
51, 51
51, 51
61, 79
61, 79
60, 80
60, 80
59, 81
58, 82
58, 82
57, 83
56, 84
56, 84
49, 69
50, 68
51, 67
52, 66
52, 66
53, 65
53, 65
44, 51
43, 50
42, 49
42, 49
42, 49
41, 48
40, 47
40, 47
41, 48
42, 49
43, 50
44, 50
45, 50
46, 50
47, 50
48, 50
49, 50
48, 49
48, 49
48, 49
48, 49
49, 48
50, 47
50, 47
51, 46
52, 45
52, 45
53, 44
53, 44
63, 66
62, 65
61, 64
61, 64
60, 63
60, 63
60, 63
60, 63
59, 62
58, 61
58, 61
50, 74
49, 73
49, 73
48, 72
47, 71
46, 70
45, 69
45, 69
57, 70
58, 70
58, 70
58, 70
58, 70
58, 70
58, 70
58, 70
58, 70
58, 70
47, 45
48, 46
49, 47
50, 48
51, 49
51, 49
52, 50
52, 50
45, 71
46, 72
47, 72
47, 72
48, 72
49, 72
50, 72
50, 72
51, 72
51, 72
51, 72
42, 69
42, 69
41, 68
41, 68
40, 67
39, 66
38, 65
37, 64
37, 64
56, 50
56, 50
57, 49
58, 48
59, 48
60, 48
61, 48
61, 49
60, 50
59, 50
58, 50
57, 50
56, 50
55, 50
54, 50
53, 50
52, 50
53, 49
54, 48
54, 48
57, 83
58, 82
59, 81
60, 80
61, 79
62, 78
62, 77
62, 77
62, 77
50, 52
50, 52
50, 52
49, 53
48, 54
47, 55
46, 56
46, 56
47, 55
48, 54
49, 53
50, 52
50, 51
50, 50
50, 50
49, 51
49, 51
45, 74
45, 73
45, 72
45, 72
45, 71
45, 70
45, 69
45, 68
45, 67
45, 67
56, 58
55, 57
54, 56
53, 55
52, 54
51, 53
51, 53
61, 70
60, 69
60, 69
59, 68
58, 67
58, 67
57, 66
56, 65
55, 64
54, 63
54, 63
47, 56
46, 55
45, 54
44, 53
43, 52
42, 51
42, 51
66, 80
65, 79
64, 78
63, 77
62, 76
62, 76
38, 81
39, 80
40, 80
41, 80
42, 80
42, 80
43, 80
44, 80
44, 80
52, 74
51, 73
50, 72
50, 71
50, 70
50, 70
62, 71
61, 72
60, 73
59, 74
58, 75
57, 76
56, 77
55, 77
55, 77
40, 71
40, 70
40, 69
40, 68
40, 67
40, 66
40, 65
40, 65
47, 48
48, 49
48, 49
48, 49
49, 50
50, 51
50, 51
50, 51
47, 64
48, 63
48, 63
50, 61
50, 60
50, 59
50, 58
50, 57
50, 56
50, 55
50, 54
50, 53
50, 52
50, 52
50, 52
50, 52
51, 51
52, 50
52, 50
37, 66
37, 66
38, 66
39, 66
39, 66
40, 66
41, 66
41, 66
54, 66
55, 67
55, 67
56, 68
57, 69
58, 70
59, 70
60, 70
61, 70
62, 70
62, 70
43, 52
43, 52
44, 53
44, 53
45, 54
45, 54
41, 64
42, 63
42, 63
44, 61
45, 60
46, 59
47, 58
48, 57
49, 56
50, 55
50, 54
49, 53
48, 52
48, 52
53, 62
52, 61
51, 60
50, 59
49, 58
48, 57
47, 56
47, 56
47, 56
48, 52
48, 52
47, 53
47, 53
47, 54
47, 55
47, 56
47, 57
47, 57
57, 71
56, 72
55, 72
55, 72
55, 72
55, 72
55, 72
55, 72
55, 72
55, 72
55, 72
61, 75
60, 74
59, 73
59, 73
58, 72
58, 72
58, 61
57, 62
56, 63
55, 64
54, 65
54, 65
53, 66
53, 66
51, 51
50, 52
49, 53
48, 54
47, 55
46, 56
46, 56
37, 64
36, 63
35, 62
35, 62
34, 62
33, 62
32, 62
32, 62
31, 62
31, 62
40, 65
39, 64
39, 64
39, 64
38, 63
37, 62
37, 62
49, 69
48, 68
47, 67
46, 66
45, 65
44, 64
44, 64
52, 54
53, 55
54, 56
55, 57
56, 58
57, 59
57, 59
44, 66
44, 66
43, 65
42, 64
41, 63
41, 63
46, 68
47, 67
48, 66
48, 65
48, 64
48, 63
49, 61
50, 60
50, 59
50, 58
50, 57
49, 56
48, 55
48, 55
48, 55
55, 49
56, 50
56, 50
56, 50
55, 50
54, 50
53, 50
52, 50
51, 50
50, 50
50, 50
51, 51
51, 51
49, 52
48, 53
47, 54
47, 54
46, 55
46, 55
47, 54
48, 53
49, 52
50, 51
50, 50
50, 50
50, 50
50, 50
61, 69
60, 68
59, 67
58, 66
57, 65
57, 65
56, 64
56, 64
56, 64
55, 63
55, 63
44, 80
43, 79
42, 78
42, 78
41, 77
40, 76
39, 75
39, 75
49, 48
49, 48
50, 47
51, 46
51, 46
51, 46
52, 46
53, 46
54, 46
55, 46
55, 46
52, 43
52, 43
51, 42
50, 41
49, 40
48, 39
47, 38
46, 37
46, 37
52, 71
53, 70
54, 69
55, 68
56, 67
57, 66
58, 65
59, 64
60, 63
60, 63
60, 63
63, 78
64, 78
64, 78
64, 78
64, 78
64, 78
64, 78
64, 78
55, 77
55, 77
56, 76
57, 75
58, 74
58, 74
52, 50
51, 49
50, 48
49, 47
48, 46
47, 45
46, 44
45, 43
44, 42
44, 42
44, 64
43, 65
43, 65
42, 66
41, 67
41, 67
41, 67
41, 67
46, 56
46, 56
46, 54
47, 53
48, 52
49, 51
50, 50
50, 50
50, 50
49, 49
48, 48
47, 47
46, 46
45, 45
44, 44
44, 44
40, 74
41, 73
42, 72
43, 72
44, 72
45, 72
45, 72
46, 72
46, 72
46, 72
44, 53
43, 52
43, 52
43, 51
43, 50
43, 49
43, 49
42, 64
43, 65
44, 66
45, 67
45, 67
46, 68
47, 69
47, 69
63, 77
63, 77
62, 76
61, 75
60, 74
60, 74
59, 73
60, 72
61, 71
62, 70
62, 69
62, 69
52, 52
53, 53
54, 54
55, 55
56, 56
56, 56
46, 57
46, 56
47, 55
48, 54
49, 53
50, 52
50, 51
49, 52
48, 53
47, 54
46, 55
46, 55
47, 54
48, 53
49, 52
50, 51
50, 50
50, 50
49, 51
49, 51
53, 66
52, 65
51, 64
50, 62
50, 61
50, 60
50, 59
50, 58
50, 57
50, 56
50, 55
50, 54
50, 53
49, 52
49, 52
54, 71
53, 70
52, 69
51, 68
50, 67
49, 66
49, 66
54, 62
53, 61
53, 61
53, 61
52, 60
52, 60
49, 53
50, 54
51, 55
52, 56
53, 57
54, 58
55, 59
55, 59
54, 47
54, 48
54, 48
54, 49
54, 50
54, 51
54, 51
46, 37
46, 37
47, 38
48, 39
49, 40
49, 40
49, 40
32, 63
33, 64
34, 65
35, 66
35, 66
35, 66
36, 67
37, 68
38, 69
38, 69
51, 51
51, 52
51, 53
51, 54
51, 55
51, 55
51, 56
51, 57
51, 58
51, 58
46, 55
46, 55
45, 54
44, 53
43, 52
42, 51
42, 51
48, 55
49, 56
50, 57
51, 58
52, 59
53, 60
54, 61
55, 62
56, 63
56, 63
59, 73
60, 74
61, 75
62, 76
62, 76
63, 77
64, 78
64, 78
37, 62
38, 61
38, 61
38, 60
38, 59
38, 58
38, 58
56, 60
55, 61
54, 62
53, 63
53, 63
53, 63
45, 43
46, 44
47, 45
48, 46
49, 47
49, 47
50, 48
50, 48
50, 49
50, 50
50, 50
59, 62
58, 61
57, 60
56, 59
55, 58
55, 58
55, 58
54, 57
53, 56
53, 56
54, 63
55, 63
56, 62
57, 62
56, 61
57, 62
57, 63
58, 62
59, 63
58, 62
58, 62
41, 50
40, 51
40, 50
41, 50
41, 49
42, 50
41, 51
41, 52
41, 53
41, 53
54, 56
55, 56
54, 55
55, 55
56, 54
56, 54
39, 57
40, 57
41, 56
40, 55
41, 55
40, 56
39, 55
39, 54
39, 54
61, 75
61, 74
61, 73
60, 73
60, 74
60, 74
51, 51
52, 52
52, 53
52, 52
51, 52
51, 53
50, 54
50, 53
50, 52
50, 52
46, 71
46, 72
46, 73
47, 73
47, 74
48, 75
48, 75
50, 67
50, 68
51, 68
51, 69
50, 69
50, 69
51, 60
52, 61
51, 62
52, 63
53, 62
54, 61
55, 61
56, 62
55, 61
55, 61
53, 52
52, 52
52, 51
53, 51
53, 50
52, 51
52, 50
53, 49
54, 50
53, 49
53, 49
50, 39
49, 38
50, 37
50, 36
50, 37
51, 36
51, 36
57, 64
56, 65
57, 64
58, 64
59, 64
59, 65
59, 64
58, 64
57, 64
57, 65
57, 65
50, 57
50, 58
50, 59
49, 60
50, 60
51, 61
50, 62
51, 63
50, 62
50, 62
42, 66
41, 67
41, 68
41, 69
40, 69
40, 70
41, 70
42, 71
43, 70
43, 71
43, 71
48, 51
49, 51
48, 52
49, 51
50, 50
50, 51
51, 51
51, 51
47, 68
46, 68
45, 69
44, 69
45, 69
45, 68
45, 67
46, 66
46, 65
46, 65
49, 50
48, 50
48, 51
49, 50
48, 50
48, 50
39, 68
40, 69
40, 70
41, 69
40, 70
39, 69
40, 69
39, 69
39, 68
39, 68
63, 69
64, 68
65, 69
64, 70
63, 71
63, 72
63, 71
63, 70
63, 71
63, 71
56, 58
57, 59
56, 58
57, 59
56, 59
57, 60
57, 61
58, 62
58, 62
57, 55
56, 56
56, 57
56, 58
57, 59
57, 59
42, 48
41, 48
42, 49
43, 49
44, 48
45, 48
44, 49
44, 50
45, 51
45, 50
45, 50
44, 43
45, 42
44, 42
44, 43
44, 42
44, 41
44, 41
63, 78
62, 79
63, 79
62, 79
61, 78
60, 79
61, 78
61, 78
58, 58
57, 57
58, 58
57, 57
57, 58
58, 58
58, 59
58, 59
40, 68
39, 67
38, 67
37, 68
38, 69
39, 69
39, 70
40, 71
40, 70
39, 69
39, 69
44, 49
43, 48
42, 49
41, 48
42, 47
42, 47
51, 63
52, 64
53, 63
54, 63
55, 63
55, 63
61, 75
60, 76
60, 75
60, 76
59, 76
59, 76
51, 37
52, 37
52, 38
52, 37
51, 37
52, 36
52, 36
59, 63
58, 64
59, 65
60, 64
61, 65
62, 65
62, 66
63, 67
63, 67
45, 40
45, 39
44, 40
45, 40
45, 41
46, 41
45, 41
46, 41
46, 41
57, 66
56, 67
56, 68
57, 67
57, 66
57, 67
56, 66
56, 65
55, 64
55, 64
40, 55
41, 54
42, 53
43, 54
44, 55
44, 56
44, 55
43, 54
43, 54
52, 48
51, 47
51, 46
52, 47
51, 46
50, 45
49, 44
50, 43
51, 42
51, 42
42, 71
41, 70
40, 71
39, 72
39, 71
38, 70
37, 69
38, 69
38, 69
51, 50
50, 51
49, 50
48, 49
49, 50
48, 49
49, 50
50, 51
49, 50
49, 50
51, 69
50, 69
50, 68
49, 69
48, 68
49, 69
49, 68
50, 68
51, 69
51, 69
62, 71
61, 72
62, 71
61, 70
60, 69
60, 69
59, 61
58, 61
59, 61
60, 61
59, 61
59, 61
45, 65
46, 65
45, 66
44, 65
43, 66
42, 65
43, 64
43, 65
43, 65
48, 49
47, 49
48, 49
48, 48
49, 49
48, 48
49, 49
49, 49
48, 74
48, 73
48, 74
47, 73
47, 72
46, 72
46, 72
55, 60
55, 61
54, 62
53, 63
54, 62
54, 61
55, 60
55, 60
51, 52
50, 51
49, 52
48, 52
49, 52
50, 53
51, 54
50, 54
49, 53
48, 52
48, 52
40, 52
41, 51
42, 50
42, 49
41, 49
40, 48
40, 48
61, 77
60, 76
60, 75
59, 74
59, 75
59, 74
59, 74
56, 55
55, 56
55, 57
54, 56
55, 56
55, 55
54, 54
55, 55
56, 54
56, 54
49, 52
50, 51
50, 50
49, 50
49, 51
49, 52
49, 52
40, 49
39, 49
38, 49
37, 48
37, 49
38, 48
38, 48
51, 41
51, 42
50, 43
49, 42
50, 43
49, 42
50, 43
50, 42
49, 42
50, 43
50, 43
49, 50
50, 49
51, 48
52, 48
51, 48
50, 48
49, 48
49, 48
58, 60
59, 61
59, 62
60, 62
59, 61
58, 61
59, 61
59, 62
58, 61
58, 61
39, 70
38, 69
38, 68
39, 68
38, 67
39, 67
40, 68
39, 67
39, 66
38, 67
38, 67
55, 63
55, 62
56, 61
55, 60
55, 61
55, 62
54, 62
53, 61
53, 62
52, 62
52, 62
60, 60
61, 59
60, 58
59, 58
60, 58
59, 57
59, 58
58, 58
58, 58
48, 50
48, 49
48, 48
47, 49
47, 48
47, 49
48, 49
48, 49
47, 72
47, 71
48, 72
49, 72
48, 73
48, 72
49, 72
49, 72
40, 70
39, 71
38, 71
39, 70
40, 69
40, 68
39, 69
39, 69
43, 48
42, 48
43, 47
43, 46
44, 47
45, 46
45, 47
46, 47
47, 48
47, 48
45, 40
46, 41
47, 42
48, 42
47, 41
47, 41
52, 70
51, 69
50, 68
51, 68
51, 67
52, 66
52, 66
42, 55
41, 54
40, 55
40, 54
41, 54
40, 55
40, 54
41, 55
41, 56
41, 55
41, 55
57, 54
58, 54
57, 53
56, 53
57, 53
56, 54
56, 55
56, 55
55, 64
56, 65
57, 66
56, 65
57, 65
58, 65
57, 65
58, 64
58, 64
58, 75
57, 76
57, 75
56, 76
55, 76
55, 77
55, 76
55, 76
55, 59
56, 59
55, 59
54, 59
55, 58
54, 58
55, 58
55, 58
62, 67
61, 68
60, 69
60, 68
60, 67
61, 66
62, 66
62, 65
62, 65
60, 68
61, 68
61, 67
61, 66
61, 67
61, 66
60, 67
60, 67
44, 65
43, 65
42, 64
41, 63
41, 64
42, 65
41, 65
42, 64
42, 65
41, 64
41, 64
53, 35
54, 36
54, 35
53, 34
53, 33
52, 33
53, 34
53, 34
60, 77
61, 77
60, 76
61, 77
62, 76
61, 77
61, 77
47, 48
47, 49
48, 49
49, 48
50, 48
51, 48
52, 48
52, 48
48, 52
49, 51
50, 51
49, 52
48, 51
47, 51
46, 50
47, 51
48, 52
47, 52
47, 52
39, 67
38, 66
37, 66
36, 65
35, 65
35, 65
48, 73
49, 73
49, 74
49, 75
48, 76
47, 77
48, 76
47, 75
47, 75
47, 42
48, 43
49, 43
50, 43
49, 43
49, 43
51, 66
52, 67
53, 66
52, 67
51, 67
51, 67
42, 56
43, 57
42, 56
43, 57
44, 56
43, 56
42, 55
42, 54
41, 53
41, 53
57, 54
58, 54
57, 55
56, 56
55, 55
55, 55
56, 76
56, 77
57, 78
56, 79
56, 80
55, 81
54, 82
54, 82
52, 63
53, 62
52, 62
53, 63
52, 64
52, 63
51, 62
50, 61
51, 61
51, 61
40, 64
41, 65
41, 64
41, 65
40, 65
41, 64
41, 64
58, 60
58, 59
58, 60
59, 60
60, 60
60, 60
59, 58
58, 57
57, 57
56, 57
57, 58
56, 58
56, 59
56, 59
48, 49
48, 50
49, 50
48, 49
47, 48
47, 47
47, 48
47, 49
46, 49
46, 50
46, 50
39, 68
40, 68
40, 69
40, 70
39, 71
38, 71
38, 70
37, 69
36, 68
37, 67
37, 67
58, 65
57, 64
56, 64
55, 63
56, 63
56, 63
51, 42
52, 42
51, 41
52, 42
51, 43
52, 43
52, 43
61, 67
60, 68
61, 67
60, 68
60, 69
61, 69
62, 68
62, 69
63, 69
62, 68
62, 68
48, 49
47, 50
47, 51
48, 51
47, 50
48, 51
49, 51
49, 51
63, 64
64, 64
65, 65
64, 64
63, 65
63, 66
63, 66
60, 78
59, 77
59, 76
59, 75
58, 74
57, 74
56, 74
57, 73
58, 72
58, 72
37, 48
36, 49
36, 48
36, 49
35, 49
35, 49
54, 59
53, 59
53, 60
54, 59
54, 60
55, 60
55, 60
54, 34
53, 33
54, 34
54, 35
54, 34
54, 35
53, 35
54, 35
54, 35
50, 44
51, 45
52, 44
52, 45
51, 46
50, 45
50, 45
61, 68
62, 68
62, 67
62, 66
62, 67
61, 68
61, 69
60, 68
59, 69
58, 70
58, 70
55, 58
55, 59
56, 60
57, 61
58, 61
57, 61
57, 61
36, 66
35, 66
35, 65
36, 65
35, 64
36, 65
36, 65
47, 50
46, 49
47, 50
47, 49
48, 49
48, 48
48, 48
56, 62
55, 61
54, 60
53, 59
53, 58
54, 58
55, 58
54, 57
55, 56
55, 55
55, 55
36, 67
36, 66
36, 67
37, 68
37, 69
36, 68
35, 69
35, 69
52, 47
51, 46
50, 45
51, 46
50, 46
51, 46
52, 45
51, 46
52, 46
52, 46
34, 50
33, 50
32, 49
33, 48
32, 47
32, 47
56, 61
55, 60
55, 61
56, 61
57, 60
58, 60
58, 59
59, 58
59, 57
60, 57
60, 57
57, 71
56, 72
57, 72
57, 71
58, 70
58, 70
53, 81
54, 82
54, 81
55, 80
55, 81
56, 82
56, 81
55, 80
54, 81
54, 81
62, 67
63, 68
64, 69
63, 69
64, 70
63, 71
62, 72
63, 72
63, 73
63, 73
50, 67
51, 68
50, 67
49, 68
50, 67
49, 68
50, 69
50, 68
51, 68
50, 69
50, 69
42, 65
42, 64
41, 63
40, 64
40, 65
40, 66
40, 65
40, 64
39, 64
39, 65
39, 65
47, 74
47, 75
48, 74
47, 73
46, 72
45, 71
45, 71
40, 54
41, 54
40, 53
39, 53
38, 52
38, 53
37, 54
38, 55
38, 55
55, 35
54, 34
53, 33
54, 34
55, 33
54, 32
55, 32
55, 33
55, 33
61, 61
60, 62
61, 63
60, 63
60, 64
60, 64
47, 53
48, 52
49, 52
49, 53
50, 53
49, 53
49, 53
52, 60
53, 59
52, 58
51, 59
52, 58
51, 57
52, 56
52, 56
56, 55
56, 56
55, 55
55, 56
55, 55
56, 54
57, 53
58, 54
58, 54
53, 43
52, 42
53, 42
54, 42
53, 41
53, 42
53, 42
48, 51
49, 50
50, 50
49, 51
50, 51
51, 50
52, 51
53, 50
52, 50
52, 50
44, 72
45, 73
45, 72
45, 73
45, 72
46, 73
46, 73
31, 48
32, 48
33, 48
34, 48
35, 49
35, 49
49, 49
48, 50
48, 49
49, 49
50, 49
49, 50
49, 50
37, 65
38, 65
37, 66
36, 65
37, 66
36, 66
37, 66
37, 67
36, 68
37, 68
37, 68
58, 53
57, 53
56, 54
57, 53
56, 54
56, 54
53, 80
53, 79
54, 78
55, 77
55, 76
56, 76
56, 77
56, 77
64, 73
65, 74
65, 75
64, 76
63, 76
64, 75
63, 74
62, 75
63, 76
62, 75
62, 75
56, 55
56, 56
57, 57
56, 58
57, 57
58, 57
57, 58
57, 59
57, 59
53, 51
54, 51
53, 50
54, 49
53, 49
53, 49
51, 46
52, 47
51, 47
52, 47
52, 46
53, 47
52, 46
52, 46
51, 69
51, 68
52, 69
51, 70
50, 69
49, 70
50, 71
51, 70
52, 69
52, 70
52, 70
54, 32
55, 32
56, 32
56, 33
55, 32
54, 32
53, 31
54, 30
54, 30
36, 68
36, 67
36, 66
35, 66
36, 66
36, 65
35, 64
36, 65
37, 65
37, 66
37, 66
39, 54
40, 54
40, 55
41, 56
42, 55
43, 55
44, 55
44, 54
45, 54
45, 54
59, 69
59, 68
58, 67
59, 68
60, 67
59, 67
60, 68
61, 69
60, 70
60, 70
58, 69
58, 70
58, 69
57, 70
58, 71
59, 70
58, 71
59, 70
59, 71
59, 71
58, 60
59, 60
60, 61
61, 62
62, 62
62, 62
48, 53
49, 52
50, 52
50, 51
50, 50
50, 51
49, 50
48, 51
48, 52
47, 52
47, 52
39, 64
39, 63
38, 63
38, 64
37, 63
37, 63
59, 65
60, 64
61, 65
60, 65
59, 64
58, 64
58, 64
50, 46
49, 45
48, 46
47, 45
47, 44
47, 44
51, 55
51, 56
50, 55
51, 54
50, 53
51, 54
50, 53
51, 52
50, 52
50, 52
61, 57
60, 57
61, 56
62, 57
63, 56
63, 56
52, 41
51, 41
52, 41
51, 40
50, 39
50, 38
50, 39
50, 39
57, 76
56, 77
57, 76
58, 77
59, 77
60, 76
61, 75
62, 75
61, 76
61, 76
36, 69
35, 68
34, 68
33, 68
34, 69
34, 70
34, 71
35, 71
35, 71
57, 55
57, 54
56, 53
57, 54
56, 55
55, 56
55, 56
61, 62
61, 61
61, 60
62, 60
63, 61
64, 60
64, 60
52, 47
53, 48
52, 49
52, 48
53, 47
53, 46
54, 46
54, 46
58, 60
57, 59
58, 58
57, 58
56, 57
55, 56
54, 55
53, 54
52, 55
52, 55
52, 71
51, 71
51, 72
52, 71
52, 72
52, 73
53, 72
52, 73
51, 73
52, 72
52, 72
37, 64
36, 63
37, 64
38, 63
39, 62
39, 62
60, 72
61, 71
62, 71
61, 70
62, 69
63, 70
64, 69
64, 69
58, 63
59, 62
59, 63
58, 62
57, 63
56, 62
56, 62
44, 55
45, 54
45, 53
44, 52
45, 53
46, 54
46, 54
48, 49
49, 49
48, 49
49, 49
49, 50
48, 49
47, 48
48, 47
48, 47
62, 55
63, 54
62, 53
63, 54
62, 53
62, 54
63, 53
63, 53
52, 48
53, 48
54, 47
54, 46
55, 46
54, 45
55, 46
54, 47
53, 48
53, 48
61, 74
61, 73
60, 73
60, 74
60, 73
61, 74
60, 74
60, 73
59, 72
60, 73
60, 73
50, 53
49, 54
48, 53
47, 54
46, 55
47, 55
48, 54
47, 53
47, 53
51, 38
50, 38
49, 38
49, 37
49, 36
50, 36
50, 35
51, 34
51, 35
51, 35
46, 52
47, 51
48, 51
49, 52
48, 52
48, 51
49, 52
49, 52
36, 65
36, 66
37, 66
38, 66
39, 66
39, 66
46, 45
47, 44
46, 43
47, 43
48, 44
48, 45
47, 44
47, 43
47, 43
47, 72
47, 71
48, 70
47, 69
48, 68
47, 69
47, 69
36, 50
35, 50
36, 50
36, 49
37, 49
38, 50
38, 51
38, 51
60, 71
60, 70
60, 69
59, 69
58, 70
59, 70
60, 71
61, 72
60, 72
60, 72
54, 31
53, 30
53, 31
54, 31
53, 31
52, 31
53, 32
53, 32
48, 44
47, 43
47, 42
47, 43
48, 44
47, 45
46, 46
47, 47
47, 47
61, 72
60, 71
60, 70
60, 71
60, 70
60, 70
54, 57
55, 57
56, 58
55, 57
54, 57
55, 56
54, 56
55, 55
54, 56
54, 56
60, 75
60, 74
61, 75
60, 74
61, 74
61, 74
47, 48
46, 49
46, 50
45, 49
45, 48
44, 47
45, 48
46, 47
46, 47
39, 65
40, 64
41, 64
42, 63
43, 63
43, 63
34, 72
35, 72
34, 71
35, 72
34, 72
33, 71
34, 72
34, 72
52, 48
51, 48
52, 48
51, 47
52, 47
51, 47
50, 48
49, 47
48, 48
48, 48
62, 53
62, 54
62, 55
61, 56
60, 57
59, 57
59, 57
60, 73
61, 73
60, 73
60, 74
59, 74
60, 75
59, 74
59, 74
55, 63
54, 63
55, 63
54, 64
55, 65
55, 66
56, 66
55, 67
56, 68
56, 68
65, 70
65, 69
64, 69
64, 70
63, 69
63, 70
63, 69
64, 70
65, 69
65, 69
53, 33
54, 32
54, 33
53, 32
53, 33
53, 34
52, 35
53, 34
53, 33
52, 33
52, 33
37, 52
36, 52
36, 53
36, 52
35, 52
35, 52
47, 70
48, 71
47, 72
46, 73
47, 72
46, 73
47, 74
47, 73
47, 73
49, 53
49, 54
49, 53
48, 53
49, 52
50, 52
49, 52
49, 52
47, 52
48, 53
47, 53
46, 54
46, 55
47, 54
47, 55
46, 56
47, 56
47, 56
53, 73
54, 72
53, 72
52, 72
51, 72
50, 71
50, 71
52, 36
51, 35
50, 35
50, 36
50, 37
51, 37
50, 37
51, 36
52, 37
52, 37
63, 61
62, 62
61, 61
60, 60
59, 60
59, 60
47, 54
46, 55
46, 54
47, 54
47, 55
48, 54
49, 55
49, 55
39, 63
40, 62
39, 61
40, 61
39, 62
40, 62
41, 61
40, 61
39, 62
40, 61
40, 61
51, 54
50, 55
50, 54
50, 55
50, 56
50, 55
50, 55
53, 45
54, 45
55, 45
54, 46
54, 45
53, 46
54, 46
53, 47
53, 47
59, 61
58, 61
58, 60
58, 59
59, 58
59, 58
58, 57
58, 58
59, 58
60, 57
59, 57
58, 56
58, 55
57, 55
57, 55
41, 62
41, 61
40, 60
41, 59
41, 60
40, 61
41, 60
40, 60
40, 61
41, 60
41, 60
53, 57
54, 56
55, 56
55, 57
54, 58
55, 57
56, 56
55, 57
54, 57
54, 57
47, 74
48, 73
47, 73
46, 73
45, 73
46, 74
47, 73
48, 72
48, 72
48, 55
48, 54
48, 53
49, 54
48, 54
47, 54
47, 54
49, 48
49, 49
50, 49
49, 50
48, 51
49, 51
50, 52
51, 53
52, 54
52, 54
34, 51
33, 52
34, 52
35, 52
35, 51
35, 51
46, 46
47, 46
46, 47
46, 48
47, 49
47, 48
47, 48
50, 51
50, 50
51, 49
52, 48
53, 48
54, 49
53, 50
52, 51
52, 51
35, 73
36, 74
37, 73
38, 72
37, 71
38, 70
39, 70
39, 71
39, 70
39, 69
39, 69
45, 47
45, 48
46, 48
47, 48
48, 47
47, 46
48, 46
48, 45
47, 46
47, 46
53, 36
54, 35
54, 34
53, 33
53, 34
53, 34
59, 73
59, 72
60, 71
61, 71
60, 71
60, 71
51, 70
51, 71
51, 70
50, 70
50, 69
50, 70
50, 70
56, 69
55, 68
54, 67
55, 66
55, 67
56, 68
56, 68
44, 63
43, 63
44, 63
45, 63
44, 62
45, 61
46, 62
45, 62
44, 62
45, 61
45, 61
51, 34
50, 34
49, 35
49, 36
50, 37
51, 37
50, 36
50, 35
50, 35
50, 54
49, 55
50, 55
50, 54
49, 53
48, 52
48, 52
61, 69
62, 68
61, 69
60, 69
61, 69
61, 68
61, 67
61, 66
61, 67
61, 67
66, 68
65, 67
66, 68
66, 67
67, 68
66, 68
65, 67
64, 68
64, 68
61, 75
62, 74
61, 75
61, 76
61, 77
61, 78
62, 77
62, 77
54, 46
55, 46
54, 45
55, 44
54, 43
54, 43
50, 56
51, 56
51, 57
50, 58
50, 59
49, 59
49, 60
49, 61
48, 60
49, 61
49, 61
53, 58
54, 59
55, 59
56, 58
55, 58
56, 57
57, 56
57, 57
57, 58
57, 57
57, 57
60, 70
60, 69
60, 70
59, 69
60, 70
60, 69
59, 69
59, 70
59, 71
59, 71
58, 57
58, 56
58, 55
58, 54
57, 54
58, 54
58, 55
57, 56
58, 56
58, 56
62, 78
63, 78
62, 79
63, 79
64, 79
64, 78
64, 79
64, 79
34, 52
35, 52
36, 53
37, 53
36, 53
35, 54
34, 53
34, 53
46, 47
46, 48
47, 47
46, 48
45, 48
46, 47
46, 48
46, 48
51, 50
50, 50
49, 50
50, 50
50, 51
51, 50
52, 51
53, 51
53, 51
49, 69
48, 69
47, 69
47, 70
46, 71
45, 70
44, 70
45, 71
44, 70
43, 71
43, 71
42, 59
41, 60
41, 61
40, 60
39, 59
38, 59
37, 58
37, 57
37, 57
57, 56
56, 55
57, 54
57, 53
57, 54
58, 55
58, 55
62, 68
63, 67
62, 68
62, 67
61, 66
60, 65
61, 65
62, 66
62, 66
63, 68
63, 69
63, 70
63, 69
63, 68
62, 67
62, 66
61, 65
61, 65
38, 68
39, 67
40, 66
39, 66
38, 66
39, 67
38, 66
39, 66
39, 65
39, 64
39, 64
46, 62
45, 61
44, 62
45, 62
45, 63
45, 63
49, 60
50, 60
49, 59
48, 60
48, 59
49, 58
48, 58
48, 57
48, 57
47, 55
46, 54
45, 54
45, 53
46, 52
45, 53
46, 52
45, 53
46, 52
47, 52
47, 52
55, 44
54, 44
53, 45
54, 44
55, 45
54, 46
54, 45
54, 45
55, 68
54, 67
54, 66
53, 65
54, 64
53, 63
54, 64
55, 65
54, 65
54, 65
47, 72
47, 71
48, 70
49, 69
48, 68
47, 69
46, 68
46, 68
48, 49
49, 48
50, 48
50, 49
49, 49
49, 50
49, 49
49, 48
49, 47
49, 47
52, 55
51, 55
52, 56
52, 57
51, 57
51, 57
54, 35
55, 34
56, 34
55, 33
54, 32
54, 32
47, 52
47, 53
48, 53
48, 54
47, 53
46, 54
47, 55
46, 54
47, 54
47, 54
51, 36
52, 35
53, 35
52, 36
53, 35
54, 34
55, 33
54, 33
53, 33
52, 33
52, 33
37, 56
36, 55
35, 55
34, 56
33, 55
33, 56
33, 57
33, 57
51, 58
51, 59
52, 58
53, 57
54, 58
53, 58
53, 59
54, 58
54, 58
34, 52
33, 53
34, 52
34, 53
33, 52
33, 51
32, 50
31, 51
31, 51
52, 51
51, 51
50, 51
51, 52
50, 53
50, 53
63, 65
63, 66
64, 67
65, 68
64, 68
63, 69
62, 69
62, 70
62, 69
63, 70
63, 70
58, 57
57, 58
56, 59
56, 60
55, 59
55, 59
45, 49
46, 50
46, 49
47, 48
47, 49
46, 50
45, 51
45, 50
44, 50
44, 50
50, 48
50, 47
49, 46
50, 47
51, 48
50, 47
50, 47
46, 63
47, 64
48, 64
48, 65
47, 64
47, 63
46, 63
46, 63
58, 54
57, 53
57, 54
57, 53
58, 53
58, 53
62, 64
63, 65
63, 64
63, 65
64, 66
64, 66
60, 72
61, 71
60, 72
59, 73
58, 72
59, 72
59, 73
59, 73
53, 31
53, 32
54, 32
53, 32
53, 33
53, 32
53, 31
54, 32
53, 33
54, 33
54, 33
65, 78
64, 79
63, 80
63, 81
62, 81
63, 81
63, 80
62, 81
63, 82
63, 82
48, 52
48, 53
49, 54
49, 55
49, 54
49, 55
50, 54
50, 54
55, 65
56, 66
55, 66
56, 66
57, 65
57, 65
43, 70
43, 69
44, 69
45, 68
46, 67
47, 67
47, 67
53, 32
52, 31
52, 32
51, 32
52, 32
51, 33
51, 32
52, 31
53, 31
53, 31
46, 54
45, 54
46, 54
45, 54
46, 54
47, 55
46, 55
46, 55
48, 56
47, 55
48, 56
47, 57
47, 56
46, 57
47, 56
47, 56
40, 65
41, 65
40, 65
40, 66
41, 67
41, 67
47, 69
48, 70
48, 71
47, 72
48, 73
49, 74
50, 73
51, 74
50, 74
50, 74
56, 56
56, 57
56, 58
56, 57
57, 56
57, 57
58, 58
57, 59
58, 59
58, 59
55, 45
54, 46
53, 47
52, 46
53, 46
52, 47
52, 47
55, 32
54, 32
53, 31
54, 32
54, 33
54, 32
54, 32
45, 63
44, 62
45, 61
45, 62
44, 63
45, 63
44, 64
43, 64
44, 65
44, 65
52, 32
51, 32
52, 33
51, 34
50, 33
49, 32
48, 33
49, 33
49, 33
51, 47
52, 48
53, 49
53, 48
52, 49
51, 49
50, 50
50, 51
49, 52
49, 52
31, 50
30, 49
30, 50
29, 51
30, 52
29, 53
29, 53
51, 74
50, 74
51, 73
52, 73
51, 72
50, 73
49, 72
50, 71
49, 72
49, 72
44, 51
43, 52
44, 52
43, 51
44, 50
44, 50
60, 74
61, 75
61, 76
60, 77
59, 76
58, 75
57, 74
58, 73
58, 72
57, 73
57, 73
51, 52
51, 53
50, 52
49, 52
49, 51
49, 50
49, 50
48, 67
49, 68
50, 68
50, 67
51, 66
52, 66
52, 66
53, 46
52, 46
51, 47
50, 46
49, 45
49, 44
49, 44
46, 55
47, 56
46, 55
45, 54
44, 53
44, 54
45, 54
46, 54
45, 54
46, 54
46, 54
64, 71
65, 72
64, 72
63, 71
62, 70
62, 70
57, 54
57, 55
58, 56
57, 56
57, 57
58, 56
57, 57
58, 57
58, 56
59, 57
59, 57
54, 60
55, 61
56, 62
57, 62
56, 61
57, 62
58, 61
59, 60
59, 60
49, 53
48, 52
48, 51
47, 50
48, 49
47, 49
46, 50
47, 49
46, 48
46, 48
40, 68
41, 68
40, 69
40, 68
41, 69
41, 70
41, 70
55, 58
56, 58
57, 57
58, 57
58, 58
59, 58
60, 57
59, 57
60, 57
60, 57
47, 56
46, 55
47, 55
48, 54
49, 54
48, 54
47, 55
48, 55
47, 54
47, 54
57, 64
56, 63
57, 62
57, 63
57, 64
57, 64
57, 58
58, 59
59, 60
60, 60
60, 61
61, 60
62, 59
61, 58
61, 57
62, 57
62, 57
63, 81
64, 81
65, 82
66, 81
66, 80
67, 81
67, 80
67, 81
68, 82
67, 82
67, 82
64, 67
64, 68
64, 69
65, 68
65, 69
65, 70
66, 69
65, 70
64, 69
64, 69
32, 56
33, 57
33, 56
34, 56
35, 57
34, 56
34, 55
34, 56
34, 56
66, 82
67, 81
67, 82
68, 81
69, 81
70, 82
69, 83
70, 82
70, 82
61, 57
62, 58
61, 57
60, 57
61, 57
62, 57
61, 56
62, 56
62, 56
41, 69
41, 70
42, 69
41, 68
40, 69
40, 69
57, 65
56, 65
55, 66
55, 65
54, 66
55, 65
56, 66
56, 66
50, 51
50, 50
51, 50
51, 49
51, 50
52, 50
52, 50
59, 59
59, 58
58, 58
58, 57
57, 57
58, 56
58, 56
49, 51
48, 51
49, 51
49, 52
50, 51
50, 52
49, 53
49, 53
30, 52
30, 53
29, 54
28, 55
28, 54
27, 53
26, 53
26, 54
27, 55
27, 55
49, 73
49, 74
49, 73
50, 72
50, 73
49, 73
49, 73
53, 31
52, 32
53, 31
54, 32
55, 31
54, 32
55, 31
56, 31
56, 32
56, 33
56, 33
60, 58
61, 59
62, 59
61, 60
60, 61
59, 62
60, 62
60, 61
59, 61
60, 61
60, 61
45, 53
44, 54
45, 54
44, 54
43, 55
44, 54
45, 54
45, 54
43, 51
44, 51
45, 52
44, 53
43, 53
43, 53
51, 66
52, 65
52, 66
53, 65
52, 64
52, 63
51, 62
51, 63
50, 62
51, 62
51, 62
50, 43
49, 43
48, 43
49, 44
49, 45
49, 46
49, 45
49, 44
50, 43
50, 43
57, 72
58, 73
59, 72
58, 71
58, 70
58, 70
35, 56
35, 55
35, 54
36, 53
36, 54
36, 55
37, 55
37, 54
37, 54
46, 49
47, 50
46, 50
46, 51
45, 51
46, 50
46, 50
46, 54
46, 53
46, 54
45, 53
45, 52
45, 53
45, 53
61, 71
60, 72
59, 71
60, 70
59, 70
59, 70
43, 64
43, 65
44, 64
44, 65
43, 66
44, 65
43, 66
43, 65
44, 66
45, 67
45, 67
59, 57
58, 57
59, 57
59, 58
59, 59
58, 60
59, 60
60, 60
60, 60
63, 69
62, 69
62, 70
63, 71
64, 70
65, 69
64, 68
64, 68
48, 34
47, 35
46, 36
45, 36
46, 35
47, 34
46, 34
46, 35
46, 36
47, 35
47, 35
48, 36
49, 37
50, 38
51, 39
52, 40
52, 40
60, 69
60, 69
59, 70
58, 71
57, 72
56, 73
56, 73
44, 54
46, 56
47, 57
48, 58
49, 59
50, 60
51, 61
50, 60
50, 60
51, 61
52, 62
53, 63
54, 64
55, 65
56, 66
57, 67
57, 67
50, 54
49, 53
49, 53
50, 54
51, 55
51, 55
52, 56
53, 57
53, 57
50, 74
51, 75
52, 76
53, 77
54, 78
55, 79
56, 80
57, 81
57, 81
46, 54
47, 55
48, 56
49, 57
48, 56
48, 56
48, 56
46, 68
47, 69
48, 70
49, 71
50, 72
51, 73
51, 74
51, 74
61, 62
62, 63
62, 62
62, 62
61, 62
61, 62
62, 63
63, 64
63, 64
63, 64
53, 51
53, 52
53, 52
54, 53
55, 54
56, 53
56, 53
56, 54
56, 55
56, 56
56, 56
59, 61
58, 62
57, 63
58, 62
58, 62
57, 63
56, 64
55, 65
54, 66
55, 66
55, 66
55, 66
59, 57
60, 58
61, 59
62, 60
63, 61
64, 62
64, 63
64, 63
58, 70
58, 70
57, 71
57, 71
58, 72
58, 72
58, 71
58, 70
58, 70
59, 71
59, 71
58, 70
58, 70
58, 70
69, 83
68, 84
67, 85
67, 86
67, 86
67, 87
67, 87
65, 69
65, 70
65, 71
64, 71
64, 71
65, 72
65, 72
47, 51
48, 52
49, 53
49, 52
49, 52
50, 53
50, 53
56, 67
55, 66
55, 66
56, 67
56, 68
56, 69
56, 69
51, 44
51, 44
52, 45
53, 46
54, 47
55, 46
55, 46
55, 45
55, 45
56, 46
55, 45
55, 45
55, 45
52, 63
53, 64
52, 63
52, 63
53, 64
54, 65
55, 66
55, 66
46, 55
47, 56
48, 57
49, 58
50, 59
51, 60
52, 61
53, 62
53, 63
53, 63
53, 63
61, 57
60, 58
60, 58
59, 59
60, 58
60, 58
59, 59
58, 60
58, 61
58, 62
58, 63
58, 63
38, 55
39, 56
40, 57
41, 58
42, 59
42, 59
28, 56
29, 57
30, 58
31, 59
32, 60
32, 60
55, 34
54, 35
53, 36
54, 35
54, 35
53, 36
53, 37
53, 38
53, 39
53, 39
41, 70
42, 71
43, 72
44, 73
45, 74
46, 75
47, 76
48, 77
48, 77
57, 72
57, 72
58, 73
59, 74
60, 75
61, 76
62, 77
63, 77
64, 76
64, 76
65, 77
65, 77
57, 57
58, 58
59, 59
59, 60
59, 61
59, 61
64, 73
63, 74
62, 75
61, 74
61, 74
61, 73
61, 73
62, 74
62, 75
62, 76
62, 77
62, 78
62, 78
56, 67
57, 68
58, 69
59, 70
60, 71
61, 72
62, 73
62, 73
33, 61
34, 62
35, 63
35, 63
36, 64
37, 65
38, 66
39, 67
40, 68
40, 68
52, 41
52, 41
53, 42
52, 42
52, 42
53, 43
53, 42
53, 42
53, 42
57, 70
58, 71
59, 72
60, 73
61, 74
61, 75
61, 75
61, 76
61, 76
61, 75
61, 75
65, 64
66, 65
66, 66
66, 67
66, 68
67, 67
67, 67
66, 68
66, 69
66, 70
66, 70
54, 64
55, 65
56, 66
57, 67
58, 68
59, 69
59, 69
48, 55
48, 55
49, 56
50, 57
51, 58
52, 59
53, 60
53, 60
59, 64
60, 65
59, 64
59, 64
60, 65
60, 66
60, 66
60, 67
59, 66
59, 66
60, 67
60, 68
60, 68
44, 61
45, 62
46, 63
47, 64
48, 65
49, 66
50, 67
51, 68
52, 67
52, 67
51, 68
51, 69
51, 70
51, 71
51, 72
51, 73
51, 74
51, 74
56, 80
56, 79
56, 78
56, 77
56, 78
56, 78
56, 78
51, 54
52, 54
52, 54
53, 55
54, 56
55, 57
56, 58
57, 57
57, 57
58, 58
59, 59
60, 60
60, 60
54, 40
55, 41
56, 42
57, 43
58, 44
59, 43
59, 43
59, 44
59, 44
61, 46
62, 47
63, 48
64, 49
65, 50
66, 51
67, 52
68, 53
69, 54
70, 55
70, 55
59, 71
60, 72
61, 73
62, 73
63, 73
64, 73
65, 73
66, 73
66, 73
66, 73
63, 65
63, 65
62, 66
61, 67
60, 68
59, 69
58, 70
57, 71
57, 71
56, 72
56, 73
56, 74
56, 74
54, 58
55, 59
56, 60
57, 61
58, 62
59, 63
60, 64
60, 64
68, 87
68, 87
69, 87
69, 87
68, 86
68, 87
68, 87
67, 86
66, 85
65, 84
64, 83
63, 82
63, 82
52, 75
53, 76
53, 76
54, 77
55, 78
55, 78
56, 77
56, 77
57, 78
58, 79
59, 79
59, 79
56, 67
57, 68
58, 69
59, 70
60, 71
60, 70
60, 70
61, 71
62, 70
62, 70
63, 71
64, 72
64, 72
56, 46
57, 47
58, 48
59, 49
61, 51
62, 52
63, 53
64, 54
65, 55
65, 56
65, 57
65, 58
65, 59
65, 60
65, 61
65, 62
65, 62
49, 78
50, 78
51, 78
52, 78
53, 78
54, 77
54, 77
54, 77
56, 68
55, 69
54, 70
53, 71
53, 72
53, 73
53, 74
53, 75
53, 76
53, 76
53, 75
53, 75
53, 75
55, 78
56, 79
57, 79
58, 79
58, 79
58, 79
58, 79
58, 79
58, 79
57, 79
57, 79
57, 79
57, 77
58, 76
59, 75
60, 74
60, 73
60, 73
61, 74
61, 75
61, 76
61, 77
61, 78
61, 79
61, 79
61, 61
62, 62
63, 63
64, 64
65, 65
66, 65
66, 65
65, 66
65, 66
57, 73
58, 73
59, 73
60, 73
61, 73
62, 72
62, 72
63, 73
63, 73
63, 73
41, 69
42, 70
41, 71
41, 71
42, 72
41, 71
41, 71
42, 71
42, 71
43, 72
43, 72
64, 83
65, 84
66, 85
66, 86
66, 86
67, 85
68, 85
69, 85
69, 85
70, 84
70, 84
70, 85
70, 85
70, 85
59, 70
59, 71
59, 72
58, 73
58, 73
59, 74
59, 75
59, 76
58, 77
58, 77
59, 78
59, 78
61, 76
61, 76
60, 77
59, 77
58, 77
57, 77
56, 77
55, 77
54, 77
54, 77
51, 73
51, 73
52, 74
53, 75
54, 75
55, 75
56, 75
57, 75
57, 75
58, 75
58, 75
54, 61
55, 62
56, 63
57, 64
57, 65
57, 66
57, 66
59, 65
58, 66
58, 66
58, 67
58, 68
58, 69
58, 70
58, 71
58, 72
58, 73
58, 74
58, 74
54, 43
55, 44
56, 45
55, 46
55, 46
54, 45
54, 45
54, 45
61, 69
61, 69
61, 68
61, 68
62, 69
62, 70
62, 70
63, 71
63, 71
64, 78
63, 79
62, 80
62, 81
62, 81
61, 81
61, 81
60, 82
59, 83
60, 84
60, 84
60, 85
60, 85
59, 86
59, 86
54, 74
55, 73
56, 73
57, 72
57, 72
58, 73
57, 72
57, 72
58, 73
58, 73
58, 73
60, 78
60, 79
60, 79
61, 78
62, 77
63, 76
64, 75
65, 75
66, 75
66, 75
66, 75
65, 70
64, 70
63, 70
62, 70
61, 70
60, 70
60, 70
64, 63
63, 64
62, 65
61, 66
60, 67
61, 67
61, 67
60, 67
60, 67
59, 68
58, 69
57, 70
57, 70
67, 74
67, 74
68, 73
68, 73
67, 74
66, 75
66, 75
67, 76
67, 77
68, 76
68, 76
67, 77
66, 78
66, 78
66, 78
63, 73
63, 73
64, 74
65, 75
66, 76
67, 77
68, 78
69, 79
70, 80
70, 81
70, 81
58, 62
57, 63
56, 64
55, 65
54, 66
53, 67
53, 68
53, 69
53, 69
71, 54
71, 54
70, 55
69, 56
70, 56
70, 56
69, 57
68, 58
69, 57
69, 57
68, 58
68, 57
68, 57
67, 58
67, 58
63, 79
64, 80
65, 81
64, 82
64, 82
65, 83
66, 84
67, 85
68, 85
68, 85
68, 85
62, 78
62, 78
63, 77
64, 77
63, 77
63, 77
64, 77
65, 76
65, 76
66, 77
66, 77
66, 77
66, 76
66, 76
66, 76
52, 70
51, 71
52, 72
52, 72
51, 73
50, 74
50, 74
50, 75
50, 75
51, 76
51, 76
51, 77
51, 78
51, 78
64, 72
64, 72
65, 73
66, 74
67, 75
67, 76
67, 77
67, 78
67, 78
67, 78
67, 78
61, 73
61, 73
62, 74
63, 75
64, 76
65, 77
66, 77
66, 77
67, 78
67, 78
61, 71
62, 72
63, 73
64, 74
65, 75
65, 76
66, 75
66, 75
65, 76
65, 77
65, 77
59, 75
59, 75
60, 74
61, 73
62, 72
61, 72
61, 72
62, 71
63, 70
64, 70
64, 69
64, 69
65, 70
65, 70
62, 74
61, 75
60, 76
59, 77
58, 78
58, 77
58, 77
57, 78
58, 79
58, 79
57, 78
56, 78
56, 78
44, 73
45, 73
45, 73
46, 74
47, 75
46, 74
46, 74
46, 74
55, 78
55, 78
56, 79
57, 80
58, 81
59, 81
60, 81
61, 81
61, 81
62, 81
62, 81
60, 85
61, 84
61, 83
61, 83
62, 82
63, 81
62, 81
62, 81
62, 81
58, 78
58, 77
58, 77
59, 76
59, 75
59, 74
59, 73
59, 72
59, 72
59, 72
67, 84
66, 83
65, 82
64, 81
63, 80
63, 79
63, 78
63, 77
63, 77
58, 79
57, 80
57, 79
57, 79
56, 80
55, 81
54, 82
53, 83
53, 83
52, 83
52, 83
53, 82
53, 82
53, 82
65, 78
65, 78
66, 77
67, 76
68, 75
69, 75
70, 75
70, 75
67, 75
67, 75
66, 76
65, 77
64, 78
63, 78
62, 78
61, 78
60, 78
60, 78
58, 67
59, 68
60, 69
61, 70
62, 70
63, 70
64, 70
65, 69
65, 69
66, 70
66, 70
69, 82
69, 81
69, 81
68, 81
68, 81
67, 82
66, 83
65, 84
64, 85
65, 86
65, 86
65, 86
69, 84
68, 84
69, 85
69, 85
68, 86
68, 86
68, 85
68, 85
64, 67
63, 68
62, 69
61, 70
60, 71
59, 72
58, 73
57, 74
56, 75
56, 76
56, 76
59, 74
60, 75
60, 76
60, 77
60, 78
60, 79
60, 80
60, 81
60, 82
60, 82
55, 46
57, 48
58, 49
59, 50
60, 51
61, 52
62, 53
63, 54
64, 55
65, 56
66, 57
66, 58
65, 58
65, 58
65, 58
58, 71
59, 72
60, 73
61, 73
61, 73
61, 74
60, 74
60, 74
61, 75
62, 74
62, 74
62, 74
66, 59
67, 58
67, 58
66, 59
65, 60
64, 61
63, 62
63, 63
63, 64
63, 65
63, 66
63, 66
59, 75
59, 75
60, 74
61, 73
62, 73
63, 73
64, 73
64, 73
64, 85
63, 84
62, 83
62, 82
63, 81
63, 81
62, 80
62, 79
62, 78
62, 77
62, 77
65, 71
65, 71
66, 71
66, 71
65, 72
64, 73
63, 73
62, 73
61, 73
60, 73
59, 74
59, 74
58, 73
58, 73
60, 81
60, 80
60, 79
60, 78
61, 78
61, 78
61, 78
47, 73
48, 72
49, 72
50, 72
51, 72
52, 72
52, 72
61, 80
60, 80
60, 80
59, 79
58, 78
57, 77
57, 77
56, 76
55, 75
54, 76
54, 76
54, 75
54, 75
54, 75
65, 71
64, 72
63, 73
62, 74
61, 75
61, 76
61, 77
61, 77
63, 80
64, 79
65, 78
66, 78
67, 78
68, 78
68, 78
58, 73
59, 74
59, 74
58, 75
57, 76
56, 77
55, 78
54, 78
53, 78
53, 78
53, 78
68, 79
69, 80
69, 79
69, 79
68, 78
68, 78
69, 79
69, 80
69, 80
52, 77
53, 76
54, 75
55, 74
54, 75
54, 75
55, 74
56, 73
56, 73
63, 75
64, 76
65, 77
65, 78
65, 78
66, 79
65, 79
65, 79
66, 80
65, 80
65, 80
66, 81
66, 81
66, 59
66, 59
65, 60
66, 59
66, 59
65, 60
64, 61
63, 62
62, 63
61, 64
61, 64
55, 75
54, 74
54, 73
54, 72
54, 71
54, 70
54, 70
54, 70
54, 69
54, 69
54, 69
53, 83
53, 83
54, 82
55, 82
55, 82
56, 82
57, 82
56, 81
56, 81
56, 81
64, 78
63, 78
62, 78
61, 78
60, 78
59, 78
58, 78
58, 78
64, 78
64, 78
63, 79
62, 80
61, 81
60, 82
59, 83
58, 84
58, 84
67, 76
68, 76
69, 76
70, 76
70, 76
70, 77
70, 77
70, 77
64, 67
64, 68
64, 69
64, 70
64, 71
64, 71
55, 77
55, 77
56, 76
57, 75
58, 75
58, 75
58, 75
58, 75
58, 74
58, 74
58, 74
67, 84
67, 83
66, 84
66, 84
67, 83
67, 82
67, 82
67, 82
63, 74
62, 75
61, 76
60, 76
59, 76
59, 76
61, 79
61, 79
60, 78
59, 77
58, 76
57, 75
56, 74
56, 74
69, 76
68, 77
69, 76
69, 76
68, 77
68, 77
67, 78
66, 79
65, 80
66, 79
66, 79
65, 80
65, 80
66, 79
65, 80
65, 81
65, 82
65, 82
64, 83
64, 83
64, 82
64, 82
64, 82
60, 78
59, 79
58, 80
57, 81
56, 82
55, 83
54, 84
53, 85
52, 85
52, 85
52, 85
62, 79
63, 79
64, 79
65, 79
64, 79
64, 79
65, 79
66, 79
66, 79
55, 75
54, 76
55, 76
55, 76
54, 77
53, 78
53, 78
52, 79
51, 80
51, 81
51, 81
55, 70
56, 71
57, 72
57, 71
57, 71
58, 72
59, 73
59, 73
68, 81
67, 82
66, 83
67, 82
67, 82
66, 83
67, 84
67, 84
67, 84
57, 79
56, 80
55, 79
55, 79
54, 80
54, 80
53, 81
53, 81
63, 78
64, 79
64, 79
63, 79
63, 79
64, 80
64, 81
64, 82
64, 83
64, 84
64, 85
64, 86
64, 86
57, 74
58, 75
58, 76
59, 77
59, 77
58, 78
58, 78
63, 83
62, 83
61, 83
60, 83
59, 83
58, 83
57, 83
57, 83
63, 72
62, 73
61, 74
62, 75
62, 75
61, 76
62, 77
62, 77
61, 78
60, 79
60, 80
60, 80
60, 81
60, 81
53, 76
52, 77
52, 76
52, 76
51, 77
50, 78
50, 79
50, 80
50, 80
64, 79
65, 80
65, 80
64, 79
63, 78
62, 77
61, 76
60, 75
59, 74
58, 73
57, 72
57, 72
57, 72
52, 73
52, 74
52, 75
52, 76
52, 77
53, 77
53, 77
53, 76
53, 76
52, 77
52, 77
59, 85
59, 86
60, 86
60, 86
59, 86
59, 86
59, 86
59, 86
59, 86
67, 80
67, 79
68, 78
68, 78
67, 78
67, 78
67, 78
67, 78
68, 79
68, 79
67, 78
67, 78
67, 78
54, 77
55, 76
55, 76
56, 76
57, 76
58, 76
59, 76
58, 77
58, 77
59, 76
59, 75
59, 75
59, 75
57, 73
56, 73
55, 73
54, 73
53, 74
53, 74
53, 74
66, 81
65, 80
64, 79
65, 78
65, 78
64, 77
65, 77
65, 77
64, 76
64, 75
64, 75
69, 78
69, 79
70, 78
70, 78
70, 79
70, 79
69, 80
69, 81
69, 81
69, 81
69, 81
60, 77
61, 78
61, 77
61, 77
62, 78
63, 79
62, 78
62, 78
63, 77
63, 77
64, 78
64, 78
57, 82
57, 83
56, 84
56, 84
57, 85
57, 86
58, 85
58, 85
58, 85
57, 75
56, 76
55, 77
54, 78
53, 77
53, 77
52, 78
52, 78
69, 79
70, 80
70, 81
70, 82
70, 83
70, 83
61, 65
61, 65
60, 66
60, 67
60, 68
60, 69
61, 70
61, 70
60, 71
60, 72
60, 73
60, 73
65, 85
66, 84
66, 83
66, 82
65, 81
65, 81
66, 80
66, 79
66, 79
51, 77
51, 77
52, 78
53, 79
54, 80
55, 80
56, 80
57, 80
58, 80
59, 81
59, 81
59, 81
53, 77
54, 77
55, 77
56, 77
57, 77
57, 77
58, 77
58, 77
52, 82
53, 83
54, 84
55, 85
55, 85
56, 86
57, 87
58, 86
58, 86
59, 87
60, 87
60, 87
60, 87
60, 87
56, 73
56, 74
55, 75
55, 75
56, 76
56, 75
56, 75
56, 76
56, 77
56, 78
56, 79
56, 80
56, 80
66, 83
66, 82
65, 82
65, 82
66, 81
66, 80
66, 79
66, 78
66, 77
66, 77
63, 76
62, 77
62, 76
62, 76
61, 77
60, 78
59, 79
58, 78
58, 78
57, 79
57, 79
67, 80
67, 80
67, 79
67, 79
66, 80
65, 81
64, 82
63, 83
63, 83
62, 84
62, 84
62, 84
53, 82
53, 82
54, 83
54, 84
54, 85
54, 85
54, 85
64, 79
64, 79
63, 78
63, 77
63, 77
63, 77
63, 77
63, 77
63, 77
63, 77
63, 77
63, 77
58, 75
58, 75
58, 75
58, 75
58, 75
58, 75
58, 75
57, 74
57, 74
57, 74
69, 82
69, 82
70, 83
70, 84
70, 85
70, 86
71, 85
71, 85
70, 86
69, 86
69, 86
70, 87
70, 88
70, 88
61, 82
62, 83
63, 84
63, 85
63, 85
64, 85
64, 85
63, 85
63, 85
58, 85
57, 84
56, 83
56, 84
56, 84
55, 83
54, 82
53, 81
52, 80
53, 80
53, 80
53, 80
69, 84
70, 84
70, 84
69, 84
68, 84
67, 84
66, 84
66, 84
60, 74
61, 75
62, 76
63, 77
63, 76
63, 76
64, 77
65, 78
65, 78
66, 78
67, 78
67, 78
66, 79
65, 80
64, 81
63, 82
62, 82
62, 82
61, 83
62, 84
62, 84
61, 85
61, 85
50, 81
51, 80
51, 80
50, 81
50, 82
50, 83
50, 84
50, 85
51, 86
51, 86
50, 85
50, 85
50, 85
54, 73
55, 73
56, 73
57, 73
57, 73
56, 73
56, 73
56, 73
58, 86
58, 86
57, 85
56, 84
55, 83
54, 82
53, 81
53, 80
53, 80
52, 79
52, 79
52, 79
59, 78
60, 78
61, 78
62, 78
63, 78
63, 78
63, 78
63, 78
63, 78
56, 82
55, 81
54, 80
53, 79
53, 78
53, 77
53, 76
53, 76
61, 73
61, 73
62, 74
63, 74
64, 74
65, 74
65, 74
64, 75
64, 75
65, 74
65, 74
53, 84
54, 83
55, 82
56, 81
57, 80
57, 80
65, 77
64, 77
63, 77
63, 76
63, 76
62, 77
62, 77
63, 77
63, 77
63, 77
62, 78
61, 79
60, 79
60, 79
59, 80
59, 80
58, 80
58, 80
57, 81
56, 82
55, 82
55, 82
63, 84
63, 84
62, 83
61, 82
60, 81
59, 80
58, 79
58, 79
62, 79
61, 80
60, 81
59, 82
58, 83
57, 84
56, 85
55, 85
54, 85
53, 85
53, 85
53, 85
61, 83
60, 82
59, 81
58, 80
57, 79
57, 79
58, 81
59, 82
60, 83
60, 84
60, 84
61, 84
62, 84
62, 84
61, 85
61, 85
62, 84
62, 84
62, 84
68, 77
68, 76
68, 76
68, 75
68, 74
68, 74
68, 74
59, 87
58, 87
57, 87
56, 87
57, 86
57, 86
57, 86
52, 80
52, 80
53, 81
54, 82
53, 83
53, 83
54, 84
54, 84
58, 74
59, 75
59, 75
60, 74
61, 74
62, 74
63, 74
64, 74
64, 74
60, 84
59, 83
58, 82
57, 81
56, 80
56, 80
52, 75
52, 74
52, 74
51, 73
51, 72
51, 71
51, 70
51, 70
58, 80
57, 80
57, 80
56, 80
56, 80
57, 81
58, 82
59, 82
59, 82
51, 84
52, 83
53, 82
54, 81
55, 80
55, 80
57, 80
58, 80
59, 80
60, 80
60, 79
60, 79
61, 80
60, 79
60, 79
61, 80
60, 79
60, 79
60, 79
65, 78
64, 77
63, 76
63, 77
63, 77
62, 76
62, 76
52, 79
52, 78
52, 77
52, 76
52, 75
52, 76
52, 76
52, 75
52, 74
52, 74
58, 78
58, 78
57, 79
56, 80
55, 81
54, 82
53, 83
52, 84
51, 84
51, 84
57, 74
58, 75
59, 76
60, 77
61, 78
61, 79
61, 79
61, 79
67, 83
68, 82
69, 81
69, 80
69, 79
69, 80
69, 80
69, 79
69, 78
69, 78
66, 75
66, 75
66, 74
66, 74
65, 75
64, 76
64, 75
64, 75
63, 76
62, 77
62, 77
59, 82
58, 82
58, 82
59, 83
59, 84
59, 84
59, 84
59, 84
59, 84
60, 83
60, 83
60, 83
55, 84
55, 83
55, 83
56, 82
57, 81
57, 81
58, 80
59, 81
59, 81
60, 80
61, 79
61, 79
69, 88
70, 88
70, 88
70, 89
70, 89
69, 88
68, 88
67, 87
67, 87
66, 88
66, 88
60, 79
61, 78
62, 79
61, 79
61, 78
60, 79
59, 79
59, 80
59, 80
61, 79
62, 79
61, 80
60, 79
59, 79
58, 79
58, 78
57, 78
57, 78
63, 74
64, 73
65, 72
64, 73
64, 74
65, 73
65, 74
65, 74
63, 76
64, 76
65, 75
65, 74
64, 73
63, 72
63, 71
62, 70
63, 71
63, 71
54, 85
55, 84
56, 83
57, 82
56, 83
57, 84
56, 84
55, 84
55, 83
55, 83
68, 79
67, 78
66, 77
66, 78
67, 79
66, 80
65, 79
66, 80
66, 80
69, 73
68, 74
69, 74
68, 73
68, 72
67, 72
67, 71
67, 72
68, 72
67, 73
67, 73
56, 80
55, 80
56, 81
55, 82
55, 81
55, 82
56, 83
57, 84
56, 83
56, 83
62, 76
61, 75
62, 75
63, 74
62, 74
62, 74
56, 79
55, 80
56, 80
57, 80
56, 80
55, 79
54, 78
55, 78
56, 79
56, 78
56, 78
53, 84
52, 84
53, 83
53, 84
52, 84
51, 85
50, 86
50, 85
50, 86
49, 85
49, 85
51, 73
50, 72
51, 71
51, 72
50, 73
49, 73
50, 72
50, 71
50, 70
51, 70
51, 70
61, 83
62, 83
61, 82
62, 81
61, 80
60, 81
59, 81
58, 82
58, 82
63, 78
63, 79
63, 80
64, 80
65, 81
64, 81
63, 81
63, 81
62, 83
63, 82
63, 81
63, 82
64, 81
64, 81
54, 82
55, 81
56, 80
56, 81
57, 80
58, 81
57, 81
57, 81
60, 83
61, 83
60, 83
59, 83
59, 84
60, 84
59, 85
59, 85
58, 80
59, 79
58, 79
57, 79
58, 78
59, 79
60, 80
60, 81
61, 82
62, 83
62, 83
59, 79
60, 78
59, 77
60, 76
60, 77
59, 78
59, 78
58, 87
59, 86
60, 85
60, 84
59, 84
59, 85
59, 84
58, 84
59, 83
60, 83
60, 83
51, 69
50, 70
49, 71
49, 70
49, 69
49, 69
52, 84
53, 84
52, 83
51, 82
51, 83
51, 83
67, 87
66, 88
66, 89
66, 90
67, 89
68, 89
67, 90
66, 89
66, 89
61, 80
60, 81
59, 81
58, 82
57, 83
57, 82
58, 82
58, 83
58, 83
60, 78
61, 79
62, 79
63, 79
64, 80
65, 81
65, 81
59, 81
60, 80
60, 79
60, 78
59, 77
59, 77
63, 82
62, 83
61, 83
62, 84
63, 85
64, 85
64, 86
65, 87
65, 87
60, 85
59, 84
58, 85
58, 86
58, 87
59, 87
58, 86
57, 86
57, 86
59, 82
58, 82
59, 81
59, 80
58, 81
57, 82
57, 82
55, 84
55, 83
54, 83
54, 82
53, 83
52, 82
52, 82
62, 70
61, 69
61, 68
60, 68
59, 68
58, 67
58, 67
63, 82
64, 83
63, 84
62, 83
63, 83
62, 84
62, 84
65, 82
65, 81
64, 80
64, 81
65, 80
65, 80
56, 83
57, 82
58, 83
59, 84
58, 84
59, 85
59, 85
51, 82
52, 83
51, 83
52, 82
51, 81
52, 81
53, 82
52, 82
51, 83
52, 82
52, 82
48, 69
48, 70
48, 71
47, 72
46, 72
46, 72
67, 88
68, 89
69, 88
69, 89
70, 88
69, 89
69, 89
58, 77
58, 78
59, 77
60, 78
61, 78
62, 78
61, 79
61, 79
63, 75
63, 74
64, 75
63, 76
64, 77
64, 76
64, 77
65, 77
65, 77
67, 72
66, 73
67, 72
68, 73
67, 72
66, 71
65, 72
65, 72
57, 79
56, 78
57, 79
58, 78
59, 79
60, 79
59, 78
59, 78
64, 74
64, 73
63, 72
63, 73
63, 72
62, 72
62, 71
62, 71
66, 81
66, 80
66, 81
66, 82
65, 81
65, 82
66, 81
66, 81
50, 85
49, 85
48, 86
49, 87
50, 86
49, 86
49, 86
58, 82
59, 82
58, 83
57, 83
56, 82
55, 82
54, 81
54, 81
61, 83
61, 82
60, 82
61, 82
61, 83
62, 84
63, 84
63, 84
50, 70
50, 69
50, 68
51, 68
51, 69
50, 70
51, 71
51, 71
59, 81
60, 80
61, 81
62, 80
61, 79
62, 80
61, 81
61, 81
64, 80
63, 79
62, 78
61, 77
60, 76
59, 75
59, 75
58, 74
58, 74
65, 80
64, 79
63, 78
62, 77
62, 77
62, 77
61, 76
60, 75
60, 75
61, 70
60, 69
59, 68
58, 67
57, 66
57, 66
57, 66
56, 65
56, 65
60, 82
60, 82
59, 83
58, 84
58, 84
57, 85
56, 86
56, 86
53, 80
53, 80
52, 79
51, 78
50, 77
49, 76
48, 75
48, 75
61, 83
60, 82
59, 81
58, 80
58, 80
58, 80
64, 71
63, 70
62, 69
61, 68
60, 68
59, 68
58, 68
58, 68
57, 68
56, 68
56, 68
56, 85
56, 85
55, 84
54, 83
54, 83
53, 82
52, 81
51, 80
50, 79
50, 79
62, 83
62, 83
62, 83
62, 83
61, 82
60, 81
59, 80
59, 80
59, 80
47, 73
47, 73
48, 74
49, 75
49, 75
50, 76
50, 76
56, 83
55, 84
54, 85
53, 86
53, 86
52, 87
51, 87
50, 87
50, 87
60, 78
59, 77
58, 76
57, 75
56, 74
55, 73
55, 73
68, 88
67, 87
67, 87
66, 86
65, 85
64, 84
64, 84
58, 76
57, 75
56, 74
55, 73
55, 73
54, 72
54, 72
48, 85
48, 85
47, 84
46, 83
45, 82
44, 81
43, 80
43, 80
52, 70
52, 70
53, 69
53, 69
54, 68
54, 68
54, 68
60, 84
61, 83
61, 83
62, 82
63, 81
64, 80
64, 80
64, 80
64, 76
63, 75
62, 74
61, 73
60, 72
59, 71
59, 71
59, 71
65, 87
64, 86
63, 85
63, 85
63, 85
63, 85
59, 78
58, 77
57, 76
56, 75
55, 74
54, 73
53, 72
53, 72
53, 72
52, 82
53, 81
54, 80
55, 79
55, 79
56, 78
56, 78
57, 77
58, 76
59, 75
59, 75
58, 67
59, 66
60, 65
61, 64
61, 64
61, 64
61, 64
62, 63
63, 62
64, 61
64, 61
51, 81
50, 80
49, 79
49, 79
48, 78
48, 78
47, 77
46, 76
46, 76
64, 79
64, 79
63, 78
63, 78
62, 77
61, 76
60, 75
59, 74
59, 74
59, 74
54, 72
53, 71
53, 71
52, 70
52, 70
52, 70
65, 83
65, 82
65, 82
65, 81
65, 80
65, 79
65, 78
65, 77
65, 77
51, 75
52, 74
53, 73
54, 72
55, 71
56, 70
57, 69
58, 68
58, 68
59, 67
59, 67
57, 64
58, 63
59, 63
60, 63
60, 63
61, 63
61, 63
64, 61
64, 61
63, 60
63, 60
62, 59
62, 59
61, 58
61, 57
61, 57
61, 57
61, 57
52, 71
51, 70
50, 69
49, 69
48, 69
48, 69
47, 69
47, 69
45, 75
44, 74
43, 73
42, 72
42, 72
41, 71
40, 70
39, 69
39, 69
39, 69
63, 85
62, 84
61, 83
60, 82
59, 81
59, 81
55, 69
56, 70
57, 71
57, 71
58, 72
58, 72
59, 73
60, 74
61, 75
61, 75
60, 74
61, 73
62, 72
63, 71
64, 70
65, 69
65, 69
65, 69
65, 69
51, 86
51, 86
51, 86
52, 85
53, 84
54, 83
55, 82
56, 81
56, 81
55, 67
54, 66
54, 66
53, 65
52, 64
51, 63
50, 62
50, 62
59, 74
58, 73
57, 72
57, 72
56, 71
55, 70
55, 70
55, 70
57, 75
56, 76
55, 77
54, 78
53, 79
52, 79
51, 79
51, 79
50, 79
50, 79
47, 74
46, 73
46, 73
46, 73
45, 72
44, 71
44, 71
54, 72
54, 72
53, 71
52, 70
51, 70
51, 70
50, 70
50, 70
51, 78
51, 78
52, 77
53, 76
54, 75
55, 74
55, 73
55, 73
55, 72
55, 71
55, 71
58, 80
57, 79
56, 78
56, 78
55, 77
54, 76
53, 75
53, 75
58, 79
58, 79
57, 78
56, 77
55, 76
54, 75
54, 74
54, 74
64, 80
64, 80
63, 79
62, 78
62, 78
61, 77
60, 76
60, 76
42, 79
41, 78
41, 78
41, 77
41, 77
41, 77
55, 85
54, 84
53, 83
52, 82
51, 81
50, 80
50, 80
59, 71
58, 70
57, 69
57, 69
57, 69
56, 68
55, 67
54, 66
54, 66
59, 74
58, 73
57, 72
56, 71
55, 70
55, 70
54, 69
53, 68
52, 67
52, 67
50, 62
49, 61
49, 61
48, 60
48, 60
48, 60
47, 59
47, 59
47, 57
48, 56
49, 55
50, 54
50, 53
50, 52
50, 51
49, 50
49, 50
42, 78
43, 78
44, 78
45, 78
45, 78
45, 78
51, 71
52, 72
53, 73
53, 73
54, 74
55, 75
55, 75
56, 76
57, 77
58, 78
58, 78
49, 79
48, 78
47, 77
46, 76
45, 75
44, 74
43, 73
43, 73
64, 70
63, 71
62, 72
62, 72
61, 73
61, 73
60, 74
59, 74
59, 74
43, 70
43, 70
42, 69
41, 68
40, 67
40, 67
39, 66
39, 66
62, 76
63, 77
63, 77
64, 78
65, 79
66, 80
67, 81
68, 82
68, 82
69, 83
69, 83
53, 66
54, 65
55, 64
56, 63
56, 63
56, 63
60, 58
59, 59
58, 60
57, 61
56, 62
55, 63
55, 63
55, 63
61, 63
60, 62
59, 61
58, 60
57, 59
57, 59
56, 81
55, 80
54, 79
53, 78
52, 77
52, 77
53, 73
52, 72
51, 71
50, 70
49, 69
48, 68
48, 68
47, 67
46, 66
46, 66
58, 66
57, 65
56, 64
56, 64
55, 63
54, 62
54, 62
59, 75
58, 74
57, 73
56, 72
55, 71
55, 71
55, 71
55, 71
54, 70
54, 70
54, 70
53, 69
52, 68
51, 67
50, 66
50, 66
51, 78
52, 77
52, 76
52, 75
52, 75
52, 75
47, 69
46, 68
45, 67
44, 66
43, 65
42, 64
41, 63
40, 62
40, 62
52, 70
53, 69
54, 68
54, 68
54, 68
54, 68
52, 74
51, 73
50, 72
49, 71
49, 71
48, 70
48, 70
40, 69
41, 69
42, 69
43, 69
44, 69
44, 69
45, 69
47, 68
48, 67
49, 66
50, 65
50, 64
50, 63
50, 62
50, 61
50, 60
51, 61
51, 61
58, 80
57, 79
56, 78
55, 77
54, 76
54, 76
64, 77
64, 77
64, 77
64, 77
63, 77
63, 77
56, 71
57, 72
58, 73
59, 74
60, 75
61, 76
62, 77
63, 78
63, 78
53, 65
53, 65
52, 64
51, 64
50, 64
50, 64
52, 60
53, 59
54, 58
55, 57
56, 56
57, 56
58, 56
58, 55
57, 54
56, 53
55, 52
54, 51
53, 50
52, 50
51, 50
52, 51
53, 52
53, 52
39, 66
40, 65
40, 65
41, 64
42, 63
44, 61
45, 60
46, 59
47, 58
48, 57
48, 57
48, 57
55, 64
54, 65
53, 66
53, 66
53, 66
53, 66
55, 75
56, 74
57, 73
58, 72
59, 71
60, 70
61, 69
62, 68
62, 68
45, 78
44, 77
43, 76
43, 76
42, 75
41, 74
41, 74
40, 73
40, 73
53, 74
54, 73
55, 72
56, 71
57, 70
57, 70
56, 58
55, 57
54, 56
53, 55
52, 54
52, 53
52, 52
52, 51
52, 50
52, 49
52, 49
54, 62
53, 61
53, 61
52, 60
52, 60
52, 60
58, 73
57, 72
57, 72
56, 71
55, 70
54, 69
53, 68
52, 67
51, 66
51, 66
53, 69
53, 69
52, 70
51, 71
50, 72
49, 72
49, 72
48, 72
48, 72
47, 72
47, 72
54, 70
55, 69
56, 68
57, 67
57, 66
57, 65
57, 65
57, 65
57, 64
57, 64
57, 64
58, 78
58, 78
58, 78
58, 78
57, 77
56, 76
56, 76
49, 67
48, 68
47, 69
47, 68
48, 67
49, 66
50, 65
50, 64
50, 63
50, 62
50, 62
50, 61
50, 60
50, 59
50, 58
50, 57
50, 56
50, 55
50, 55
52, 78
52, 79
52, 80
52, 80
52, 80
52, 80
52, 80
52, 80
52, 80
45, 65
44, 64
44, 64
43, 63
43, 61
44, 60
45, 59
46, 58
47, 57
47, 57
48, 56
49, 55
50, 54
50, 53
50, 52
50, 51
50, 50
50, 50
49, 51
48, 52
47, 53
46, 54
46, 54
53, 61
53, 61
52, 60
52, 60
51, 59
50, 58
49, 57
49, 57
48, 56
48, 56
42, 72
41, 71
40, 70
39, 69
38, 68
37, 67
36, 66
35, 65
34, 64
34, 64
62, 79
61, 80
61, 80
60, 81
59, 82
59, 82
50, 62
50, 61
50, 60
50, 59
50, 58
50, 57
49, 56
49, 56
48, 55
47, 54
47, 54
41, 61
42, 60
44, 58
45, 57
46, 56
47, 55
48, 54
49, 53
50, 52
50, 51
50, 50
51, 51
52, 52
52, 52
50, 51
51, 52
52, 52
52, 52
52, 52
52, 52
52, 52
52, 52
69, 83
68, 82
67, 81
67, 81
67, 81
66, 80
65, 79
64, 78
64, 78
49, 69
50, 68
51, 67
51, 67
52, 66
53, 65
53, 64
53, 63
53, 63
53, 63
62, 76
61, 75
61, 75
60, 74
59, 73
58, 72
57, 71
56, 70
56, 70
52, 53
52, 54
52, 55
52, 56
52, 57
52, 58
52, 59
52, 59
52, 52
51, 53
50, 54
49, 55
48, 56
48, 56
47, 57
47, 57
53, 81
54, 82
55, 83
56, 84
56, 84
56, 84
48, 71
49, 70
50, 69
51, 68
52, 67
53, 66
54, 65
55, 64
55, 64
55, 64
55, 64
48, 55
48, 56
48, 57
48, 58
48, 58
48, 59
48, 60
49, 60
50, 59
50, 58
50, 57
50, 56
50, 55
50, 54
50, 53
50, 52
49, 53
49, 53
53, 61
54, 62
54, 62
54, 63
54, 64
54, 64
54, 65
54, 66
54, 67
54, 67
49, 56
50, 55
50, 55
51, 54
52, 53
53, 52
54, 51
54, 51
56, 63
55, 62
54, 61
53, 60
52, 59
51, 58
51, 58
53, 50
54, 51
54, 51
54, 51
53, 50
52, 50
51, 50
50, 50
51, 51
52, 52
52, 52
47, 55
48, 56
49, 57
50, 58
51, 59
52, 60
53, 61
53, 61
57, 70
57, 70
56, 69
56, 69
55, 68
54, 67
53, 67
52, 67
52, 67
54, 65
55, 64
56, 63
56, 63
56, 62
56, 61
56, 60
56, 59
56, 58
56, 58
63, 77
62, 76
61, 75
60, 74
60, 74
59, 73
58, 72
57, 71
57, 71
49, 56
48, 57
47, 58
47, 58
48, 57
49, 56
50, 55
50, 54
50, 53
50, 52
50, 51
50, 50
49, 51
48, 52
47, 53
47, 53
40, 73
41, 74
41, 74
42, 75
42, 75
42, 75
63, 69
64, 69
65, 69
65, 69
66, 69
67, 69
68, 69
69, 69
69, 69
52, 52
51, 51
50, 50
49, 49
48, 48
47, 47
46, 46
46, 46
46, 46
49, 57
49, 57
50, 58
50, 58
51, 59
52, 60
53, 61
53, 61
54, 62
55, 63
55, 63
55, 69
54, 68
53, 67
52, 66
51, 65
50, 64
50, 64
52, 67
52, 67
53, 68
53, 68
54, 69
54, 69
52, 64
51, 65
50, 66
49, 67
48, 68
48, 68
47, 69
46, 70
45, 71
45, 71
45, 71
58, 81
57, 80
56, 79
55, 78
54, 77
54, 77
53, 76
52, 76
52, 76
35, 65
36, 66
37, 67
38, 68
39, 69
39, 69
55, 75
54, 74
54, 74
53, 73
52, 72
52, 71
52, 70
52, 70
52, 70
52, 70
50, 57
50, 57
49, 56
48, 55
47, 54
46, 53
45, 52
45, 52
44, 51
44, 51
44, 51
41, 74
40, 73
39, 72
38, 71
37, 70
37, 70
36, 69
36, 69
35, 68
35, 68
51, 53
50, 54
49, 55
49, 55
49, 55
48, 56
47, 57
47, 57
48, 56
49, 55
50, 54
50, 53
50, 52
50, 52
55, 57
54, 56
53, 55
52, 54
52, 54
52, 54
55, 64
54, 65
53, 66
52, 67
51, 68
51, 68
54, 60
55, 59
56, 58
57, 57
58, 56
58, 56
47, 45
47, 45
48, 44
48, 43
48, 43
48, 42
48, 41
48, 41
48, 40
48, 40
44, 72
43, 72
42, 72
41, 72
40, 72
40, 72
50, 64
50, 62
50, 61
50, 60
50, 59
50, 58
50, 58
49, 57
48, 56
48, 56
47, 55
47, 55
48, 52
49, 51
50, 50
51, 49
52, 48
53, 47
53, 47
53, 50
52, 49
51, 48
51, 48
50, 47
49, 46
48, 45
48, 45
53, 66
54, 65
55, 64
55, 63
55, 63
55, 62
55, 61
55, 61
51, 69
50, 69
50, 69
49, 69
48, 69
47, 69
47, 68
48, 67
49, 66
50, 65
50, 64
50, 64
54, 62
53, 61
53, 61
52, 60
51, 59
50, 58
50, 58
50, 58
51, 75
51, 75
51, 75
51, 75
51, 75
51, 75
50, 74
50, 74
50, 74
57, 83
57, 83
58, 82
59, 81
60, 80
61, 79
62, 78
63, 77
63, 77
68, 68
68, 68
67, 67
67, 67
66, 66
65, 65
64, 64
64, 64
40, 70
40, 70
41, 71
42, 72
43, 73
44, 74
44, 74
54, 67
53, 66
52, 65
51, 64
51, 64
50, 62
50, 61
50, 60
50, 59
50, 58
50, 57
50, 56
50, 55
50, 54
50, 53
50, 53
53, 60
53, 61
53, 62
53, 63
53, 64
53, 65
53, 66
53, 67
53, 68
53, 69
53, 69
53, 68
52, 67
51, 66
51, 66
50, 65
49, 64
48, 63
48, 61
49, 60
50, 59
50, 58
50, 57
50, 56
50, 55
50, 54
49, 53
49, 53
49, 53
48, 54
48, 54
48, 54
47, 55
47, 55
56, 70
55, 69
54, 68
53, 67
52, 66
52, 66
46, 56
46, 54
47, 53
48, 52
49, 51
50, 50
50, 50
50, 50
50, 50
50, 50
49, 51
48, 51
47, 51
46, 51
46, 51
50, 52
51, 53
52, 54
53, 55
53, 55
53, 55
54, 56
55, 57
55, 57
54, 69
55, 69
56, 69
57, 69
58, 69
58, 69
51, 65
52, 66
52, 66
53, 67
54, 68
55, 69
56, 70
57, 71
57, 71
44, 51
43, 52
42, 53
41, 54
40, 55
39, 56
38, 57
38, 57
38, 57
49, 52
48, 51
47, 50
47, 50
46, 49
45, 48
45, 48
44, 47
44, 47
51, 59
52, 60
53, 61
54, 62
55, 63
56, 64
57, 65
58, 66
58, 66
39, 71
38, 70
38, 70
37, 69
36, 68
35, 67
34, 66
33, 65
32, 64
32, 64
32, 64
48, 45
48, 45
49, 46
49, 46
50, 47
51, 48
52, 49
53, 50
53, 50
53, 50
63, 77
62, 76
61, 75
60, 74
59, 73
58, 72
57, 71
57, 71
57, 71
47, 39
46, 38
45, 37
44, 36
43, 35
42, 34
41, 33
41, 33
35, 68
35, 68
35, 68
36, 67
37, 66
37, 66
46, 56
46, 56
47, 55
48, 54
49, 53
50, 52
50, 51
50, 50
50, 50
50, 50
49, 51
48, 52
47, 53
46, 54
46, 54
47, 53
48, 52
49, 51
50, 50
50, 50
50, 50
50, 50
50, 50
50, 50
49, 51
48, 52
47, 53
47, 53
45, 73
46, 72
47, 71
48, 70
49, 69
50, 68
50, 68
45, 50
45, 50
44, 49
43, 48
42, 47
42, 47
43, 48
44, 49
45, 50
46, 50
47, 50
48, 50
48, 50
63, 65
63, 65
62, 66
62, 66
61, 67
60, 68
59, 69
58, 70
58, 70
52, 66
51, 65
50, 64
50, 62
50, 61
50, 60
50, 59
50, 58
50, 57
50, 56
50, 55
50, 54
50, 53
49, 52
48, 51
48, 51
47, 50
47, 50
53, 55
54, 56
55, 57
55, 57
56, 58
57, 59
58, 60
59, 61
60, 62
60, 62
49, 73
48, 72
47, 71
46, 70
46, 70
45, 69
44, 68
43, 67
42, 66
41, 65
41, 65
52, 48
52, 48
51, 49
50, 50
50, 50
50, 50
49, 51
49, 51
48, 54
47, 55
47, 55
46, 56
46, 56
47, 55
48, 54
49, 53
50, 52
50, 51
50, 50
50, 50
50, 50
50, 50
49, 51
49, 51
49, 51
51, 68
50, 69
49, 70
48, 71
47, 72
46, 73
45, 74
45, 75
45, 76
45, 77
45, 77
56, 62
56, 62
57, 63
58, 64
59, 65
59, 66
59, 66
59, 67
59, 68
59, 68
57, 57
57, 57
56, 58
55, 59
54, 60
54, 60
53, 61
53, 61
47, 55
46, 56
46, 56
47, 55
48, 54
49, 53
50, 52
50, 51
50, 50
49, 51
48, 52
48, 52
59, 70
60, 69
61, 68
62, 68
63, 67
64, 67
65, 68
66, 68
66, 69
66, 69
51, 69
50, 70
51, 70
50, 71
49, 72
48, 73
47, 72
47, 72
57, 67
58, 66
58, 65
57, 64
57, 63
56, 62
56, 63
56, 63
50, 51
51, 50
52, 51
51, 51
51, 52
50, 51
49, 51
50, 52
50, 53
50, 53
58, 70
58, 71
57, 72
58, 73
57, 73
57, 74
56, 73
57, 73
56, 72
57, 71
57, 71
49, 51
48, 51
47, 50
46, 49
45, 48
46, 49
46, 50
46, 51
46, 51
55, 58
56, 58
55, 59
54, 59
55, 58
56, 58
57, 59
57, 60
58, 61
58, 61
56, 70
56, 71
56, 70
55, 71
55, 72
54, 71
55, 72
54, 72
54, 72
56, 71
56, 70
55, 69
54, 69
53, 70
52, 69
53, 70
53, 70
31, 65
32, 65
32, 66
33, 65
34, 64
35, 65
36, 66
36, 67
36, 66
35, 66
35, 66
37, 65
36, 65
35, 65
34, 66
35, 67
35, 68
36, 68
37, 69
37, 69
47, 51
48, 51
47, 52
47, 51
47, 52
48, 53
47, 53
47, 52
47, 52
41, 32
40, 33
41, 34
42, 33
42, 32
41, 31
42, 32
42, 32
59, 67
59, 66
58, 67
58, 66
58, 65
59, 66
60, 65
61, 64
60, 63
60, 63
59, 63
60, 64
60, 65
59, 65
58, 66
58, 67
59, 67
59, 67
45, 76
46, 75
45, 76
45, 75
45, 74
44, 74
44, 74
48, 52
49, 53
49, 52
48, 53
49, 54
49, 53
50, 54
50, 54
48, 50
47, 51
48, 51
48, 50
47, 51
47, 50
46, 51
46, 52
45, 52
45, 52
46, 51
45, 50
46, 51
46, 50
46, 49
45, 50
44, 51
43, 50
43, 50
45, 48
44, 47
44, 46
44, 47
43, 48
43, 47
43, 48
43, 47
44, 47
43, 47
43, 47
54, 62
54, 61
54, 62
55, 61
54, 60
54, 59
53, 58
53, 58
42, 64
42, 65
42, 64
41, 64
42, 65
41, 66
40, 67
39, 68
39, 68
39, 56
38, 57
39, 58
38, 58
39, 58
38, 58
39, 59
40, 58
41, 57
40, 56
40, 56
54, 50
55, 50
55, 49
54, 49
55, 50
55, 49
55, 49
59, 64
60, 63
61, 64
60, 63
61, 63
62, 62
61, 63
60, 64
60, 64
40, 69
39, 68
39, 69
39, 70
38, 69
39, 69
40, 70
39, 71
39, 71
57, 62
56, 62
57, 63
56, 63
57, 62
56, 62
55, 62
56, 62
56, 63
56, 63
46, 53
45, 53
46, 54
47, 53
47, 52
47, 52
54, 59
55, 58
56, 59
57, 60
56, 59
56, 59
43, 48
44, 47
43, 46
43, 47
44, 46
44, 47
44, 47
44, 51
44, 52
45, 53
45, 52
44, 51
44, 52
43, 53
44, 53
45, 53
45, 53
51, 53
52, 54
51, 53
50, 54
49, 55
50, 56
49, 56
48, 55
49, 56
49, 56
54, 49
55, 49
55, 50
54, 49
53, 49
53, 49
47, 52
48, 51
49, 51
50, 51
50, 50
51, 51
50, 52
50, 51
49, 51
49, 51
54, 69
54, 68
53, 69
52, 68
53, 69
54, 70
53, 70
54, 69
54, 69
55, 73
54, 72
54, 71
53, 71
54, 70
53, 70
54, 71
53, 72
54, 71
53, 71
53, 71
58, 71
59, 72
60, 72
60, 71
61, 70
62, 69
63, 70
63, 71
63, 71
60, 66
60, 65
59, 65
60, 64
59, 65
59, 65
50, 54
49, 55
50, 56
49, 55
50, 54
51, 53
51, 53
56, 62
56, 63
57, 64
56, 63
56, 62
57, 63
58, 62
59, 62
60, 61
61, 62
61, 62
43, 75
44, 75
43, 75
44, 76
43, 75
43, 74
44, 73
44, 73
66, 70
67, 70
66, 70
66, 69
65, 69
65, 68
64, 67
64, 68
65, 69
65, 69
41, 31
40, 31
39, 30
38, 31
39, 32
40, 32
39, 33
39, 33
41, 57
41, 56
40, 56
41, 57
41, 56
42, 55
42, 54
43, 55
42, 54
42, 54
38, 70
37, 70
36, 71
37, 71
38, 71
38, 72
37, 71
36, 72
36, 72
48, 71
47, 72
46, 72
46, 71
46, 72
46, 72
42, 51
42, 52
43, 51
43, 52
42, 51
43, 51
43, 52
43, 52
35, 65
36, 65
37, 65
36, 65
36, 64
36, 65
36, 66
36, 65
36, 65
36, 73
35, 74
35, 75
36, 75
37, 74
36, 74
36, 74
40, 71
40, 70
39, 71
40, 70
39, 71
39, 71
35, 65
35, 64
36, 64
36, 65
35, 66
36, 65
36, 65
45, 72
46, 73
47, 74
46, 74
45, 75
44, 74
43, 75
44, 75
45, 76
45, 77
45, 77
43, 72
42, 72
41, 71
41, 72
40, 72
41, 73
42, 73
43, 73
43, 74
42, 75
42, 75
50, 52
49, 52
49, 51
49, 50
48, 51
47, 51
47, 52
48, 53
49, 53
49, 53
53, 69
54, 68
54, 67
55, 67
56, 66
55, 67
56, 66
55, 65
55, 65
46, 52
46, 51
45, 51
44, 52
44, 51
44, 51
46, 52
45, 53
46, 54
47, 55
46, 55
46, 56
47, 57
47, 57
62, 63
63, 63
64, 63
64, 62
63, 61
62, 61
63, 60
62, 61
61, 61
62, 60
62, 60
56, 60
55, 59
55, 58
55, 59
54, 60
54, 59
54, 58
53, 58
52, 59
52, 59
60, 65
59, 66
59, 65
58, 64
59, 64
60, 64
59, 64
59, 64
45, 47
46, 47
47, 46
48, 46
47, 46
46, 46
45, 47
45, 47
64, 69
63, 70
63, 71
63, 72
62, 73
63, 73
62, 72
62, 71
61, 72
62, 73
62, 73
53, 70
53, 69
54, 70
55, 71
55, 72
55, 71
54, 71
55, 72
55, 72
38, 34
37, 33
38, 34
37, 35
36, 36
35, 35
34, 35
35, 35
34, 34
34, 34
43, 53
44, 53
43, 52
42, 52
41, 51
42, 51
41, 50
42, 51
43, 50
44, 51
44, 51
62, 71
61, 70
62, 69
62, 70
61, 69
61, 69
58, 65
59, 64
58, 64
58, 63
57, 63
58, 62
59, 63
59, 63
57, 64
56, 64
57, 63
58, 63
58, 64
59, 65
58, 64
58, 65
58, 65
54, 48
55, 49
54, 50
54, 51
53, 52
52, 53
53, 54
53, 55
53, 55
50, 56
50, 57
50, 58
50, 59
49, 59
49, 58
49, 59
50, 59
51, 60
51, 60
42, 53
43, 53
44, 52
45, 53
44, 54
45, 54
44, 53
45, 53
44, 53
43, 52
43, 52
49, 52
48, 53
47, 52
47, 53
48, 52
49, 51
48, 52
48, 53
47, 54
47, 54
37, 74
37, 73
37, 74
38, 73
39, 72
40, 73
40, 73
51, 59
50, 60
49, 60
50, 61
51, 62
51, 62
63, 74
63, 75
63, 76
64, 75
65, 74
66, 74
66, 73
66, 73
46, 48
46, 49
45, 49
45, 50
45, 51
44, 50
44, 51
45, 51
46, 50
47, 51
47, 51
55, 66
55, 67
54, 66
53, 67
52, 67
52, 67
38, 70
38, 71
39, 71
40, 72
39, 71
40, 70
40, 70
59, 65
60, 64
60, 65
61, 65
61, 66
60, 67
59, 67
60, 67
59, 67
59, 67
61, 68
62, 67
63, 68
62, 68
63, 69
64, 69
63, 70
63, 69
62, 68
63, 69
63, 69
60, 64
59, 63
60, 62
61, 62
60, 61
61, 60
61, 59
61, 58
61, 59
61, 59
49, 54
48, 53
47, 53
47, 52
46, 53
45, 54
45, 54
63, 61
62, 62
62, 63
62, 62
62, 63
61, 62
62, 62
62, 61
62, 61
44, 77
43, 78
44, 78
44, 79
45, 80
45, 81
45, 81
54, 72
54, 71
53, 72
52, 71
53, 71
54, 71
55, 70
54, 71
54, 72
54, 73
54, 73
50, 59
51, 59
52, 60
53, 59
54, 60
53, 60
54, 59
54, 58
55, 59
54, 59
54, 59
46, 57
47, 57
47, 56
47, 57
47, 58
48, 58
47, 58
46, 57
46, 56
46, 56
47, 53
47, 52
48, 53
47, 53
46, 53
46, 52
45, 52
44, 53
44, 53
41, 75
40, 76
39, 77
40, 77
40, 76
39, 75
38, 75
37, 75
38, 75
37, 74
37, 74
54, 54
53, 54
53, 55
54, 54
54, 55
54, 55
59, 64
60, 63
61, 62
60, 63
60, 62
60, 63
60, 62
60, 62
44, 52
43, 53
43, 54
44, 54
43, 54
44, 53
43, 53
44, 54
45, 53
46, 52
46, 52
43, 52
42, 52
43, 53
43, 54
42, 54
42, 54
44, 52
43, 51
44, 51
43, 51
42, 51
43, 51
43, 50
44, 51
44, 50
43, 51
43, 51
34, 35
33, 35
33, 34
32, 35
33, 34
33, 34
36, 64
35, 64
35, 63
35, 64
34, 65
35, 65
36, 64
36, 64
61, 58
62, 58
62, 59
62, 60
61, 60
60, 61
59, 62
59, 62
47, 50
48, 51
49, 50
50, 51
51, 51
52, 50
53, 50
52, 50
51, 50
51, 51
51, 51
41, 74
42, 75
43, 75
42, 74
43, 75
44, 76
44, 75
45, 74
44, 73
43, 74
43, 74
45, 53
45, 54
44, 53
45, 53
46, 52
45, 52
45, 51
44, 50
45, 51
45, 50
45, 50
65, 73
64, 72
65, 73
64, 72
65, 72
65, 72
32, 33
33, 32
34, 31
35, 31
36, 31
36, 32
36, 31
37, 31
36, 31
36, 32
36, 32
40, 69
40, 70
41, 71
42, 71
42, 72
43, 73
43, 73
58, 68
59, 67
59, 68
59, 67
58, 68
59, 68
58, 69
57, 68
57, 68
36, 73
36, 72
35, 71
36, 70
36, 71
36, 70
36, 69
36, 68
37, 68
37, 68
62, 69
63, 70
62, 71
63, 71
62, 72
63, 71
64, 71
64, 72
64, 72
61, 62
61, 61
62, 62
62, 63
62, 64
61, 65
60, 66
60, 65
60, 65
52, 61
51, 62
51, 63
50, 62
50, 61
51, 61
50, 60
50, 61
50, 61
42, 55
41, 55
42, 55
42, 56
43, 56
42, 57
43, 56
43, 56
36, 63
36, 62
37, 62
37, 61
37, 60
37, 61
37, 62
37, 62
44, 80
44, 81
45, 81
45, 82
46, 81
47, 82
47, 81
47, 81
47, 55
47, 56
46, 57
47, 57
48, 57
49, 58
48, 58
49, 59
50, 60
50, 60
61, 60
61, 59
60, 59
61, 59
60, 58
61, 57
61, 57
47, 51
47, 52
47, 51
48, 52
49, 52
48, 51
49, 50
50, 49
49, 50
50, 51
50, 51
44, 52
43, 52
42, 51
42, 50
42, 49
42, 50
41, 49
40, 48
40, 48
55, 73
55, 74
56, 74
57, 74
58, 73
59, 74
59, 75
59, 75
55, 54
55, 55
56, 55
55, 55
56, 54
55, 55
56, 55
56, 55
55, 58
56, 57
55, 57
54, 58
53, 57
53, 56
54, 57
55, 56
55, 56
51, 67
52, 68
52, 67
51, 67
52, 68
52, 68
45, 52
44, 51
45, 52
46, 52
46, 51
46, 52
46, 52
45, 51
45, 52
45, 53
45, 54
45, 53
45, 53
59, 76
58, 75
58, 76
58, 77
57, 78
57, 77
57, 77
58, 69
58, 70
59, 70
59, 71
59, 72
59, 71
60, 71
59, 72
60, 71
61, 70
61, 70
59, 61
58, 61
58, 60
57, 60
57, 59
56, 60
57, 60
58, 60
58, 60
44, 74
45, 75
46, 76
47, 77
47, 76
48, 76
47, 76
47, 75
48, 74
48, 73
48, 73
61, 64
62, 65
61, 66
61, 67
62, 67
62, 67
62, 56
62, 57
63, 57
62, 56
62, 57
63, 58
63, 58
57, 54
57, 53
57, 54
56, 54
56, 53
55, 54
54, 53
55, 54
54, 55
55, 56
55, 56
42, 56
41, 55
41, 54
42, 55
42, 56
41, 55
40, 56
41, 56
40, 56
41, 57
41, 57
44, 74
45, 75
46, 74
47, 75
48, 74
49, 74
49, 74
50, 52
51, 51
51, 50
52, 49
51, 48
51, 47
51, 46
52, 47
52, 47
35, 32
34, 32
33, 31
33, 32
34, 33
33, 34
32, 35
33, 35
34, 36
34, 36
65, 71
64, 72
65, 72
64, 72
65, 71
64, 71
64, 72
65, 73
66, 73
66, 73
54, 56
53, 55
54, 55
53, 55
52, 56
52, 56
51, 61
50, 62
49, 61
49, 60
50, 60
51, 59
51, 59
41, 48
40, 49
41, 49
42, 49
41, 49
42, 49
41, 50
41, 51
42, 50
41, 50
41, 50
65, 71
65, 70
64, 69
64, 68
63, 68
63, 69
63, 68
64, 67
64, 67
47, 80
47, 79
48, 79
47, 79
46, 78
46, 78
51, 69
52, 69
53, 68
52, 68
52, 67
51, 68
51, 68
36, 69
35, 69
34, 69
35, 69
34, 70
33, 71
34, 72
34, 71
35, 72
35, 72
45, 51
44, 50
44, 51
43, 51
43, 52
44, 52
43, 51
43, 51
49, 61
50, 62
51, 61
52, 61
51, 61
52, 60
52, 60
50, 50
51, 50
50, 49
51, 49
52, 48
52, 49
53, 50
53, 51
54, 51
55, 50
55, 50
38, 61
37, 62
36, 62
36, 61
37, 61
36, 62
35, 63
35, 62
35, 62
48, 75
47, 76
46, 75
47, 74
46, 74
47, 75
47, 75
44, 52
45, 51
44, 52
45, 51
44, 51
44, 51
57, 60
57, 59
58, 59
59, 60
58, 61
58, 61
34, 71
33, 72
32, 72
31, 71
32, 72
33, 73
33, 73
46, 54
47, 53
48, 53
47, 53
48, 53
49, 54
50, 53
51, 54
52, 55
52, 55
45, 78
46, 77
46, 78
47, 79
48, 78
49, 78
50, 78
50, 78
61, 66
60, 67
61, 67
62, 66
61, 65
60, 65
61, 65
60, 65
59, 64
59, 64
56, 49
55, 50
55, 49
56, 49
57, 48
57, 48
40, 56
39, 56
38, 55
39, 54
40, 55
40, 55
48, 72
49, 71
49, 72
50, 72
49, 71
48, 71
49, 72
50, 72
50, 72
52, 58
51, 59
50, 58
49, 58
50, 58
49, 57
49, 57
35, 37
35, 36
36, 37
35, 36
34, 37
34, 37
52, 69
51, 68
50, 69
51, 68
50, 67
51, 68
51, 67
51, 67
65, 67
66, 66
67, 66
68, 67
68, 66
68, 67
69, 67
69, 67
58, 76
58, 77
59, 76
58, 76
59, 76
59, 75
60, 74
59, 74
59, 74
63, 59
64, 60
64, 59
63, 59
62, 58
63, 57
62, 58
62, 58
40, 49
41, 49
42, 48
42, 47
43, 46
43, 47
43, 48
43, 47
44, 47
44, 47
51, 55
50, 56
51, 55
50, 55
49, 54
49, 55
50, 56
50, 57
50, 57
60, 69
59, 70
58, 70
57, 71
58, 71
57, 72
56, 72
56, 72
52, 48
51, 48
51, 47
52, 47
53, 48
52, 49
53, 50
53, 50
67, 73
68, 74
69, 75
69, 74
70, 74
71, 73
72, 73
73, 73
72, 73
73, 74
73, 74
56, 57
56, 56
57, 56
56, 55
56, 54
56, 53
55, 53
55, 54
54, 55
54, 55
34, 63
33, 63
33, 62
33, 61
33, 62
33, 62
52, 59
53, 59
52, 60
51, 60
50, 61
51, 60
52, 59
52, 60
52, 60
43, 46
42, 47
43, 48
42, 49
41, 48
41, 47
40, 48
40, 49
39, 50
38, 50
38, 50
51, 66
52, 67
53, 66
53, 67
54, 66
53, 65
54, 66
53, 67
53, 67
57, 47
58, 47
58, 48
57, 48
58, 47
58, 48
58, 48
48, 57
47, 57
46, 57
47, 56
46, 57
47, 57
46, 57
47, 56
46, 56
46, 56
63, 58
64, 59
65, 60
65, 59
65, 58
66, 59
66, 59
34, 61
33, 62
32, 62
32, 61
32, 60
32, 59
31, 58
31, 58
53, 54
54, 55
53, 55
52, 56
53, 57
52, 56
53, 55
54, 54
54, 55
54, 56
54, 56
51, 79
50, 79
50, 80
51, 81
52, 82
52, 82
72, 74
73, 74
73, 73
72, 72
72, 71
72, 70
72, 69
71, 68
72, 67
72, 68
72, 68
53, 59
52, 60
52, 59
53, 59
54, 60
55, 59
56, 59
57, 60
56, 60
56, 60
60, 63
59, 62
60, 62
60, 63
61, 62
62, 63
62, 63
33, 36
34, 37
33, 38
33, 37
33, 38
33, 38
70, 67
69, 68
68, 67
67, 66
67, 67
68, 66
69, 66
68, 66
67, 65
67, 65
60, 74
59, 73
59, 72
60, 73
59, 74
60, 75
60, 75
55, 55
55, 54
54, 54
53, 54
52, 53
53, 54
54, 54
55, 53
54, 53
54, 54
54, 54
49, 57
48, 58
47, 58
47, 57
46, 56
46, 55
47, 55
47, 54
47, 54
49, 73
48, 74
49, 74
48, 73
49, 74
48, 75
49, 75
50, 74
50, 75
51, 76
51, 76
48, 75
49, 75
49, 76
50, 77
49, 76
49, 77
48, 77
48, 77
39, 55
40, 54
40, 55
41, 55
41, 54
41, 55
40, 55
39, 54
40, 54
41, 54
41, 54
33, 72
32, 71
33, 70
34, 70
33, 69
33, 69
43, 51
42, 52
43, 51
42, 51
42, 50
41, 49
40, 48
39, 47
39, 47
57, 62
56, 61
55, 62
54, 61
54, 62
55, 63
54, 63
53, 64
54, 65
54, 65
52, 49
53, 50
52, 50
53, 49
54, 49
53, 48
54, 49
55, 50
55, 50
55, 71
56, 71
55, 71
55, 72
54, 73
53, 72
53, 72
38, 51
39, 52
40, 52
40, 53
39, 54
38, 54
37, 55
37, 54
38, 53
39, 52
39, 52
57, 60
56, 59
57, 58
58, 57
57, 58
57, 59
57, 59
50, 75
50, 74
49, 73
50, 72
49, 73
48, 74
49, 73
50, 73
50, 74
50, 74
57, 49
56, 49
56, 48
57, 49
56, 49
55, 49
55, 50
56, 49
56, 49
65, 58
64, 59
65, 58
65, 57
66, 58
66, 58
47, 53
47, 54
48, 55
47, 56
47, 57
46, 57
47, 57
48, 57
48, 57
47, 55
47, 54
47, 55
46, 54
45, 54
46, 55
45, 54
44, 54
44, 54
30, 58
29, 59
30, 60
31, 60
30, 59
30, 59
59, 74
58, 75
59, 75
60, 76
60, 77
59, 76
59, 75
59, 75
55, 49
54, 48
53, 48
54, 48
55, 49
55, 50
54, 49
55, 50
56, 49
56, 49
34, 38
35, 39
34, 38
35, 39
34, 39
34, 38
35, 39
36, 39
36, 38
36, 38
67, 66
66, 65
65, 64
65, 63
66, 63
67, 62
68, 61
67, 62
67, 62
73, 69
72, 68
71, 69
71, 68
70, 69
69, 70
69, 70
40, 54
39, 53
39, 54
40, 55
41, 55
42, 56
43, 57
42, 57
42, 57
63, 63
62, 62
61, 61
60, 60
59, 60
60, 60
59, 60
59, 60
49, 77
48, 78
49, 79
49, 78
50, 79
49, 78
49, 78
55, 64
54, 64
54, 63
55, 64
56, 63
55, 62
56, 63
57, 64
57, 64
54, 53
54, 54
54, 53
55, 53
56, 54
57, 55
58, 56
58, 56
52, 67
52, 68
53, 68
53, 69
52, 70
53, 69
52, 70
52, 71
52, 71
52, 71
51, 72
50, 72
50, 71
51, 71
50, 71
50, 71
53, 56
52, 56
53, 57
53, 56
52, 56
52, 56
34, 70
35, 71
34, 70
34, 69
33, 68
34, 67
34, 67
38, 47
37, 48
36, 49
35, 49
35, 48
35, 47
35, 46
36, 46
35, 47
35, 47
51, 81
50, 82
49, 82
50, 82
49, 83
48, 82
49, 83
49, 84
48, 83
48, 83
40, 51
39, 50
40, 49
41, 48
42, 47
43, 48
43, 49
42, 49
41, 50
41, 50
34, 48
35, 49
34, 50
34, 51
35, 51
34, 50
34, 50
57, 60
56, 59
56, 60
56, 59
56, 60
55, 59
54, 60
53, 59
52, 58
52, 58
55, 49
56, 48
57, 47
56, 46
55, 45
55, 45
57, 55
57, 54
58, 53
58, 54
58, 55
58, 55
56, 48
55, 49
56, 49
56, 50
57, 49
57, 49
41, 56
40, 56
41, 56
40, 56
41, 57
41, 57
66, 57
67, 56
68, 57
68, 56
69, 56
69, 56
49, 70
50, 70
51, 70
50, 70
51, 70
51, 70
50, 79
51, 80
50, 79
49, 79
48, 79
49, 79
50, 79
49, 79
50, 78
50, 78
49, 57
49, 58
48, 58
49, 58
49, 59
49, 59
58, 74
58, 75
58, 76
59, 77
60, 76
59, 77
58, 78
58, 77
58, 77
67, 61
67, 62
66, 63
67, 62
66, 63
67, 62
66, 61
66, 61
69, 69
68, 68
68, 69
68, 68
67, 67
66, 67
66, 66
67, 65
67, 65
35, 68
34, 67
33, 66
34, 67
33, 68
34, 67
35, 67
34, 67
33, 66
33, 66
51, 71
50, 71
49, 71
49, 72
49, 73
50, 72
50, 72
51, 55
52, 54
51, 55
50, 56
51, 56
52, 57
53, 56
53, 55
53, 55
49, 73
48, 74
49, 75
49, 74
49, 75
49, 74
49, 74
48, 82
47, 83
47, 84
46, 83
45, 82
46, 83
45, 82
44, 81
45, 82
45, 82
58, 61
59, 60
58, 59
57, 60
58, 59
57, 59
58, 60
58, 60
45, 54
44, 55
43, 55
42, 54
42, 55
41, 56
41, 57
41, 58
40, 57
41, 56
41, 56
31, 58
31, 57
32, 57
33, 58
34, 58
34, 57
35, 58
35, 58
35, 39
34, 39
35, 38
36, 37
35, 38
34, 37
33, 38
34, 37
34, 37
57, 63
58, 64
59, 63
59, 62
59, 63
58, 64
58, 63
59, 64
59, 64
52, 70
53, 71
52, 71
53, 72
52, 72
52, 72
40, 56
41, 55
40, 55
41, 55
40, 54
40, 53
39, 54
39, 55
40, 55
40, 55
44, 82
45, 81
44, 81
45, 81
46, 81
47, 81
48, 82
48, 82
57, 60
57, 59
56, 59
57, 58
58, 57
57, 56
58, 57
58, 56
58, 56
59, 77
59, 76
58, 77
57, 78
56, 78
56, 78
50, 73
50, 72
51, 72
52, 72
52, 73
51, 72
51, 71
50, 71
50, 70
50, 70
32, 67
33, 66
32, 65
32, 66
33, 67
33, 66
34, 65
33, 66
34, 65
35, 64
35, 64
55, 44
56, 45
55, 44
54, 43
55, 43
55, 43
56, 48
57, 48
58, 48
57, 49
58, 48
58, 47
59, 48
59, 48
57, 54
57, 53
58, 53
57, 53
58, 54
58, 55
58, 54
57, 54
56, 54
56, 54
58, 65
57, 64
56, 65
55, 65
56, 65
56, 64
55, 64
56, 63
56, 63
66, 65
65, 65
64, 64
63, 63
62, 62
63, 63
63, 64
63, 64
54, 55
53, 56
53, 57
52, 56
51, 55
52, 54
53, 55
53, 54
53, 54
48, 74
47, 74
46, 75
45, 74
46, 75
47, 74
48, 75
48, 75
68, 57
69, 58
69, 57
68, 57
67, 56
68, 57
68, 58
67, 58
67, 58
66, 60
66, 61
67, 60
68, 59
67, 58
66, 58
66, 58
53, 58
54, 58
55, 59
54, 60
54, 61
53, 62
52, 63
52, 63
40, 49
39, 50
40, 51
39, 50
39, 49
40, 50
41, 50
40, 50
40, 50
33, 50
33, 51
32, 50
31, 51
31, 50
32, 51
33, 51
33, 51
34, 58
35, 58
36, 58
37, 58
38, 57
39, 56
39, 57
40, 56
40, 56
51, 78
52, 77
51, 78
52, 77
51, 76
50, 76
50, 76
35, 38
36, 39
37, 39
36, 38
37, 39
37, 38
38, 37
39, 37
39, 37
48, 58
47, 57
47, 56
48, 56
49, 55
49, 55
42, 57
41, 57
41, 56
40, 56
41, 57
40, 57
39, 57
39, 58
38, 57
39, 57
39, 57
49, 75
50, 74
51, 74
51, 73
50, 72
49, 73
49, 74
50, 74
50, 74
36, 65
37, 66
37, 67
38, 68
37, 67
36, 67
37, 66
36, 66
37, 67
37, 67
39, 51
39, 50
38, 51
38, 52
38, 53
39, 54
38, 54
39, 55
39, 55
56, 62
55, 62
54, 61
55, 60
54, 60
53, 61
52, 62
51, 61
51, 61
41, 56
42, 55
42, 54
42, 53
41, 52
41, 52
50, 71
51, 70
51, 71
52, 70
53, 70
53, 69
53, 69
49, 75
49, 76
48, 75
47, 75
46, 76
47, 76
48, 77
48, 77
38, 57
37, 57
38, 56
39, 56
38, 57
38, 58
37, 57
38, 57
38, 57
56, 55
55, 54
56, 54
57, 54
57, 55
56, 56
55, 57
56, 57
56, 57
34, 50
33, 49
33, 48
34, 47
35, 48
36, 48
36, 47
36, 47
47, 81
47, 80
47, 81
46, 81
47, 80
46, 79
46, 78
46, 78
59, 57
60, 57
59, 57
59, 58
58, 59
58, 60
58, 60
48, 56
47, 55
47, 56
48, 57
47, 58
46, 57
47, 58
48, 57
47, 57
47, 58
47, 58
64, 63
65, 62
64, 63
63, 63
62, 62
63, 63
64, 63
63, 62
63, 61
63, 61
41, 55
40, 54
41, 53
40, 53
40, 52
40, 53
41, 53
42, 52
43, 51
44, 52
44, 52
40, 36
41, 35
42, 35
43, 36
42, 35
41, 36
42, 36
43, 35
43, 35
53, 55
52, 55
53, 56
52, 56
53, 57
54, 57
53, 57
53, 57
51, 64
51, 63
52, 62
53, 62
52, 63
52, 63
66, 57
65, 57
65, 56
65, 57
66, 58
67, 58
67, 57
67, 57
51, 71
52, 71
53, 72
53, 73
54, 73
55, 73
55, 72
54, 72
54, 73
54, 74
54, 74
60, 47
61, 48
60, 49
61, 48
62, 47
62, 46
62, 45
63, 46
62, 47
62, 46
62, 46
67, 57
67, 58
67, 57
66, 56
67, 56
67, 57
66, 56
67, 56
66, 56
65, 57
65, 57
54, 44
53, 44
53, 43
53, 42
52, 43
53, 42
53, 42
55, 77
55, 78
56, 77
56, 76
56, 77
55, 76
54, 76
54, 75
54, 74
53, 73
53, 73
47, 78
47, 79
46, 78
46, 79
47, 80
46, 79
46, 79
35, 46
36, 46
37, 46
38, 46
38, 47
38, 46
38, 46
65, 58
65, 57
64, 57
64, 58
65, 59
65, 58
66, 59
66, 59
63, 46
63, 47
64, 47
65, 46
65, 45
65, 45
45, 53
46, 52
47, 53
46, 52
46, 51
47, 50
46, 49
47, 49
47, 49
57, 61
58, 60
57, 60
58, 61
58, 60
59, 60
59, 61
58, 61
57, 61
58, 60
58, 60
67, 58
66, 58
65, 57
64, 58
65, 57
65, 58
65, 57
65, 57
44, 36
43, 37
43, 38
43, 37
43, 38
42, 39
43, 40
42, 41
41, 41
41, 41
48, 59
49, 60
48, 59
49, 60
50, 59
50, 58
51, 59
52, 59
52, 59
40, 56
41, 56
40, 56
40, 57
41, 57
41, 57
56, 56
56, 55
57, 56
58, 56
57, 57
56, 57
55, 58
56, 58
56, 58
38, 58
39, 57
38, 57
38, 58
37, 57
36, 56
35, 57
35, 57
53, 56
54, 55
54, 54
55, 53
54, 54
55, 54
54, 54
54, 54
54, 70
53, 70
54, 69
54, 70
54, 71
53, 72
52, 73
52, 74
52, 73
53, 72
53, 72
62, 62
61, 63
60, 63
59, 64
58, 63
57, 63
56, 62
56, 61
57, 60
57, 60
50, 60
50, 59
49, 60
50, 61
51, 60
51, 61
51, 61
52, 73
53, 74
52, 74
53, 75
52, 74
51, 73
51, 73
53, 62
52, 61
52, 62
52, 63
53, 63
52, 63
52, 64
52, 65
53, 64
52, 64
52, 64
41, 53
42, 54
41, 55
41, 54
40, 54
39, 55
39, 54
39, 54
45, 77
46, 78
47, 79
48, 78
47, 77
48, 77
47, 77
47, 77
36, 67
36, 68
36, 69
35, 69
34, 69
33, 70
33, 69
33, 68
34, 67
35, 66
35, 66
54, 43
54, 42
53, 43
53, 42
53, 43
54, 44
54, 44
49, 75
50, 74
50, 75
51, 75
50, 75
51, 76
52, 76
53, 77
53, 77
53, 73
52, 72
52, 71
53, 70
54, 69
55, 70
55, 70
57, 58
58, 58
57, 57
56, 56
57, 55
58, 55
58, 55
57, 59
56, 60
55, 61
56, 60
57, 59
56, 59
55, 60
55, 60
47, 48
47, 47
47, 46
46, 45
45, 44
46, 43
46, 44
45, 45
46, 45
47, 44
47, 44
53, 65
52, 65
53, 64
54, 63
54, 64
53, 63
52, 63
52, 64
52, 64
66, 58
66, 59
66, 60
66, 59
67, 60
68, 59
67, 60
68, 61
68, 61
51, 59
51, 58
51, 57
50, 57
49, 56
48, 55
49, 54
48, 55
48, 55
65, 46
66, 46
67, 47
67, 48
67, 47
68, 46
69, 46
70, 47
70, 46
69, 46
69, 46
54, 77
55, 78
56, 78
55, 78
54, 77
55, 78
54, 77
54, 78
53, 78
53, 78
58, 61
59, 60
58, 61
59, 62
59, 61
59, 61
37, 47
38, 47
38, 48
38, 49
39, 50
39, 50
46, 78
47, 77
46, 77
46, 78
45, 77
46, 77
46, 77
35, 65
34, 64
35, 65
35, 66
35, 65
34, 65
34, 64
35, 63
35, 63
35, 58
35, 57
34, 58
34, 57
33, 58
32, 59
32, 60
33, 61
34, 60
34, 60
42, 56
41, 56
41, 57
42, 57
43, 57
44, 56
43, 57
42, 57
42, 57
47, 76
48, 75
48, 76
48, 75
47, 76
47, 76
54, 55
54, 56
53, 55
52, 55
51, 55
51, 55
51, 72
50, 73
50, 74
50, 73
50, 74
49, 75
48, 75
47, 76
48, 77
47, 76
47, 76
53, 44
54, 43
53, 43
53, 42
52, 42
53, 43
54, 44
55, 43
55, 43
52, 62
51, 62
51, 61
52, 61
51, 60
51, 60
55, 69
54, 70
53, 69
52, 69
51, 69
50, 68
49, 68
48, 68
48, 69
48, 69
42, 42
43, 41
43, 40
44, 40
43, 40
43, 41
42, 42
42, 43
42, 43
53, 73
54, 74
53, 75
52, 75
52, 76
52, 75
52, 75
67, 59
68, 60
67, 61
68, 62
67, 61
67, 60
67, 60
38, 53
39, 52
39, 53
40, 53
40, 54
39, 55
38, 54
38, 55
39, 55
39, 55
46, 45
46, 46
47, 47
46, 46
46, 47
46, 47
69, 47
70, 47
69, 46
68, 45
67, 46
67, 46
46, 75
47, 75
48, 76
48, 77
49, 76
48, 76
49, 75
48, 76
49, 77
49, 77
46, 77
47, 76
47, 77
48, 76
47, 75
47, 76
46, 77
46, 76
46, 76
68, 62
67, 61
66, 62
67, 62
67, 61
67, 61
54, 61
55, 61
55, 60
56, 60
56, 59
55, 59
56, 58
55, 57
56, 57
56, 57
39, 51
39, 50
38, 49
37, 50
36, 50
37, 51
38, 51
39, 51
39, 51
45, 77
45, 76
44, 76
45, 77
46, 78
46, 79
45, 78
44, 77
44, 77
57, 56
58, 57
59, 57
58, 56
58, 57
58, 56
58, 56
56, 42
56, 43
56, 42
56, 41
57, 41
58, 42
59, 42
58, 41
58, 41
38, 56
37, 55
38, 55
39, 55
38, 56
39, 56
39, 57
40, 56
40, 56
41, 56
41, 55
41, 54
42, 55
41, 56
42, 55
41, 56
42, 56
43, 56
44, 56
44, 56
43, 43
43, 42
43, 43
44, 43
45, 42
45, 42
49, 69
50, 68
51, 68
50, 69
51, 70
50, 71
49, 72
49, 72
49, 55
50, 55
50, 56
50, 57
51, 58
50, 59
51, 59
51, 58
51, 59
51, 59
68, 59
67, 60
68, 60
69, 59
68, 58
69, 59
68, 58
67, 57
68, 57
69, 57
69, 57
35, 62
34, 63
33, 63
34, 62
35, 61
34, 62
33, 63
33, 64
32, 64
32, 64
52, 63
51, 63
50, 62
51, 61
51, 60
51, 60
59, 60
59, 59
58, 58
57, 58
58, 58
58, 59
58, 60
59, 59
59, 60
59, 60
52, 56
51, 55
52, 55
53, 54
52, 55
53, 54
52, 54
52, 54
53, 77
52, 77
51, 77
50, 78
51, 78
51, 77
50, 76
50, 76
35, 59
34, 60
34, 59
33, 59
33, 60
32, 59
33, 60
32, 61
31, 61
30, 62
30, 62
51, 75
50, 75
49, 76
49, 77
50, 77
49, 77
49, 77
50, 59
49, 60
48, 60
49, 60
50, 61
49, 61
50, 60
50, 60
66, 60
65, 60
66, 60
65, 59
66, 58
65, 59
65, 58
65, 59
66, 58
66, 58
48, 72
48, 73
48, 74
48, 75
47, 76
46, 75
45, 74
44, 74
44, 75
45, 75
45, 75
58, 42
59, 43
59, 44
60, 43
59, 44
59, 43
59, 42
60, 41
60, 41
51, 75
50, 75
51, 74
52, 74
52, 75
53, 76
53, 76
68, 46
68, 47
69, 46
68, 46
69, 45
69, 44
69, 43
70, 44
70, 43
69, 44
69, 44
47, 46
48, 47
47, 46
48, 46
48, 45
48, 44
49, 44
49, 44
47, 77
48, 78
48, 77
48, 76
49, 76
48, 75
47, 74
48, 73
48, 72
47, 72
47, 72
52, 60
53, 60
54, 59
55, 60
54, 60
55, 60
55, 61
56, 60
55, 59
55, 59
50, 77
50, 78
49, 79
49, 78
49, 79
50, 79
49, 78
50, 77
50, 77
31, 62
32, 62
31, 62
32, 61
32, 60
31, 60
32, 59
31, 58
31, 58
50, 59
50, 58
50, 59
49, 60
48, 60
49, 61
50, 62
50, 62
48, 78
47, 78
48, 79
48, 80
47, 81
47, 81
58, 60
58, 61
58, 62
59, 62
59, 63
60, 63
59, 62
60, 63
60, 64
60, 64
55, 58
54, 58
54, 57
53, 58
54, 57
53, 58
53, 58
51, 55
50, 56
49, 55
50, 55
49, 56
49, 55
50, 54
49, 53
49, 54
49, 54
31, 63
31, 62
32, 62
33, 61
32, 61
32, 61
46, 43
47, 44
46, 43
45, 42
46, 41
46, 40
45, 41
44, 41
44, 41
49, 61
48, 60
49, 61
48, 60
49, 61
50, 62
49, 61
50, 61
50, 61
43, 55
43, 54
43, 53
43, 54
42, 54
42, 55
43, 54
44, 54
43, 54
44, 54
44, 54
44, 78
45, 77
45, 76
44, 75
43, 76
43, 77
44, 78
45, 79
45, 79
57, 57
56, 57
57, 57
56, 58
57, 57
58, 56
57, 56
57, 56
70, 56
71, 56
70, 57
71, 58
72, 58
72, 58
39, 56
40, 57
39, 56
40, 57
41, 58
40, 59
41, 60
41, 61
42, 60
42, 60
40, 50
40, 49
41, 49
40, 50
39, 50
38, 50
37, 49
37, 49
45, 78
44, 79
44, 78
44, 77
45, 77
44, 78
43, 78
42, 78
42, 78
31, 60
32, 59
32, 58
31, 57
30, 56
31, 56
30, 55
29, 56
29, 56
69, 45
68, 45
68, 46
69, 47
69, 46
69, 46
50, 62
50, 61
50, 60
51, 60
51, 61
51, 61
67, 58
67, 57
67, 56
68, 57
68, 56
69, 55
70, 54
71, 54
70, 53
70, 53
59, 42
58, 43
59, 43
58, 44
57, 43
57, 43
59, 63
60, 62
61, 61
61, 60
60, 60
59, 59
60, 59
59, 59
58, 58
58, 57
58, 57
56, 57
56, 58
55, 58
54, 58
55, 58
56, 57
57, 56
57, 56
49, 55
50, 54
49, 55
48, 56
49, 57
50, 56
50, 56
45, 53
46, 52
45, 52
44, 53
44, 54
45, 54
46, 54
45, 54
46, 53
47, 53
47, 53
44, 76
45, 75
44, 75
43, 76
42, 75
41, 74
41, 73
42, 74
42, 75
43, 75
43, 75
47, 73
48, 74
49, 74
48, 75
47, 76
48, 75
49, 74
49, 75
50, 76
50, 76
55, 60
55, 59
55, 58
54, 58
55, 59
55, 60
55, 60
41, 60
42, 61
41, 60
40, 61
40, 62
41, 63
41, 63
37, 48
37, 47
38, 48
37, 48
36, 47
35, 47
34, 46
33, 47
32, 47
32, 46
32, 46
72, 57
72, 56
71, 57
71, 58
70, 57
69, 56
69, 56
48, 80
49, 81
49, 82
49, 83
48, 83
48, 84
47, 85
47, 86
47, 86
45, 42
44, 41
43, 41
44, 40
43, 41
44, 40
43, 39
43, 39
54, 75
55, 74
55, 73
54, 73
53, 72
53, 71
53, 72
53, 73
53, 73
30, 58
29, 57
29, 58
29, 59
29, 58
28, 58
27, 57
27, 57
54, 57
53, 57
54, 57
55, 58
55, 57
56, 56
56, 55
57, 55
57, 55
51, 78
52, 77
53, 76
54, 75
53, 76
54, 77
54, 77
48, 44
49, 44
48, 45
47, 45
48, 45
48, 45
49, 61
50, 61
49, 61
48, 60
49, 61
48, 60
48, 60
55, 61
55, 62
55, 61
56, 61
57, 61
58, 60
58, 61
57, 60
57, 60
48, 54
47, 55
46, 56
47, 55
48, 56
49, 56
49, 56
69, 47
70, 47
69, 46
68, 46
69, 45
68, 46
67, 47
68, 48
68, 47
68, 47
51, 62
52, 62
53, 61
53, 60
52, 59
51, 60
50, 61
50, 61
71, 53
72, 52
71, 53
70, 54
71, 54
71, 53
71, 53
28, 56
27, 55
26, 54
26, 53
25, 53
26, 53
25, 52
26, 53
26, 53
43, 79
42, 79
42, 78
41, 77
42, 78
43, 79
43, 79
58, 55
58, 54
57, 54
56, 55
56, 56
55, 56
54, 55
55, 55
55, 55
52, 72
51, 72
51, 71
52, 71
53, 71
53, 70
53, 69
52, 69
52, 69
51, 55
51, 54
52, 53
53, 53
52, 54
52, 55
53, 56
53, 55
52, 56
52, 55
52, 55
41, 62
41, 63
40, 62
39, 61
38, 62
38, 63
38, 63
32, 45
31, 44
30, 45
30, 46
29, 45
28, 46
28, 46
46, 86
47, 85
46, 85
47, 84
48, 85
49, 86
49, 86
57, 57
56, 56
55, 56
56, 56
57, 56
56, 55
56, 55
51, 77
50, 78
49, 78
49, 79
49, 78
49, 77
48, 77
47, 77
46, 78
45, 77
45, 77
26, 56
25, 57
26, 57
26, 58
27, 57
26, 58
27, 58
27, 58
42, 39
42, 38
42, 39
42, 38
43, 37
44, 36
44, 36
42, 74
42, 75
43, 74
42, 73
41, 73
42, 74
42, 75
43, 74
44, 74
44, 75
44, 75
47, 44
46, 44
46, 45
47, 46
48, 46
47, 45
47, 45
57, 42
57, 41
57, 42
58, 41
58, 42
57, 41
56, 40
56, 41
56, 41
68, 56
69, 55
70, 56
70, 55
71, 56
72, 55
73, 55
73, 55
54, 78
54, 79
54, 80
53, 81
54, 81
55, 80
55, 79
56, 80
56, 81
56, 80
56, 80
58, 58
58, 57
57, 57
57, 58
58, 59
57, 58
58, 57
58, 57
49, 61
48, 60
49, 59
48, 59
47, 58
48, 58
48, 58
54, 54
53, 55
54, 56
53, 55
52, 55
51, 54
50, 55
50, 55
58, 56
57, 57
56, 56
55, 57
56, 56
56, 56
50, 85
49, 85
48, 86
47, 86
48, 87
48, 87
43, 36
44, 36
45, 36
44, 37
43, 38
42, 39
43, 40
42, 40
42, 40
57, 54
56, 55
57, 54
58, 54
58, 53
57, 53
56, 53
56, 54
56, 54
25, 54
26, 54
25, 53
25, 54
25, 53
25, 52
25, 52
70, 53
71, 53
72, 52
71, 53
72, 52
73, 53
74, 53
74, 54
75, 53
74, 52
74, 52
45, 78
46, 78
45, 78
46, 78
47, 78
46, 78
47, 79
47, 79
58, 60
59, 61
58, 62
57, 62
58, 63
57, 64
58, 63
58, 63
38, 62
39, 62
40, 61
39, 62
39, 61
39, 61
55, 80
56, 79
57, 80
57, 81
57, 82
57, 81
58, 81
58, 80
58, 80
51, 56
50, 57
51, 57
52, 58
52, 59
51, 59
50, 58
49, 59
49, 60
49, 60
48, 59
49, 60
50, 60
50, 59
49, 59
50, 59
50, 59
43, 76
44, 76
43, 75
44, 76
43, 76
44, 75
44, 75
48, 46
48, 45
49, 45
49, 46
50, 46
49, 47
48, 47
47, 47
48, 46
48, 45
48, 45
42, 80
42, 79
41, 79
41, 78
42, 79
42, 79
53, 70
53, 71
54, 70
55, 70
54, 71
55, 70
54, 71
53, 72
52, 71
51, 72
51, 72
67, 48
68, 47
67, 48
67, 49
66, 48
66, 48
50, 62
50, 61
49, 60
50, 60
50, 59
49, 60
50, 61
51, 62
52, 61
52, 62
52, 62
26, 58
25, 58
26, 59
26, 60
25, 59
26, 59
27, 60
27, 60
29, 47
28, 46
28, 45
29, 45
28, 44
28, 45
27, 45
27, 44
27, 43
27, 43
50, 56
49, 55
48, 56
47, 56
48, 57
48, 57
55, 40
55, 41
56, 42
55, 42
54, 41
54, 41
74, 54
73, 53
74, 52
73, 53
72, 52
72, 52
26, 52
26, 51
27, 50
26, 51
27, 50
28, 49
27, 48
28, 47
29, 46
30, 46
30, 46
58, 64
59, 63
58, 64
57, 64
57, 63
57, 64
58, 65
58, 65
49, 58
48, 59
47, 58
47, 59
48, 60
49, 60
49, 60
56, 55
55, 55
56, 54
57, 53
58, 54
58, 55
58, 56
58, 55
58, 55
45, 75
46, 75
45, 75
44, 76
45, 75
45, 75
48, 86
48, 85
49, 86
50, 86
51, 87
51, 88
50, 87
49, 88
49, 88
49, 56
50, 56
51, 57
52, 56
52, 57
51, 56
50, 55
50, 55
52, 73
51, 74
52, 74
53, 74
52, 74
52, 74
55, 54
56, 55
55, 54
54, 55
54, 54
55, 55
54, 54
55, 54
55, 54
55, 42
54, 43
55, 44
56, 43
57, 42
56, 41
57, 40
57, 40
58, 79
58, 78
59, 79
60, 79
60, 80
59, 79
60, 79
60, 79
47, 57
46, 57
46, 56
46, 55
47, 54
48, 53
47, 53
46, 52
47, 53
48, 54
48, 54
28, 43
29, 43
30, 42
31, 41
31, 40
31, 39
30, 40
31, 39
31, 39
71, 53
72, 52
73, 52
72, 52
72, 53
72, 54
71, 55
71, 55
52, 61
51, 60
52, 61
53, 61
52, 61
52, 61
28, 59
29, 59
28, 60
29, 61
28, 60
28, 60
40, 62
39, 63
40, 62
41, 61
42, 61
41, 62
41, 61
41, 61
65, 47
66, 46
67, 45
68, 46
69, 47
68, 46
68, 47
69, 47
69, 47
43, 79
43, 80
44, 79
45, 78
44, 78
44, 78
47, 78
48, 78
48, 79
47, 80
48, 79
47, 80
47, 80
49, 45
48, 46
48, 47
49, 46
48, 45
47, 45
48, 44
48, 44
41, 40
41, 41
42, 41
42, 42
41, 42
42, 41
42, 42
41, 42
41, 42
50, 61
51, 61
52, 61
51, 61
50, 62
51, 63
51, 63
74, 53
74, 52
75, 52
74, 51
75, 51
74, 51
74, 51
42, 42
43, 42
42, 43
43, 43
42, 43
41, 42
42, 43
41, 42
41, 41
41, 41
47, 45
48, 46
47, 45
48, 46
48, 45
48, 44
48, 45
47, 45
46, 44
46, 43
46, 43
61, 78
62, 77
62, 78
62, 79
63, 80
62, 80
63, 79
63, 79
32, 40
33, 39
34, 38
33, 37
32, 38
33, 38
32, 39
33, 39
33, 40
33, 41
33, 41
57, 55
56, 55
57, 55
58, 54
57, 53
56, 53
57, 54
57, 55
57, 56
58, 56
58, 56
56, 54
56, 53
55, 53
55, 54
56, 55
57, 56
56, 57
55, 56
55, 57
55, 58
55, 58
31, 47
31, 46
30, 46
30, 47
31, 47
31, 46
32, 47
31, 47
32, 47
31, 46
31, 46
47, 81
47, 80
48, 80
47, 80
47, 79
48, 80
48, 80
42, 60
41, 61
40, 62
39, 63
40, 62
41, 62
41, 61
41, 61
56, 40
57, 40
56, 41
55, 41
56, 42
57, 43
58, 44
58, 44
52, 62
52, 63
53, 63
52, 62
53, 62
53, 63
53, 63
51, 55
50, 56
49, 55
49, 54
48, 53
48, 52
49, 52
50, 52
51, 53
51, 53
50, 61
51, 61
50, 61
49, 60
48, 59
49, 60
48, 60
48, 59
49, 59
48, 60
48, 60
75, 51
76, 50
76, 51
76, 50
75, 51
75, 51
58, 64
57, 64
57, 63
58, 62
58, 63
59, 64
59, 64
53, 74
52, 73
51, 72
50, 73
51, 74
52, 75
53, 76
52, 76
52, 77
51, 77
51, 77
49, 87
50, 86
51, 85
50, 85
51, 85
51, 86
51, 85
51, 85
70, 47
70, 46
70, 47
70, 46
69, 47
68, 46
69, 46
69, 45
70, 44
69, 43
69, 43
52, 63
51, 63
50, 64
51, 64
51, 65
50, 65
51, 64
52, 64
52, 63
52, 63
71, 54
70, 53
71, 54
70, 53
71, 53
71, 53
47, 53
48, 52
49, 51
48, 50
47, 49
47, 48
47, 49
47, 48
48, 49
48, 49
44, 77
44, 78
43, 77
42, 77
42, 76
42, 76
29, 59
29, 58
30, 58
30, 57
29, 57
28, 56
29, 57
30, 57
30, 57
44, 76
45, 75
46, 74
45, 74
44, 74
43, 74
42, 74
41, 73
42, 73
42, 73
30, 46
30, 47
31, 48
30, 47
30, 48
29, 48
30, 47
30, 47
75, 52
76, 52
76, 53
75, 54
74, 54
74, 54
40, 61
41, 61
41, 60
42, 60
41, 61
41, 60
40, 60
40, 60
72, 53
71, 53
70, 53
70, 54
71, 54
71, 53
71, 54
72, 53
73, 54
73, 54
47, 42
48, 43
49, 43
49, 44
50, 43
50, 44
51, 44
51, 43
51, 43
52, 64
51, 65
51, 64
52, 64
53, 64
52, 64
53, 63
52, 64
51, 64
51, 64
33, 40
32, 41
31, 42
32, 43
31, 44
31, 45
31, 44
32, 45
32, 45
43, 74
43, 75
44, 76
43, 76
42, 77
43, 76
43, 77
43, 77
48, 59
49, 59
48, 60
49, 60
50, 61
51, 61
52, 60
53, 59
53, 59
68, 42
69, 41
70, 40
69, 41
70, 40
69, 41
70, 40
69, 41
68, 42
69, 43
69, 43
41, 40
42, 40
43, 40
42, 40
41, 39
41, 39
51, 76
51, 75
50, 76
49, 77
49, 76
49, 75
50, 74
49, 73
49, 73
52, 53
53, 52
53, 51
52, 52
52, 53
51, 54
50, 54
50, 54
60, 63
60, 64
61, 65
62, 64
62, 65
63, 65
63, 65
52, 86
53, 85
53, 86
53, 87
52, 86
51, 85
51, 84
51, 84
41, 75
42, 74
41, 73
42, 73
41, 72
41, 72
51, 62
51, 61
52, 61
51, 61
50, 60
49, 60
50, 60
49, 60
50, 61
50, 61
49, 79
48, 78
47, 79
48, 80
47, 80
47, 80
56, 57
56, 58
56, 59
56, 60
56, 59
56, 58
56, 57
57, 56
57, 56
57, 44
56, 43
55, 43
54, 43
55, 44
56, 45
55, 46
56, 46
57, 45
57, 45
29, 57
29, 56
29, 55
28, 55
28, 54
27, 53
26, 53
25, 53
25, 53
47, 50
48, 50
47, 51
47, 52
47, 51
46, 51
45, 51
46, 50
46, 50
57, 57
57, 58
57, 59
58, 59
59, 58
58, 58
59, 58
60, 59
59, 58
60, 57
60, 57
62, 80
61, 79
62, 79
61, 79
60, 78
59, 77
58, 76
57, 75
56, 76
57, 75
57, 75
41, 60
42, 60
41, 60
42, 61
41, 61
41, 61
48, 80
49, 79
48, 80
47, 81
46, 81
46, 81
40, 72
39, 71
38, 70
39, 71
38, 70
38, 70
52, 42
51, 42
52, 42
51, 41
52, 41
51, 42
51, 42
56, 45
55, 44
56, 43
56, 42
56, 43
56, 42
56, 43
56, 43
44, 76
43, 77
43, 78
43, 77
44, 77
44, 77
52, 65
52, 66
52, 67
52, 66
51, 65
52, 66
51, 65
50, 65
50, 64
49, 64
49, 64
31, 46
32, 45
32, 44
33, 45
34, 44
33, 45
34, 44
35, 43
35, 42
35, 42
72, 54
73, 54
74, 53
75, 52
76, 52
75, 53
76, 54
76, 54
51, 83
50, 83
49, 82
50, 82
51, 83
51, 83
47, 50
47, 51
46, 51
46, 50
45, 50
46, 51
47, 52
47, 53
46, 52
45, 53
45, 53
26, 53
27, 53
28, 53
27, 53
26, 53
27, 53
26, 53
25, 53
24, 52
24, 52
56, 55
57, 55
57, 56
57, 57
58, 57
59, 57
58, 58
58, 58
49, 60
50, 59
49, 60
50, 59
51, 59
51, 59
75, 53
76, 52
75, 52
74, 51
75, 52
74, 53
73, 54
73, 54
62, 64
62, 65
63, 64
64, 63
64, 64
64, 64
50, 53
49, 53
49, 52
50, 53
50, 52
51, 51
50, 51
49, 52
49, 52
58, 75
59, 74
59, 75
58, 75
59, 74
60, 75
61, 75
61, 74
61, 74
68, 42
68, 43
67, 44
66, 44
65, 45
66, 45
66, 44
66, 44
48, 74
47, 73
47, 74
47, 75
47, 74
47, 75
48, 75
49, 74
49, 74
61, 57
62, 56
61, 57
60, 57
61, 58
61, 58
29, 46
28, 47
27, 48
27, 49
28, 49
27, 50
27, 50
53, 58
54, 57
55, 56
56, 56
57, 56
58, 57
57, 56
57, 56
42, 38
43, 38
43, 37
44, 38
43, 37
43, 37
50, 58
50, 59
51, 59
52, 59
53, 59
54, 58
55, 59
55, 60
54, 60
54, 60
63, 65
64, 64
63, 63
62, 64
63, 64
62, 63
61, 62
61, 62
48, 65
49, 65
50, 66
49, 66
50, 67
49, 67
49, 67
40, 61
41, 61
42, 61
41, 61
40, 61
40, 61
50, 53
49, 52
50, 51
49, 50
50, 51
51, 50
51, 50
66, 43
67, 43
66, 44
65, 43
64, 42
64, 43
63, 44
62, 45
62, 46
61, 45
61, 45
57, 44
56, 45
56, 46
57, 47
58, 48
59, 48
58, 47
58, 48
57, 48
57, 49
57, 49
73, 53
72, 52
72, 53
72, 52
73, 52
74, 51
75, 51
75, 51
36, 43
35, 42
34, 43
33, 44
34, 45
34, 45
28, 51
27, 51
27, 50
27, 51
28, 51
27, 50
27, 50
44, 53
45, 54
46, 53
47, 53
48, 53
49, 54
50, 54
49, 53
49, 53
44, 36
45, 36
44, 35
43, 36
42, 36
42, 36
51, 43
51, 42
50, 42
50, 41
49, 41
49, 41
75, 53
74, 52
75, 53
74, 52
75, 51
76, 51
75, 51
74, 51
74, 51
37, 71
38, 70
38, 71
39, 71
38, 71
37, 71
38, 71
38, 71
62, 75
62, 76
61, 76
62, 75
61, 76
61, 76
60, 58
61, 57
61, 58
62, 58
61, 57
62, 58
62, 57
61, 58
60, 57
59, 57
59, 57
43, 78
44, 77
43, 76
42, 75
42, 74
42, 73
43, 73
42, 72
42, 73
43, 72
43, 72
47, 81
48, 82
49, 83
48, 82
48, 83
48, 82
48, 83
48, 84
48, 84
49, 73
50, 74
49, 73
50, 74
50, 75
50, 75
24, 51
23, 50
22, 49
22, 48
21, 49
21, 50
22, 50
21, 50
21, 50
50, 84
49, 84
50, 83
50, 84
50, 85
51, 84
51, 84
57, 57
58, 58
57, 58
58, 57
57, 58
56, 58
56, 57
56, 57
59, 57
58, 58
59, 57
58, 57
58, 58
58, 57
58, 57
51, 74
50, 75
49, 76
49, 75
49, 74
48, 75
47, 76
48, 76
48, 76
48, 53
48, 52
49, 51
49, 50
48, 50
49, 50
50, 51
50, 51
41, 36
41, 37
40, 37
40, 38
40, 39
39, 39
39, 38
40, 38
40, 37
40, 37
37, 70
38, 70
38, 69
37, 68
37, 69
38, 70
38, 69
39, 70
39, 70
51, 49
51, 50
50, 50
51, 49
52, 49
53, 48
53, 49
53, 50
53, 50
61, 75
61, 74
60, 75
59, 76
59, 75
60, 74
59, 75
59, 75
49, 42
48, 43
47, 44
47, 43
48, 43
49, 42
49, 41
48, 40
48, 39
47, 38
47, 38
59, 58
59, 57
59, 58
60, 57
59, 57
60, 57
59, 58
58, 58
57, 58
57, 58
76, 51
75, 52
76, 53
75, 53
76, 53
75, 53
74, 53
74, 52
74, 52
51, 83
52, 84
52, 83
51, 84
52, 84
51, 83
52, 83
52, 83
44, 72
43, 73
42, 72
41, 72
41, 73
40, 73
41, 74
40, 75
40, 75
35, 46
34, 46
33, 46
34, 45
33, 44
32, 45
32, 45
28, 50
29, 50
30, 50
31, 51
30, 51
31, 50
30, 50
31, 50
31, 50
75, 52
74, 51
74, 52
75, 51
76, 50
76, 51
76, 51
41, 62
40, 62
39, 63
40, 64
39, 63
40, 62
40, 62
62, 45
61, 46
62, 46
63, 47
62, 46
61, 45
62, 45
63, 44
63, 44
22, 50
23, 51
23, 52
23, 51
22, 50
23, 50
22, 49
22, 49
62, 62
63, 62
62, 61
62, 62
63, 62
62, 63
62, 63
54, 61
55, 60
54, 60
53, 61
52, 61
52, 60
53, 60
53, 59
52, 59
51, 60
51, 60
57, 58
58, 57
59, 58
60, 58
60, 59
61, 60
61, 60
49, 83
49, 84
50, 83
49, 84
50, 85
49, 85
49, 84
50, 84
50, 84
58, 56
58, 55
57, 55
57, 56
57, 57
57, 57
56, 49
55, 49
54, 48
54, 47
53, 48
54, 48
55, 49
56, 49
55, 49
55, 49
48, 67
47, 68
48, 67
48, 68
49, 67
48, 67
49, 67
50, 67
50, 67
54, 50
53, 49
54, 49
54, 50
53, 49
52, 48
52, 47
52, 47
63, 43
62, 44
63, 44
63, 45
64, 44
63, 44
64, 45
64, 45
50, 50
51, 49
52, 50
53, 50
53, 51
52, 50
51, 51
51, 51
60, 74
60, 75
59, 75
58, 76
58, 75
59, 74
58, 75
58, 75
50, 66
50, 65
49, 66
49, 67
50, 66
49, 65
48, 64
48, 64
41, 38
40, 37
40, 38
40, 39
41, 40
41, 40
50, 59
49, 58
50, 58
51, 59
52, 58
53, 58
54, 59
53, 59
53, 58
53, 58
22, 48
22, 47
22, 46
23, 46
24, 45
25, 46
24, 45
24, 45
54, 51
53, 52
52, 51
52, 50
51, 51
52, 51
51, 50
52, 49
52, 49
39, 71
38, 70
38, 71
38, 72
38, 73
39, 74
40, 73
41, 74
40, 73
39, 74
39, 74
75, 51
74, 51
75, 52
76, 53
77, 54
77, 53
76, 54
76, 53
76, 52
76, 52
56, 56
55, 55
55, 54
54, 53
55, 53
55, 54
56, 54
56, 54
40, 76
39, 76
40, 75
39, 74
38, 75
38, 74
37, 74
37, 74
41, 62
41, 61
42, 60
42, 61
41, 62
40, 62
40, 62
74, 51
75, 52
75, 53
76, 53
75, 54
74, 54
74, 54
62, 61
61, 61
60, 61
59, 61
58, 61
57, 60
58, 61
58, 61
30, 51
29, 51
30, 51
30, 52
29, 53
29, 54
29, 53
28, 53
28, 54
28, 54
53, 83
54, 83
55, 84
56, 83
56, 82
57, 81
57, 80
57, 80
56, 57
57, 58
56, 57
56, 56
56, 55
55, 56
55, 56
31, 44
30, 44
29, 43
28, 44
28, 45
28, 46
29, 45
28, 45
27, 44
27, 44
62, 64
63, 64
62, 63
61, 63
62, 62
62, 63
63, 63
64, 62
65, 62
65, 62
49, 85
50, 86
50, 87
49, 86
50, 86
49, 86
48, 86
48, 87
48, 86
48, 86
47, 75
47, 74
46, 73
47, 73
48, 74
47, 73
47, 72
47, 72
48, 39
47, 40
46, 40
45, 39
46, 40
45, 41
45, 41
57, 62
56, 63
55, 64
54, 65
53, 66
53, 67
53, 68
53, 69
53, 70
53, 71
53, 71
29, 55
30, 56
31, 57
32, 58
33, 59
34, 60
35, 61
36, 62
36, 62
40, 40
40, 40
41, 41
42, 42
43, 43
43, 42
43, 42
44, 43
45, 44
44, 44
44, 44
44, 44
75, 53
74, 54
73, 55
72, 56
71, 57
70, 58
69, 59
68, 60
67, 61
66, 62
66, 62
56, 79
55, 78
54, 77
54, 76
54, 75
54, 74
54, 74
55, 55
55, 56
55, 57
55, 58
55, 59
55, 59
46, 42
47, 43
48, 44
49, 45
50, 46
50, 46
51, 52
51, 52
52, 53
53, 54
54, 55
55, 56
55, 57
55, 58
55, 59
54, 59
54, 59
54, 59
64, 63
63, 64
62, 65
61, 66
60, 67
60, 66
60, 66
59, 67
58, 68
59, 67
59, 67
58, 68
58, 68
65, 46
66, 47
67, 48
68, 50
68, 51
68, 52
68, 53
68, 54
68, 55
68, 56
68, 57
68, 58
68, 59
69, 60
69, 60
68, 60
68, 60
68, 61
67, 61
67, 61
68, 62
68, 62
41, 63
41, 62
41, 62
42, 63
42, 64
42, 64
43, 65
44, 66
45, 67
46, 67
46, 67
47, 68
48, 69
48, 69
59, 76
60, 77
61, 78
61, 77
61, 77
62, 78
63, 79
63, 80
63, 80
38, 75
38, 75
39, 76
40, 77
41, 78
42, 78
43, 78
44, 78
45, 78
46, 78
47, 78
47, 78
49, 65
50, 66
51, 67
52, 68
53, 69
54, 70
55, 71
56, 72
57, 73
57, 73
49, 85
50, 84
51, 83
52, 82
53, 82
53, 82
53, 82
53, 82
54, 82
54, 82
53, 82
53, 82
28, 45
27, 44
27, 44
28, 45
29, 46
30, 45
30, 45
30, 45
56, 57
57, 58
57, 58
57, 59
57, 60
58, 59
58, 59
57, 60
57, 61
57, 61
73, 55
74, 54
74, 54
73, 55
72, 56
71, 57
71, 57
40, 73
39, 74
39, 74
39, 73
39, 73
40, 72
41, 72
42, 72
43, 72
44, 72
45, 72
46, 72
46, 72
47, 73
47, 73
48, 73
49, 73
50, 73
51, 73
52, 73
53, 73
54, 73
55, 73
56, 73
56, 73
25, 46
25, 45
25, 45
26, 46
27, 47
28, 48
28, 49
28, 49
29, 50
30, 51
31, 52
32, 53
32, 53
54, 59
55, 60
56, 61
57, 62
58, 63
58, 63
53, 48
53, 49
53, 50
53, 51
53, 52
53, 53
53, 54
53, 55
53, 55
53, 50
54, 51
56, 53
57, 54
58, 55
59, 56
60, 57
60, 58
60, 59
60, 60
60, 61
60, 62
60, 63
60, 64
60, 65
60, 66
60, 66
33, 53
33, 53
34, 54
35, 55
36, 56
35, 56
35, 56
36, 57
37, 58
37, 58
38, 59
37, 60
37, 60
37, 60
64, 79
64, 79
63, 80
63, 80
62, 80
62, 80
63, 79
63, 79
58, 74
57, 73
57, 73
58, 74
59, 74
60, 75
60, 75
60, 75
31, 46
32, 47
33, 48
34, 49
35, 50
34, 51
34, 51
35, 52
35, 52
49, 70
50, 71
49, 70
49, 70
50, 71
51, 72
52, 73
51, 73
51, 73
52, 74
53, 75
53, 75
70, 58
69, 59
68, 60
69, 61
69, 61
68, 62
68, 62
66, 64
65, 65
64, 66
63, 67
62, 68
61, 69
60, 70
59, 71
58, 72
57, 73
56, 74
55, 73
55, 73
54, 74
54, 74
55, 75
55, 75
54, 60
54, 60
53, 60
53, 60
54, 61
55, 62
56, 63
57, 64
58, 65
58, 65
45, 45
46, 46
47, 47
48, 48
49, 49
49, 49
58, 69
58, 70
58, 71
58, 72
58, 73
58, 74
58, 75
58, 76
57, 76
57, 76
57, 76
54, 83
55, 84
56, 85
57, 86
58, 86
58, 86
59, 86
60, 86
61, 86
62, 87
62, 87
63, 86
63, 86
52, 55
52, 55
53, 56
54, 57
55, 58
56, 59
57, 60
57, 60
59, 64
60, 65
61, 66
61, 67
61, 68
61, 69
61, 70
60, 71
60, 71
61, 72
61, 72
56, 60
57, 60
57, 60
58, 61
57, 61
57, 61
58, 62
57, 63
57, 63
58, 63
58, 63
59, 64
60, 63
60, 63
60, 63
59, 67
60, 68
60, 68
59, 69
58, 70
57, 71
58, 70
58, 70
57, 71
56, 72
56, 72
51, 47
51, 47
52, 48
51, 49
51, 49
52, 50
53, 51
55, 53
56, 54
57, 55
58, 56
59, 57
60, 58
61, 59
61, 60
61, 61
61, 62
61, 63
61, 64
61, 65
61, 65
35, 61
35, 61
36, 62
37, 63
38, 64
38, 63
38, 63
39, 64
40, 65
40, 65
48, 79
49, 80
50, 81
51, 82
51, 82
52, 83
53, 83
54, 83
55, 83
55, 83
70, 64
70, 65
70, 66
70, 67
70, 68
70, 69
70, 70
70, 71
70, 71
70, 71
70, 71
70, 71
70, 71
69, 72
69, 72
69, 72
65, 61
65, 61
66, 62
68, 64
68, 65
68, 66
68, 67
68, 68
68, 69
68, 70
68, 70
68, 70
68, 70
68, 70
68, 70
68, 70
55, 72
54, 71
53, 70
52, 70
51, 70
51, 70
51, 70
51, 70
46, 71
46, 71
47, 72
48, 73
47, 73
47, 73
48, 74
49, 75
50, 75
51, 75
52, 75
53, 75
53, 75
54, 70
55, 70
55, 71
55, 71
56, 70
56, 71
56, 71
57, 70
58, 71
58, 71
58, 71
56, 61
56, 61
57, 62
58, 63
59, 64
60, 65
59, 65
59, 65
60, 66
61, 67
62, 68
62, 68
55, 75
56, 76
56, 76
57, 77
58, 78
59, 79
60, 80
61, 81
62, 82
62, 82
61, 64
62, 63
62, 63
63, 64
64, 65
64, 66
64, 67
64, 68
64, 69
64, 70
64, 71
64, 71
60, 66
59, 67
58, 68
58, 69
58, 70
58, 70
58, 71
58, 71
59, 72
59, 72
58, 71
58, 71
58, 71
58, 77
59, 78
58, 78
58, 78
59, 79
60, 80
61, 80
61, 80
60, 81
60, 82
60, 82
56, 61
56, 62
56, 62
55, 63
54, 64
53, 65
52, 66
52, 66
62, 87
61, 87
60, 87
59, 87
58, 87
58, 87
62, 73
63, 74
64, 75
65, 74
65, 74
64, 75
64, 76
64, 77
65, 77
65, 77
65, 77
53, 74
53, 74
54, 74
54, 73
54, 73
55, 74
56, 74
57, 74
58, 74
59, 74
60, 74
60, 74
52, 74
51, 73
51, 72
51, 72
51, 72
51, 72
51, 72
67, 71
68, 71
68, 71
67, 72
66, 73
65, 74
64, 75
63, 76
62, 77
62, 77
59, 66
60, 67
60, 68
61, 69
61, 69
60, 70
60, 71
60, 72
60, 73
60, 74
60, 74
52, 71
53, 72
53, 72
54, 71
55, 71
56, 71
56, 71
62, 78
62, 79
62, 79
61, 78
60, 77
59, 76
60, 76
60, 76
59, 75
59, 75
50, 50
49, 50
49, 50
50, 51
51, 52
52, 53
53, 54
54, 55
55, 56
54, 57
54, 57
53, 58
53, 58
53, 58
61, 69
60, 70
59, 71
58, 72
57, 72
57, 72
56, 72
55, 72
55, 72
54, 84
54, 84
55, 83
56, 82
57, 81
58, 80
58, 80
36, 53
37, 54
37, 55
37, 55
36, 54
36, 54
37, 55
38, 56
39, 57
40, 58
41, 59
42, 60
42, 60
41, 66
42, 67
43, 68
44, 69
45, 70
46, 71
47, 72
47, 72
63, 83
63, 84
63, 85
63, 86
63, 87
63, 88
63, 89
64, 90
64, 90
63, 89
63, 89
59, 76
58, 77
58, 78
58, 79
58, 80
58, 80
58, 80
58, 80
68, 73
67, 74
66, 75
67, 74
67, 74
66, 75
65, 76
65, 76
38, 61
38, 62
38, 62
39, 63
40, 64
41, 65
41, 65
59, 72
60, 73
61, 74
62, 75
63, 76
64, 77
64, 78
64, 79
64, 80
64, 81
64, 81
56, 76
57, 77
58, 78
59, 78
59, 78
60, 79
60, 80
60, 80
61, 81
60, 80
60, 80
61, 81
61, 81
55, 73
55, 74
55, 75
55, 76
55, 77
55, 78
55, 79
55, 80
55, 80
59, 81
60, 80
60, 80
59, 81
59, 82
59, 82
59, 82
59, 82
59, 75
58, 75
58, 75
57, 76
58, 75
58, 75
57, 76
56, 77
55, 78
54, 79
53, 80
53, 80
59, 72
60, 73
61, 74
62, 75
63, 76
64, 77
65, 78
66, 79
66, 80
66, 80
59, 86
60, 87
60, 87
61, 86
61, 85
61, 84
61, 83
61, 82
61, 82
61, 82
58, 81
58, 81
59, 80
59, 79
59, 78
60, 77
60, 77
59, 77
59, 77
66, 78
66, 78
66, 79
66, 79
67, 78
68, 77
69, 76
70, 77
70, 77
70, 76
70, 75
70, 75
70, 75
41, 60
41, 60
42, 61
44, 63
45, 64
46, 65
47, 66
48, 67
48, 68
48, 68
49, 69
50, 70
49, 71
49, 71
50, 72
51, 72
51, 72
51, 72
61, 81
62, 80
63, 79
64, 78
65, 77
66, 76
67, 75
67, 75
67, 74
67, 74
67, 73
67, 73
56, 81
57, 82
58, 83
58, 84
58, 85
58, 85
58, 85
58, 85
58, 85
58, 85
62, 90
62, 90
61, 89
60, 88
59, 87
59, 86
59, 86
58, 85
58, 85
59, 86
59, 86
53, 67
53, 68
53, 68
54, 69
55, 70
56, 71
57, 72
58, 73
59, 72
59, 72
60, 73
61, 74
61, 74
42, 66
43, 67
43, 66
43, 66
44, 67
45, 68
45, 69
45, 69
46, 70
47, 71
48, 72
48, 72
65, 80
66, 80
67, 79
67, 79
67, 80
67, 80
67, 80
67, 80
67, 80
67, 81
67, 81
67, 81
59, 73
58, 73
57, 73
57, 73
58, 73
58, 73
58, 73
58, 73
58, 73
58, 73
58, 73
65, 72
66, 73
66, 74
66, 75
66, 76
66, 77
66, 78
66, 78
52, 73
53, 74
54, 75
55, 76
56, 77
57, 78
58, 79
59, 80
59, 80
48, 71
47, 70
47, 70
48, 70
48, 69
48, 69
49, 70
49, 70
61, 76
60, 75
59, 74
58, 73
59, 73
59, 73
59, 73
58, 76
59, 76
59, 76
59, 75
59, 75
58, 76
58, 76
57, 77
58, 78
58, 78
57, 79
56, 80
56, 80
54, 59
55, 60
56, 61
57, 62
57, 63
57, 64
57, 64
57, 72
56, 73
56, 73
57, 73
57, 73
57, 72
57, 72
58, 73
59, 74
59, 74
60, 75
60, 75
62, 80
63, 79
64, 78
65, 77
66, 76
67, 76
67, 76
67, 76
56, 73
57, 74
58, 75
57, 75
57, 75
58, 76
57, 76
57, 76
57, 76
64, 75
64, 76
64, 76
63, 75
63, 76
63, 76
62, 75
61, 75
60, 75
59, 75
58, 75
58, 75
58, 74
58, 75
58, 75
57, 76
56, 77
57, 76
57, 76
56, 77
55, 78
55, 78
56, 77
56, 77
55, 78
55, 79
55, 79
66, 77
66, 76
66, 76
65, 77
64, 78
63, 79
62, 80
61, 80
60, 80
59, 80
59, 80
58, 80
58, 80
50, 69
50, 69
50, 70
49, 70
49, 70
50, 71
50, 72
50, 73
50, 74
50, 74
58, 65
59, 66
60, 67
61, 68
62, 69
62, 70
62, 70
57, 74
56, 75
55, 76
54, 77
54, 78
54, 79
54, 80
54, 80
49, 73
50, 74
51, 75
50, 76
50, 76
51, 77
51, 77
59, 84
60, 84
60, 84
61, 83
60, 84
60, 84
61, 83
62, 82
63, 81
64, 80
65, 79
65, 79
57, 81
58, 82
59, 83
60, 84
61, 85
61, 84
61, 84
62, 85
63, 86
63, 86
69, 74
68, 73
67, 73
66, 73
65, 73
66, 74
66, 74
65, 73
65, 73
65, 77
65, 78
65, 78
64, 79
64, 79
63, 78
62, 77
61, 76
60, 75
61, 74
61, 74
60, 75
60, 75
59, 83
59, 83
58, 82
57, 81
56, 80
55, 79
54, 78
53, 77
53, 77
66, 81
66, 81
65, 80
64, 79
63, 78
62, 77
62, 77
63, 76
63, 75
63, 75
63, 75
60, 85
61, 84
62, 83
62, 82
62, 81
62, 80
62, 79
62, 79
62, 79
61, 78
61, 78
61, 78
52, 73
53, 74
54, 75
55, 76
56, 77
57, 78
58, 79
58, 79
52, 79
52, 79
52, 79
53, 80
53, 80
54, 79
54, 79
53, 79
52, 79
52, 79
52, 79
52, 79
52, 79
59, 76
58, 77
57, 77
58, 78
58, 78
57, 77
56, 77
57, 78
57, 78
56, 77
56, 77
60, 75
61, 76
61, 76
61, 77
61, 77
60, 78
59, 79
58, 80
57, 81
56, 82
56, 82
66, 80
66, 80
65, 79
64, 78
63, 78
62, 78
61, 78
61, 78
60, 78
60, 78
66, 72
65, 71
64, 70
63, 70
64, 71
64, 71
63, 70
63, 70
60, 79
61, 79
62, 79
63, 79
64, 79
64, 79
64, 79
64, 79
58, 76
59, 76
59, 76
59, 76
60, 77
60, 77
60, 77
58, 78
57, 79
56, 80
55, 81
54, 82
53, 83
52, 83
51, 83
52, 82
52, 82
52, 82
60, 81
59, 80
58, 79
57, 78
57, 78
56, 77
55, 76
55, 76
55, 76
57, 74
56, 73
55, 73
54, 73
55, 74
55, 74
56, 74
56, 74
57, 73
57, 73
56, 73
56, 73
61, 71
60, 72
60, 73
60, 74
60, 75
60, 76
60, 77
60, 76
60, 76
60, 76
54, 77
53, 78
52, 79
51, 80
52, 81
52, 81
52, 81
57, 83
58, 83
59, 83
60, 83
60, 83
60, 83
60, 83
60, 83
60, 83
64, 85
65, 84
66, 83
67, 82
67, 81
67, 80
66, 79
66, 79
67, 78
67, 77
67, 77
64, 74
63, 75
62, 76
61, 77
60, 78
60, 77
60, 77
59, 78
58, 79
57, 80
57, 80
53, 80
54, 80
55, 80
56, 80
57, 80
58, 80
58, 80
55, 74
54, 75
53, 76
53, 77
53, 78
53, 79
53, 80
53, 80
54, 80
54, 80
53, 81
53, 81
53, 82
53, 82
55, 79
56, 79
57, 79
58, 78
58, 78
59, 79
60, 79
60, 79
66, 80
67, 81
66, 82
66, 82
67, 83
68, 84
68, 84
64, 78
64, 78
63, 79
62, 79
61, 79
60, 79
60, 79
59, 79
58, 79
57, 79
56, 79
55, 79
56, 80
56, 80
55, 79
54, 79
54, 79
54, 79
59, 74
58, 74
57, 74
58, 75
58, 75
57, 74
56, 74
56, 74
56, 74
56, 75
56, 75
57, 74
57, 74
57, 74
53, 83
53, 83
54, 82
55, 81
56, 80
57, 79
57, 79
52, 78
52, 78
53, 79
53, 78
53, 78
54, 79
55, 80
56, 81
57, 82
57, 82
54, 76
55, 75
56, 74
57, 73
58, 72
59, 71
60, 70
61, 70
61, 70
55, 78
54, 79
53, 80
52, 81
51, 81
51, 81
51, 81
57, 78
56, 77
55, 77
54, 77
53, 77
53, 77
61, 78
60, 79
60, 79
61, 80
62, 81
63, 82
63, 82
57, 79
57, 79
58, 80
59, 81
60, 82
61, 83
62, 84
62, 84
62, 71
61, 72
60, 73
60, 72
60, 72
59, 73
59, 74
59, 74
58, 75
58, 75
57, 76
57, 76
60, 77
59, 77
58, 77
57, 77
58, 77
58, 77
58, 77
56, 79
57, 79
58, 79
59, 79
60, 79
61, 79
62, 79
63, 79
64, 79
65, 79
65, 79
51, 73
52, 72
53, 72
53, 72
53, 73
53, 73
54, 72
55, 71
56, 71
57, 71
58, 71
59, 71
59, 71
62, 74
61, 73
60, 74
60, 74
61, 75
61, 75
61, 74
61, 74
60, 73
59, 72
58, 71
59, 70
59, 70
59, 70
56, 75
55, 75
54, 75
54, 74
54, 74
54, 75
54, 75
54, 75
54, 75
64, 80
63, 81
63, 82
63, 83
62, 83
62, 83
63, 84
63, 84
61, 77
62, 78
62, 79
62, 80
62, 81
62, 82
63, 82
63, 82
63, 82
54, 78
54, 78
53, 79
53, 80
53, 80
52, 81
52, 82
53, 82
53, 82
52, 83
52, 83
61, 78
61, 78
62, 77
62, 77
61, 78
61, 78
62, 77
62, 76
62, 76
52, 80
53, 79
54, 78
55, 77
56, 76
57, 75
57, 75
60, 71
61, 72
62, 73
63, 74
63, 75
63, 76
63, 77
63, 78
64, 78
64, 78
63, 79
63, 79
61, 82
62, 81
63, 80
63, 80
64, 79
65, 78
66, 77
65, 77
65, 77
65, 77
57, 76
57, 76
56, 76
56, 75
56, 75
57, 76
57, 76
58, 77
58, 77
57, 76
56, 76
56, 76
61, 83
60, 82
59, 81
58, 80
57, 79
57, 78
57, 77
57, 76
57, 76
57, 77
57, 77
52, 82
52, 82
53, 81
54, 80
55, 79
56, 78
55, 79
55, 79
55, 79
58, 80
59, 81
60, 82
61, 83
61, 83
62, 82
62, 82
63, 83
64, 84
65, 85
66, 85
67, 85
67, 85
56, 79
56, 78
56, 78
55, 77
54, 76
53, 75
52, 74
51, 73
51, 73
52, 72
52, 71
52, 71
60, 71
59, 72
58, 73
57, 74
56, 75
55, 76
54, 77
53, 78
53, 79
53, 79
57, 79
57, 79
56, 78
56, 79
56, 79
55, 78
56, 78
56, 78
55, 77
55, 77
59, 80
58, 81
57, 82
56, 82
56, 82
56, 83
56, 84
56, 84
66, 78
65, 79
64, 80
63, 81
62, 82
61, 83
60, 84
60, 85
60, 85
60, 85
67, 85
66, 86
65, 86
65, 86
64, 87
63, 88
63, 88
63, 88
63, 88
64, 81
65, 80
65, 80
66, 81
66, 81
66, 81
66, 81
66, 81
66, 81
66, 81
58, 77
59, 77
60, 77
61, 77
62, 77
63, 77
63, 77
53, 81
53, 81
54, 80
55, 80
56, 80
57, 80
58, 80
59, 80
60, 80
60, 81
60, 81
60, 81
55, 79
55, 79
56, 80
57, 81
58, 81
59, 81
59, 81
58, 83
59, 83
60, 83
61, 83
61, 84
61, 84
62, 83
62, 83
58, 72
57, 73
56, 74
55, 74
55, 74
55, 75
55, 75
56, 74
56, 74
56, 74
64, 83
65, 82
66, 81
67, 80
68, 79
68, 80
68, 80
69, 79
69, 79
53, 72
54, 73
55, 74
56, 75
57, 76
58, 77
59, 78
58, 77
58, 77
58, 77
55, 76
55, 76
55, 75
55, 75
56, 76
57, 77
58, 78
59, 79
59, 78
59, 78
60, 79
61, 80
62, 81
62, 81
56, 78
56, 79
56, 79
57, 80
57, 81
57, 81
58, 82
58, 81
58, 81
59, 80
59, 80
58, 81
58, 81
59, 82
60, 83
60, 83
57, 83
56, 83
56, 83
57, 82
58, 81
59, 81
59, 81
59, 81
58, 82
58, 82
59, 81
59, 81
59, 81
61, 80
60, 80
60, 80
61, 79
62, 78
63, 77
63, 77
58, 76
57, 75
57, 75
56, 74
56, 74
57, 75
58, 76
58, 76
63, 87
63, 87
62, 86
61, 85
61, 84
61, 83
61, 83
64, 83
65, 84
65, 84
66, 84
66, 84
66, 85
66, 86
66, 87
66, 88
66, 89
66, 89
66, 89
66, 89
62, 78
61, 79
62, 80
62, 80
61, 81
60, 82
59, 82
59, 82
58, 83
58, 83
53, 82
54, 81
55, 80
56, 79
57, 78
58, 77
59, 76
60, 76
61, 76
62, 77
62, 77
62, 77
54, 78
53, 77
52, 77
51, 77
51, 77
51, 77
51, 78
51, 78
51, 78
56, 77
56, 78
56, 79
56, 79
56, 80
56, 81
57, 81
57, 81
56, 82
56, 82
56, 82
57, 82
57, 82
57, 82
61, 83
60, 83
59, 83
58, 83
58, 83
58, 83
59, 82
59, 82
58, 83
58, 83
58, 83
58, 83
60, 82
61, 82
62, 82
63, 82
64, 82
64, 82
64, 82
54, 78
55, 78
56, 78
57, 78
58, 78
59, 78
60, 78
60, 78
60, 78
57, 75
57, 74
57, 74
58, 75
59, 74
59, 74
60, 75
61, 76
62, 77
63, 78
63, 78
64, 80
65, 81
66, 82
67, 83
68, 83
68, 83
68, 83
68, 83
69, 84
69, 84
69, 84
66, 86
65, 85
65, 85
66, 86
66, 86
65, 87
64, 88
63, 88
62, 88
62, 88
64, 76
63, 75
64, 75
64, 75
63, 74
62, 73
61, 72
60, 71
59, 71
58, 71
58, 71
58, 78
59, 79
60, 80
61, 81
61, 82
61, 82
61, 84
62, 83
63, 82
62, 83
62, 83
63, 82
63, 82
61, 77
60, 78
61, 79
61, 79
60, 80
59, 81
59, 81
58, 82
58, 82
65, 80
64, 79
64, 80
64, 80
63, 79
62, 78
61, 77
60, 76
60, 76
59, 77
58, 76
57, 76
56, 75
56, 74
57, 75
56, 75
57, 74
58, 75
58, 76
58, 76
59, 82
58, 81
57, 82
58, 82
59, 81
60, 80
59, 79
58, 80
59, 80
59, 80
63, 78
63, 77
63, 76
62, 75
63, 76
62, 76
62, 76
50, 79
51, 78
51, 79
51, 78
52, 78
52, 78
58, 70
59, 69
58, 69
58, 70
59, 69
59, 69
70, 84
69, 83
69, 82
70, 81
71, 81
71, 80
71, 81
71, 81
61, 82
60, 83
60, 84
59, 84
60, 85
61, 84
61, 84
60, 79
60, 78
60, 77
59, 76
58, 76
59, 77
59, 76
58, 76
58, 75
58, 75
62, 81
61, 80
62, 79
63, 78
64, 77
64, 78
63, 77
62, 78
61, 78
61, 78
63, 77
63, 78
62, 78
61, 79
62, 80
61, 80
60, 80
59, 79
58, 79
58, 79
67, 89
67, 88
66, 88
65, 89
65, 90
64, 91
64, 90
65, 90
65, 90
59, 83
60, 83
60, 84
59, 84
60, 83
60, 84
60, 83
60, 84
60, 84
57, 78
57, 77
58, 77
58, 76
59, 77
59, 78
60, 77
61, 78
61, 77
62, 76
62, 76
70, 80
70, 81
69, 82
69, 81
70, 81
71, 80
71, 81
71, 82
72, 81
71, 82
71, 82
63, 78
64, 77
65, 78
65, 79
65, 78
65, 79
64, 78
63, 79
63, 78
63, 78
62, 89
61, 90
62, 90
63, 90
63, 91
62, 90
62, 90
61, 84
61, 83
60, 84
59, 83
60, 84
61, 83
61, 84
61, 83
60, 84
60, 84
58, 83
57, 84
57, 83
57, 84
57, 83
58, 82
57, 83
57, 82
57, 82
58, 75
58, 74
59, 75
60, 75
59, 76
60, 77
60, 76
60, 76
59, 82
60, 81
61, 81
62, 80
63, 79
64, 79
65, 80
64, 79
63, 78
63, 78
63, 81
62, 80
62, 81
61, 81
61, 80
61, 80
64, 83
65, 84
66, 84
65, 84
64, 85
63, 86
63, 87
63, 87
57, 83
56, 84
55, 83
54, 82
53, 81
54, 80
54, 81
55, 81
54, 82
53, 82
53, 82
60, 84
59, 83
58, 84
57, 83
56, 82
55, 83
56, 83
56, 82
56, 82
62, 79
63, 79
64, 78
64, 77
65, 76
66, 77
66, 77
62, 79
61, 79
62, 80
61, 80
60, 81
61, 82
62, 82
61, 83
61, 83
59, 76
58, 75
57, 74
57, 73
58, 72
57, 71
58, 71
57, 72
58, 72
57, 73
57, 73
62, 83
62, 84
63, 85
62, 86
62, 87
61, 86
62, 87
62, 88
61, 89
62, 88
62, 88
60, 83
61, 82
62, 82
62, 81
63, 80
64, 81
64, 80
63, 80
63, 80
71, 81
70, 82
69, 81
68, 81
69, 82
69, 81
70, 82
69, 82
69, 82
57, 81
57, 82
56, 82
55, 83
54, 82
53, 83
54, 84
54, 84
53, 83
53, 84
52, 85
53, 84
52, 84
53, 85
53, 86
53, 86
57, 74
58, 73
58, 74
59, 75
59, 76
60, 77
59, 78
60, 79
61, 78
61, 78
59, 68
58, 69
59, 69
58, 68
57, 67
58, 68
59, 68
58, 68
59, 68
59, 68
64, 89
63, 88
62, 88
62, 89
61, 88
61, 89
62, 90
62, 89
61, 89
61, 89
61, 75
60, 75
59, 75
60, 75
61, 76
61, 77
61, 76
61, 76
62, 89
62, 88
61, 87
62, 88
61, 88
62, 88
62, 88
56, 82
57, 83
58, 83
59, 84
59, 85
59, 85
62, 86
61, 86
61, 87
62, 86
62, 87
63, 88
64, 87
63, 88
64, 88
64, 88
58, 78
57, 79
56, 80
56, 81
56, 82
55, 83
55, 82
56, 81
56, 80
57, 81
57, 81
57, 76
58, 76
57, 75
57, 74
57, 75
58, 75
59, 76
58, 76
58, 76
62, 79
61, 78
60, 79
61, 80
61, 81
60, 80
60, 80
60, 80
59, 80
59, 79
58, 80
59, 81
58, 82
58, 82
71, 80
71, 81
70, 81
69, 82
69, 83
70, 83
70, 82
70, 82
59, 83
58, 82
57, 81
56, 82
55, 83
56, 83
55, 82
54, 83
54, 83
62, 77
63, 78
64, 77
65, 77
66, 78
65, 78
66, 78
65, 78
65, 78
60, 78
60, 77
59, 77
60, 76
61, 76
61, 75
60, 75
60, 74
60, 74
53, 78
54, 77
55, 76
54, 76
53, 75
54, 74
54, 74
59, 73
58, 72
57, 71
56, 70
55, 69
55, 69
63, 87
64, 86
65, 85
66, 84
67, 83
68, 82
69, 81
70, 80
70, 80
60, 75
59, 74
58, 73
57, 72
56, 71
56, 71
53, 83
52, 82
51, 81
50, 80
49, 79
48, 78
47, 77
46, 76
46, 76
45, 75
45, 75
54, 85
55, 84
56, 83
57, 82
57, 82
58, 81
58, 81
59, 81
60, 81
60, 81
62, 88
63, 87
64, 86
65, 85
65, 85
66, 84
66, 84
66, 84
69, 81
68, 80
68, 80
67, 79
66, 78
66, 78
65, 77
64, 76
63, 75
63, 75
60, 77
59, 76
58, 75
57, 74
56, 73
55, 72
55, 72
54, 71
54, 71
64, 77
63, 76
62, 75
61, 74
60, 73
59, 72
58, 71
58, 71
63, 87
62, 86
61, 85
61, 85
60, 84
59, 83
58, 82
58, 82
57, 81
57, 81
61, 87
61, 87
61, 87
60, 86
59, 85
59, 85
58, 84
57, 83
57, 83
56, 82
56, 82
57, 81
57, 81
56, 80
55, 79
55, 79
55, 79
54, 78
53, 77
52, 76
52, 76
60, 80
59, 79
58, 78
57, 77
56, 76
55, 75
54, 74
53, 73
52, 72
51, 71
51, 71
58, 84
57, 83
56, 82
55, 81
54, 80
53, 79
53, 79
62, 82
63, 81
64, 80
65, 79
66, 78
67, 77
67, 77
67, 77
54, 74
53, 73
52, 72
52, 72
51, 71
51, 71
58, 67
57, 66
57, 66
56, 65
55, 64
54, 63
53, 62
52, 61
51, 60
51, 60
58, 76
57, 75
57, 75
56, 74
55, 73
55, 73
54, 72
53, 71
53, 71
58, 80
59, 79
60, 78
61, 77
61, 77
62, 76
62, 76
53, 82
53, 82
52, 81
51, 80
50, 79
49, 78
49, 77
49, 76
49, 75
49, 75
65, 76
64, 75
63, 74
62, 73
61, 72
60, 71
59, 70
58, 69
57, 68
57, 68
62, 79
61, 78
61, 78
61, 78
60, 77
60, 77
59, 76
58, 75
58, 75
57, 74
57, 74
68, 81
68, 80
68, 80
68, 79
68, 79
68, 79
56, 72
55, 71
54, 70
53, 69
52, 68
51, 67
50, 66
49, 65
48, 64
47, 63
47, 63
50, 70
49, 69
48, 69
47, 69
47, 68
48, 67
49, 66
50, 65
50, 64
50, 63
50, 62
50, 61
50, 60
50, 60
53, 79
52, 78
52, 78
51, 77
51, 77
50, 76
49, 75
49, 75
70, 80
69, 79
68, 78
67, 77
66, 76
65, 75
64, 74
63, 73
62, 72
62, 72
56, 71
57, 72
58, 73
59, 74
60, 75
61, 76
62, 77
62, 77
56, 67
55, 66
54, 65
54, 65
54, 65
53, 64
53, 64
53, 64
57, 70
56, 69
55, 68
54, 67
53, 66
52, 65
51, 64
50, 62
50, 61
50, 60
50, 59
50, 58
50, 57
50, 56
49, 55
49, 55
51, 75
50, 74
49, 73
48, 72
47, 71
47, 71
47, 71
67, 78
66, 77
65, 76
64, 75
63, 74
62, 73
62, 73
62, 73
51, 60
50, 61
50, 61
50, 61
50, 60
50, 59
50, 58
50, 57
49, 58
48, 59
48, 59
49, 58
50, 57
50, 56
50, 55
49, 56
48, 57
48, 57
48, 57
52, 72
53, 73
53, 73
54, 74
55, 75
56, 76
56, 77
56, 78
56, 78
45, 75
46, 76
47, 77
48, 78
49, 79
50, 80
51, 81
52, 82
52, 82
55, 72
56, 73
57, 74
58, 75
59, 76
60, 77
61, 78
61, 78
57, 74
56, 73
55, 72
54, 71
53, 70
52, 69
52, 69
59, 80
58, 79
58, 78
58, 77
58, 76
58, 75
58, 74
58, 74
57, 81
56, 80
55, 79
55, 79
54, 78
54, 77
54, 76
54, 75
54, 74
54, 74
61, 75
61, 75
60, 74
59, 73
59, 73
59, 73
59, 73
54, 70
55, 69
56, 68
57, 68
58, 68
59, 68
60, 68
60, 68
60, 68
60, 68
60, 68
48, 74
48, 73
48, 72
48, 71
48, 70
48, 69
48, 69
66, 76
66, 76
65, 75
65, 75
64, 74
64, 74
63, 73
62, 72
61, 71
60, 70
60, 70
54, 68
53, 68
53, 68
52, 68
51, 68
50, 68
50, 68
50, 68
50, 68
50, 68
50, 68
46, 62
45, 61
45, 61
45, 59
46, 58
47, 57
48, 56
49, 55
50, 54
50, 53
49, 52
49, 52
49, 52
55, 81
55, 81
55, 81
54, 80
53, 79
52, 78
51, 77
50, 76
50, 76
49, 75
49, 75
65, 83
64, 82
63, 81
62, 80
61, 79
60, 78
59, 77
59, 77
62, 76
61, 77
60, 78
59, 79
58, 80
57, 81
57, 81
57, 81
57, 81
57, 81
57, 81
48, 74
48, 74
47, 73
46, 72
45, 71
44, 70
43, 69
43, 69
50, 56
51, 56
52, 56
52, 56
52, 56
52, 56
55, 77
54, 76
54, 76
53, 75
52, 74
52, 74
59, 77
58, 76
57, 75
56, 74
56, 74
55, 73
54, 72
53, 71
53, 71
51, 61
52, 62
53, 63
54, 64
54, 64
55, 65
55, 65
56, 66
57, 67
57, 67
57, 67
51, 68
51, 68
50, 67
49, 66
48, 65
47, 64
46, 63
45, 62
45, 60
46, 59
47, 58
48, 57
49, 56
49, 56
46, 70
46, 70
45, 69
45, 69
45, 69
44, 68
44, 68
44, 68
57, 73
56, 72
55, 71
55, 71
54, 70
54, 70
52, 65
51, 66
51, 66
50, 67
49, 68
49, 69
49, 70
49, 71
49, 71
47, 57
46, 57
46, 56
47, 55
48, 54
49, 53
50, 52
50, 51
50, 50
50, 50
50, 50
49, 51
48, 52
47, 53
47, 53
50, 76
51, 77
52, 78
53, 79
54, 80
54, 80
52, 82
51, 81
50, 80
49, 79
48, 78
47, 77
46, 76
46, 76
56, 80
56, 80
55, 79
54, 78
53, 77
52, 76
51, 75
50, 74
50, 74
49, 73
49, 73
48, 51
47, 50
47, 50
46, 49
45, 48
44, 47
43, 46
43, 46
44, 46
45, 47
46, 48
47, 49
48, 50
48, 50
61, 76
61, 76
60, 75
60, 75
59, 74
58, 73
58, 73
61, 74
61, 74
60, 75
59, 76
58, 77
57, 78
57, 78
51, 67
52, 66
53, 65
54, 64
55, 63
55, 63
59, 69
58, 68
58, 68
57, 67
56, 66
56, 66
56, 66
56, 66
60, 72
60, 72
61, 71
62, 70
63, 69
64, 68
65, 67
66, 66
66, 66
59, 67
58, 66
58, 66
57, 65
56, 64
56, 64
55, 63
54, 62
53, 61
52, 60
52, 60
53, 73
52, 72
51, 71
50, 70
49, 69
49, 69
61, 71
60, 70
59, 69
58, 68
58, 68
57, 67
56, 66
55, 65
55, 65
49, 68
50, 67
51, 66
52, 65
53, 64
53, 64
60, 77
59, 76
58, 75
57, 74
56, 73
55, 72
54, 71
54, 71
54, 62
53, 61
52, 60
52, 60
51, 59
51, 59
52, 70
51, 69
50, 68
49, 67
48, 66
47, 65
47, 65
49, 56
49, 56
49, 56
48, 55
47, 54
47, 54
53, 59
54, 58
55, 57
56, 56
57, 55
58, 54
58, 54
58, 53
57, 52
56, 51
55, 50
54, 50
53, 50
53, 50
53, 69
52, 68
51, 67
50, 66
50, 66
50, 66
50, 66
50, 72
51, 73
52, 73
53, 73
54, 73
55, 73
56, 73
57, 73
58, 73
58, 73
46, 76
46, 76
45, 75
44, 74
43, 73
42, 72
42, 72
42, 72
57, 78
56, 77
55, 76
55, 76
54, 75
53, 74
52, 73
51, 72
50, 71
49, 70
49, 70
51, 55
50, 54
49, 53
48, 52
47, 51
47, 51
55, 65
54, 64
53, 63
52, 62
51, 61
51, 61
51, 61
50, 60
49, 59
49, 59
56, 66
55, 65
54, 64
53, 63
52, 62
52, 62
54, 63
55, 62
55, 62
55, 61
55, 60
55, 60
55, 59
55, 58
55, 58
50, 70
51, 71
52, 72
53, 73
53, 73
54, 74
55, 75
56, 76
56, 76
56, 76
47, 51
47, 52
47, 53
47, 54
47, 55
47, 55
47, 55
46, 52
45, 51
45, 51
44, 51
43, 51
42, 51
42, 51
42, 51
53, 73
54, 72
55, 71
56, 70
57, 69
58, 68
58, 68
59, 67
59, 67
55, 81
56, 82
57, 83
58, 84
59, 84
60, 84
60, 84
56, 64
57, 63
57, 63
58, 62
59, 61
60, 60
61, 59
61, 59
65, 65
64, 64
63, 63
62, 62
61, 61
60, 60
59, 59
59, 59
53, 70
52, 69
51, 68
51, 68
50, 67
50, 67
43, 70
43, 71
43, 71
43, 71
43, 72
43, 73
43, 74
43, 74
48, 72
47, 71
46, 70
45, 69
44, 68
44, 68
43, 67
42, 66
41, 65
40, 64
40, 64
57, 72
56, 71
56, 71
55, 70
54, 69
53, 68
52, 67
51, 66
51, 66
51, 66
43, 67
42, 66
41, 65
40, 64
39, 63
38, 62
38, 61
38, 60
38, 60
49, 59
48, 58
47, 57
46, 56
46, 56
46, 54
47, 53
48, 52
49, 51
50, 50
50, 50
50, 50
50, 50
50, 50
49, 51
48, 51
48, 51
51, 66
50, 65
49, 64
49, 64
48, 63
48, 63
48, 61
49, 60
50, 59
50, 58
50, 57
50, 56
50, 55
50, 54
50, 54
50, 54
50, 54
46, 56
46, 56
47, 55
48, 54
49, 53
50, 52
50, 51
50, 50
50, 50
50, 50
50, 50
49, 51
49, 51
48, 52
47, 53
47, 53
48, 66
49, 67
50, 68
51, 69
52, 70
53, 71
53, 71
54, 72
55, 73
55, 73
43, 52
43, 52
44, 53
45, 54
45, 54
46, 55
46, 55
57, 74
56, 74
56, 74
55, 74
55, 74
55, 74
58, 66
57, 65
56, 64
56, 64
55, 63
55, 63
62, 60
63, 61
64, 62
65, 63
65, 63
65, 64
65, 65
65, 66
65, 66
65, 67
65, 67
59, 83
58, 82
57, 81
57, 81
56, 80
56, 80
55, 79
55, 79
43, 74
42, 73
41, 72
40, 71
39, 70
38, 69
38, 69
38, 60
37, 59
37, 59
37, 59
36, 58
35, 57
35, 56
35, 55
35, 55
43, 71
44, 70
45, 69
46, 68
47, 67
47, 67
53, 61
54, 61
55, 61
56, 61
57, 61
57, 61
55, 75
54, 74
53, 73
53, 73
52, 72
52, 72
50, 67
49, 66
48, 65
47, 64
46, 63
45, 62
45, 62
52, 49
52, 49
51, 48
50, 47
49, 46
48, 45
48, 45
46, 50
45, 49
44, 48
44, 48
43, 47
43, 47
42, 47
42, 47
41, 47
41, 47
50, 66
51, 65
51, 65
52, 64
53, 63
53, 62
53, 61
53, 60
53, 60
58, 60
58, 60
57, 61
57, 61
56, 62
56, 62
55, 63
55, 63
39, 65
39, 66
39, 67
39, 68
39, 69
39, 69
50, 71
51, 72
52, 72
53, 72
53, 72
54, 72
55, 72
55, 72
47, 54
48, 55
49, 56
50, 57
51, 58
51, 59
51, 60
51, 61
51, 62
51, 63
51, 63
51, 59
50, 58
49, 57
49, 57
48, 56
47, 55
46, 54
45, 53
44, 52
43, 51
43, 51
56, 59
57, 60
58, 61
58, 61
59, 62
59, 62
48, 45
47, 46
46, 47
45, 48
45, 48
45, 48
45, 48
45, 48
46, 54
46, 54
47, 53
48, 52
49, 51
50, 50
50, 50
50, 50
50, 50
50, 50
49, 51
48, 52
48, 52
47, 53
46, 54
46, 54
47, 53
48, 52
49, 51
50, 50
50, 50
50, 50
49, 51
48, 52
48, 52
39, 69
38, 68
37, 67
37, 66
37, 66
37, 65
37, 64
37, 64
54, 71
53, 70
52, 69
52, 69
51, 68
50, 67
49, 66
48, 65
48, 65
47, 50
47, 50
46, 49
45, 48
44, 47
43, 46
43, 46
43, 46
50, 54
51, 55
52, 56
53, 57
54, 58
55, 59
55, 59
41, 47
42, 48
43, 49
44, 50
45, 50
46, 50
45, 49
44, 48
44, 48
43, 47
43, 47
44, 48
45, 49
46, 50
47, 50
48, 50
49, 50
48, 49
48, 49
47, 48
47, 48
34, 54
33, 53
32, 52
31, 51
30, 50
30, 50
30, 50
29, 49
29, 49
28, 48
28, 48
53, 71
53, 71
54, 70
55, 69
56, 68
56, 68
44, 50
45, 49
46, 48
47, 47
48, 46
49, 45
50, 45
51, 45
52, 45
52, 45
58, 62
59, 63
60, 64
60, 64
61, 65
61, 65
54, 78
53, 77
52, 76
51, 75
50, 74
49, 73
48, 72
48, 72
46, 66
46, 66
45, 65
44, 64
43, 63
43, 61
44, 60
45, 59
46, 58
47, 57
48, 56
49, 55
50, 54
50, 53
50, 52
50, 52
50, 52
49, 53
49, 53
54, 64
53, 65
53, 65
53, 66
53, 67
53, 68
53, 69
53, 69
54, 62
53, 61
52, 60
51, 59
50, 58
49, 57
49, 57
60, 63
61, 64
62, 65
63, 66
64, 67
65, 68
65, 69
65, 69
45, 60
46, 59
47, 58
48, 57
49, 56
50, 55
50, 54
50, 53
50, 52
49, 51
48, 50
47, 49
46, 48
45, 47
44, 46
44, 46
45, 47
46, 48
47, 49
48, 50
49, 50
50, 50
50, 50
50, 50
50, 50
49, 49
48, 48
48, 48
52, 59
51, 58
50, 57
49, 56
48, 55
48, 55
46, 55
45, 54
44, 53
44, 53
44, 53
43, 52
42, 51
42, 51
42, 51
41, 50
41, 50
50, 62
49, 61
48, 60
48, 59
48, 58
48, 57
48, 56
48, 55
48, 55
64, 68
63, 69
62, 70
61, 71
60, 72
59, 73
59, 73
58, 74
57, 75
57, 75
57, 75
55, 73
56, 72
57, 71
58, 70
59, 69
60, 68
61, 67
62, 66
63, 65
63, 65
39, 68
40, 67
40, 67
41, 66
42, 65
43, 64
44, 63
45, 62
47, 60
48, 59
49, 58
50, 57
50, 56
50, 55
50, 54
50, 53
50, 52
50, 51
49, 52
49, 52
55, 74
54, 73
53, 72
52, 71
51, 70
50, 69
49, 68
48, 67
48, 67
49, 53
50, 54
51, 55
52, 56
53, 57
54, 58
54, 58
55, 59
55, 59
55, 59
38, 65
38, 65
39, 66
40, 67
41, 68
42, 69
42, 69
43, 70
43, 70
43, 70
47, 71
46, 70
46, 70
45, 69
44, 68
44, 68
44, 68
44, 68
49, 66
49, 66
50, 65
51, 64
52, 63
52, 63
53, 62
54, 61
54, 61
55, 60
55, 60
62, 64
61, 63
60, 62
59, 61
58, 60
58, 60
57, 59
56, 58
55, 57
54, 56
54, 56
54, 58
54, 58
53, 57
52, 56
51, 55
50, 54
49, 53
48, 52
47, 51
47, 50
47, 50
44, 45
45, 44
45, 43
45, 43
45, 42
45, 42
45, 41
45, 40
45, 40
45, 39
45, 39
60, 64
59, 63
59, 63
58, 62
57, 61
56, 60
56, 60
55, 59
55, 59
49, 52
48, 51
48, 51
48, 51
47, 50
47, 50
46, 49
46, 49
46, 49
47, 54
46, 53
45, 52
44, 51
44, 51
43, 50
42, 49
41, 48
41, 48
41, 50
40, 49
39, 48
38, 47
37, 46
36, 45
35, 44
34, 43
33, 42
33, 42
48, 52
48, 52
47, 51
47, 51
46, 50
46, 50
46, 50
56, 74
56, 74
55, 74
54, 74
53, 74
52, 74
51, 74
50, 74
49, 74
49, 74
47, 64
46, 63
45, 62
45, 60
46, 59
47, 58
48, 57
49, 56
48, 56
48, 56
47, 56
46, 56
46, 55
47, 54
48, 53
49, 52
50, 51
50, 50
50, 50
50, 50
50, 50
50, 50
48, 48
49, 49
50, 50
51, 51
52, 52
53, 53
53, 53
54, 54
55, 55
55, 55
45, 48
45, 48
45, 48
44, 47
43, 46
43, 46
49, 56
50, 57
51, 58
51, 58
52, 59
52, 59
47, 47
47, 47
47, 46
47, 45
47, 44
47, 43
47, 42
47, 41
47, 40
47, 39
47, 39
55, 69
54, 69
53, 69
53, 69
52, 69
52, 69
52, 69
51, 69
50, 69
50, 69
53, 46
54, 47
54, 49
53, 50
52, 50
51, 50
50, 50
50, 50
50, 50
50, 50
50, 50
50, 50
51, 51
51, 51
53, 69
54, 70
55, 71
55, 71
56, 72
56, 72
57, 73
57, 73
65, 69
64, 68
63, 67
63, 67
62, 66
62, 66
50, 56
51, 55
52, 54
52, 53
52, 52
52, 52
52, 52
52, 52
52, 52
28, 48
29, 47
29, 47
30, 46
31, 45
32, 44
32, 43
32, 42
32, 41
32, 41
47, 50
48, 50
47, 50
46, 51
45, 50
46, 49
47, 48
46, 49
45, 48
45, 48
34, 42
35, 42
34, 41
33, 40
33, 39
34, 39
33, 39
32, 38
32, 38
54, 54
55, 54
56, 53
57, 53
57, 54
56, 55
57, 56
57, 56
54, 60
55, 59
55, 60
56, 60
55, 60
54, 61
54, 62
54, 62
53, 52
52, 51
51, 52
51, 51
52, 52
52, 52
57, 74
58, 74
58, 75
59, 76
60, 75
59, 75
59, 74
59, 75
60, 75
60, 75
56, 59
57, 58
58, 58
57, 58
56, 57
55, 58
55, 58
33, 41
34, 42
33, 43
32, 42
31, 41
32, 42
32, 43
31, 42
30, 43
31, 43
31, 43
52, 51
51, 50
51, 51
52, 50
53, 49
53, 48
53, 48
56, 58
55, 59
56, 60
56, 61
57, 61
58, 62
57, 61
57, 61
61, 65
60, 66
60, 67
59, 68
59, 67
60, 68
60, 68
43, 68
42, 69
43, 70
42, 69
42, 68
42, 67
43, 66
43, 65
42, 66
43, 67
43, 67
44, 39
44, 38
45, 39
46, 38
46, 37
47, 36
47, 37
46, 38
46, 38
55, 55
54, 54
54, 53
55, 54
55, 53
56, 53
56, 53
42, 71
43, 72
42, 72
42, 73
42, 72
42, 71
43, 71
43, 71
44, 46
44, 45
44, 46
44, 45
44, 44
44, 43
43, 43
42, 42
42, 43
42, 43
47, 51
46, 50
47, 49
47, 48
48, 49
47, 49
46, 49
47, 48
48, 48
48, 47
48, 47
51, 50
51, 51
50, 51
51, 50
51, 51
50, 52
51, 53
51, 53
48, 74
47, 75
47, 74
48, 73
47, 72
47, 72
42, 47
41, 47
42, 47
42, 48
41, 48
40, 49
41, 49
41, 49
47, 40
46, 40
47, 40
47, 41
47, 40
47, 40
51, 69
52, 70
51, 71
50, 70
51, 69
50, 68
51, 69
50, 70
49, 70
50, 69
50, 69
46, 49
46, 50
47, 51
48, 50
48, 49
48, 50
48, 51
49, 50
48, 49
48, 49
52, 58
51, 58
50, 57
51, 58
52, 57
51, 56
52, 55
51, 56
52, 55
52, 54
52, 54
51, 54
52, 55
51, 55
50, 56
49, 55
49, 56
48, 55
48, 55
60, 76
61, 75
60, 76
59, 76
60, 75
60, 75
44, 71
43, 71
42, 70
41, 69
40, 70
41, 69
40, 69
40, 69
55, 63
56, 63
55, 63
55, 64
55, 63
56, 63
55, 63
56, 63
55, 64
55, 64
56, 57
56, 58
55, 59
54, 59
53, 60
52, 60
51, 59
51, 60
51, 60
46, 40
47, 41
48, 40
49, 41
50, 42
51, 42
51, 43
51, 43
51, 70
50, 71
51, 71
50, 72
49, 73
48, 74
47, 75
47, 76
47, 76
42, 42
41, 42
42, 43
41, 42
42, 41
42, 40
43, 39
42, 40
41, 41
41, 41
52, 51
52, 52
51, 52
52, 52
52, 51
53, 50
53, 49
54, 48
53, 48
54, 49
54, 49
44, 47
44, 48
44, 49
45, 49
46, 49
46, 50
46, 50
32, 39
31, 38
31, 39
31, 38
31, 39
31, 40
30, 40
31, 39
32, 39
32, 39
55, 57
56, 57
55, 56
54, 57
54, 58
53, 59
54, 59
55, 59
55, 59
47, 37
47, 36
47, 35
46, 36
47, 36
46, 37
46, 37
52, 49
51, 48
50, 49
50, 50
51, 49
52, 48
52, 48
57, 60
56, 61
55, 61
54, 62
55, 61
56, 62
57, 63
58, 63
59, 62
59, 62
48, 71
48, 72
47, 71
48, 71
47, 70
46, 71
47, 71
46, 70
46, 71
46, 71
41, 48
42, 48
41, 49
42, 48
43, 49
42, 50
41, 50
42, 50
43, 50
43, 50
31, 42
31, 43
30, 43
31, 43
32, 42
32, 43
32, 43
48, 50
48, 51
47, 50
48, 49
47, 49
46, 50
46, 49
46, 49
42, 67
41, 67
42, 68
43, 68
44, 68
44, 69
43, 69
43, 69
49, 47
50, 47
50, 46
51, 45
52, 45
53, 45
53, 45
50, 53
51, 53
52, 54
52, 53
51, 53
50, 52
50, 51
51, 51
50, 50
50, 50
59, 67
59, 66
58, 67
58, 66
59, 66
58, 67
59, 68
58, 67
58, 67
55, 53
54, 54
54, 53
54, 54
54, 55
53, 54
54, 54
53, 54
53, 54
60, 61
60, 62
61, 62
60, 63
59, 64
58, 64
58, 64
31, 44
31, 45
32, 46
32, 45
32, 44
31, 45
32, 44
32, 44
50, 44
49, 43
49, 42
48, 43
47, 44
46, 45
47, 44
48, 44
48, 43
48, 43
45, 48
45, 49
44, 50
43, 49
42, 50
41, 50
41, 50
59, 74
58, 75
59, 76
59, 77
58, 77
57, 76
58, 77
58, 78
59, 77
59, 77
54, 64
54, 65
53, 65
53, 64
54, 64
53, 63
53, 63
46, 51
45, 50
44, 49
45, 49
46, 49
46, 48
45, 48
44, 47
45, 47
45, 47
47, 38
48, 39
49, 39
49, 40
49, 41
50, 41
50, 41
51, 59
51, 58
52, 57
51, 57
52, 58
52, 57
53, 57
53, 58
53, 58
49, 54
49, 55
50, 56
50, 55
51, 54
51, 54
58, 66
57, 66
57, 65
56, 65
56, 64
56, 65
55, 64
56, 64
56, 64
49, 49
50, 49
50, 48
51, 49
52, 48
53, 49
53, 48
53, 47
52, 48
52, 48
54, 53
55, 53
54, 54
53, 55
52, 56
52, 56
52, 49
53, 50
52, 50
52, 51
52, 52
52, 51
51, 52
52, 51
53, 52
53, 52
56, 58
56, 59
56, 60
57, 61
57, 62
58, 62
59, 63
58, 62
57, 61
57, 61
42, 41
43, 41
42, 40
43, 40
43, 39
44, 40
43, 41
43, 41
53, 48
52, 47
51, 48
51, 49
52, 50
52, 49
51, 49
50, 49
51, 49
52, 48
52, 48
53, 44
53, 45
52, 45
53, 45
52, 46
51, 46
50, 45
50, 44
49, 44
49, 44
44, 70
43, 70
44, 69
45, 70
44, 69
45, 70
46, 71
46, 70
47, 70
47, 70
47, 72
47, 71
46, 72
47, 71
46, 72
45, 72
45, 72
44, 50
43, 49
43, 50
44, 50
43, 51
42, 51
41, 52
41, 52
48, 75
49, 74
50, 74
50, 75
50, 76
49, 75
49, 76
48, 76
48, 76
33, 39
34, 39
35, 38
36, 39
35, 38
35, 38
39, 70
38, 71
38, 70
37, 71
36, 72
37, 73
38, 72
37, 72
37, 73
38, 74
38, 74
44, 47
43, 47
44, 47
45, 47
46, 47
46, 47
43, 42
44, 43
45, 42
46, 41
45, 42
46, 43
46, 43
53, 59
52, 60
52, 61
52, 60
53, 59
54, 59
54, 58
54, 58
40, 53
40, 52
39, 51
39, 52
40, 53
40, 53
58, 65
58, 64
57, 63
58, 62
59, 61
58, 61
57, 61
56, 61
57, 60
57, 60
54, 63
55, 63
54, 62
55, 63
55, 64
56, 64
56, 64
57, 65
57, 66
56, 65
55, 64
56, 64
57, 64
58, 64
57, 63
58, 63
58, 63
57, 60
58, 60
57, 59
56, 60
56, 59
57, 60
58, 60
57, 60
57, 61
58, 60
58, 60
33, 43
32, 43
31, 44
30, 44
31, 45
31, 44
30, 45
30, 45
46, 72
46, 73
45, 73
44, 74
45, 75
44, 74
43, 75
42, 75
42, 75
39, 73
39, 72
40, 72
39, 72
39, 73
38, 74
38, 74
47, 77
46, 77
45, 77
45, 76
46, 77
46, 78
45, 78
44, 79
44, 79
47, 71
48, 70
48, 69
49, 68
50, 68
50, 69
51, 70
52, 71
52, 71
52, 55
51, 54
50, 53
51, 54
52, 55
51, 55
50, 55
50, 55
42, 49
41, 49
42, 50
42, 51
41, 52
41, 52
53, 53
52, 54
53, 54
54, 54
54, 55
55, 54
54, 55
55, 56
55, 55
56, 55
56, 55
58, 77
59, 76
58, 75
59, 76
58, 77
57, 77
56, 76
55, 76
56, 77
55, 77
55, 77
50, 53
49, 54
49, 53
50, 53
51, 54
52, 54
52, 54
49, 42
49, 41
50, 41
50, 40
51, 40
52, 39
53, 40
53, 39
53, 39
53, 49
53, 48
53, 49
53, 48
53, 47
53, 47
51, 40
50, 41
51, 42
50, 41
50, 40
49, 41
48, 40
48, 40
36, 37
37, 36
38, 37
38, 36
38, 37
38, 38
37, 37
38, 37
39, 36
39, 36
50, 45
51, 45
51, 44
51, 43
52, 42
53, 41
54, 40
53, 39
54, 38
53, 39
53, 39
51, 49
50, 50
50, 49
51, 48
51, 47
50, 47
50, 46
50, 47
49, 48
49, 48
52, 72
53, 73
52, 72
51, 71
52, 72
51, 71
52, 72
53, 72
53, 71
53, 70
53, 70
56, 77
56, 76
55, 75
55, 76
54, 76
54, 77
53, 78
52, 78
51, 77
51, 78
51, 78
48, 48
47, 47
48, 47
49, 47
49, 46
49, 45
50, 46
49, 47
49, 47
52, 55
52, 56
51, 55
51, 56
51, 55
51, 54
51, 55
52, 56
51, 56
51, 56
45, 78
46, 78
47, 77
47, 76
48, 77
49, 77
49, 77
57, 62
58, 62
58, 63
57, 63
57, 62
58, 61
57, 62
56, 62
55, 61
54, 62
54, 62
57, 59
58, 59
58, 60
57, 60
57, 59
56, 58
55, 59
55, 59
53, 59
54, 60
53, 60
54, 60
53, 59
53, 60
52, 60
52, 60
30, 46
30, 47
30, 48
31, 49
32, 50
31, 51
32, 50
32, 50
39, 75
40, 76
39, 76
40, 75
41, 74
42, 74
43, 75
44, 74
43, 75
43, 75
51, 54
50, 55
51, 56
51, 57
52, 56
53, 55
54, 56
54, 56
58, 59
58, 58
58, 59
57, 59
58, 60
58, 60
42, 53
41, 54
42, 53
41, 52
42, 51
41, 51
42, 51
41, 52
40, 52
40, 52
47, 41
48, 40
49, 39
48, 40
48, 41
47, 40
48, 39
47, 40
47, 41
47, 41
39, 54
39, 55
40, 56
40, 55
41, 54
41, 55
42, 54
42, 54
47, 47
48, 48
48, 47
47, 46
47, 45
48, 46
47, 45
48, 44
49, 43
48, 42
48, 42
45, 43
45, 44
46, 43
46, 42
47, 43
47, 42
46, 43
45, 43
46, 42
46, 41
46, 41
55, 56
54, 56
55, 56
55, 57
56, 58
56, 59
56, 60
55, 60
54, 60
54, 60
57, 64
56, 63
56, 62
57, 62
56, 63
55, 62
55, 61
55, 61
40, 35
41, 34
42, 34
42, 35
42, 36
43, 36
44, 36
45, 37
45, 37
53, 38
54, 39
53, 40
52, 39
52, 40
52, 40
54, 38
54, 37
53, 37
54, 37
55, 36
55, 36
42, 74
42, 73
43, 72
44, 72
45, 71
46, 72
45, 71
44, 72
43, 72
44, 71
44, 71
52, 47
51, 46
51, 47
51, 48
50, 48
49, 49
48, 49
48, 48
47, 47
47, 47
44, 75
44, 76
43, 77
43, 78
42, 78
43, 79
42, 80
41, 80
42, 79
42, 79
47, 42
46, 42
47, 43
47, 44
48, 45
47, 45
48, 46
48, 47
49, 47
50, 48
50, 48
55, 61
56, 61
55, 61
56, 60
56, 61
57, 61
56, 62
56, 62
49, 76
49, 77
50, 78
51, 78
50, 77
51, 77
51, 77
56, 58
56, 59
57, 59
57, 58
57, 57
57, 56
56, 55
55, 54
55, 54
46, 38
47, 38
47, 39
46, 39
46, 40
46, 40
48, 41
48, 40
48, 41
49, 41
48, 40
47, 41
48, 42
47, 43
46, 42
46, 42
43, 70
42, 69
41, 70
41, 69
40, 68
40, 69
39, 69
40, 70
40, 70
48, 46
48, 47
49, 46
50, 45
51, 44
50, 43
50, 43
53, 59
54, 59
53, 60
54, 60
54, 61
54, 60
53, 59
53, 60
53, 61
53, 61
51, 55
50, 54
51, 55
52, 54
53, 54
54, 55
55, 55
55, 55
54, 61
54, 62
55, 63
54, 64
53, 65
52, 64
53, 63
54, 64
55, 63
56, 63
56, 63
54, 60
55, 59
55, 58
56, 59
57, 59
57, 58
57, 57
56, 58
56, 58
51, 40
52, 41
53, 40
54, 40
55, 41
54, 42
55, 42
55, 42
39, 51
39, 52
40, 52
39, 51
38, 52
37, 51
38, 52
37, 52
37, 52
51, 77
52, 76
53, 77
54, 77
53, 76
53, 76
47, 40
46, 40
45, 41
44, 40
45, 39
45, 38
45, 39
46, 39
47, 40
47, 40
54, 36
54, 37
55, 37
55, 36
54, 37
54, 37
41, 54
40, 55
39, 55
38, 56
38, 55
38, 54
39, 54
39, 55
38, 55
38, 55
32, 51
31, 51
30, 50
30, 49
29, 49
30, 50
29, 49
30, 50
29, 50
30, 49
30, 49
48, 47
49, 47
49, 48
50, 49
50, 48
51, 49
50, 49
49, 48
49, 48
53, 69
52, 68
51, 68
50, 68
49, 69
49, 70
50, 71
49, 71
49, 72
50, 73
50, 73
53, 57
52, 57
52, 56
53, 57
53, 56
52, 57
53, 56
52, 57
53, 58
54, 57
54, 57
59, 59
60, 59
59, 58
60, 58
59, 58
60, 59
60, 58
59, 58
58, 57
58, 57
56, 56
56, 55
55, 56
56, 56
56, 55
56, 56
57, 56
56, 57
56, 57
48, 40
47, 41
48, 42
48, 43
48, 44
49, 44
50, 43
50, 42
50, 42
55, 55
56, 54
55, 55
56, 54
56, 55
57, 54
57, 54
49, 72
48, 71
47, 71
46, 70
45, 69
45, 70
45, 69
44, 69
45, 69
44, 69
44, 69
55, 62
56, 63
56, 64
56, 65
57, 64
56, 65
57, 65
58, 65
58, 66
58, 65
58, 65
36, 53
35, 53
34, 52
33, 52
34, 53
34, 53
46, 43
45, 44
46, 43
47, 44
46, 43
45, 42
45, 42
53, 77
53, 76
53, 77
54, 77
55, 77
56, 76
56, 76
31, 49
31, 50
32, 49
33, 48
32, 49
32, 48
31, 47
31, 46
30, 46
30, 46
47, 39
48, 39
48, 38
49, 38
48, 38
49, 37
49, 36
48, 36
48, 36
49, 47
48, 48
48, 47
49, 47
48, 48
48, 48
55, 38
54, 39
53, 40
52, 39
52, 40
52, 39
51, 38
51, 38
52, 60
52, 59
51, 58
50, 58
51, 57
51, 56
51, 55
51, 54
52, 53
51, 54
51, 54
58, 56
58, 55
57, 54
57, 55
56, 54
57, 54
56, 54
56, 54
51, 78
50, 78
49, 78
50, 79
49, 79
48, 80
47, 80
46, 79
46, 78
46, 78
40, 69
40, 70
40, 71
40, 72
41, 71
40, 71
41, 71
41, 70
41, 70
55, 57
56, 57
55, 57
56, 56
57, 55
57, 56
56, 56
56, 57
56, 57
56, 61
55, 60
55, 61
55, 60
54, 60
55, 60
55, 61
54, 60
55, 59
55, 59
43, 80
44, 79
43, 79
43, 78
44, 78
43, 78
43, 78
56, 41
56, 42
55, 43
55, 42
54, 41
54, 41
50, 42
51, 43
50, 42
50, 41
49, 42
48, 43
48, 43
53, 58
54, 57
55, 56
55, 57
55, 56
55, 55
55, 54
54, 53
54, 53
49, 48
50, 49
51, 48
50, 47
51, 46
51, 46
38, 54
37, 54
36, 55
37, 54
37, 53
38, 54
39, 53
39, 52
38, 52
38, 52
55, 75
56, 74
55, 75
56, 76
55, 75
56, 74
55, 74
54, 75
55, 76
55, 76
55, 56
54, 55
53, 55
54, 54
53, 53
52, 52
51, 51
52, 51
52, 51
52, 37
51, 36
52, 35
52, 34
53, 35
52, 34
52, 35
52, 35
34, 52
35, 51
34, 51
35, 52
34, 53
34, 52
33, 52
33, 52
57, 53
56, 53
55, 53
55, 54
56, 55
56, 56
56, 57
56, 57
55, 60
56, 61
56, 62
57, 62
57, 61
57, 61
38, 51
38, 52
38, 51
37, 51
36, 52
37, 52
38, 51
37, 50
38, 50
38, 50
45, 69
44, 70
43, 71
44, 70
43, 69
42, 68
42, 68
49, 36
50, 35
49, 35
49, 36
50, 35
49, 36
49, 37
50, 37
51, 36
52, 37
52, 37
55, 41
54, 41
53, 42
52, 41
53, 41
52, 40
53, 40
52, 41
52, 41
48, 49
49, 48
48, 48
49, 49
48, 49
48, 50
47, 51
48, 51
48, 50
47, 50
47, 50
51, 45
51, 46
50, 47
49, 46
50, 46
50, 46
49, 43
50, 42
51, 41
52, 42
51, 42
51, 42
31, 46
32, 46
31, 46
32, 45
31, 44
30, 45
30, 45
40, 69
41, 69
40, 68
41, 67
42, 68
41, 69
42, 69
42, 69
46, 42
47, 41
48, 40
48, 39
47, 38
48, 37
48, 36
49, 36
49, 35
49, 35
57, 56
58, 57
57, 56
58, 56
58, 57
59, 58
58, 57
57, 56
57, 56
47, 79
48, 80
47, 81
46, 81
47, 80
47, 80
50, 53
49, 53
49, 52
48, 51
49, 51
49, 52
49, 51
50, 51
49, 50
50, 50
50, 50
58, 66
58, 67
59, 67
58, 67
57, 68
57, 68
55, 55
56, 54
55, 55
56, 55
55, 56
56, 55
56, 56
56, 55
56, 55
54, 54
53, 55
54, 54
54, 53
54, 54
54, 53
54, 54
55, 55
56, 54
56, 53
56, 53
47, 43
48, 44
49, 44
50, 45
50, 44
49, 45
48, 45
49, 46
49, 47
49, 47
44, 78
43, 78
44, 78
45, 78
45, 77
44, 77
44, 77
49, 36
48, 36
49, 35
48, 35
47, 34
47, 33
46, 34
46, 35
45, 34
44, 33
44, 33
53, 35
52, 36
51, 35
52, 35
52, 36
52, 35
53, 36
53, 37
54, 37
53, 36
53, 36
41, 67
42, 68
41, 67
42, 66
43, 66
44, 66
44, 67
44, 68
44, 68
55, 54
54, 54
53, 55
52, 54
51, 54
50, 55
50, 55
43, 70
43, 71
44, 72
43, 72
42, 73
41, 74
41, 75
41, 75
46, 50
47, 51
46, 52
45, 52
46, 52
47, 52
46, 51
45, 52
44, 52
44, 52
43, 78
43, 77
43, 76
43, 77
42, 78
42, 78
53, 36
52, 36
53, 35
54, 35
54, 34
54, 34
51, 49
50, 48
49, 47
49, 48
48, 49
47, 50
47, 51
46, 51
46, 52
46, 52
47, 81
47, 80
46, 81
45, 82
45, 83
44, 84
44, 84
58, 69
59, 70
58, 69
57, 70
58, 69
58, 68
58, 68
52, 52
53, 52
53, 53
52, 54
53, 55
52, 55
51, 55
50, 54
51, 54
50, 53
50, 53
49, 46
49, 45
50, 46
51, 46
51, 45
51, 45
50, 48
50, 47
50, 48
49, 49
48, 48
48, 49
47, 49
48, 49
48, 49
55, 54
55, 55
55, 54
54, 53
54, 54
53, 54
52, 53
52, 53
37, 49
38, 50
39, 49
38, 49
39, 48
38, 49
39, 50
38, 51
38, 50
37, 51
37, 51
58, 61
59, 60
60, 61
60, 60
60, 61
61, 60
61, 60
51, 41
50, 42
51, 41
51, 40
52, 40
51, 40
52, 41
52, 42
51, 43
51, 43
29, 45
29, 46
29, 47
28, 46
29, 47
29, 48
29, 48
51, 42
51, 43
50, 42
49, 42
48, 41
48, 42
48, 41
48, 41
55, 58
55, 59
55, 58
55, 57
56, 56
56, 57
57, 57
56, 57
56, 57
34, 52
33, 52
33, 51
34, 51
33, 51
34, 52
34, 52
54, 77
53, 78
54, 78
53, 79
54, 79
53, 80
53, 80
57, 55
58, 56
58, 55
57, 54
58, 55
58, 56
59, 57
60, 58
60, 59
60, 59
57, 67
58, 68
57, 68
57, 67
58, 67
58, 67
55, 56
54, 56
55, 56
54, 56
53, 57
53, 58
52, 59
53, 60
54, 61
53, 60
53, 60
38, 51
39, 52
40, 51
41, 51
41, 50
42, 49
41, 50
41, 51
41, 50
41, 50
53, 37
54, 37
53, 38
52, 39
52, 40
53, 40
52, 41
51, 40
51, 40
52, 46
51, 45
52, 45
51, 45
52, 44
51, 45
52, 46
52, 45
53, 45
53, 44
53, 44
61, 60
62, 60
62, 59
62, 60
62, 61
61, 60
60, 61
61, 62
61, 63
61, 63
61, 61
62, 61
61, 61
60, 60
60, 59
60, 60
61, 59
60, 58
60, 57
60, 57
45, 32
45, 33
45, 32
44, 31
45, 31
46, 30
46, 30
54, 81
55, 80
54, 80
55, 79
55, 78
54, 77
54, 77
49, 42
48, 41
49, 40
50, 40
49, 39
50, 40
49, 39
50, 40
49, 41
49, 41
43, 84
44, 84
44, 85
44, 84
44, 85
44, 85
40, 75
41, 74
40, 75
41, 74
42, 75
43, 74
43, 75
44, 76
43, 77
44, 76
44, 76
51, 54
50, 53
51, 52
50, 51
50, 50
49, 50
49, 50
43, 51
44, 50
45, 49
44, 50
44, 51
44, 51
53, 33
53, 32
54, 31
54, 30
53, 31
53, 31
43, 78
43, 77
44, 77
45, 76
45, 77
45, 76
44, 77
45, 76
45, 76
49, 54
49, 53
48, 52
48, 53
49, 53
49, 53
33, 53
33, 52
32, 52
33, 51
33, 52
33, 53
33, 54
32, 54
32, 54
29, 47
28, 46
29, 46
29, 47
29, 46
28, 46
28, 46
48, 48
48, 49
48, 50
49, 51
50, 51
50, 51
52, 44
51, 43
51, 44
51, 43
52, 44
52, 44
51, 52
52, 53
51, 53
52, 54
53, 53
54, 53
53, 53
52, 52
51, 51
50, 51
50, 51
45, 53
44, 52
44, 51
45, 51
44, 50
45, 50
45, 49
44, 48
44, 48
45, 69
44, 69
45, 70
44, 70
44, 69
44, 70
45, 70
46, 71
45, 71
45, 71
54, 60
55, 60
55, 61
54, 62
54, 63
55, 64
54, 64
54, 64
48, 49
47, 49
48, 48
48, 49
47, 49
46, 50
47, 49
47, 50
48, 51
48, 50
48, 50
59, 58
58, 58
57, 58
57, 59
58, 58
59, 58
58, 57
58, 57
53, 78
54, 78
55, 78
56, 78
55, 78
55, 77
54, 78
54, 78
48, 53
47, 52
48, 52
49, 53
50, 52
50, 53
49, 52
48, 52
47, 51
47, 51
51, 52
51, 53
52, 53
53, 52
53, 51
53, 51
50, 42
49, 42
48, 42
49, 42
48, 43
47, 44
47, 45
47, 44
47, 44
46, 77
45, 78
46, 79
45, 78
45, 79
46, 78
47, 79
47, 80
47, 80
46, 31
46, 30
47, 29
47, 28
48, 29
47, 28
47, 28
51, 41
50, 41
49, 41
50, 41
49, 41
48, 40
49, 41
49, 41
52, 45
51, 44
52, 45
52, 46
51, 47
50, 46
50, 46
40, 51
41, 50
40, 51
41, 51
42, 50
42, 51
42, 51
32, 55
33, 54
34, 55
33, 55
33, 54
34, 55
34, 55
54, 31
55, 31
56, 31
56, 32
56, 33
55, 34
56, 33
56, 34
56, 33
56, 33
44, 49
43, 50
42, 50
42, 49
42, 50
43, 50
43, 51
43, 51
46, 70
47, 71
46, 72
47, 72
48, 71
47, 72
48, 72
47, 72
47, 72
43, 75
44, 76
43, 76
44, 76
43, 76
42, 76
43, 77
43, 78
43, 78
51, 52
51, 53
52, 54
51, 54
51, 55
50, 54
50, 55
49, 55
49, 55
57, 67
58, 66
57, 65
58, 66
59, 67
58, 66
59, 66
58, 65
58, 64
58, 64
27, 47
28, 48
29, 47
30, 46
30, 47
31, 47
32, 46
33, 45
34, 45
33, 44
33, 44
43, 50
42, 49
43, 49
42, 50
43, 51
44, 51
44, 52
44, 52
43, 84
44, 85
44, 84
45, 84
46, 85
45, 85
44, 84
45, 85
44, 85
43, 84
43, 84
62, 63
62, 64
61, 64
62, 65
61, 64
61, 65
60, 64
60, 64
54, 45
55, 45
56, 45
56, 44
57, 44
57, 45
56, 44
56, 44
47, 50
46, 50
45, 50
46, 50
45, 50
46, 49
46, 49
56, 32
56, 31
55, 32
56, 31
55, 31
54, 32
55, 33
56, 33
56, 33
46, 44
45, 44
44, 45
43, 46
42, 47
41, 47
40, 48
39, 47
38, 48
39, 48
39, 48
48, 49
48, 48
47, 48
47, 49
46, 50
47, 49
48, 50
48, 49
48, 49
35, 55
34, 56
33, 55
32, 54
33, 55
34, 56
34, 55
33, 56
34, 55
34, 55
44, 51
45, 51
46, 50
46, 49
45, 50
46, 50
47, 51
48, 50
49, 51
49, 52
49, 52
46, 73
47, 73
47, 74
48, 75
47, 76
48, 76
49, 75
50, 76
50, 76
50, 54
49, 55
48, 56
49, 55
50, 55
49, 54
50, 53
49, 53
49, 53
55, 43
56, 43
55, 44
54, 44
53, 45
54, 45
53, 45
54, 46
54, 46
32, 43
32, 44
33, 45
34, 44
34, 43
35, 42
36, 42
35, 43
35, 43
46, 29
45, 28
46, 27
46, 28
46, 29
46, 30
45, 31
45, 31
43, 77
43, 78
43, 79
43, 78
43, 79
44, 80
43, 79
43, 80
43, 80
49, 47
49, 48
48, 47
48, 46
47, 46
48, 45
47, 45
48, 44
48, 44
58, 63
59, 63
60, 63
61, 62
61, 61
61, 61
42, 83
43, 83
44, 83
45, 83
45, 84
46, 83
45, 82
46, 82
46, 82
54, 65
53, 66
53, 65
52, 65
53, 66
54, 66
54, 67
54, 67
46, 79
47, 78
47, 77
46, 76
47, 77
46, 77
45, 76
45, 76
42, 51
43, 52
42, 53
41, 53
42, 53
41, 52
41, 52
60, 65
61, 66
61, 67
60, 68
61, 68
60, 68
59, 69
60, 70
61, 69
62, 70
62, 70
54, 79
55, 80
56, 81
55, 81
56, 81
56, 82
55, 82
55, 82
48, 40
49, 40
50, 40
49, 39
48, 38
47, 39
46, 39
45, 40
46, 39
46, 39
57, 56
58, 55
58, 56
57, 56
57, 57
58, 56
57, 56
57, 56
54, 51
53, 51
52, 51
51, 52
51, 53
51, 54
52, 55
53, 54
52, 54
53, 54
53, 54
43, 50
42, 49
43, 50
43, 49
42, 48
41, 49
41, 49
44, 80
43, 80
44, 81
45, 81
44, 82
43, 82
43, 82
40, 49
40, 50
39, 50
39, 49
39, 50
39, 50
57, 33
57, 34
58, 34
59, 33
60, 34
60, 34
50, 51
49, 52
48, 52
48, 51
49, 52
48, 52
48, 52
54, 66
53, 66
52, 66
51, 66
50, 67
51, 66
52, 66
51, 67
50, 68
49, 67
49, 67
46, 32
45, 32
45, 33
46, 33
47, 34
48, 33
48, 34
47, 33
46, 32
46, 32
57, 55
56, 56
56, 57
57, 56
58, 55
57, 55
56, 56
57, 56
57, 57
56, 58
56, 58
46, 83
45, 84
46, 83
47, 83
48, 84
49, 84
49, 83
48, 82
47, 81
47, 81
47, 49
47, 50
47, 49
46, 50
47, 51
48, 51
49, 51
50, 51
50, 51
33, 55
32, 56
33, 57
34, 56
34, 57
33, 57
34, 58
34, 58
41, 51
41, 50
42, 49
43, 50
43, 51
42, 52
42, 51
43, 50
43, 49
43, 49
56, 83
56, 82
55, 81
56, 81
55, 82
56, 82
57, 83
56, 83
56, 83
47, 48
46, 48
47, 48
48, 49
48, 48
49, 49
49, 50
49, 49
49, 50
48, 49
48, 49
45, 77
45, 76
46, 75
45, 76
44, 76
43, 76
44, 75
44, 75
48, 54
47, 53
48, 54
49, 54
50, 53
50, 53
49, 76
48, 77
49, 78
48, 79
48, 78
47, 78
47, 79
47, 79
41, 50
40, 51
41, 50
41, 49
40, 49
41, 48
42, 48
43, 49
42, 48
42, 49
42, 49
61, 69
62, 70
63, 70
64, 71
63, 71
63, 71
53, 53
54, 53
53, 52
53, 51
52, 50
52, 50
62, 61
61, 62
62, 62
63, 62
64, 62
63, 63
64, 62
64, 62
53, 47
52, 46
53, 46
54, 45
55, 45
54, 44
55, 44
54, 43
53, 43
53, 43
45, 40
46, 39
46, 38
47, 39
47, 38
46, 37
46, 37
36, 42
35, 43
34, 42
33, 43
34, 43
34, 42
35, 43
34, 44
34, 44
49, 43
50, 43
50, 42
49, 43
48, 43
49, 44
49, 43
48, 44
47, 43
47, 43
44, 81
43, 81
43, 81
44, 80
43, 79
43, 79
44, 78
45, 77
46, 77
46, 77
64, 72
65, 73
66, 74
66, 75
66, 76
66, 77
66, 77
51, 54
52, 55
53, 56
54, 57
54, 58
54, 59
54, 60
54, 61
54, 62
54, 63
54, 63
48, 44
49, 45
50, 46
51, 47
52, 48
53, 49
54, 50
54, 50
35, 59
36, 60
37, 61
38, 62
39, 63
40, 64
41, 65
41, 65
48, 78
49, 77
50, 76
51, 75
52, 74
52, 74
45, 76
46, 77
47, 78
48, 79
49, 80
50, 81
51, 82
52, 82
52, 82
51, 51
51, 51
50, 51
50, 51
51, 51
51, 51
52, 52
53, 53
52, 52
52, 52
52, 52
48, 82
49, 83
48, 82
48, 82
49, 83
50, 84
51, 85
51, 85
47, 33
48, 34
49, 35
50, 36
49, 36
49, 36
49, 35
49, 35
50, 36
51, 37
52, 38
51, 37
51, 37
51, 37
49, 50
50, 51
51, 52
52, 53
53, 54
54, 55
55, 56
56, 57
57, 58
58, 59
58, 59
44, 50
45, 51
46, 52
47, 53
47, 53
48, 54
49, 55
49, 56
49, 56
49, 56
55, 82
54, 81
53, 80
52, 79
51, 78
51, 77
51, 77
54, 44
55, 45
56, 45
56, 45
58, 47
59, 48
59, 49
59, 50
59, 51
59, 52
58, 53
58, 53
58, 54
58, 54
59, 56
59, 57
59, 58
59, 59
59, 60
59, 61
60, 61
60, 61
59, 62
59, 62
42, 48
42, 48
43, 49
42, 48
42, 48
42, 49
42, 49
43, 50
43, 50
40, 51
41, 52
42, 53
43, 54
44, 55
46, 57
47, 58
48, 59
49, 60
50, 61
51, 62
52, 63
53, 64
54, 65
55, 66
56, 66
56, 66
56, 66
65, 63
65, 64
65, 65
65, 66
65, 67
65, 68
65, 68
57, 59
58, 60
59, 59
59, 59
60, 60
61, 61
62, 62
62, 62
63, 63
63, 63
53, 51
54, 53
54, 54
54, 55
54, 56
54, 57
54, 58
54, 59
54, 60
54, 61
54, 62
54, 63
54, 64
54, 65
54, 66
54, 67
54, 67
59, 35
58, 36
57, 37
56, 38
55, 39
54, 40
54, 41
54, 42
54, 43
54, 44
54, 44
47, 38
48, 39
48, 38
48, 38
49, 39
50, 40
50, 40
48, 67
48, 67
49, 68
50, 69
51, 70
52, 71
53, 72
54, 73
55, 74
56, 75
56, 75
35, 45
36, 46
36, 45
36, 45
37, 46
37, 46
38, 47
39, 48
40, 49
40, 48
40, 48
40, 48
49, 53
50, 54
50, 55
50, 55
51, 56
52, 57
53, 58
54, 59
53, 58
53, 58
54, 59
54, 59
52, 38
53, 39
53, 40
53, 41
53, 42
53, 43
53, 44
53, 45
53, 46
53, 46
56, 52
57, 53
58, 54
59, 55
60, 56
61, 57
61, 58
61, 59
62, 58
62, 58
62, 58
55, 45
56, 46
57, 47
58, 48
59, 49
59, 50
59, 50
53, 74
53, 74
52, 75
53, 76
53, 76
52, 77
52, 78
52, 79
52, 79
51, 41
50, 42
50, 42
51, 43
52, 44
53, 45
54, 46
56, 48
57, 49
58, 50
59, 51
60, 52
60, 53
60, 54
60, 55
60, 56
60, 57
61, 56
61, 56
61, 56
47, 78
48, 79
49, 80
50, 81
51, 82
52, 83
53, 84
54, 85
54, 85
49, 55
49, 55
50, 55
50, 55
51, 56
51, 57
51, 57
52, 58
53, 59
54, 60
54, 60
59, 60
60, 61
61, 62
60, 62
60, 62
61, 63
62, 64
63, 65
63, 66
63, 67
63, 67
63, 67
55, 66
55, 66
56, 67
56, 68
56, 69
56, 70
56, 71
56, 71
57, 67
58, 68
59, 69
60, 70
61, 71
62, 72
62, 73
62, 73
42, 66
43, 67
43, 68
43, 68
44, 69
45, 70
46, 71
47, 72
47, 72
66, 69
67, 70
66, 71
66, 71
67, 72
68, 73
68, 74
68, 75
68, 74
68, 74
68, 75
68, 75
58, 63
57, 64
58, 64
58, 64
57, 65
56, 66
55, 67
56, 68
56, 68
55, 69
55, 69
52, 83
52, 83
52, 82
52, 81
52, 80
52, 79
52, 79
62, 62
62, 62
63, 63
64, 64
64, 65
64, 65
65, 66
65, 67
65, 67
66, 68
66, 69
66, 69
53, 53
54, 54
55, 55
55, 55
56, 56
57, 55
57, 55
58, 56
59, 57
59, 57
60, 58
60, 58
55, 60
55, 61
55, 62
55, 63
54, 63
54, 63
55, 64
55, 65
55, 66
55, 67
55, 68
55, 68
44, 51
45, 52
46, 53
47, 54
48, 55
49, 56
50, 57
51, 58
52, 59
53, 60
53, 60
52, 76
51, 75
51, 75
52, 76
53, 76
54, 76
54, 76
41, 49
42, 50
43, 51
44, 52
45, 53
46, 54
46, 54
65, 78
64, 79
63, 80
63, 81
63, 81
62, 82
61, 83
60, 84
59, 85
59, 85
52, 84
51, 85
51, 85
51, 86
51, 86
52, 85
53, 84
52, 85
52, 85
51, 86
51, 86
52, 85
53, 84
53, 84
55, 64
56, 65
57, 66
58, 67
59, 68
59, 69
59, 69
57, 76
57, 77
57, 77
57, 77
57, 77
57, 77
57, 77
57, 77
57, 77
57, 77
57, 52
56, 53
55, 54
54, 55
53, 56
53, 57
53, 58
53, 59
53, 60
53, 61
53, 62
53, 61
53, 61
54, 61
54, 61
54, 62
54, 62
53, 63
53, 63
60, 84
61, 85
61, 85
62, 84
63, 83
64, 82
64, 82
53, 59
53, 59
54, 60
55, 61
54, 61
54, 61
55, 62
56, 62
56, 62
57, 63
56, 63
56, 63
57, 64
57, 64
57, 72
58, 73
57, 72
57, 72
56, 73
56, 73
57, 74
58, 75
58, 75
60, 57
59, 58
59, 59
59, 60
59, 61
59, 62
59, 63
59, 63
56, 70
57, 71
58, 72
59, 73
60, 72
60, 72
61, 73
62, 74
63, 75
63, 75
63, 75
59, 59
58, 60
57, 60
57, 60
56, 61
55, 62
55, 63
55, 64
55, 64
61, 74
60, 75
59, 76
58, 77
57, 77
57, 77
57, 77
55, 86
56, 86
56, 86
57, 87
56, 87
56, 87
57, 88
56, 87
56, 87
57, 88
58, 89
58, 89
67, 76
68, 75
68, 75
67, 76
66, 77
65, 78
64, 79
63, 80
62, 81
61, 82
60, 83
60, 83
61, 59
60, 60
59, 61
58, 62
58, 61
58, 61
57, 62
56, 63
56, 64
56, 64
55, 65
55, 65
65, 70
65, 70
64, 71
63, 72
62, 73
63, 72
63, 72
62, 73
61, 74
60, 75
60, 75
48, 73
49, 74
48, 75
48, 75
49, 76
50, 77
50, 77
56, 69
57, 70
58, 71
59, 72
60, 73
61, 74
62, 75
62, 76
62, 76
62, 76
62, 68
61, 69
60, 70
59, 71
58, 72
58, 72
47, 55
48, 56
49, 57
50, 58
51, 59
52, 60
53, 61
53, 61
55, 77
56, 78
55, 78
55, 78
56, 79
57, 80
58, 81
59, 82
60, 83
61, 84
61, 84
58, 78
59, 78
59, 78
59, 78
59, 78
59, 78
54, 47
54, 46
54, 46
54, 47
54, 48
54, 49
54, 50
53, 51
53, 51
54, 53
54, 54
54, 55
54, 56
54, 57
54, 58
53, 58
53, 58
53, 58
54, 61
55, 62
56, 63
57, 64
58, 65
59, 66
58, 66
58, 66
59, 67
60, 68
59, 69
59, 69
59, 69
54, 83
55, 82
56, 82
57, 83
57, 83
58, 82
58, 82
59, 81
59, 81
58, 82
58, 82
53, 79
53, 79
54, 80
55, 81
56, 82
57, 83
58, 84
58, 83
58, 83
59, 84
60, 85
61, 86
61, 86
53, 80
54, 81
55, 82
56, 83
57, 84
58, 84
59, 84
60, 84
61, 84
61, 84
61, 84
58, 70
58, 71
58, 72
58, 73
58, 74
58, 74
59, 88
60, 87
61, 86
62, 85
61, 84
61, 84
62, 83
63, 82
64, 81
64, 81
59, 73
60, 72
61, 71
60, 71
60, 71
61, 70
62, 70
62, 70
63, 71
63, 71
62, 70
62, 70
62, 70
62, 85
63, 86
63, 87
62, 88
62, 88
63, 88
63, 88
63, 88
63, 88
63, 77
63, 78
63, 79
63, 80
63, 81
63, 82
63, 82
59, 76
58, 77
57, 78
56, 79
55, 80
55, 80
54, 64
55, 65
56, 66
57, 67
58, 68
59, 69
60, 70
60, 70
61, 71
61, 71
62, 74
62, 73
62, 72
62, 71
62, 70
62, 70
62, 70
63, 81
62, 80
61, 80
60, 80
59, 80
58, 80
58, 80
57, 65
57, 65
56, 66
55, 67
54, 68
54, 69
54, 70
54, 71
54, 72
54, 73
54, 73
51, 78
52, 79
53, 80
54, 81
55, 82
55, 82
59, 76
60, 77
61, 77
62, 76
62, 76
63, 77
63, 77
57, 71
57, 71
56, 72
57, 72
57, 72
56, 73
55, 74
54, 75
53, 75
53, 75
52, 76
52, 77
52, 77
54, 65
54, 66
54, 66
53, 67
53, 66
53, 66
53, 67
53, 68
53, 68
59, 82
60, 82
61, 82
62, 82
62, 82
62, 82
61, 84
62, 84
63, 84
64, 84
63, 84
63, 84
64, 84
65, 85
65, 85
66, 84
66, 84
55, 66
55, 66
54, 67
53, 68
54, 68
54, 68
53, 69
52, 70
52, 71
52, 72
52, 73
52, 74
52, 74
60, 85
59, 84
59, 84
60, 85
60, 85
59, 84
59, 84
60, 84
60, 84
59, 84
59, 84
59, 84
59, 84
58, 70
57, 71
56, 72
55, 73
54, 74
55, 73
55, 73
54, 74
54, 74
59, 64
59, 65
59, 66
59, 67
59, 68
59, 68
60, 79
60, 80
60, 81
60, 82
60, 83
60, 84
60, 84
58, 76
59, 75
60, 75
61, 75
62, 75
63, 75
63, 75
62, 83
63, 82
63, 83
63, 83
64, 82
65, 81
65, 81
54, 62
55, 63
56, 64
57, 65
58, 66
59, 67
60, 68
60, 68
53, 57
53, 57
54, 58
55, 58
55, 58
56, 59
56, 60
55, 60
55, 60
56, 61
56, 61
59, 81
60, 82
61, 82
62, 82
63, 81
63, 81
63, 82
62, 81
62, 81
63, 82
63, 82
63, 71
64, 72
65, 71
65, 71
64, 72
64, 73
64, 73
62, 78
62, 79
62, 79
62, 80
62, 81
62, 82
62, 83
62, 83
59, 69
58, 70
57, 71
56, 72
55, 72
55, 72
54, 73
54, 73
63, 80
64, 79
64, 79
63, 78
62, 77
61, 77
60, 77
59, 77
58, 77
58, 77
62, 87
61, 86
60, 85
59, 84
58, 83
57, 82
56, 81
56, 81
62, 81
61, 80
60, 79
59, 78
58, 77
57, 76
56, 75
55, 74
54, 75
54, 75
54, 75
60, 83
59, 82
59, 82
60, 81
61, 80
60, 80
60, 80
60, 80
67, 85
68, 86
69, 87
69, 88
69, 88
69, 88
69, 88
70, 88
70, 88
69, 88
69, 88
54, 69
55, 70
56, 71
57, 72
58, 73
59, 74
59, 74
64, 82
64, 83
64, 84
64, 85
64, 86
63, 86
63, 86
64, 85
64, 85
64, 86
64, 86
59, 85
58, 86
57, 87
56, 88
56, 89
56, 89
55, 88
55, 88
60, 69
61, 70
62, 71
63, 72
63, 71
63, 71
62, 71
62, 71
62, 71
63, 81
62, 81
62, 81
63, 80
64, 79
65, 78
66, 77
67, 76
68, 75
68, 75
53, 75
54, 76
55, 77
56, 78
57, 78
58, 78
58, 78
55, 62
56, 61
56, 61
55, 62
54, 63
53, 64
52, 65
51, 66
50, 67
50, 67
56, 83
57, 84
58, 85
57, 85
57, 85
58, 86
58, 86
59, 87
60, 88
61, 89
62, 89
62, 89
55, 74
55, 73
55, 73
54, 73
54, 73
55, 74
56, 75
55, 75
55, 75
56, 76
57, 77
58, 78
57, 77
57, 77
57, 77
54, 80
54, 80
55, 81
54, 80
54, 80
55, 81
56, 82
57, 83
58, 84
58, 84
63, 71
63, 71
62, 72
62, 73
62, 74
63, 73
63, 73
62, 74
62, 75
62, 76
62, 77
62, 78
62, 78
55, 73
55, 73
56, 74
56, 73
56, 73
57, 74
57, 75
57, 75
57, 75
62, 76
62, 76
62, 76
62, 76
62, 76
63, 76
63, 76
63, 76
62, 71
63, 70
63, 70
64, 71
63, 70
63, 70
64, 71
65, 71
65, 71
53, 78
54, 79
54, 80
54, 80
55, 81
56, 82
57, 83
57, 83
56, 88
56, 88
57, 87
58, 86
59, 85
58, 85
58, 85
59, 84
60, 83
60, 82
60, 82
57, 83
57, 83
58, 83
58, 83
57, 82
56, 81
55, 81
54, 81
53, 81
52, 81
52, 81
62, 83
61, 84
60, 85
60, 85
60, 84
60, 84
60, 84
58, 76
59, 76
60, 76
61, 77
61, 77
62, 76
63, 76
63, 76
51, 68
52, 69
53, 70
54, 71
55, 72
55, 73
55, 73
56, 74
57, 75
58, 76
59, 77
59, 77
67, 76
67, 77
67, 78
67, 79
66, 80
66, 80
67, 81
67, 82
67, 83
66, 84
66, 84
66, 84
55, 74
56, 75
55, 75
55, 75
54, 75
54, 75
55, 76
56, 77
56, 77
59, 79
60, 79
60, 79
60, 79
59, 80
59, 80
58, 80
58, 80
59, 79
60, 79
60, 79
61, 79
62, 78
63, 77
64, 76
65, 75
65, 75
65, 72
66, 71
67, 71
68, 71
69, 71
69, 71
58, 76
59, 77
60, 78
61, 77
61, 77
61, 76
61, 76
60, 75
60, 75
61, 76
62, 77
62, 77
59, 77
59, 77
60, 78
61, 79
62, 80
61, 80
61, 80
61, 80
55, 76
56, 77
57, 78
58, 79
59, 79
60, 79
61, 79
62, 79
63, 79
63, 79
63, 88
64, 88
65, 88
65, 89
65, 89
65, 88
65, 88
65, 88
65, 88
65, 88
65, 88
65, 88
68, 87
68, 86
68, 85
68, 84
68, 83
68, 83
58, 82
59, 81
59, 80
59, 80
58, 81
58, 81
59, 80
60, 79
61, 78
62, 77
62, 77
57, 82
58, 83
59, 84
60, 85
61, 86
62, 87
63, 87
64, 87
65, 87
65, 87
63, 78
64, 79
64, 79
64, 78
63, 78
63, 78
64, 78
64, 78
64, 79
64, 79
64, 79
65, 72
65, 72
64, 73
63, 74
62, 75
61, 76
60, 77
59, 78
59, 78
61, 72
60, 73
59, 74
59, 74
58, 75
59, 75
59, 75
59, 75
59, 75
59, 76
59, 77
59, 78
59, 79
59, 79
64, 85
64, 85
63, 84
63, 85
63, 85
62, 84
61, 83
61, 83
63, 82
64, 82
65, 82
65, 81
65, 81
64, 80
64, 80
65, 81
66, 82
66, 82
66, 82
62, 75
62, 75
61, 75
61, 75
61, 76
61, 77
60, 78
60, 78
61, 79
61, 78
61, 78
61, 78
65, 85
64, 86
64, 85
64, 85
63, 86
62, 86
62, 87
62, 87
61, 86
61, 86
64, 76
63, 77
62, 78
61, 79
60, 80
60, 79
60, 79
59, 80
59, 80
58, 80
58, 81
58, 82
58, 83
58, 83
58, 83
58, 83
59, 83
59, 83
58, 83
58, 83
65, 83
64, 83
65, 82
65, 82
64, 83
63, 83
63, 83
62, 83
61, 83
61, 83
62, 77
61, 78
60, 79
59, 80
58, 81
57, 82
56, 82
56, 82
61, 78
60, 79
59, 80
59, 81
59, 81
59, 81
57, 78
58, 79
59, 80
60, 81
60, 82
60, 83
60, 84
60, 83
60, 83
60, 84
60, 85
60, 85
60, 77
59, 76
59, 76
58, 76
57, 76
56, 76
55, 75
55, 75
55, 76
55, 76
55, 75
55, 75
55, 76
55, 76
69, 82
69, 82
68, 83
69, 84
69, 84
68, 85
67, 86
66, 87
66, 87
59, 83
60, 83
60, 83
59, 83
59, 83
60, 84
60, 84
59, 85
59, 85
63, 78
64, 79
64, 79
65, 80
65, 81
66, 80
66, 80
66, 80
60, 79
61, 80
62, 81
63, 82
62, 82
62, 82
63, 82
64, 82
65, 82
65, 82
61, 78
61, 78
62, 79
62, 80
62, 81
62, 82
62, 83
62, 84
62, 85
62, 85
52, 80
52, 80
53, 80
54, 80
55, 80
56, 80
56, 80
58, 76
57, 76
56, 76
56, 76
56, 76
56, 76
56, 76
56, 76
56, 75
56, 75
56, 75
63, 78
62, 77
61, 76
60, 75
59, 74
58, 73
57, 73
57, 73
64, 86
63, 85
62, 84
61, 83
60, 83
60, 83
61, 83
61, 83
60, 84
60, 84
60, 84
62, 79
63, 79
63, 79
63, 79
63, 80
63, 80
62, 79
62, 79
63, 79
64, 79
64, 79
63, 79
63, 79
62, 80
61, 81
60, 81
60, 81
59, 82
58, 83
57, 84
56, 85
55, 86
55, 87
54, 88
54, 88
54, 88
60, 78
61, 79
62, 80
63, 81
64, 80
64, 80
65, 81
65, 82
65, 82
66, 83
67, 82
67, 82
67, 83
67, 83
67, 83
64, 87
64, 87
63, 88
62, 89
61, 89
61, 89
61, 89
61, 89
68, 70
67, 70
66, 70
65, 70
64, 70
64, 70
62, 82
63, 81
64, 81
65, 81
66, 81
66, 81
66, 81
66, 81
59, 83
58, 82
57, 81
56, 80
55, 79
55, 79
64, 81
63, 80
64, 80
64, 80
63, 79
62, 78
61, 77
60, 76
60, 75
60, 75
59, 82
59, 82
60, 81
61, 80
62, 79
61, 78
61, 78
62, 79
63, 79
64, 79
65, 79
65, 79
67, 87
68, 87
69, 87
69, 87
69, 87
69, 87
60, 85
59, 84
60, 83
60, 83
59, 82
59, 81
59, 81
58, 72
58, 72
58, 72
57, 72
57, 72
58, 72
58, 72
58, 72
58, 72
58, 72
58, 72
53, 87
52, 86
52, 85
52, 84
52, 83
52, 83
62, 88
63, 87
64, 86
64, 86
65, 85
64, 84
64, 84
65, 83
66, 82
67, 82
67, 82
62, 78
62, 78
61, 77
60, 77
59, 77
58, 77
58, 77
55, 83
55, 83
56, 82
57, 81
57, 80
57, 80
58, 79
59, 78
60, 77
61, 76
61, 76
60, 84
61, 85
61, 85
60, 84
60, 83
61, 84
61, 84
60, 83
60, 82
60, 82
66, 82
65, 82
64, 82
63, 81
63, 81
62, 82
62, 82
59, 82
59, 82
58, 81
57, 80
56, 79
57, 80
57, 80
56, 79
56, 79
65, 81
64, 82
63, 82
62, 82
61, 82
60, 82
59, 81
59, 81
59, 81
62, 84
63, 85
63, 85
64, 86
65, 87
65, 88
65, 88
65, 82
65, 82
64, 81
63, 80
64, 80
64, 80
63, 80
63, 80
62, 79
62, 79
56, 78
57, 77
58, 76
59, 75
60, 74
61, 73
62, 72
62, 71
62, 71
62, 71
55, 79
54, 78
55, 79
55, 79
56, 78
56, 78
55, 77
54, 76
54, 76
53, 75
52, 74
52, 74
57, 75
58, 75
57, 76
57, 76
56, 77
56, 77
57, 76
58, 75
59, 75
60, 75
61, 75
62, 75
62, 75
59, 83
58, 82
58, 81
58, 80
58, 81
58, 81
58, 81
63, 71
62, 72
62, 73
62, 73
62, 74
62, 74
62, 74
62, 74
62, 74
62, 74
56, 77
57, 78
58, 79
59, 80
60, 81
60, 82
61, 81
61, 81
60, 82
60, 82
58, 81
58, 81
57, 80
56, 80
55, 80
54, 80
53, 80
52, 80
52, 80
53, 81
53, 81
52, 80
52, 80
61, 86
60, 86
59, 86
58, 86
57, 86
56, 86
56, 86
56, 86
56, 86
56, 86
59, 84
59, 83
59, 82
59, 82
59, 82
59, 82
59, 82
59, 82
59, 82
58, 82
58, 82
58, 82
53, 79
54, 79
55, 80
56, 79
55, 79
54, 80
54, 80
62, 73
61, 73
61, 72
60, 71
61, 70
61, 70
59, 83
58, 83
58, 82
59, 81
60, 80
60, 79
59, 80
59, 79
59, 79
61, 81
60, 81
60, 80
61, 81
62, 80
63, 81
62, 81
61, 80
60, 81
60, 81
57, 86
58, 87
58, 86
58, 85
57, 86
58, 85
57, 86
57, 87
57, 88
57, 88
64, 80
65, 80
64, 79
63, 80
63, 79
63, 78
62, 79
62, 79
59, 80
59, 79
58, 80
59, 80
60, 79
61, 80
61, 80
57, 73
56, 73
56, 72
55, 73
55, 74
54, 75
54, 74
53, 73
53, 74
54, 74
54, 74
55, 79
55, 78
56, 78
56, 79
55, 80
55, 80
68, 83
67, 82
68, 83
69, 82
68, 81
67, 81
67, 81
60, 76
60, 75
61, 76
62, 77
61, 78
62, 77
63, 77
64, 77
63, 77
63, 77
62, 81
62, 82
61, 83
61, 82
62, 81
62, 81
61, 80
62, 79
63, 80
63, 81
63, 82
63, 83
62, 82
62, 82
58, 82
57, 83
58, 84
57, 85
57, 86
57, 85
57, 85
58, 81
59, 81
58, 80
58, 79
57, 80
57, 80
61, 81
60, 81
61, 82
62, 82
61, 82
62, 83
63, 83
62, 84
63, 85
64, 84
64, 84
65, 87
64, 86
63, 85
63, 86
62, 86
61, 87
60, 87
60, 87
51, 75
51, 76
50, 77
51, 77
52, 78
52, 78
61, 72
61, 73
62, 74
63, 73
62, 74
62, 75
63, 75
63, 76
62, 76
61, 75
61, 75
60, 76
59, 77
58, 76
58, 77
59, 77
59, 78
59, 77
58, 77
58, 77
51, 84
51, 85
51, 84
52, 84
52, 85
52, 84
52, 85
51, 86
51, 86
58, 76
59, 75
58, 75
57, 74
56, 75
57, 75
58, 74
57, 73
58, 72
58, 72
68, 86
67, 87
66, 86
66, 85
66, 84
67, 83
66, 82
65, 81
65, 81
62, 76
61, 75
62, 74
62, 73
61, 72
61, 71
62, 72
62, 73
63, 74
64, 74
64, 74
61, 76
60, 77
59, 76
58, 75
58, 74
58, 74
53, 80
52, 81
52, 82
53, 82
52, 83
51, 84
51, 83
50, 82
49, 83
49, 83
63, 76
62, 75
61, 74
61, 75
62, 74
62, 74
63, 82
64, 83
64, 84
65, 84
66, 85
65, 84
65, 85
66, 86
67, 86
67, 86
59, 86
58, 86
57, 85
56, 85
56, 84
57, 84
56, 84
55, 83
54, 83
55, 83
55, 83
66, 81
67, 81
68, 82
68, 81
67, 81
67, 81
57, 87
57, 86
57, 87
57, 86
56, 85
56, 85
67, 82
68, 82
69, 81
70, 82
71, 81
72, 80
71, 81
72, 81
73, 80
72, 79
72, 79
59, 77
58, 77
58, 76
57, 77
56, 78
55, 79
54, 80
54, 81
55, 82
56, 83
56, 83
65, 83
64, 83
65, 82
65, 81
64, 81
64, 82
63, 83
63, 83
61, 82
60, 83
60, 82
61, 83
62, 84
62, 84
52, 77
52, 76
52, 77
52, 78
53, 78
52, 77
52, 77
50, 87
50, 86
51, 85
52, 84
51, 83
52, 82
51, 81
52, 81
53, 81
54, 81
54, 81
65, 75
66, 74
67, 74
66, 73
65, 73
64, 72
63, 72
63, 72
60, 81
59, 80
60, 80
60, 81
59, 80
59, 80
59, 72
58, 73
58, 72
57, 73
56, 72
55, 72
55, 72
61, 79
61, 80
60, 79
61, 80
61, 79
61, 79
54, 73
54, 72
55, 73
55, 74
54, 73
54, 72
54, 71
54, 71
62, 71
61, 72
60, 71
60, 70
60, 71
59, 72
60, 71
59, 70
59, 70
57, 86
56, 85
56, 84
57, 85
58, 86
59, 85
58, 84
58, 85
57, 85
56, 85
56, 85
58, 80
58, 81
59, 81
59, 82
58, 83
57, 83
57, 82
56, 81
56, 81
59, 81
58, 81
57, 81
58, 82
57, 83
58, 83
58, 83
59, 80
58, 80
57, 79
58, 79
57, 79
57, 80
57, 79
57, 80
57, 79
56, 78
56, 78
54, 80
53, 80
54, 81
54, 82
55, 82
55, 81
56, 81
57, 82
57, 82
55, 84
54, 83
53, 82
52, 81
51, 80
51, 80
50, 79
49, 78
49, 78
48, 77
48, 77
53, 76
53, 76
54, 75
55, 74
56, 73
57, 72
57, 72
58, 71
59, 70
59, 70
66, 80
65, 79
64, 78
63, 77
62, 76
62, 76
61, 75
61, 75
59, 79
59, 78
59, 78
59, 77
59, 76
59, 75
59, 74
59, 74
61, 73
60, 72
60, 72
59, 71
59, 71
59, 71
57, 73
56, 72
55, 71
55, 71
55, 71
54, 70
54, 70
66, 85
66, 85
65, 84
64, 83
64, 82
64, 81
64, 80
64, 79
64, 78
64, 78
71, 78
71, 78
70, 77
69, 76
68, 75
67, 74
67, 74
67, 73
67, 72
67, 71
67, 71
53, 70
53, 70
52, 69
51, 68
50, 67
49, 66
48, 65
47, 64
47, 64
55, 80
55, 79
55, 79
55, 78
55, 77
55, 76
55, 75
55, 74
55, 74
56, 83
55, 82
55, 82
54, 81
53, 80
52, 79
52, 78
52, 78
52, 77
52, 77
52, 77
54, 82
54, 82
53, 81
52, 80
51, 79
50, 78
49, 77
48, 76
47, 75
47, 75
47, 75
59, 82
59, 82
60, 81
61, 80
62, 79
62, 78
62, 77
62, 77
55, 80
54, 79
54, 79
53, 78
53, 78
52, 77
51, 76
50, 75
49, 74
49, 74
62, 82
61, 81
60, 80
59, 79
58, 78
57, 77
56, 76
56, 76
50, 84
51, 85
52, 86
53, 86
54, 86
54, 86
55, 86
56, 86
57, 86
57, 86
57, 86
56, 85
55, 84
54, 83
53, 82
52, 81
52, 81
62, 72
61, 72
61, 72
60, 72
59, 72
58, 72
57, 72
56, 72
55, 72
54, 72
54, 72
58, 69
57, 68
56, 67
55, 66
54, 65
53, 64
53, 64
62, 80
63, 81
63, 81
63, 81
64, 82
65, 83
66, 83
66, 83
57, 82
56, 81
55, 80
54, 79
53, 78
52, 77
51, 76
51, 76
55, 72
56, 71
57, 70
58, 69
59, 68
60, 67
61, 66
62, 65
62, 65
61, 83
60, 82
59, 81
58, 80
57, 79
57, 79
55, 77
54, 76
53, 75
52, 74
52, 74
51, 73
51, 73
62, 77
61, 76
60, 75
60, 75
59, 74
59, 74
59, 74
58, 73
57, 72
56, 71
55, 70
54, 69
53, 68
52, 67
51, 66
50, 65
50, 65
52, 77
53, 78
54, 79
55, 80
56, 81
56, 82
56, 82
56, 82
56, 82
64, 78
64, 78
64, 78
65, 77
66, 76
67, 75
68, 74
68, 74
59, 71
58, 72
57, 73
56, 74
56, 75
56, 76
56, 77
56, 78
56, 79
56, 79
53, 64
52, 65
51, 65
50, 65
50, 65
49, 65
48, 65
47, 65
46, 65
45, 65
45, 65
56, 85
55, 84
54, 83
53, 82
52, 81
51, 80
50, 79
49, 78
48, 77
47, 76
47, 76
54, 70
53, 69
52, 68
51, 68
50, 68
49, 68
48, 68
47, 68
46, 68
46, 68
52, 77
51, 76
51, 76
50, 75
50, 75
50, 75
51, 73
51, 73
50, 72
50, 72
49, 71
48, 70
48, 70
48, 73
47, 72
47, 72
46, 71
45, 70
44, 69
43, 68
42, 67
41, 66
41, 66
52, 81
51, 80
50, 79
49, 78
49, 78
48, 77
48, 77
47, 76
47, 76
46, 75
46, 75
60, 74
59, 73
58, 73
57, 73
56, 73
56, 73
56, 73
56, 73
55, 71
56, 70
56, 70
57, 69
58, 68
58, 68
57, 77
57, 77
58, 78
59, 79
60, 80
61, 81
61, 82
61, 82
60, 69
61, 68
61, 68
62, 67
63, 66
63, 66
64, 65
64, 65
64, 65
47, 64
48, 63
50, 61
50, 60
50, 59
50, 58
50, 57
50, 56
51, 55
52, 54
53, 53
53, 51
52, 50
51, 50
50, 50
50, 50
50, 50
50, 50
50, 50
50, 50
51, 49
51, 49
48, 77
47, 76
47, 76
46, 75
45, 74
45, 74
65, 82
64, 81
63, 80
63, 80
62, 79
62, 79
61, 66
60, 67
59, 68
58, 69
57, 70
56, 71
56, 71
67, 71
67, 71
66, 72
65, 73
64, 74
63, 75
63, 75
58, 78
59, 77
59, 77
59, 76
59, 75
59, 74
59, 74
59, 74
48, 74
49, 73
50, 72
51, 71
51, 71
51, 71
54, 73
53, 72
52, 71
51, 70
50, 69
49, 69
48, 69
47, 69
47, 68
48, 67
49, 66
50, 65
50, 64
50, 63
50, 62
50, 62
50, 61
50, 60
50, 59
50, 58
50, 58
42, 66
43, 66
43, 66
43, 66
43, 66
43, 66
43, 66
43, 66
43, 66
43, 66
55, 78
54, 77
53, 76
53, 76
52, 75
51, 74
50, 73
49, 72
49, 72
51, 71
52, 70
53, 69
54, 68
55, 67
55, 67
55, 67
56, 66
57, 65
58, 64
58, 64
67, 73
66, 72
65, 71
64, 70
63, 69
62, 68
62, 68
45, 76
44, 76
44, 76
43, 76
42, 76
41, 76
40, 76
40, 76
47, 69
46, 68
45, 67
44, 66
44, 66
43, 65
42, 64
42, 64
42, 64
41, 63
41, 63
58, 73
57, 72
56, 71
56, 70
56, 70
56, 69
56, 68
56, 67
56, 66
56, 66
47, 69
47, 69
48, 70
49, 71
50, 72
50, 72
63, 64
62, 63
62, 63
61, 62
60, 61
60, 60
60, 59
60, 58
60, 57
60, 57
45, 74
45, 75
45, 76
45, 76
45, 76
45, 76
45, 76
45, 77
45, 77
56, 71
57, 70
58, 69
59, 68
59, 68
59, 68
55, 81
54, 80
53, 79
52, 78
51, 77
50, 77
49, 77
48, 77
48, 77
58, 73
57, 72
57, 72
56, 71
56, 71
55, 70
55, 70
54, 69
54, 69
53, 68
53, 68
50, 48
49, 47
48, 46
48, 46
47, 45
46, 44
45, 43
45, 43
45, 43
44, 42
44, 42
60, 81
60, 81
59, 80
58, 79
57, 78
57, 78
62, 79
61, 78
60, 77
59, 76
58, 75
57, 74
57, 74
56, 73
55, 72
55, 72
46, 77
45, 78
44, 78
43, 78
42, 78
41, 78
40, 78
39, 78
39, 78
46, 66
47, 67
48, 68
48, 68
48, 68
48, 68
49, 68
50, 68
51, 68
51, 68
51, 68
50, 58
50, 58
49, 59
48, 60
48, 60
49, 59
50, 58
50, 57
50, 56
50, 56
62, 74
61, 73
60, 72
59, 71
58, 70
57, 69
57, 69
56, 68
56, 68
57, 67
56, 66
56, 66
55, 65
54, 64
53, 63
53, 63
57, 74
58, 75
59, 76
59, 76
60, 76
61, 76
62, 76
62, 76
49, 66
48, 67
48, 67
47, 68
47, 68
48, 67
49, 66
50, 65
50, 64
50, 63
50, 62
50, 61
50, 61
50, 60
50, 59
50, 58
50, 57
50, 56
50, 55
50, 54
50, 53
49, 54
48, 55
47, 56
46, 57
46, 57
51, 74
52, 73
53, 72
54, 71
54, 71
55, 70
56, 69
56, 69
56, 69
56, 69
56, 69
61, 75
60, 74
59, 73
59, 73
58, 72
57, 71
56, 70
56, 70
47, 58
48, 59
49, 59
50, 59
51, 59
52, 59
52, 59
40, 62
40, 62
39, 61
38, 60
37, 59
36, 58
35, 57
34, 56
34, 56
53, 68
54, 67
54, 67
55, 66
56, 65
56, 64
56, 63
56, 62
56, 62
50, 67
49, 66
49, 65
49, 64
50, 62
50, 61
50, 60
50, 59
50, 58
50, 57
49, 56
49, 55
49, 55
57, 70
58, 71
58, 71
58, 71
58, 71
59, 72
60, 73
60, 73
61, 74
61, 75
61, 75
50, 72
51, 73
52, 74
53, 74
53, 74
53, 74
53, 74
53, 74
53, 74
53, 74
53, 63
53, 63
52, 62
51, 61
50, 60
49, 59
48, 58
48, 58
45, 43
46, 44
47, 45
48, 46
49, 47
49, 47
46, 76
47, 75
47, 75
47, 75
48, 74
49, 73
49, 73
49, 72
50, 71
51, 70
52, 69
53, 68
54, 67
55, 66
55, 66
38, 77
37, 76
36, 75
35, 74
35, 73
35, 73
35, 72
35, 71
35, 70
35, 69
35, 69
39, 75
38, 74
38, 74
37, 73
36, 72
35, 71
34, 70
33, 69
33, 69
33, 69
57, 67
58, 68
59, 69
59, 69
60, 70
61, 71
62, 72
63, 73
63, 73
56, 77
56, 77
55, 76
54, 75
53, 74
52, 73
51, 72
50, 71
49, 70
49, 70
61, 67
60, 66
60, 66
59, 65
58, 64
58, 64
47, 76
47, 76
47, 76
46, 75
45, 74
44, 73
43, 72
43, 72
42, 71
42, 71
54, 71
53, 70
52, 69
51, 68
50, 67
49, 66
49, 66
48, 65
47, 64
47, 64
57, 65
56, 66
55, 67
54, 68
53, 69
52, 70
51, 71
51, 71
51, 71
51, 71
51, 55
52, 54
52, 53
52, 52
52, 52
52, 51
52, 50
52, 50
52, 50
59, 58
58, 59
57, 60
56, 61
55, 62
55, 62
54, 63
53, 64
53, 65
53, 66
53, 66
44, 67
45, 68
47, 68
48, 67
49, 66
50, 65
50, 64
50, 63
50, 62
50, 61
50, 60
51, 61
52, 62
52, 62
55, 67
54, 66
53, 65
53, 65
53, 65
53, 64
53, 63
53, 63
60, 69
61, 70
61, 70
62, 71
63, 72
64, 73
64, 73
64, 74
64, 74
64, 75
64, 75
56, 62
55, 63
54, 64
54, 64
53, 65
52, 66
52, 66
54, 64
55, 65
56, 66
57, 67
58, 68
59, 69
60, 70
61, 71
62, 72
63, 73
63, 73
48, 48
47, 49
46, 50
46, 50
46, 50
45, 51
45, 51
55, 69
54, 68
54, 68
54, 68
54, 68
54, 68
54, 68
51, 60
51, 60
50, 61
50, 61
50, 60
50, 59
50, 58
50, 57
50, 56
50, 55
50, 54
50, 54
49, 55
48, 56
48, 57
48, 57
48, 57
49, 59
50, 60
51, 61
51, 61
52, 62
52, 62
62, 72
62, 72
61, 71
60, 70
59, 69
59, 69
54, 65
53, 64
52, 63
51, 62
50, 61
49, 60
48, 59
48, 59
48, 59
47, 58
47, 58
52, 73
51, 72
50, 71
49, 70
48, 69
48, 69
54, 67
55, 68
56, 69
57, 70
58, 71
59, 72
60, 73
60, 73
61, 74
62, 75
62, 75
63, 74
63, 74
62, 73
61, 72
60, 71
59, 70
59, 70
48, 72
47, 71
46, 70
45, 69
45, 69
44, 68
44, 68
36, 68
37, 67
38, 66
38, 66
39, 65
40, 64
41, 63
43, 61
44, 60
45, 59
46, 58
47, 57
48, 56
49, 55
50, 54
50, 53
50, 52
50, 52
50, 52
58, 64
57, 63
56, 62
55, 61
54, 60
53, 59
53, 59
62, 75
63, 75
64, 75
65, 75
66, 75
66, 75
67, 75
68, 75
68, 75
68, 75
68, 75
50, 72
49, 73
48, 74
47, 75
46, 76
46, 76
46, 63
45, 63
44, 63
43, 63
42, 63
42, 63
41, 63
41, 62
42, 61
43, 60
44, 59
45, 58
46, 57
47, 56
48, 55
47, 56
46, 57
46, 57
48, 69
47, 68
47, 68
46, 67
45, 66
44, 65
43, 64
42, 63
41, 62
41, 62
41, 70
40, 69
40, 69
39, 68
39, 68
38, 67
37, 66
37, 66
34, 68
34, 68
35, 67
36, 66
37, 65
38, 64
38, 64
38, 64
35, 57
36, 58
37, 59
38, 60
39, 61
40, 62
41, 63
41, 63
41, 63
41, 63
48, 54
47, 53
47, 53
46, 52
46, 52
46, 52
45, 51
44, 50
44, 50
51, 61
50, 60
49, 59
48, 58
47, 57
46, 56
46, 56
46, 54
47, 53
48, 52
49, 51
50, 50
50, 50
49, 49
48, 48
48, 48
51, 51
50, 52
49, 53
48, 54
47, 55
47, 55
46, 56
46, 56
62, 75
62, 75
62, 75
61, 74
60, 73
59, 72
58, 71
58, 71
38, 65
39, 64
41, 62
42, 61
43, 60
44, 59
45, 58
46, 57
47, 56
48, 55
49, 54
50, 53
50, 53
51, 52
51, 51
51, 50
51, 49
51, 49
49, 56
50, 55
51, 54
52, 53
53, 52
54, 51
54, 51
55, 50
55, 50
55, 69
56, 70
57, 71
58, 72
59, 73
60, 74
60, 74
58, 68
57, 67
56, 66
56, 66
55, 65
54, 64
54, 64
47, 57
48, 58
49, 59
49, 59
50, 60
51, 61
51, 61
45, 51
46, 52
47, 53
48, 54
49, 55
49, 55
50, 56
50, 56
50, 56
67, 76
66, 77
66, 77
65, 78
64, 79
63, 80
62, 81
61, 82
61, 82
39, 65
40, 66
41, 67
41, 67
42, 68
42, 68
42, 68
42, 68
47, 58
46, 57
46, 55
47, 54
48, 53
49, 52
50, 51
50, 50
50, 50
50, 50
50, 50
49, 51
49, 51
49, 51
49, 51
49, 51
49, 51
48, 50
47, 49
47, 49
58, 69
57, 68
56, 67
55, 66
55, 66
54, 65
53, 64
52, 63
52, 63
51, 61
51, 61
50, 60
49, 59
48, 58
48, 57
48, 56
48, 55
48, 54
48, 54
48, 54
47, 49
46, 50
46, 50
45, 51
44, 51
43, 51
42, 51
42, 51
46, 57
47, 56
48, 55
49, 54
50, 53
49, 54
48, 55
48, 55
47, 56
47, 56
44, 67
44, 66
44, 65
44, 64
44, 63
44, 62
44, 62
46, 75
46, 74
46, 73
46, 72
46, 71
46, 70
47, 68
48, 67
49, 66
50, 65
50, 64
50, 63
50, 62
50, 61
50, 60
49, 59
49, 59
46, 50
47, 49
48, 48
49, 47
50, 46
51, 45
52, 44
53, 43
54, 42
54, 42
54, 42
47, 70
46, 70
45, 70
45, 70
44, 70
44, 70
40, 61
40, 61
40, 61
40, 61
40, 61
40, 61
40, 61
40, 61
40, 61
40, 61
53, 67
54, 68
55, 69
55, 69
56, 70
56, 70
63, 73
62, 72
61, 71
61, 71
60, 70
59, 69
58, 68
57, 67
56, 66
55, 65
55, 65
42, 64
43, 65
43, 65
44, 66
45, 67
46, 68
47, 69
47, 69
48, 70
49, 71
49, 71
52, 58
51, 57
50, 56
49, 55
48, 54
47, 53
47, 53
57, 70
57, 70
56, 69
56, 69
55, 68
54, 67
53, 66
52, 65
51, 64
50, 62
50, 61
50, 60
50, 59
50, 58
50, 57
50, 56
50, 55
50, 54
50, 53
50, 53
46, 52
46, 52
45, 51
44, 50
43, 49
42, 48
42, 48
41, 60
42, 59
42, 59
44, 57
45, 56
46, 55
47, 54
48, 53
49, 52
50, 51
50, 50
49, 49
49, 49
55, 50
54, 50
53, 50
52, 50
51, 50
50, 50
50, 50
50, 50
51, 51
52, 52
53, 53
54, 54
55, 55
55, 55
46, 48
45, 47
44, 46
44, 46
45, 47
46, 48
47, 49
48, 50
49, 50
50, 50
50, 50
49, 49
48, 48
48, 48
47, 47
47, 47
50, 50
51, 51
51, 51
51, 51
52, 52
52, 52
51, 61
50, 60
49, 59
48, 58
47, 57
47, 57
60, 81
59, 80
58, 79
57, 78
56, 77
56, 77
55, 76
54, 75
54, 75
48, 70
47, 69
46, 68
45, 67
45, 67
44, 66
43, 65
43, 65
44, 70
45, 71
45, 71
46, 72
47, 73
48, 74
49, 75
50, 76
51, 77
52, 78
52, 78
51, 55
52, 54
53, 53
53, 51
52, 50
51, 50
50, 50
50, 50
50, 50
50, 50
50, 50
50, 50
50, 50
51, 49
51, 49
48, 54
47, 53
47, 53
46, 52
45, 51
44, 50
44, 50
46, 57
46, 57
47, 56
48, 55
49, 54
50, 53
50, 52
50, 51
50, 50
50, 50
50, 50
49, 51
48, 52
48, 52
47, 53
47, 53
46, 54
46, 54
46, 54
51, 49
50, 50
49, 51
48, 52
47, 53
46, 54
46, 54
47, 53
48, 52
49, 51
50, 50
50, 50
50, 50
50, 50
50, 50
55, 69
55, 69
55, 69
54, 68
54, 68
53, 68
53, 68
53, 63
53, 63
52, 62
51, 61
51, 61
51, 61
51, 61
43, 52
44, 53
44, 53
45, 54
46, 55
47, 56
48, 56
48, 56
61, 73
62, 72
63, 71
64, 70
65, 69
66, 68
66, 68
41, 67
41, 67
40, 66
39, 65
39, 64
39, 63
39, 62
39, 61
39, 60
39, 59
39, 59
48, 58
47, 57
46, 56
46, 55
47, 54
48, 53
49, 52
50, 51
50, 50
50, 50
49, 51
48, 52
48, 52
45, 61
45, 61
47, 59
48, 58
49, 57
50, 56
50, 55
50, 54
50, 53
50, 52
51, 51
52, 50
53, 49
54, 48
54, 48
53, 49
52, 50
51, 50
50, 50
50, 50
50, 50
50, 50
50, 50
50, 50
51, 49
51, 49
56, 66
56, 66
56, 66
57, 67
58, 68
58, 68
53, 43
52, 44
52, 44
51, 45
50, 46
50, 46
51, 62
50, 62
50, 61
50, 60
50, 59
50, 58
50, 57
50, 56
50, 55
50, 54
50, 53
50, 52
49, 53
48, 54
47, 55
47, 55
57, 69
56, 68
55, 67
55, 66
56, 65
56, 66
56, 66
43, 66
43, 65
42, 64
41, 64
42, 65
42, 66
42, 65
42, 64
42, 64
66, 67
65, 66
66, 66
67, 65
67, 66
66, 67
65, 68
66, 69
66, 69
54, 76
55, 77
55, 76
56, 77
56, 76
56, 77
56, 77
49, 56
49, 55
50, 55
49, 55
48, 55
47, 56
47, 56
46, 48
47, 47
48, 48
49, 47
48, 47
49, 46
49, 46
48, 57
47, 57
48, 56
48, 57
49, 58
49, 58
51, 79
51, 80
52, 80
52, 81
51, 80
51, 80
50, 45
51, 44
50, 43
51, 44
50, 45
50, 44
51, 44
51, 45
50, 45
51, 45
51, 45
52, 49
52, 50
51, 49
50, 50
50, 51
51, 52
51, 52
47, 56
48, 55
47, 55
46, 56
47, 56
48, 56
48, 57
48, 57
53, 67
54, 68
54, 69
54, 70
54, 69
53, 70
53, 69
54, 68
54, 69
55, 68
55, 68
51, 48
51, 47
52, 48
53, 48
54, 49
55, 50
55, 50
43, 50
42, 50
41, 50
40, 50
39, 49
39, 48
39, 49
39, 49
40, 59
41, 59
42, 59
41, 59
40, 59
40, 59
45, 53
46, 54
45, 53
44, 53
44, 52
44, 52
52, 51
51, 51
51, 52
51, 51
51, 50
52, 49
53, 50
53, 50
52, 60
52, 61
53, 62
52, 63
52, 62
52, 62
56, 54
55, 55
56, 56
57, 56
57, 55
57, 54
58, 55
58, 55
48, 49
47, 50
48, 49
48, 50
47, 49
47, 50
46, 51
47, 51
47, 52
47, 52
50, 52
50, 53
49, 53
48, 54
49, 55
49, 54
50, 55
49, 56
49, 56
49, 51
49, 50
50, 51
49, 51
49, 50
49, 50
48, 51
47, 50
46, 50
47, 49
48, 50
48, 49
47, 50
47, 50
43, 49
42, 50
41, 51
40, 50
41, 50
42, 50
41, 50
40, 51
41, 51
41, 50
41, 50
52, 46
52, 47
51, 48
52, 48
53, 48
52, 47
53, 47
53, 46
54, 46
53, 45
53, 45
54, 69
53, 68
53, 67
53, 66
54, 66
55, 66
56, 65
57, 65
58, 66
57, 66
57, 66
50, 46
49, 45
50, 44
49, 44
48, 45
47, 45
46, 44
46, 43
45, 43
44, 43
44, 43
46, 55
47, 56
47, 55
48, 55
47, 54
48, 55
49, 55
48, 54
48, 54
41, 65
40, 64
41, 65
42, 64
42, 63
42, 63
57, 55
58, 56
57, 57
58, 57
58, 56
58, 56
50, 51
50, 52
49, 52
49, 53
48, 54
49, 55
48, 55
47, 55
48, 56
49, 56
49, 56
40, 50
40, 51
40, 50
41, 51
40, 52
40, 52
51, 79
50, 78
51, 79
52, 79
53, 79
53, 78
53, 79
52, 79
52, 79
53, 61
52, 62
52, 63
51, 62
50, 61
50, 61
39, 58
40, 58
41, 57
42, 56
41, 56
40, 55
39, 56
40, 56
40, 55
40, 54
40, 54
42, 50
41, 50
40, 49
39, 50
40, 49
41, 50
41, 49
40, 48
40, 48
48, 58
48, 57
48, 58
48, 57
49, 56
48, 57
48, 58
49, 57
49, 57
43, 53
44, 53
43, 52
44, 52
43, 51
44, 50
45, 49
45, 48
45, 48
46, 53
47, 53
48, 53
47, 54
46, 55
46, 55
52, 49
53, 50
54, 50
55, 49
56, 50
57, 49
56, 48
57, 48
57, 47
56, 48
56, 48
55, 78
54, 78
55, 79
54, 80
55, 79
55, 78
56, 77
56, 77
49, 57
48, 56
48, 55
47, 54
47, 53
46, 53
47, 53
48, 53
49, 53
49, 52
49, 52
48, 51
47, 51
46, 52
47, 53
48, 53
48, 53
48, 51
47, 52
46, 51
46, 52
47, 51
47, 52
46, 52
47, 53
47, 53
67, 68
68, 68
67, 67
66, 66
65, 67
65, 66
64, 67
63, 67
63, 67
47, 56
46, 57
47, 57
46, 57
47, 57
48, 57
48, 56
49, 57
49, 57
56, 50
55, 50
56, 49
57, 49
56, 49
57, 49
58, 49
59, 48
58, 47
58, 47
57, 66
56, 66
57, 66
57, 67
56, 67
56, 68
56, 68
58, 65
59, 64
58, 63
57, 62
58, 61
58, 60
57, 59
57, 58
58, 57
58, 57
46, 54
46, 55
46, 54
47, 55
46, 55
46, 55
39, 49
39, 50
38, 49
38, 50
38, 51
38, 50
38, 50
57, 48
57, 47
58, 47
59, 48
59, 49
59, 48
59, 48
56, 69
55, 68
54, 69
53, 69
52, 68
51, 69
52, 69
53, 68
53, 68
54, 46
54, 47
55, 46
54, 46
53, 46
54, 45
54, 45
44, 49
44, 48
45, 47
45, 46
46, 45
45, 44
46, 44
47, 45
48, 45
48, 45
50, 53
49, 52
49, 51
48, 51
48, 50
48, 51
48, 51
62, 67
63, 67
64, 66
65, 66
64, 66
65, 66
65, 66
47, 54
46, 54
45, 53
44, 53
43, 53
43, 52
42, 51
41, 51
42, 50
42, 51
42, 51
48, 52
48, 53
47, 53
48, 52
47, 51
47, 52
48, 53
49, 52
49, 52
51, 79
51, 78
52, 78
53, 77
52, 77
52, 78
52, 78
40, 55
39, 54
39, 55
39, 56
40, 57
41, 56
41, 56
59, 57
60, 57
60, 58
61, 59
60, 58
59, 59
59, 60
58, 59
58, 60
58, 60
55, 77
54, 77
53, 76
53, 77
53, 76
53, 76
43, 43
42, 42
41, 42
42, 43
43, 43
44, 44
45, 43
45, 43
48, 55
47, 56
48, 55
47, 55
48, 55
49, 56
49, 56
43, 64
42, 64
43, 65
44, 65
45, 65
45, 64
44, 64
44, 64
40, 53
41, 52
40, 52
39, 52
40, 53
41, 52
42, 52
41, 51
41, 51
57, 48
57, 47
58, 47
58, 48
59, 47
60, 46
60, 47
60, 47
48, 58
47, 57
46, 56
47, 55
48, 55
47, 54
48, 55
47, 56
47, 57
47, 57
48, 58
47, 57
48, 58
49, 57
50, 57
51, 56
50, 57
49, 58
49, 58
49, 60
48, 59
47, 59
48, 60
49, 59
50, 58
50, 59
49, 60
49, 60
48, 55
48, 56
47, 56
47, 55
46, 56
47, 55
48, 54
49, 55
48, 56
49, 56
49, 56
45, 65
44, 66
43, 67
44, 66
44, 67
43, 66
43, 67
43, 67
42, 50
43, 51
44, 50
45, 50
46, 50
46, 49
46, 48
46, 47
47, 47
47, 47
49, 53
48, 54
49, 55
50, 54
50, 53
51, 54
51, 54
42, 50
43, 49
44, 50
44, 51
44, 50
45, 49
45, 49
46, 56
47, 57
47, 58
48, 59
49, 58
48, 58
48, 59
48, 59
48, 57
47, 56
47, 57
46, 56
47, 55
48, 56
47, 56
48, 57
49, 57
49, 57
52, 67
52, 68
53, 68
54, 69
54, 68
55, 69
56, 69
55, 68
54, 69
54, 69
52, 76
52, 77
51, 76
51, 75
51, 76
51, 75
52, 75
51, 76
51, 77
51, 77
41, 55
42, 56
43, 57
42, 57
41, 56
41, 56
39, 49
39, 50
39, 51
39, 52
38, 52
38, 53
38, 54
39, 54
39, 55
39, 54
39, 54
64, 65
63, 64
62, 63
61, 62
61, 63
60, 63
60, 64
60, 64
53, 79
52, 79
51, 79
50, 79
51, 79
51, 79
50, 55
51, 54
50, 54
51, 54
50, 53
50, 53
50, 59
51, 58
51, 57
52, 58
53, 57
52, 58
53, 59
54, 58
55, 59
56, 58
56, 58
58, 61
58, 62
59, 61
60, 62
61, 61
61, 62
62, 61
61, 60
60, 59
59, 58
59, 58
47, 44
46, 44
46, 45
47, 45
48, 46
49, 46
48, 46
49, 45
50, 44
49, 44
49, 44
59, 58
58, 59
59, 60
60, 61
60, 62
59, 61
58, 61
58, 60
59, 59
59, 60
59, 60
61, 46
61, 47
60, 46
59, 47
59, 48
58, 48
57, 48
57, 48
58, 48
57, 48
57, 47
58, 47
58, 48
57, 47
57, 47
46, 56
47, 55
47, 56
47, 57
48, 57
48, 56
47, 57
46, 56
46, 57
47, 56
47, 56
46, 42
47, 43
47, 44
48, 45
47, 44
47, 44
47, 52
46, 51
47, 50
48, 50
49, 50
49, 51
48, 50
48, 50
50, 57
51, 57
51, 56
51, 55
51, 54
50, 55
51, 55
51, 55
55, 44
55, 43
54, 44
53, 43
54, 42
55, 41
54, 42
55, 41
55, 42
54, 43
54, 43
52, 53
53, 54
54, 55
54, 54
55, 54
55, 54
56, 48
57, 47
57, 48
58, 48
58, 49
59, 48
60, 48
59, 48
59, 48
47, 59
48, 60
49, 61
48, 60
48, 59
49, 59
48, 60
48, 59
48, 59
51, 54
52, 53
51, 53
52, 52
51, 52
50, 53
51, 54
52, 55
51, 54
51, 54
58, 47
58, 48
59, 47
60, 47
61, 48
60, 49
60, 48
59, 49
59, 49
51, 56
52, 57
51, 56
51, 55
51, 54
51, 53
52, 54
52, 54
58, 59
58, 60
59, 59
60, 60
61, 61
60, 61
61, 61
61, 60
62, 59
62, 59
52, 79
51, 79
50, 78
51, 79
52, 78
51, 79
51, 79
48, 57
48, 56
47, 57
48, 56
47, 57
48, 57
49, 58
48, 57
47, 56
47, 56
61, 63
60, 64
59, 63
58, 63
57, 62
57, 61
56, 60
56, 60
43, 68
42, 67
41, 68
40, 68
39, 69
38, 70
37, 70
37, 70
58, 59
59, 59
60, 58
60, 57
61, 58
61, 58
40, 55
39, 55
39, 56
40, 57
40, 58
39, 59
39, 58
40, 58
41, 58
41, 58
48, 48
47, 48
48, 49
49, 49
48, 49
48, 48
47, 47
47, 47
52, 76
53, 76
54, 76
54, 77
54, 76
54, 76
53, 44
52, 45
51, 45
50, 46
50, 45
49, 46
48, 47
49, 47
49, 46
49, 46
40, 57
40, 58
41, 58
42, 59
41, 60
41, 59
41, 59
45, 50
45, 51
44, 52
43, 51
42, 52
43, 52
42, 53
41, 54
41, 55
40, 56
40, 56
46, 43
47, 44
48, 43
48, 42
47, 42
47, 43
47, 42
46, 43
47, 42
47, 42
55, 59
54, 60
54, 59
55, 58
55, 57
55, 58
56, 59
56, 59
50, 57
51, 56
50, 56
51, 56
51, 55
51, 54
52, 54
53, 54
53, 54
48, 43
47, 42
48, 41
48, 42
47, 43
48, 44
47, 43
48, 42
48, 42
47, 50
46, 51
45, 52
46, 53
45, 54
44, 53
44, 53
54, 68
53, 68
52, 67
53, 68
54, 67
53, 68
54, 68
53, 67
53, 68
52, 69
52, 69
38, 69
38, 70
38, 71
39, 71
39, 72
40, 72
40, 73
41, 74
40, 75
40, 75
47, 41
46, 42
45, 41
46, 41
47, 40
46, 41
46, 41
40, 60
40, 61
41, 62
40, 61
40, 62
40, 62
48, 47
48, 46
49, 45
49, 44
48, 45
48, 44
49, 44
48, 44
47, 45
47, 45
51, 78
50, 77
51, 76
52, 76
51, 76
51, 75
51, 75
41, 57
40, 57
41, 58
40, 59
41, 60
42, 59
41, 58
42, 57
42, 57
59, 48
58, 49
59, 50
59, 49
58, 50
59, 49
60, 48
60, 48
46, 43
45, 42
46, 42
47, 42
47, 43
47, 43
51, 53
50, 52
50, 53
49, 53
49, 54
48, 54
49, 55
48, 56
49, 56
50, 57
50, 57
51, 69
51, 68
51, 67
52, 68
53, 69
53, 68
52, 69
51, 69
51, 70
51, 70
43, 53
42, 52
43, 52
42, 51
41, 51
41, 51
47, 59
47, 58
48, 58
49, 59
48, 60
47, 59
47, 59
55, 59
56, 59
57, 59
57, 58
56, 57
57, 57
58, 58
58, 59
58, 59
39, 55
40, 56
39, 56
40, 56
39, 57
38, 57
38, 56
38, 55
38, 55
56, 58
55, 57
54, 56
53, 55
54, 56
53, 57
53, 57
46, 55
47, 56
46, 57
46, 56
47, 56
46, 55
46, 54
46, 55
46, 56
47, 56
47, 56
55, 75
56, 75
56, 74
57, 75
57, 74
57, 74
60, 49
60, 48
61, 47
61, 48
60, 47
60, 48
60, 49
60, 48
59, 49
60, 48
60, 48
52, 54
53, 55
52, 54
51, 55
51, 54
52, 55
51, 54
51, 55
50, 56
50, 56
46, 48
45, 49
45, 48
44, 47
45, 46
46, 45
47, 46
46, 45
45, 46
45, 46
56, 54
56, 55
57, 56
56, 57
57, 56
58, 56
57, 57
56, 58
56, 58
62, 58
63, 57
62, 57
63, 57
62, 57
61, 58
62, 57
63, 56
62, 56
62, 56
51, 54
50, 53
49, 54
49, 53
50, 52
49, 51
49, 51
63, 58
62, 59
61, 59
62, 60
62, 61
61, 60
60, 61
60, 62
59, 62
59, 62
39, 62
38, 62
38, 63
37, 63
38, 63
38, 64
38, 64
48, 59
48, 60
49, 60
48, 60
49, 60
48, 60
49, 60
49, 61
49, 61
61, 55
61, 56
62, 55
63, 56
62, 57
62, 58
61, 57
60, 58
61, 57
60, 57
60, 57
55, 58
55, 57
56, 58
57, 58
58, 57
59, 58
58, 58
58, 59
58, 59
59, 49
58, 49
58, 50
58, 49
57, 48
57, 49
57, 48
57, 49
56, 50
55, 49
55, 49
46, 40
47, 41
48, 41
47, 42
47, 43
47, 43
47, 44
48, 45
49, 44
48, 43
47, 44
48, 43
47, 44
47, 44
58, 60
57, 61
57, 60
58, 61
58, 62
57, 61
57, 61
39, 75
38, 74
38, 75
39, 75
38, 74
37, 73
38, 72
37, 71
36, 71
35, 70
35, 70
52, 58
53, 58
52, 59
51, 58
50, 59
50, 59
52, 71
52, 70
52, 71
51, 70
50, 69
51, 68
50, 69
51, 69
50, 68
50, 68
46, 45
47, 46
47, 47
48, 48
49, 48
50, 48
50, 48
51, 76
50, 76
49, 75
50, 76
50, 77
49, 76
48, 76
47, 76
48, 75
48, 75
40, 52
41, 53
40, 54
39, 54
39, 55
39, 55
60, 63
59, 64
60, 64
60, 65
60, 64
60, 65
61, 65
60, 64
60, 65
60, 66
60, 66
61, 48
62, 47
63, 47
63, 46
64, 47
64, 46
64, 45
63, 45
63, 45
57, 73
57, 72
58, 71
57, 72
57, 73
58, 72
59, 72
60, 72
59, 72
60, 71
60, 71
51, 58
52, 57
51, 58
50, 59
49, 58
49, 59
49, 60
49, 60
43, 56
44, 56
43, 56
44, 55
44, 56
43, 57
43, 56
43, 56
48, 51
48, 50
48, 49
48, 48
48, 47
48, 46
48, 45
49, 45
49, 46
49, 46
38, 56
37, 57
38, 57
39, 58
38, 57
38, 58
38, 58
51, 56
50, 55
51, 55
52, 56
51, 57
51, 56
51, 56
46, 46
46, 45
47, 45
48, 45
49, 46
50, 46
50, 47
50, 48
49, 48
49, 48
48, 56
47, 56
47, 57
48, 57
49, 57
48, 58
48, 58
61, 58
61, 57
62, 56
62, 55
63, 56
63, 55
62, 56
61, 56
61, 57
61, 58
61, 58
51, 67
50, 68
49, 69
50, 69
51, 69
50, 70
51, 71
52, 72
53, 72
54, 72
54, 72
64, 44
64, 43
65, 44
64, 45
65, 45
66, 44
66, 44
57, 60
56, 61
55, 62
54, 63
55, 63
56, 63
57, 64
58, 64
59, 65
59, 66
59, 66
48, 57
47, 56
48, 55
49, 56
48, 57
49, 58
49, 57
48, 56
47, 55
46, 54
46, 54
47, 76
48, 75
49, 74
50, 73
51, 73
52, 72
53, 72
53, 71
53, 71
37, 64
36, 63
35, 63
36, 63
35, 64
34, 63
35, 63
35, 62
34, 62
34, 62
59, 70
59, 69
59, 70
59, 69
58, 70
57, 71
57, 70
57, 70
48, 59
49, 59
48, 58
48, 59
48, 60
48, 60
34, 71
34, 70
33, 69
34, 69
33, 69
32, 68
32, 68
44, 55
43, 55
43, 56
42, 56
41, 56
41, 57
42, 56
43, 55
42, 54
42, 55
42, 55
49, 47
48, 48
48, 47
49, 47
48, 48
47, 48
48, 48
48, 48
58, 58
57, 58
56, 58
57, 58
58, 58
58, 58
48, 43
48, 42
47, 42
46, 42
47, 43
46, 42
47, 42
47, 41
46, 41
46, 41
50, 58
51, 58
50, 59
49, 59
49, 58
48, 59
49, 58
49, 58
50, 56
49, 57
49, 56
48, 56
47, 56
48, 56
49, 56
48, 55
48, 55
50, 62
51, 61
51, 60
50, 60
49, 59
48, 60
48, 60
48, 47
47, 47
46, 47
47, 46
46, 45
46, 45
61, 66
61, 65
62, 66
62, 65
62, 64
61, 65
60, 66
61, 65
61, 65
38, 59
39, 59
38, 60
39, 59
38, 59
38, 58
38, 57
38, 58
38, 58
50, 47
49, 48
48, 49
49, 49
48, 48
48, 47
49, 46
49, 46
48, 44
48, 43
47, 43
46, 44
46, 43
45, 43
46, 42
45, 42
45, 42
54, 48
53, 48
53, 47
53, 48
52, 47
52, 48
53, 49
54, 48
53, 48
53, 48
40, 56
40, 55
41, 55
40, 54
40, 53
39, 53
39, 52
38, 52
39, 52
38, 53
38, 53
61, 59
61, 58
60, 58
59, 59
59, 58
58, 58
59, 59
59, 59
47, 47
47, 46
46, 45
45, 45
44, 46
45, 45
44, 44
44, 43
45, 42
45, 41
45, 41
47, 59
48, 60
49, 59
49, 60
48, 60
49, 59
48, 60
49, 61
49, 61
49, 60
50, 60
49, 61
50, 60
49, 59
48, 59
48, 60
47, 59
48, 58
48, 58
33, 63
32, 64
32, 63
33, 62
33, 61
33, 61
42, 54
41, 53
42, 53
41, 52
41, 53
41, 53
66, 45
67, 45
67, 46
66, 45
65, 44
66, 43
65, 44
64, 43
64, 43
38, 52
37, 53
38, 54
37, 53
36, 52
36, 51
35, 51
34, 50
33, 50
32, 49
32, 49
44, 43
44, 42
43, 43
44, 44
44, 43
45, 44
45, 43
44, 43
44, 43
45, 45
46, 45
45, 44
44, 45
44, 44
44, 43
44, 43
60, 67
60, 68
59, 67
60, 68
59, 69
59, 68
59, 67
58, 67
57, 66
58, 65
58, 65
56, 71
57, 71
56, 70
55, 69
56, 70
55, 70
55, 69
54, 68
53, 69
53, 69
45, 40
44, 40
43, 39
44, 40
45, 40
46, 39
46, 39
49, 54
50, 55
50, 54
51, 54
52, 53
52, 53
31, 69
32, 68
32, 69
32, 68
32, 69
33, 68
33, 69
32, 69
31, 70
31, 70
52, 49
53, 49
54, 50
55, 50
56, 50
55, 49
55, 50
54, 50
53, 51
53, 51
50, 58
49, 59
49, 60
48, 60
48, 59
48, 58
49, 59
48, 60
49, 59
48, 59
48, 59
53, 71
54, 71
53, 71
52, 72
53, 71
52, 70
52, 70
54, 70
53, 70
54, 71
54, 72
55, 72
55, 71
55, 70
54, 69
55, 68
54, 69
54, 69
61, 66
60, 66
60, 67
61, 66
61, 65
60, 64
59, 63
60, 64
60, 64
59, 58
59, 59
58, 58
59, 59
59, 60
60, 59
60, 59
49, 47
50, 47
51, 46
51, 47
51, 48
51, 49
51, 48
52, 49
52, 49
47, 55
48, 56
48, 55
47, 54
46, 54
46, 54
39, 59
40, 60
40, 61
41, 61
41, 60
42, 59
42, 59
34, 60
34, 61
33, 62
33, 63
33, 64
32, 65
32, 64
32, 63
32, 63
53, 52
54, 51
53, 52
54, 53
54, 54
53, 55
52, 55
52, 56
52, 56
47, 39
47, 40
48, 39
49, 38
50, 37
50, 36
51, 36
51, 35
51, 35
31, 49
31, 50
31, 49
30, 50
30, 51
30, 50
31, 50
30, 51
30, 52
30, 52
53, 68
52, 68
51, 67
50, 66
49, 67
49, 68
50, 69
51, 68
50, 67
50, 67
44, 41
45, 41
45, 42
46, 41
45, 40
45, 41
45, 41
50, 61
50, 60
51, 61
52, 62
52, 63
53, 62
54, 61
54, 61
53, 69
52, 70
51, 69
50, 69
51, 68
51, 68
30, 70
31, 69
30, 69
30, 68
29, 67
28, 66
29, 65
29, 65
57, 65
58, 64
59, 64
59, 63
58, 62
57, 63
58, 64
58, 65
59, 66
58, 66
58, 66
49, 58
50, 59
50, 60
50, 59
51, 60
52, 61
53, 61
54, 62
54, 62
54, 50
54, 51
53, 52
52, 51
52, 52
52, 52
52, 68
52, 69
53, 68
52, 68
53, 69
54, 69
54, 70
53, 70
54, 69
54, 69
61, 63
61, 64
60, 65
61, 66
62, 65
63, 65
64, 64
63, 64
62, 65
63, 64
63, 64
47, 59
48, 60
48, 59
47, 59
47, 58
47, 57
47, 58
47, 57
48, 56
47, 57
47, 57
41, 60
41, 61
40, 60
40, 61
40, 60
40, 61
40, 61
43, 43
44, 44
45, 44
44, 43
43, 42
42, 43
43, 42
43, 42
60, 58
60, 59
59, 58
60, 59
59, 59
58, 60
57, 60
58, 59
58, 60
58, 60
46, 53
47, 52
46, 53
45, 54
44, 54
43, 55
43, 54
44, 54
44, 54
61, 60
62, 59
61, 59
61, 58
61, 59
61, 59
64, 44
63, 44
64, 43
63, 44
64, 44
65, 45
65, 45
40, 54
40, 55
39, 56
38, 57
38, 58
39, 57
39, 56
40, 55
40, 56
40, 55
40, 55
51, 48
52, 49
52, 48
53, 48
54, 48
54, 48
44, 42
43, 43
44, 43
43, 43
42, 43
42, 43
53, 49
52, 49
52, 50
52, 49
53, 50
54, 49
55, 50
54, 49
54, 49
40, 62
41, 63
42, 64
41, 64
40, 65
41, 65
40, 65
40, 66
40, 66
60, 60
61, 61
61, 60
62, 59
61, 60
61, 60
57, 60
57, 61
58, 61
57, 61
57, 62
56, 61
56, 61
51, 36
52, 36
53, 37
52, 38
52, 37
52, 38
53, 39
53, 39
52, 67
52, 68
52, 69
51, 68
52, 69
52, 70
53, 70
53, 70
41, 54
40, 53
41, 53
41, 54
41, 55
42, 54
41, 53
41, 52
41, 52
43, 43
42, 43
42, 42
42, 43
41, 42
41, 41
41, 42
41, 42
28, 65
29, 65
30, 64
29, 64
29, 65
29, 65
62, 64
63, 64
62, 64
63, 63
64, 63
63, 64
62, 65
62, 65
54, 61
55, 62
55, 61
55, 60
54, 61
53, 62
53, 62
51, 68
50, 69
50, 68
51, 69
50, 69
50, 68
51, 67
51, 66
51, 67
52, 66
52, 66
46, 42
45, 42
44, 42
45, 42
44, 43
44, 42
44, 42
31, 63
30, 62
31, 61
32, 61
31, 60
30, 59
31, 60
31, 60
53, 57
53, 56
52, 56
51, 57
52, 58
51, 57
50, 57
51, 58
51, 58
53, 61
52, 61
53, 60
52, 60
53, 61
52, 61
53, 61
53, 60
54, 59
55, 58
55, 58
54, 68
55, 69
55, 68
56, 67
55, 67
56, 68
56, 69
56, 69
48, 58
47, 58
46, 57
47, 58
47, 57
46, 56
46, 56
42, 41
43, 42
42, 43
43, 42
44, 41
43, 40
44, 41
44, 42
43, 42
43, 42
31, 51
32, 52
31, 53
32, 52
32, 51
33, 52
33, 51
33, 50
33, 50
64, 46
64, 45
63, 44
64, 44
63, 44
63, 44
59, 66
58, 65
57, 66
57, 67
58, 67
58, 66
59, 65
58, 65
57, 66
58, 67
58, 67
52, 51
51, 50
50, 49
49, 50
50, 50
49, 50
48, 51
48, 50
48, 50
44, 53
43, 53
42, 53
41, 52
42, 53
41, 54
42, 54
42, 55
43, 56
44, 56
44, 56
59, 66
60, 66
59, 66
60, 65
60, 64
61, 63
60, 62
60, 62
49, 49
48, 48
48, 47
47, 48
46, 49
46, 48
46, 47
45, 47
45, 47
62, 61
61, 61
61, 60
62, 60
62, 59
63, 60
63, 61
64, 60
63, 59
64, 59
64, 59
54, 50
53, 51
53, 50
52, 49
51, 49
51, 48
52, 48
51, 49
52, 49
53, 48
53, 48
43, 42
43, 41
44, 41
45, 42
44, 42
43, 42
44, 43
44, 44
45, 43
45, 42
45, 42
53, 67
53, 68
53, 67
52, 68
53, 68
54, 68
55, 67
55, 67
56, 62
57, 63
56, 62
55, 62
55, 63
56, 64
56, 64
62, 44
61, 45
60, 46
59, 47
58, 48
57, 48
58, 48
58, 47
59, 48
59, 49
59, 49
54, 62
54, 61
54, 60
53, 60
54, 59
53, 60
53, 60
43, 57
42, 57
41, 57
40, 58
40, 59
41, 59
40, 60
41, 59
41, 59
54, 70
55, 71
54, 71
54, 72
53, 71
52, 72
53, 73
53, 73
54, 57
55, 58
54, 58
54, 57
54, 56
54, 57
55, 57
55, 56
54, 55
54, 55
56, 70
57, 70
57, 71
56, 72
57, 71
58, 70
57, 70
56, 71
55, 71
54, 72
54, 72
63, 64
62, 64
62, 65
63, 66
62, 66
61, 65
61, 64
62, 65
62, 64
61, 65
61, 65
29, 66
28, 66
27, 67
26, 66
25, 66
26, 65
26, 66
26, 66
47, 56
46, 55
47, 56
47, 55
46, 56
47, 55
48, 55
47, 55
48, 55
48, 55
32, 60
31, 61
32, 62
32, 63
32, 64
31, 63
32, 64
31, 65
30, 66
30, 66
40, 51
41, 50
42, 51
43, 50
44, 50
45, 51
44, 52
45, 52
44, 52
45, 52
45, 52
39, 65
39, 66
38, 65
38, 66
37, 66
37, 67
38, 67
37, 66
36, 65
36, 64
36, 64
34, 51
35, 52
36, 53
36, 54
36, 55
36, 54
37, 53
37, 53
53, 40
53, 41
54, 42
53, 41
52, 42
52, 43
52, 44
51, 45
51, 46
52, 45
52, 45
51, 57
50, 58
50, 59
50, 58
49, 58
48, 57
48, 57
42, 43
43, 43
44, 42
45, 41
44, 40
44, 41
45, 40
46, 41
47, 41
47, 41
42, 41
43, 40
43, 41
43, 40
42, 40
42, 41
42, 42
43, 41
44, 41
44, 41
59, 48
58, 49
58, 48
59, 49
60, 48
60, 49
59, 48
59, 48
46, 46
45, 46
44, 46
43, 46
44, 45
45, 44
45, 45
46, 46
47, 46
47, 46
42, 60
42, 59
41, 59
42, 59
42, 60
42, 60
56, 63
57, 63
58, 63
57, 63
56, 62
56, 62
47, 54
47, 55
48, 55
49, 56
48, 56
48, 56
36, 63
35, 63
36, 63
36, 64
36, 63
35, 62
34, 62
35, 63
35, 63
52, 74
51, 73
50, 72
49, 71
50, 70
50, 71
51, 72
52, 72
52, 71
51, 72
51, 72
55, 66
55, 65
54, 64
53, 63
54, 63
53, 63
53, 64
53, 64
46, 42
46, 41
45, 41
46, 42
47, 42
47, 42
54, 47
54, 48
53, 47
53, 46
52, 45
52, 45
49, 58
50, 57
50, 56
49, 57
50, 56
49, 57
48, 57
49, 56
49, 56
44, 42
44, 43
44, 42
44, 41
43, 41
43, 40
43, 40
62, 66
62, 67
62, 66
61, 67
60, 66
59, 67
60, 67
60, 68
61, 69
61, 69
25, 66
25, 65
25, 64
25, 65
25, 64
24, 65
24, 66
25, 65
25, 65
37, 52
38, 53
37, 53
38, 54
39, 55
40, 56
40, 55
41, 54
42, 54
42, 54
60, 63
59, 62
60, 62
61, 63
62, 63
62, 62
61, 61
62, 62
62, 62
55, 72
55, 71
56, 70
57, 71
57, 70
57, 70
65, 58
66, 58
65, 58
66, 57
66, 56
65, 57
66, 57
66, 56
67, 56
67, 56
52, 46
51, 47
52, 46
52, 47
51, 48
52, 48
53, 49
54, 48
54, 48
54, 59
55, 60
54, 60
55, 61
54, 61
55, 62
55, 62
44, 51
45, 50
45, 51
46, 50
45, 49
45, 48
45, 48
55, 55
56, 55
57, 56
56, 57
57, 58
58, 58
58, 58
45, 43
46, 42
45, 43
46, 44
45, 45
46, 44
46, 45
45, 44
46, 44
46, 44
31, 66
30, 65
31, 66
30, 67
30, 66
29, 67
28, 67
28, 66
27, 67
28, 67
28, 67
41, 61
41, 60
40, 61
40, 60
41, 59
42, 60
42, 60
52, 65
53, 64
52, 64
53, 63
52, 62
52, 63
52, 62
53, 63
54, 62
53, 61
53, 61
66, 56
67, 57
66, 57
67, 56
66, 56
67, 57
68, 58
68, 58
41, 54
40, 55
39, 54
38, 53
39, 53
40, 53
41, 54
41, 54
59, 49
60, 48
61, 48
60, 49
60, 48
59, 47
58, 47
57, 47
58, 47
57, 47
57, 47
49, 57
48, 56
49, 57
48, 57
49, 58
48, 59
47, 59
48, 58
48, 59
49, 60
49, 60
46, 43
46, 44
45, 45
44, 45
45, 46
46, 45
46, 45
24, 64
25, 65
26, 66
26, 65
27, 65
28, 66
29, 66
29, 65
29, 65
42, 39
43, 40
43, 41
42, 40
42, 39
41, 38
41, 39
42, 38
41, 37
41, 37
56, 63
57, 63
57, 62
57, 61
56, 62
55, 62
55, 62
54, 47
53, 46
53, 45
54, 46
53, 46
52, 46
51, 45
51, 44
51, 44
48, 43
49, 43
48, 44
49, 45
50, 44
49, 43
48, 44
48, 44
46, 49
45, 49
44, 49
44, 50
44, 51
44, 52
44, 52
53, 45
53, 44
52, 45
52, 46
52, 47
53, 46
54, 46
53, 45
53, 45
48, 45
49, 44
48, 45
49, 45
50, 45
50, 45
59, 57
58, 56
58, 57
57, 57
57, 56
58, 55
57, 54
57, 54
49, 57
49, 58
50, 59
50, 60
50, 61
51, 62
50, 61
49, 60
50, 60
51, 61
51, 61
63, 61
64, 60
64, 61
65, 60
64, 60
63, 61
64, 62
63, 62
62, 61
61, 60
61, 60
56, 70
57, 69
56, 69
55, 69
56, 69
56, 69
36, 62
35, 61
34, 60
33, 60
34, 60
34, 61
34, 61
52, 73
52, 74
53, 74
54, 74
54, 73
53, 72
53, 71
53, 72
53, 71
53, 71
29, 66
28, 65
27, 66
26, 65
27, 64
27, 65
26, 66
26, 66
57, 63
58, 64
59, 64
60, 65
59, 66
58, 66
58, 66
62, 69
62, 68
61, 69
61, 68
62, 68
62, 68
57, 70
56, 69
56, 68
57, 69
56, 69
55, 70
55, 69
54, 69
55, 70
54, 69
54, 69
54, 44
55, 43
55, 42
54, 42
54, 41
55, 41
55, 40
56, 41
57, 41
57, 40
57, 40
42, 54
42, 55
41, 54
40, 54
39, 55
40, 56
39, 57
40, 57
41, 57
41, 58
41, 58
45, 44
45, 43
44, 42
43, 43
44, 43
45, 44
45, 44
62, 59
62, 58
61, 57
62, 58
61, 58
61, 58
50, 43
49, 42
50, 43
49, 42
50, 41
51, 41
52, 41
52, 41
51, 46
50, 46
51, 46
52, 45
51, 46
52, 45
52, 44
52, 44
49, 61
50, 61
50, 60
50, 61
51, 60
50, 61
50, 61
52, 61
51, 62
52, 63
52, 64
53, 63
53, 62
54, 62
54, 62
54, 61
55, 61
55, 60
54, 59
55, 59
55, 59
25, 65
25, 64
26, 63
27, 64
28, 65
29, 64
30, 63
30, 63
58, 54
57, 53
56, 53
57, 53
58, 54
57, 54
56, 54
55, 54
55, 54
47, 44
47, 45
46, 45
45, 44
44, 45
44, 46
45, 45
44, 44
44, 45
44, 45
57, 67
57, 66
58, 66
58, 67
58, 68
59, 68
59, 67
60, 68
60, 67
61, 68
61, 68
45, 51
46, 51
45, 51
45, 52
44, 52
43, 51
44, 52
44, 53
44, 53
61, 67
62, 68
61, 68
60, 68
60, 69
59, 70
59, 69
58, 70
58, 70
28, 66
29, 66
29, 65
30, 66
31, 65
30, 66
31, 65
32, 66
32, 66
53, 72
53, 71
53, 72
53, 71
54, 70
54, 71
54, 71
35, 62
34, 62
33, 62
33, 63
33, 62
32, 61
32, 61
58, 48
59, 48
58, 47
57, 47
58, 48
59, 48
59, 49
58, 48
58, 48
41, 38
41, 37
41, 38
42, 38
43, 37
44, 36
44, 35
44, 34
45, 35
44, 35
44, 35
42, 59
41, 60
42, 60
42, 59
42, 60
41, 61
41, 61
68, 57
69, 56
69, 55
68, 56
69, 56
69, 55
70, 55
70, 55
50, 60
51, 61
52, 61
52, 60
52, 61
51, 60
50, 61
49, 61
49, 61
57, 47
56, 46
56, 45
57, 45
56, 46
57, 45
58, 44
59, 43
59, 43
59, 70
58, 71
58, 72
58, 71
57, 71
57, 72
57, 73
58, 73
57, 74
57, 74
43, 46
44, 47
43, 47
44, 46
45, 45
45, 46
44, 45
44, 44
43, 43
43, 43
50, 61
51, 62
51, 61
50, 62
51, 61
50, 62
50, 62
56, 40
56, 41
56, 40
56, 39
56, 40
57, 40
57, 41
56, 41
56, 42
56, 42
50, 60
49, 60
50, 61
51, 61
50, 61
50, 62
50, 62
44, 36
45, 37
46, 37
46, 36
46, 35
45, 35
45, 35
54, 58
54, 59
55, 58
56, 57
55, 58
54, 59
55, 60
56, 59
56, 58
55, 59
55, 59
51, 43
52, 43
51, 43
52, 44
51, 43
51, 43
53, 63
53, 62
53, 63
53, 62
53, 63
54, 64
53, 63
54, 62
53, 63
54, 62
54, 62
54, 70
53, 70
54, 71
53, 70
52, 70
51, 69
51, 69
60, 69
61, 69
61, 70
61, 69
60, 68
60, 69
60, 69
33, 67
32, 67
33, 67
34, 68
33, 67
32, 67
31, 66
32, 67
31, 68
31, 68
30, 64
29, 63
30, 62
31, 61
30, 61
30, 61
71, 55
71, 56
71, 57
72, 57
73, 56
73, 57
73, 57
31, 62
32, 63
32, 64
32, 65
33, 64
32, 64
33, 64
34, 64
33, 65
33, 65
56, 53
56, 54
57, 54
58, 54
58, 55
57, 55
56, 54
56, 53
56, 53
44, 44
45, 43
46, 43
47, 42
46, 42
45, 41
46, 40
45, 41
44, 42
43, 41
43, 41
55, 72
56, 72
55, 73
54, 72
55, 72
55, 73
56, 72
55, 72
55, 72
43, 53
44, 52
44, 51
43, 51
42, 50
42, 50
42, 60
41, 60
41, 61
40, 62
41, 61
41, 60
40, 60
40, 60
41, 57
40, 56
40, 57
39, 58
38, 58
38, 58
52, 40
51, 39
52, 40
51, 39
51, 38
51, 37
50, 38
51, 37
52, 36
52, 36
62, 59
62, 58
61, 59
62, 58
62, 57
61, 58
62, 58
61, 59
62, 60
62, 60
51, 44
51, 45
50, 45
49, 45
49, 44
50, 44
50, 43
50, 43
39, 61
39, 62
38, 62
37, 63
36, 63
36, 64
36, 63
37, 62
38, 63
37, 62
37, 62
43, 49
44, 49
44, 48
43, 47
42, 47
43, 48
42, 48
42, 48
30, 60
31, 61
31, 62
32, 62
31, 61
30, 60
31, 60
32, 59
32, 58
32, 58
56, 43
55, 44
54, 45
55, 46
54, 46
54, 45
55, 46
54, 47
54, 47
32, 69
31, 69
30, 69
29, 70
30, 71
31, 72
31, 73
31, 73
55, 53
55, 54
55, 55
54, 55
55, 56
56, 55
55, 54
55, 54
49, 61
48, 60
47, 59
48, 59
48, 60
49, 61
50, 61
50, 62
50, 62
50, 61
51, 62
50, 62
51, 63
50, 64
51, 65
51, 65
56, 72
57, 73
56, 72
56, 73
57, 74
58, 75
59, 74
58, 75
58, 75
42, 43
41, 42
42, 43
41, 42
42, 41
41, 40
40, 40
40, 39
40, 39
52, 37
51, 37
52, 37
53, 37
53, 36
53, 35
52, 36
53, 36
53, 36
56, 60
57, 61
58, 62
59, 61
58, 60
59, 59
60, 60
60, 59
60, 59
72, 56
72, 55
72, 54
71, 54
72, 53
71, 54
72, 53
73, 53
73, 52
73, 52
44, 40
44, 39
43, 40
44, 41
45, 42
45, 42
44, 35
45, 36
45, 37
46, 37
47, 38
47, 38
52, 69
51, 69
51, 70
51, 69
51, 70
51, 71
51, 72
52, 71
51, 72
51, 72
32, 65
33, 64
34, 64
33, 63
32, 64
33, 64
33, 63
33, 63
60, 70
61, 70
60, 70
60, 69
61, 70
61, 70
55, 62
56, 63
57, 63
56, 64
55, 63
54, 63
54, 62
54, 62
59, 44
60, 43
59, 42
58, 42
59, 43
59, 44
59, 43
58, 44
58, 44
58, 75
59, 74
58, 75
57, 74
58, 75
58, 74
57, 73
57, 74
57, 74
61, 60
62, 60
63, 59
62, 60
63, 60
63, 59
64, 59
63, 58
62, 57
63, 56
63, 56
37, 59
36, 58
35, 57
34, 56
34, 55
34, 55
56, 75
56, 74
57, 73
56, 72
55, 72
55, 72
52, 37
51, 36
50, 37
51, 37
50, 37
51, 37
52, 36
52, 36
36, 62
37, 62
38, 62
38, 63
38, 62
39, 62
40, 62
41, 62
42, 63
41, 63
41, 63
52, 71
53, 72
52, 73
51, 72
52, 72
52, 71
51, 71
50, 70
50, 70
53, 63
54, 62
54, 63
53, 62
52, 62
53, 63
54, 64
53, 63
52, 62
51, 61
51, 61
34, 63
33, 64
33, 63
34, 64
33, 65
32, 64
31, 65
30, 66
31, 65
32, 66
32, 66
50, 64
51, 64
52, 63
51, 63
51, 62
51, 63
51, 62
51, 62
33, 56
33, 55
33, 54
32, 55
33, 56
33, 56
51, 63
52, 63
51, 63
52, 64
53, 64
52, 63
51, 62
51, 63
52, 62
51, 63
51, 63
46, 42
46, 43
47, 42
47, 41
47, 40
47, 41
46, 42
47, 42
48, 41
47, 40
47, 40
58, 76
59, 77
58, 76
57, 76
56, 77
57, 78
58, 78
57, 77
57, 77
39, 39
39, 38
40, 38
41, 37
41, 36
40, 37
41, 37
41, 36
40, 37
40, 37
31, 57
31, 56
32, 55
31, 55
32, 54
32, 54
64, 57
65, 56
64, 57
64, 58
64, 57
63, 58
62, 58
61, 59
62, 58
61, 58
61, 58
53, 48
53, 47
54, 48
53, 47
53, 46
52, 47
52, 46
53, 47
53, 47
61, 69
61, 68
60, 67
60, 66
61, 66
60, 67
59, 66
59, 66
42, 47
43, 48
44, 47
45, 47
46, 48
46, 48
72, 53
73, 54
73, 53
74, 52
75, 53
75, 54
76, 53
77, 54
77, 54
47, 39
48, 39
49, 38
49, 37
48, 37
48, 37
54, 55
55, 54
56, 54
57, 53
58, 53
58, 54
57, 54
58, 53
58, 54
58, 53
58, 53
61, 58
62, 58
63, 59
63, 60
63, 61
63, 60
64, 61
63, 61
62, 60
62, 60
49, 43
50, 43
50, 42
51, 43
50, 43
50, 42
49, 42
49, 42
58, 43
59, 43
59, 42
59, 43
58, 42
59, 43
58, 43
57, 43
57, 43
32, 73
32, 74
31, 73
31, 72
31, 71
32, 72
33, 71
34, 70
34, 69
34, 69
48, 39
48, 38
48, 37
47, 37
48, 36
49, 35
49, 35
58, 65
59, 64
58, 63
57, 62
56, 62
55, 63
54, 63
53, 63
52, 62
51, 62
51, 62
35, 68
34, 67
33, 66
32, 66
33, 67
33, 67
62, 58
61, 57
61, 58
61, 57
61, 56
62, 55
62, 56
61, 56
61, 56
52, 47
53, 46
54, 45
53, 45
54, 46
54, 45
55, 45
55, 45
50, 62
51, 61
51, 60
51, 61
50, 62
51, 62
51, 61
52, 60
53, 60
53, 60
56, 77
55, 76
55, 77
54, 78
55, 77
56, 76
55, 76
56, 76
55, 76
54, 76
54, 76
58, 54
57, 55
57, 56
57, 57
58, 58
59, 57
59, 57
46, 47
47, 46
47, 45
46, 46
45, 46
46, 45
45, 45
45, 45
56, 44
57, 44
57, 43
58, 43
58, 44
59, 44
60, 43
59, 43
58, 44
58, 44
48, 41
47, 40
48, 41
47, 42
47, 41
48, 40
47, 39
47, 38
47, 38
51, 63
50, 64
51, 63
52, 64
51, 65
51, 65
34, 56
35, 57
34, 57
33, 56
32, 57
32, 57
33, 54
34, 54
33, 54
33, 55
33, 56
33, 55
33, 54
33, 53
34, 52
34, 52
77, 53
76, 53
76, 54
77, 53
76, 54
75, 53
74, 54
75, 53
75, 53
48, 36
49, 35
48, 35
47, 35
47, 36
48, 35
49, 34
49, 35
49, 34
49, 34
56, 73
57, 73
56, 73
57, 72
57, 71
56, 72
57, 73
56, 73
56, 72
56, 72
32, 67
33, 67
32, 68
31, 69
30, 70
30, 70
63, 61
62, 62
63, 62
62, 63
63, 63
64, 63
64, 64
64, 64
41, 64
40, 65
39, 66
39, 65
40, 64
39, 63
40, 64
39, 64
38, 64
39, 65
39, 65
39, 38
39, 37
39, 38
38, 37
39, 37
38, 38
37, 39
38, 38
38, 39
38, 39
52, 62
53, 61
52, 61
53, 60
54, 59
54, 59
49, 69
49, 70
50, 71
51, 71
52, 72
52, 73
53, 72
52, 73
52, 74
52, 74
51, 37
52, 38
51, 37
51, 36
50, 35
50, 34
51, 35
50, 36
49, 37
49, 38
49, 38
51, 73
50, 74
51, 73
50, 72
51, 71
51, 71
50, 65
51, 64
52, 64
52, 63
53, 62
54, 61
53, 60
54, 61
55, 62
54, 62
54, 62
46, 44
46, 45
46, 44
46, 43
45, 43
45, 43
54, 60
53, 61
52, 60
53, 61
54, 62
55, 63
54, 64
55, 63
54, 64
54, 64
59, 58
60, 58
61, 57
62, 57
63, 57
62, 56
62, 56
35, 51
36, 51
35, 51
36, 52
35, 51
34, 52
33, 53
33, 53
46, 38
46, 39
47, 40
48, 40
47, 41
48, 40
47, 41
47, 42
46, 41
46, 41
55, 46
56, 45
56, 44
56, 43
57, 43
58, 44
58, 44
50, 34
51, 33
50, 32
51, 31
50, 31
51, 32
51, 33
50, 34
51, 35
51, 35
48, 35
49, 36
50, 37
51, 36
52, 36
52, 35
51, 35
51, 35
34, 67
33, 66
34, 66
35, 67
34, 68
34, 69
35, 68
36, 69
35, 69
34, 69
34, 69
49, 37
48, 37
47, 36
46, 37
47, 38
47, 37
47, 36
47, 36
29, 71
28, 72
29, 71
28, 70
27, 69
26, 68
26, 68
52, 61
52, 60
51, 60
52, 60
51, 60
52, 60
53, 61
54, 60
55, 61
55, 60
55, 60
59, 44
59, 43
58, 42
59, 42
58, 41
57, 41
57, 41
61, 55
61, 56
60, 57
61, 58
62, 59
63, 58
63, 58
57, 71
56, 72
55, 72
54, 71
54, 70
53, 70
54, 70
55, 70
54, 69
53, 69
53, 69
38, 66
39, 67
39, 68
40, 67
39, 67
39, 67
33, 58
33, 57
34, 57
35, 57
36, 57
36, 58
36, 58
55, 75
55, 76
54, 75
53, 75
52, 76
52, 77
53, 78
53, 77
53, 77
65, 65
65, 64
64, 65
65, 65
65, 64
64, 65
65, 64
65, 65
65, 66
66, 66
66, 66
37, 38
38, 39
38, 38
39, 39
38, 39
37, 40
36, 39
37, 39
37, 38
37, 37
37, 37
74, 52
75, 53
75, 54
75, 53
76, 52
76, 51
75, 51
74, 52
74, 51
73, 52
73, 52
52, 63
52, 62
52, 61
52, 62
52, 61
52, 60
51, 61
52, 60
52, 59
53, 58
53, 58
38, 68
38, 69
37, 69
36, 68
36, 69
36, 69
58, 40
57, 41
57, 42
57, 41
58, 41
59, 42
59, 42
46, 42
47, 43
46, 44
47, 43
48, 44
48, 43
49, 44
49, 44
35, 68
34, 68
33, 69
34, 69
35, 70
34, 69
34, 69
45, 44
44, 44
45, 45
44, 46
44, 45
45, 44
45, 43
44, 42
45, 43
45, 43
33, 52
32, 52
33, 53
32, 54
31, 55
32, 56
33, 57
33, 57
73, 53
72, 52
72, 53
71, 53
71, 54
70, 53
70, 54
70, 54
64, 58
63, 57
62, 56
61, 55
61, 56
60, 57
61, 58
62, 58
63, 57
62, 56
62, 56
37, 36
37, 37
37, 38
36, 37
36, 36
35, 36
35, 36
57, 43
56, 43
57, 43
56, 44
55, 44
56, 45
55, 44
55, 45
56, 46
55, 46
55, 46
55, 65
56, 66
57, 67
58, 67
59, 67
58, 68
58, 68
27, 69
27, 70
27, 71
27, 72
26, 71
27, 70
28, 70
27, 69
26, 68
26, 68
54, 60
55, 59
56, 60
55, 59
56, 58
56, 58
54, 76
53, 75
54, 74
55, 74
56, 74
55, 74
56, 73
56, 72
55, 72
56, 73
56, 73
54, 68
53, 68
52, 68
52, 67
53, 66
54, 65
55, 65
55, 64
56, 64
56, 64
46, 35
45, 35
46, 34
46, 33
47, 32
47, 31
48, 32
48, 33
47, 33
47, 32
47, 32
50, 35
51, 36
52, 36
51, 35
50, 35
50, 35
54, 63
55, 63
54, 63
54, 64
53, 64
53, 64
51, 70
51, 71
50, 71
49, 71
50, 71
51, 71
50, 70
51, 69
52, 70
51, 71
51, 71
63, 56
62, 56
61, 57
62, 58
63, 59
63, 60
63, 60
67, 65
68, 66
67, 67
68, 68
67, 68
67, 67
68, 67
68, 67
50, 35
49, 35
50, 36
51, 35
50, 36
49, 36
49, 37
50, 37
49, 37
49, 36
49, 36
35, 58
34, 59
35, 60
34, 59
34, 60
34, 61
35, 62
34, 63
34, 63
54, 57
54, 58
53, 59
53, 58
54, 58
54, 57
54, 58
53, 58
53, 59
53, 59
46, 44
47, 45
46, 46
45, 45
45, 46
44, 46
44, 47
45, 47
45, 47
57, 58
58, 57
57, 56
58, 56
58, 55
57, 55
57, 55
58, 67
59, 66
60, 65
60, 64
60, 63
59, 62
58, 63
58, 62
58, 62
27, 67
27, 66
26, 65
25, 65
24, 66
24, 67
24, 67
51, 34
50, 35
50, 34
51, 34
52, 35
52, 36
52, 36
50, 70
49, 69
48, 70
47, 71
46, 71
46, 70
47, 69
47, 69
35, 68
36, 67
35, 67
34, 66
35, 66
36, 66
37, 66
36, 65
37, 66
37, 66
53, 60
52, 61
52, 60
53, 61
54, 61
54, 61
50, 36
51, 36
50, 35
51, 36
52, 35
53, 36
52, 35
52, 34
53, 34
53, 34
61, 55
62, 56
63, 56
63, 55
62, 56
61, 55
62, 56
63, 56
63, 55
63, 56
63, 56
49, 43
50, 44
49, 43
48, 43
47, 42
48, 43
48, 42
49, 41
49, 41
54, 46
55, 45
54, 45
53, 44
52, 43
52, 43
35, 63
36, 63
35, 62
35, 61
35, 62
36, 62
35, 63
34, 63
34, 63
35, 37
36, 37
37, 37
38, 37
37, 36
38, 37
37, 38
38, 37
37, 37
37, 37
67, 67
68, 68
68, 67
67, 66
67, 67
67, 67
63, 61
62, 61
63, 60
64, 61
65, 61
66, 60
67, 60
68, 60
68, 60
58, 43
59, 42
60, 43
59, 43
59, 44
58, 43
57, 42
58, 41
59, 42
59, 41
59, 41
47, 33
47, 32
48, 33
49, 33
50, 33
51, 34
51, 34
71, 54
72, 55
71, 55
71, 56
70, 55
71, 54
70, 55
70, 55
35, 69
36, 68
35, 69
36, 68
37, 68
38, 69
37, 69
36, 68
36, 68
52, 64
53, 65
54, 65
54, 66
53, 67
53, 68
54, 69
53, 70
53, 70
55, 64
55, 63
56, 62
55, 62
56, 63
55, 62
55, 61
55, 62
55, 62
55, 73
56, 73
56, 74
55, 74
54, 74
54, 73
55, 72
54, 72
53, 72
52, 72
52, 72
33, 56
34, 57
35, 56
36, 56
35, 55
35, 54
36, 55
36, 55
68, 59
69, 59
70, 59
69, 60
70, 60
69, 61
69, 60
70, 60
69, 59
69, 59
54, 70
53, 69
53, 70
54, 70
54, 69
53, 69
52, 70
52, 71
53, 71
53, 71
37, 56
36, 57
35, 56
35, 55
36, 54
35, 54
35, 54
55, 61
56, 60
57, 59
56, 58
56, 59
57, 59
58, 60
57, 59
57, 58
58, 58
58, 58
50, 41
50, 42
50, 43
49, 42
49, 43
49, 44
49, 44
35, 67
36, 68
37, 67
37, 68
36, 67
35, 68
35, 67
36, 66
36, 66
52, 37
51, 38
51, 39
50, 40
51, 40
50, 40
49, 39
49, 38
49, 39
50, 40
50, 40
54, 35
55, 35
56, 34
57, 33
56, 32
56, 32
34, 62
33, 62
32, 63
33, 62
33, 61
32, 62
31, 62
31, 62
63, 57
63, 58
64, 58
64, 59
64, 58
64, 57
65, 56
66, 56
67, 56
67, 56
50, 33
49, 33
49, 34
48, 35
48, 36
49, 36
50, 37
51, 36
50, 36
51, 37
51, 37
58, 56
57, 57
56, 58
57, 57
57, 58
56, 57
56, 56
55, 55
55, 54
55, 54
71, 55
72, 54
71, 53
72, 52
73, 53
74, 52
73, 53
72, 54
72, 55
72, 55
48, 68
47, 69
46, 70
47, 71
47, 72
48, 72
48, 72
36, 65
35, 64
36, 65
35, 65
35, 64
35, 64
56, 63
55, 62
55, 63
55, 62
54, 63
55, 64
54, 63
53, 64
53, 64
51, 43
52, 42
51, 42
50, 42
51, 42
51, 41
51, 40
52, 41
52, 41
37, 36
36, 36
37, 37
38, 37
39, 37
39, 38
39, 39
39, 39
59, 40
58, 40
57, 39
57, 40
58, 41
57, 41
57, 42
57, 42
46, 47
47, 47
46, 48
47, 47
47, 46
47, 47
46, 46
47, 47
47, 47
51, 73
51, 72
51, 73
52, 72
51, 72
50, 72
51, 71
50, 71
51, 72
51, 72
67, 66
67, 67
66, 66
66, 65
66, 66
67, 66
68, 66
68, 66
23, 67
24, 66
25, 65
26, 64
25, 65
25, 66
24, 66
24, 66
57, 61
58, 61
58, 60
59, 61
58, 60
59, 61
60, 61
61, 60
61, 60
56, 53
55, 54
54, 55
54, 54
55, 55
54, 54
55, 54
56, 55
56, 55
50, 73
51, 74
51, 75
52, 74
51, 73
52, 72
52, 71
52, 71
52, 40
53, 39
54, 39
53, 39
52, 40
53, 40
53, 39
54, 39
54, 38
54, 38
69, 66
69, 67
68, 68
69, 67
70, 68
71, 67
71, 67
50, 36
49, 35
49, 34
48, 34
48, 33
47, 32
47, 32
49, 45
48, 45
49, 44
50, 45
51, 44
52, 45
53, 44
53, 45
52, 46
52, 46
48, 47
48, 48
48, 49
48, 50
47, 50
46, 50
45, 51
45, 51
31, 61
31, 60
32, 60
32, 61
31, 62
30, 62
31, 63
32, 62
33, 62
32, 63
32, 63
25, 65
24, 66
23, 65
24, 65
23, 65
24, 65
24, 66
23, 65
22, 65
22, 65
58, 42
59, 43
59, 42
58, 42
58, 41
58, 41
54, 72
53, 73
52, 72
53, 73
54, 74
54, 74
34, 63
34, 64
34, 63
33, 62
32, 62
33, 61
32, 60
32, 60
52, 63
53, 63
54, 63
55, 63
54, 62
54, 62
36, 53
35, 54
34, 53
33, 54
32, 55
31, 56
30, 55
31, 55
30, 54
30, 54
69, 58
70, 58
71, 58
72, 59
71, 58
71, 58
49, 71
49, 70
50, 69
51, 70
52, 70
52, 71
52, 71
55, 32
54, 31
54, 30
55, 31
56, 32
55, 33
55, 33
66, 56
67, 57
67, 58
67, 57
66, 56
66, 57
65, 57
64, 58
65, 59
65, 58
65, 58
61, 61
61, 62
61, 63
60, 62
59, 62
58, 62
58, 61
59, 62
59, 61
59, 60
59, 60
38, 39
39, 38
40, 39
41, 38
40, 39
39, 38
38, 38
37, 38
37, 37
37, 37
51, 39
52, 40
53, 39
52, 39
51, 38
51, 38
35, 66
35, 65
35, 66
36, 65
37, 66
37, 67
37, 67
73, 54
73, 55
73, 54
74, 54
73, 55
72, 54
71, 55
71, 55
58, 57
57, 58
56, 59
55, 58
56, 58
55, 57
55, 56
54, 57
55, 57
56, 56
56, 56
31, 53
32, 52
33, 53
33, 54
32, 54
33, 55
32, 54
33, 55
34, 54
34, 54
56, 33
57, 33
57, 34
58, 34
57, 33
57, 33
55, 74
56, 73
56, 72
57, 73
57, 72
56, 73
57, 73
57, 72
57, 72
33, 60
32, 59
31, 58
30, 59
30, 58
31, 59
32, 58
33, 58
34, 58
35, 57
35, 57
60, 61
61, 62
60, 63
61, 63
60, 63
60, 62
60, 62
52, 72
51, 71
50, 70
50, 69
49, 68
50, 68
50, 68
54, 37
53, 37
54, 37
55, 37
56, 38
57, 39
56, 39
55, 40
54, 40
55, 39
55, 39
44, 50
45, 49
46, 49
45, 48
46, 49
46, 48
45, 49
45, 50
45, 49
45, 49
38, 68
37, 68
36, 67
37, 66
37, 65
36, 66
36, 66
57, 55
56, 55
55, 55
55, 54
55, 55
56, 54
57, 54
57, 55
57, 54
56, 55
56, 55
70, 66
71, 66
72, 65
72, 64
71, 65
72, 65
71, 65
70, 66
69, 67
69, 67
64, 58
65, 57
66, 57
67, 57
68, 56
68, 56
58, 42
58, 41
59, 40
58, 39
57, 39
57, 38
57, 37
56, 36
56, 37
55, 38
55, 38
70, 59
71, 58
71, 59
70, 60
70, 59
71, 60
70, 60
69, 59
69, 59
21, 64
22, 64
21, 64
22, 65
21, 64
21, 65
20, 64
19, 63
20, 62
20, 61
20, 61
48, 31
47, 31
48, 32
49, 33
50, 32
51, 31
52, 32
52, 33
52, 33
57, 56
58, 55
57, 56
58, 57
57, 57
58, 57
58, 57
51, 46
51, 45
50, 46
51, 47
50, 46
49, 45
49, 44
48, 45
47, 46
48, 46
48, 46
51, 39
50, 38
51, 37
52, 38
53, 39
53, 39
32, 64
33, 64
33, 65
32, 64
31, 65
31, 64
30, 64
29, 63
29, 63
38, 36
38, 35
37, 34
36, 33
35, 34
34, 35
34, 34
34, 34
54, 63
53, 63
53, 62
54, 63
55, 62
54, 62
54, 62
53, 70
54, 71
55, 71
56, 71
57, 70
58, 70
59, 69
59, 69
70, 55
69, 56
69, 55
69, 56
70, 56
71, 56
72, 57
71, 58
71, 57
71, 57
49, 47
49, 46
50, 46
49, 47
48, 48
47, 49
46, 49
47, 49
47, 49
34, 35
34, 36
35, 37
35, 36
36, 35
37, 36
38, 35
39, 35
39, 35
60, 61
60, 60
60, 61
61, 62
62, 63
62, 63
58, 71
57, 72
56, 71
57, 72
57, 73
57, 73
59, 57
60, 58
59, 59
58, 58
57, 57
57, 56
57, 57
56, 57
56, 58
56, 58
50, 69
49, 68
49, 67
48, 67
49, 66
49, 66
37, 65
36, 66
37, 65
37, 66
37, 67
36, 67
37, 66
37, 67
37, 67
28, 62
28, 63
29, 64
30, 63
30, 62
29, 62
29, 61
28, 62
29, 63
29, 63
69, 58
68, 58
69, 57
69, 56
70, 55
70, 54
71, 54
72, 54
72, 53
72, 53
35, 55
34, 54
34, 53
34, 54
33, 54
34, 54
33, 53
32, 53
32, 53
69, 66
68, 66
67, 66
67, 67
67, 68
68, 67
69, 66
70, 67
70, 67
54, 38
54, 37
53, 37
52, 38
53, 38
53, 37
52, 37
52, 38
52, 37
51, 37
51, 37
56, 37
55, 36
54, 37
53, 36
52, 36
53, 37
52, 38
53, 38
54, 37
54, 37
57, 34
56, 35
55, 35
54, 34
54, 35
53, 34
53, 34
56, 38
57, 39
58, 39
57, 39
56, 38
56, 39
56, 39
46, 49
45, 48
45, 47
44, 48
43, 49
44, 49
43, 49
44, 50
44, 50
59, 70
58, 69
59, 70
58, 71
59, 71
58, 72
58, 72
53, 34
54, 35
54, 34
53, 33
53, 32
53, 32
19, 62
20, 61
19, 60
20, 59
19, 59
19, 59
53, 61
53, 60
52, 60
53, 59
53, 60
54, 60
53, 59
53, 58
53, 58
34, 56
33, 55
32, 56
33, 56
34, 55
35, 56
34, 56
34, 57
35, 56
35, 57
35, 57
57, 55
58, 55
57, 56
58, 55
57, 56
57, 56
68, 57
69, 56
70, 55
69, 56
68, 57
69, 58
70, 59
69, 58
69, 58
72, 58
72, 59
72, 58
71, 59
71, 60
72, 59
73, 59
72, 59
71, 59
70, 60
70, 60
45, 51
46, 52
47, 53
48, 54
49, 54
49, 54
50, 55
51, 56
52, 57
53, 58
53, 58
30, 64
31, 65
32, 66
33, 67
34, 68
34, 68
68, 59
67, 60
66, 61
65, 62
64, 63
65, 62
65, 62
64, 63
63, 64
63, 64
38, 35
38, 35
39, 36
40, 37
41, 38
42, 37
42, 37
41, 36
41, 36
42, 36
42, 36
43, 37
44, 38
44, 38
69, 61
68, 62
66, 64
65, 65
64, 66
63, 67
62, 68
61, 69
60, 70
60, 71
60, 72
60, 73
60, 74
60, 75
60, 76
60, 76
57, 40
56, 40
56, 40
57, 41
58, 42
58, 42
59, 43
61, 45
62, 46
63, 47
64, 48
65, 49
65, 49
69, 68
69, 69
69, 69
68, 70
67, 71
66, 72
65, 73
64, 74
63, 74
62, 75
62, 75
62, 75
38, 68
39, 69
40, 70
41, 71
42, 72
43, 73
44, 74
45, 75
46, 76
47, 77
47, 77
33, 54
34, 55
35, 56
34, 57
34, 57
35, 57
35, 57
36, 58
37, 59
38, 58
38, 58
39, 59
40, 60
40, 60
54, 59
55, 60
56, 61
57, 62
58, 63
59, 64
60, 65
59, 66
59, 66
59, 66
53, 37
53, 37
54, 38
55, 39
55, 40
55, 40
56, 41
56, 41
57, 42
58, 43
59, 44
61, 46
62, 47
63, 48
64, 49
65, 50
65, 50
71, 54
70, 53
70, 53
68, 55
68, 56
68, 57
68, 58
68, 59
68, 60
68, 61
68, 62
68, 62
69, 61
69, 61
68, 62
68, 64
68, 65
68, 66
68, 67
68, 68
68, 69
68, 70
68, 71
68, 71
56, 57
55, 58
54, 59
53, 59
53, 59
54, 60
54, 61
54, 61
36, 58
37, 59
36, 60
36, 60
35, 61
35, 61
36, 62
37, 62
37, 62
38, 63
38, 63
52, 38
53, 39
54, 40
55, 41
56, 41
56, 41
57, 42
58, 43
58, 44
58, 44
57, 45
57, 45
59, 47
60, 48
60, 49
60, 50
60, 51
60, 52
60, 53
60, 53
21, 61
22, 62
23, 63
24, 64
25, 65
26, 66
27, 67
28, 68
29, 69
30, 70
31, 71
32, 72
33, 73
34, 73
34, 73
57, 59
56, 58
56, 58
57, 59
58, 60
59, 61
58, 62
58, 62
57, 62
57, 62
58, 63
58, 63
56, 74
56, 75
56, 76
56, 77
56, 78
56, 79
56, 80
56, 81
56, 82
56, 82
63, 64
62, 65
62, 65
63, 66
64, 67
65, 68
66, 69
67, 70
68, 71
69, 71
69, 71
69, 71
52, 35
52, 35
53, 36
54, 37
54, 38
54, 39
54, 40
54, 41
54, 42
54, 43
54, 42
54, 42
54, 42
59, 73
59, 74
59, 75
59, 76
59, 77
59, 78
59, 78
54, 33
53, 34
53, 34
54, 35
55, 36
56, 37
56, 37
50, 67
51, 68
52, 69
53, 70
53, 71
53, 71
53, 72
53, 73
53, 74
54, 74
54, 74
53, 75
53, 75
48, 50
49, 49
49, 49
50, 50
51, 50
51, 50
52, 51
52, 51
52, 76
52, 77
52, 78
52, 77
52, 77
52, 78
52, 79
53, 80
53, 80
52, 80
52, 80
52, 81
52, 81
58, 67
57, 68
56, 69
55, 70
55, 71
55, 71
55, 62
56, 63
55, 64
55, 64
56, 65
57, 66
57, 66
35, 69
35, 70
35, 70
36, 71
35, 71
35, 71
36, 72
35, 71
35, 71
36, 72
35, 73
35, 73
36, 72
36, 72
37, 73
37, 73
61, 54
62, 55
63, 56
64, 57
65, 58
66, 59
67, 59
67, 59
67, 60
67, 61
67, 62
67, 62
48, 76
47, 75
47, 75
48, 74
48, 74
49, 73
50, 72
50, 72
57, 81
58, 80
59, 79
59, 78
59, 77
59, 77
59, 77
58, 78
57, 78
56, 79
56, 79
55, 78
54, 78
53, 78
54, 78
54, 78
54, 78
53, 52
52, 53
52, 53
53, 54
54, 55
55, 56
55, 56
54, 59
53, 60
53, 60
54, 61
55, 62
54, 62
54, 62
55, 61
55, 61
56, 62
57, 63
57, 63
43, 37
43, 37
44, 37
44, 37
45, 38
44, 37
44, 37
44, 36
44, 36
45, 37
46, 38
46, 38
63, 65
63, 66
63, 66
63, 67
63, 68
63, 69
63, 70
63, 70
62, 70
62, 70
63, 71
62, 72
62, 72
63, 73
63, 73
55, 43
56, 44
57, 45
57, 44
57, 44
59, 46
60, 47
61, 48
62, 49
63, 50
63, 51
63, 52
63, 53
63, 54
63, 55
63, 56
63, 56
55, 38
54, 39
53, 40
53, 41
53, 42
53, 42
70, 72
70, 72
69, 73
68, 74
68, 74
69, 74
69, 74
68, 75
67, 76
66, 77
65, 78
65, 78
63, 51
62, 52
61, 53
60, 54
59, 55
58, 56
57, 57
56, 58
55, 59
54, 60
54, 61
54, 62
54, 63
53, 64
53, 64
54, 64
54, 64
54, 65
54, 66
55, 66
55, 66
54, 67
54, 67
59, 77
58, 78
57, 79
56, 80
55, 81
54, 82
53, 83
53, 83
37, 64
37, 64
38, 65
39, 66
40, 67
41, 68
42, 68
42, 68
43, 69
44, 70
45, 71
45, 71
33, 73
33, 73
34, 72
35, 71
36, 70
37, 70
37, 70
59, 64
60, 64
60, 64
61, 65
62, 66
63, 67
64, 68
65, 69
66, 70
67, 71
68, 72
68, 72
41, 61
43, 63
44, 64
45, 65
46, 66
47, 67
48, 68
49, 69
49, 70
49, 70
50, 71
51, 72
51, 72
67, 72
66, 73
65, 74
66, 74
66, 74
65, 75
64, 76
65, 76
65, 76
65, 76
63, 52
62, 53
61, 54
61, 55
61, 56
61, 57
61, 58
61, 59
60, 59
60, 59
61, 60
62, 59
62, 59
62, 59
61, 76
60, 77
59, 78
58, 79
57, 78
57, 78
56, 78
56, 78
57, 79
57, 80
57, 80
54, 43
53, 43
53, 43
52, 44
52, 44
53, 45
54, 46
54, 46
51, 71
50, 71
50, 71
51, 70
52, 70
53, 70
54, 70
54, 70
55, 70
56, 69
56, 69
57, 70
58, 70
58, 70
54, 84
55, 85
56, 86
56, 87
56, 87
57, 87
58, 87
58, 87
53, 81
54, 81
55, 81
56, 81
55, 81
55, 81
56, 81
57, 81
58, 81
59, 81
60, 81
60, 81
55, 57
55, 56
55, 56
55, 57
55, 58
55, 59
55, 59
55, 77
56, 77
57, 77
58, 77
59, 77
60, 77
61, 77
61, 77
61, 77
61, 77
61, 77
64, 77
64, 78
64, 79
64, 80
65, 79
65, 79
64, 80
63, 79
63, 79
63, 79
47, 39
48, 40
49, 41
50, 42
51, 43
51, 43
60, 78
61, 79
62, 79
63, 80
63, 80
64, 80
64, 80
64, 80
58, 79
59, 78
59, 78
59, 78
59, 78
59, 78
59, 78
59, 78
58, 79
58, 79
58, 79
46, 72
46, 71
46, 71
47, 72
48, 73
49, 74
49, 74
38, 71
39, 72
40, 73
41, 74
42, 75
42, 75
58, 67
59, 68
60, 69
61, 70
61, 71
60, 70
60, 70
61, 71
61, 71
51, 73
51, 74
51, 75
51, 76
51, 77
51, 78
51, 78
38, 74
39, 75
40, 76
41, 77
42, 78
43, 79
43, 79
44, 80
45, 81
46, 82
46, 82
54, 68
55, 67
55, 67
54, 66
54, 66
54, 67
54, 68
54, 69
54, 69
64, 73
64, 73
64, 74
64, 74
63, 75
63, 75
64, 76
65, 77
66, 77
66, 77
66, 78
66, 78
65, 79
65, 79
67, 73
66, 74
65, 75
66, 76
66, 76
67, 76
67, 76
66, 77
66, 77
54, 70
53, 70
52, 70
53, 70
53, 70
52, 70
52, 70
62, 57
62, 57
61, 58
60, 59
59, 60
58, 61
57, 62
56, 63
55, 64
54, 65
54, 65
65, 79
65, 79
64, 79
64, 79
64, 78
64, 78
65, 77
66, 76
65, 75
65, 75
66, 76
67, 76
67, 76
58, 64
59, 65
60, 64
60, 64
60, 65
60, 66
60, 66
66, 63
65, 62
65, 62
64, 63
63, 64
62, 64
62, 64
61, 63
61, 63
61, 63
61, 60
60, 61
59, 62
58, 62
58, 62
57, 63
56, 64
56, 65
56, 66
56, 67
56, 67
61, 64
61, 64
60, 65
59, 66
58, 67
57, 68
57, 68
54, 60
54, 61
54, 62
54, 61
54, 61
53, 62
53, 62
54, 63
54, 63
43, 74
44, 73
45, 72
46, 71
47, 71
48, 72
48, 72
49, 71
50, 71
50, 71
59, 78
60, 77
61, 77
62, 77
63, 77
62, 76
62, 76
63, 77
64, 77
65, 77
65, 77
53, 46
53, 46
52, 47
52, 48
52, 49
52, 50
52, 51
52, 51
52, 43
52, 43
53, 44
54, 45
55, 46
57, 48
58, 49
59, 50
60, 51
61, 52
62, 53
63, 54
63, 54
50, 75
50, 75
51, 76
52, 77
53, 78
54, 78
55, 78
56, 78
57, 78
57, 78
67, 76
66, 75
66, 75
67, 76
67, 76
68, 75
68, 76
68, 76
68, 75
68, 74
68, 74
68, 74
66, 75
65, 74
64, 73
63, 72
63, 71
62, 70
62, 70
63, 70
63, 70
63, 70
62, 70
62, 70
62, 70
55, 70
56, 71
57, 72
58, 73
59, 74
60, 74
60, 74
60, 75
60, 75
60, 75
60, 75
58, 71
58, 71
57, 72
57, 71
57, 71
56, 72
55, 73
54, 74
53, 75
52, 76
51, 77
51, 77
64, 78
63, 77
62, 76
61, 75
60, 74
60, 74
60, 72
59, 73
58, 74
57, 75
56, 76
56, 76
57, 76
57, 76
56, 77
55, 78
55, 78
55, 78
55, 78
65, 81
66, 82
67, 83
68, 83
68, 83
68, 83
69, 82
69, 82
68, 83
68, 83
68, 83
68, 83
55, 66
56, 67
57, 68
58, 69
59, 70
60, 71
61, 72
62, 73
63, 74
64, 75
64, 75
61, 82
61, 82
62, 81
62, 80
62, 79
62, 78
62, 77
62, 76
62, 76
57, 68
58, 67
58, 67
58, 68
58, 68
59, 69
60, 70
61, 71
62, 72
62, 73
62, 73
62, 73
50, 77
50, 77
49, 77
49, 77
50, 78
49, 77
49, 77
50, 78
51, 79
51, 80
51, 80
52, 81
53, 82
53, 82
61, 67
62, 68
63, 69
64, 70
64, 71
64, 72
64, 73
64, 74
64, 74
64, 74
64, 74
62, 80
61, 80
60, 80
59, 80
58, 80
57, 80
56, 80
56, 80
56, 80
56, 80
47, 82
47, 82
48, 83
49, 84
49, 83
49, 83
50, 84
50, 84
53, 71
54, 72
53, 71
53, 71
54, 72
55, 73
55, 73
62, 76
63, 75
64, 74
65, 75
65, 75
66, 74
67, 73
67, 72
67, 72
67, 71
67, 71
67, 71
59, 86
60, 86
60, 86
61, 85
60, 84
60, 84
61, 83
61, 83
59, 76
58, 77
59, 77
59, 77
58, 77
58, 77
57, 78
56, 79
56, 79
51, 83
52, 82
53, 81
53, 80
53, 79
53, 78
54, 79
54, 79
53, 78
52, 77
52, 77
52, 77
67, 82
66, 81
65, 82
65, 82
64, 81
63, 80
62, 79
61, 78
61, 78
55, 79
55, 80
55, 81
55, 82
55, 82
55, 82
63, 76
62, 77
63, 77
63, 77
62, 78
62, 78
61, 79
60, 80
59, 81
59, 81
58, 77
57, 78
57, 78
58, 77
59, 76
60, 75
61, 74
62, 73
62, 73
56, 73
57, 73
58, 73
58, 73
58, 73
58, 73
58, 72
58, 72
58, 71
58, 71
58, 72
58, 73
58, 73
65, 56
66, 57
67, 58
68, 59
69, 60
70, 61
70, 62
70, 63
70, 65
70, 66
70, 67
70, 68
70, 69
70, 70
70, 71
70, 72
70, 73
70, 74
70, 75
70, 76
71, 77
71, 77
70, 77
70, 77
67, 75
66, 76
65, 76
64, 76
63, 76
62, 76
61, 75
61, 75
61, 75
59, 74
58, 74
57, 74
56, 74
55, 74
54, 74
53, 74
52, 74
52, 74
54, 81
55, 80
56, 79
57, 78
57, 78
58, 77
58, 77
59, 76
60, 75
61, 74
61, 74
61, 75
61, 75
60, 76
59, 77
58, 78
57, 79
56, 80
56, 81
56, 82
56, 83
55, 82
55, 82
55, 82
57, 79
58, 78
59, 77
60, 77
61, 77
62, 77
62, 77
58, 69
59, 70
60, 71
60, 72
60, 72
61, 73
61, 74
61, 75
61, 75
61, 76
61, 77
61, 77
62, 82
63, 81
64, 80
65, 79
66, 79
66, 79
66, 72
65, 73
65, 74
65, 75
65, 76
65, 77
65, 78
65, 78
64, 78
65, 78
65, 78
64, 79
63, 80
64, 80
64, 80
63, 81
63, 81
52, 76
51, 76
51, 76
52, 75
51, 75
51, 75
52, 74
53, 74
54, 74
55, 74
56, 74
56, 74
61, 72
62, 71
62, 71
61, 71
60, 71
59, 71
59, 70
59, 70
58, 71
57, 71
57, 71
57, 71
55, 64
55, 65
55, 65
54, 65
54, 65
55, 66
55, 65
55, 65
56, 66
56, 66
63, 71
63, 70
63, 70
64, 71
65, 72
66, 73
67, 73
67, 73
53, 52
54, 51
54, 51
55, 50
55, 50
57, 52
58, 53
58, 54
58, 55
58, 56
58, 57
58, 58
58, 59
58, 60
58, 61
58, 61
51, 72
51, 72
52, 73
53, 74
54, 75
55, 76
56, 77
57, 78
57, 79
57, 79
65, 75
64, 75
64, 75
65, 76
66, 77
67, 78
68, 78
68, 78
57, 78
57, 78
58, 77
58, 77
59, 76
60, 75
61, 75
62, 75
63, 75
64, 75
64, 75
64, 75
59, 60
59, 60
60, 61
61, 62
61, 63
61, 63
62, 64
61, 65
61, 65
61, 65
53, 77
54, 77
55, 78
55, 78
54, 79
54, 79
54, 78
54, 77
54, 77
62, 77
63, 77
64, 77
65, 77
66, 77
66, 77
66, 77
66, 77
66, 77
66, 77
61, 76
60, 75
60, 75
59, 74
58, 73
57, 72
57, 72
67, 77
68, 78
68, 78
67, 77
66, 76
65, 75
64, 74
64, 74
64, 80
64, 79
64, 79
63, 79
63, 79
64, 78
65, 77
65, 77
64, 77
63, 77
63, 77
62, 77
62, 77
63, 76
63, 75
63, 74
63, 74
69, 78
68, 79
67, 80
66, 81
65, 82
64, 83
63, 83
62, 83
61, 83
61, 83
53, 73
53, 73
54, 74
55, 75
56, 76
56, 77
56, 77
57, 77
57, 77
56, 77
56, 77
56, 77
62, 76
63, 76
64, 76
65, 76
64, 75
64, 75
65, 76
65, 76
61, 74
60, 75
60, 76
60, 77
59, 77
59, 77
60, 78
61, 79
61, 79
61, 79
55, 81
55, 81
56, 82
57, 83
58, 82
58, 82
59, 83
59, 83
59, 83
57, 75
58, 76
59, 77
60, 78
61, 79
62, 80
63, 81
63, 82
63, 83
63, 82
63, 82
63, 82
65, 78
64, 77
63, 76
63, 75
63, 74
63, 74
63, 74
62, 73
62, 73
62, 73
57, 67
58, 68
59, 67
59, 67
60, 68
60, 69
60, 70
60, 69
60, 69
60, 70
61, 71
61, 71
60, 72
60, 72
56, 72
55, 73
54, 74
55, 74
55, 74
54, 75
54, 75
57, 78
58, 78
59, 78
60, 78
60, 77
60, 77
61, 78
62, 78
62, 78
63, 78
64, 78
64, 78
62, 75
62, 75
61, 74
61, 74
60, 75
59, 76
58, 76
57, 76
57, 76
66, 74
65, 75
64, 76
63, 77
63, 78
64, 78
64, 78
63, 79
63, 80
63, 81
63, 81
60, 80
60, 79
60, 79
61, 79
61, 79
62, 78
63, 77
62, 78
62, 78
63, 77
64, 77
64, 77
59, 74
58, 73
58, 73
59, 74
60, 74
61, 74
61, 74
60, 76
60, 76
60, 77
60, 78
60, 79
60, 80
60, 81
60, 82
60, 83
60, 84
60, 84
60, 83
60, 83
56, 81
56, 81
55, 80
54, 79
53, 78
52, 77
53, 76
53, 76
52, 75
52, 75
66, 77
67, 78
68, 79
68, 80
68, 81
68, 81
60, 80
60, 80
59, 81
58, 82
57, 83
56, 84
56, 84
63, 82
63, 82
62, 81
61, 81
60, 81
61, 81
61, 81
60, 81
59, 81
58, 81
58, 81
55, 74
56, 73
57, 72
58, 71
58, 72
58, 72
59, 71
58, 71
58, 71
57, 70
57, 70
57, 70
52, 76
53, 77
53, 77
52, 78
52, 79
52, 80
52, 81
52, 81
65, 76
65, 76
64, 77
63, 78
63, 79
63, 79
62, 80
61, 81
61, 81
55, 78
56, 79
57, 79
57, 79
58, 80
59, 81
60, 82
61, 83
62, 84
63, 85
63, 85
59, 82
58, 81
57, 80
56, 79
55, 78
54, 79
54, 79
53, 78
52, 77
51, 76
51, 76
52, 75
52, 75
64, 83
65, 84
65, 85
65, 86
65, 87
65, 88
66, 88
66, 88
66, 88
62, 82
63, 81
64, 80
65, 79
64, 78
64, 78
65, 77
66, 76
67, 75
67, 75
62, 75
61, 76
61, 75
61, 75
61, 76
61, 75
61, 75
61, 75
65, 77
66, 76
67, 76
68, 76
68, 76
69, 76
69, 76
69, 76
70, 77
70, 77
69, 76
69, 76
59, 71
59, 71
60, 72
61, 73
61, 72
61, 72
62, 73
62, 74
62, 75
62, 76
62, 77
62, 77
65, 75
65, 75
64, 76
63, 77
63, 78
63, 78
62, 79
61, 80
60, 81
59, 82
59, 81
59, 81
59, 81
58, 77
59, 77
60, 77
59, 78
59, 78
60, 77
61, 77
61, 77
61, 77
61, 77
55, 78
55, 79
56, 79
56, 79
57, 80
57, 80
56, 81
56, 80
56, 80
55, 81
55, 82
56, 83
56, 83
56, 83
60, 75
59, 76
58, 77
57, 78
56, 79
55, 80
54, 81
53, 82
53, 82
52, 82
52, 82
52, 82
63, 74
64, 75
65, 76
66, 77
66, 78
65, 77
65, 77
65, 77
64, 76
63, 75
62, 74
61, 73
60, 74
60, 74
61, 74
61, 74
60, 73
59, 72
58, 71
57, 70
57, 70
63, 76
62, 75
61, 74
60, 73
60, 72
60, 71
60, 70
60, 70
60, 70
58, 84
57, 85
57, 86
57, 87
56, 88
56, 88
55, 87
55, 87
56, 87
57, 87
57, 87
57, 87
63, 75
62, 76
61, 77
60, 78
59, 79
59, 79
61, 66
61, 66
60, 67
60, 67
61, 68
62, 69
63, 70
63, 70
58, 73
59, 74
60, 75
61, 74
61, 74
62, 75
63, 76
63, 75
63, 75
64, 76
64, 76
64, 78
64, 78
63, 79
63, 80
63, 81
63, 81
63, 82
63, 83
63, 83
66, 87
66, 87
65, 86
64, 85
63, 84
62, 83
61, 82
60, 81
59, 80
59, 80
64, 69
64, 69
65, 70
65, 69
65, 69
66, 70
65, 71
65, 71
66, 72
65, 73
65, 73
65, 73
62, 76
63, 76
63, 75
63, 75
63, 76
63, 76
63, 76
58, 71
59, 72
60, 73
61, 74
62, 75
63, 76
64, 77
65, 78
66, 79
66, 79
58, 71
59, 72
60, 73
61, 74
62, 75
63, 76
64, 76
65, 76
65, 76
57, 80
56, 79
55, 78
54, 77
53, 76
53, 76
60, 81
60, 81
59, 80
59, 80
60, 81
60, 81
59, 80
58, 79
57, 78
56, 77
56, 76
56, 75
56, 74
56, 74
66, 76
66, 76
67, 77
68, 78
69, 79
70, 80
70, 81
70, 82
70, 83
70, 83
67, 82
66, 83
65, 84
65, 83
65, 83
64, 84
63, 85
62, 86
62, 86
64, 84
65, 84
66, 84
67, 84
68, 84
69, 84
69, 84
69, 84
68, 77
67, 78
68, 77
68, 77
67, 78
66, 79
65, 80
65, 80
58, 82
58, 83
58, 84
58, 84
57, 83
57, 83
58, 84
58, 84
58, 84
58, 84
58, 84
58, 84
53, 81
54, 80
55, 79
56, 78
57, 79
57, 79
58, 78
57, 79
57, 79
57, 79
57, 82
57, 82
56, 83
56, 83
57, 84
58, 85
59, 86
59, 86
53, 76
54, 77
55, 78
56, 79
57, 80
58, 81
59, 82
59, 82
53, 82
52, 83
52, 83
53, 84
54, 85
55, 86
56, 87
56, 87
62, 74
62, 73
62, 72
62, 71
62, 71
62, 71
62, 71
62, 71
62, 71
62, 71
56, 86
55, 85
54, 84
54, 83
54, 82
54, 81
55, 80
55, 80
54, 79
54, 78
54, 78
54, 78
54, 78
58, 80
57, 81
56, 82
55, 83
55, 83
54, 84
54, 85
54, 86
54, 86
55, 85
55, 85
54, 86
54, 86
57, 83
58, 82
59, 81
59, 81
58, 81
58, 81
58, 81
58, 81
58, 81
63, 75
62, 74
61, 73
61, 73
60, 72
60, 71
60, 71
60, 72
60, 72
60, 72
59, 71
58, 70
58, 70
59, 71
59, 72
59, 73
60, 74
60, 74
59, 75
59, 75
63, 77
64, 77
64, 77
64, 77
64, 77
64, 77
64, 77
57, 83
56, 84
57, 84
58, 85
57, 86
56, 86
55, 87
54, 88
54, 88
58, 75
59, 76
58, 77
57, 78
56, 78
56, 78
60, 73
60, 72
61, 71
60, 70
60, 71
61, 71
61, 72
61, 72
64, 81
65, 80
66, 81
65, 82
66, 82
65, 83
64, 84
63, 85
63, 85
59, 80
58, 80
59, 81
60, 81
59, 81
59, 82
60, 83
61, 84
61, 84
55, 77
54, 76
55, 77
54, 76
53, 77
53, 78
52, 78
52, 77
52, 76
52, 76
70, 84
69, 84
69, 85
70, 86
71, 86
71, 86
64, 75
64, 76
64, 75
65, 75
64, 76
63, 77
62, 78
61, 77
61, 77
59, 81
59, 82
58, 83
57, 83
58, 83
59, 82
58, 81
59, 82
59, 82
61, 86
60, 85
61, 84
60, 83
61, 82
60, 83
59, 84
58, 84
58, 84
59, 81
58, 82
57, 83
58, 83
58, 84
59, 84
58, 84
58, 85
58, 85
56, 88
55, 88
54, 87
55, 88
56, 88
56, 88
62, 84
61, 84
62, 85
63, 84
63, 85
62, 85
61, 85
61, 85
58, 79
59, 80
60, 79
59, 79
59, 78
59, 78
58, 85
58, 86
59, 85
58, 85
58, 84
59, 83
59, 83
56, 75
57, 76
57, 77
56, 76
55, 77
55, 77
52, 75
51, 74
50, 73
49, 74
50, 74
51, 73
51, 73
63, 76
62, 77
63, 78
64, 79
63, 80
62, 80
62, 80
68, 83
69, 82
68, 83
69, 84
69, 85
70, 86
69, 85
68, 86
69, 86
69, 86
62, 72
61, 73
62, 73
63, 72
63, 71
64, 70
65, 70
65, 70
64, 72
65, 73
66, 72
65, 71
64, 72
65, 72
64, 71
64, 71
64, 76
63, 77
63, 76
62, 77
63, 78
64, 78
65, 77
64, 76
65, 76
65, 76
53, 85
52, 84
51, 85
52, 85
53, 86
52, 86
53, 86
53, 87
53, 87
67, 80
68, 81
69, 80
70, 79
69, 78
70, 77
69, 76
69, 76
68, 87
68, 86
67, 87
68, 86
69, 85
70, 84
71, 83
71, 82
70, 82
70, 82
60, 77
60, 76
59, 76
58, 75
59, 76
60, 77
59, 78
58, 79
58, 79
55, 87
56, 86
57, 86
58, 85
57, 85
58, 84
57, 85
57, 85
60, 85
60, 86
59, 86
60, 85
60, 84
59, 83
60, 83
60, 84
60, 84
57, 85
57, 84
57, 83
58, 83
57, 83
58, 82
59, 83
59, 83
64, 84
65, 85
66, 86
67, 87
68, 87
69, 88
68, 88
67, 89
67, 89
66, 71
67, 72
67, 71
68, 72
69, 72
70, 72
69, 73
69, 73
55, 89
56, 89
55, 88
56, 89
57, 90
58, 91
58, 91
55, 78
54, 79
54, 80
53, 81
53, 82
52, 82
52, 82
57, 78
58, 78
57, 77
56, 76
57, 76
57, 76
52, 87
51, 87
50, 86
51, 85
51, 84
50, 85
49, 86
49, 86
58, 81
57, 81
56, 82
57, 82
56, 81
55, 82
55, 82
70, 76
70, 75
70, 74
70, 73
69, 73
68, 73
68, 72
67, 72
66, 73
66, 74
66, 74
58, 83
59, 84
60, 85
61, 84
61, 83
60, 84
60, 85
61, 85
62, 86
62, 86
60, 72
59, 73
60, 72
59, 73
59, 74
60, 74
60, 75
60, 75
64, 72
65, 71
65, 72
64, 71
64, 72
63, 73
62, 73
63, 74
64, 75
64, 75
52, 73
51, 73
52, 74
52, 73
52, 74
53, 73
52, 73
53, 72
54, 73
55, 74
55, 74
51, 76
52, 76
51, 75
52, 74
51, 74
50, 73
51, 73
50, 73
51, 73
51, 73
61, 79
62, 79
62, 78
61, 78
62, 79
61, 79
61, 79
62, 77
61, 77
60, 78
59, 79
60, 79
60, 78
61, 79
61, 79
70, 85
71, 85
70, 85
70, 86
71, 85
70, 86
69, 87
69, 87
62, 84
61, 84
60, 85
59, 86
60, 85
60, 84
60, 85
59, 84
59, 84
66, 77
66, 76
65, 77
66, 76
66, 77
66, 77
57, 85
56, 85
57, 86
56, 86
57, 87
57, 87
57, 76
56, 75
55, 74
54, 73
53, 72
53, 72
53, 72
53, 72
52, 71
51, 70
51, 70
52, 72
53, 71
54, 70
55, 69
55, 69
55, 69
55, 68
55, 68
55, 67
55, 66
55, 66
63, 74
62, 73
61, 72
61, 72
60, 71
60, 71
59, 70
59, 70
58, 69
58, 69
54, 81
53, 80
52, 79
51, 78
50, 77
50, 77
59, 83
59, 82
59, 82
59, 82
59, 82
59, 82
59, 82
59, 82
59, 83
58, 82
57, 81
56, 80
55, 79
54, 78
53, 77
52, 76
52, 76
58, 83
57, 82
56, 81
55, 80
54, 79
54, 79
56, 86
55, 85
55, 85
55, 85
54, 84
53, 83
52, 82
51, 81
51, 81
60, 78
60, 78
59, 77
58, 76
57, 75
56, 74
55, 73
54, 72
53, 71
53, 71
53, 71
62, 78
63, 77
64, 76
65, 75
66, 74
67, 73
67, 73
69, 87
69, 87
70, 86
71, 85
72, 84
72, 84
72, 84
51, 81
50, 80
49, 79
48, 78
48, 77
48, 76
48, 76
61, 85
60, 84
59, 83
58, 82
57, 81
56, 80
56, 80
55, 79
54, 78
53, 77
53, 77
65, 73
64, 72
63, 71
62, 70
61, 69
60, 68
59, 67
58, 66
58, 66
50, 85
51, 84
52, 83
53, 82
54, 81
55, 80
56, 79
57, 78
57, 78
57, 78
66, 88
65, 87
64, 86
63, 85
62, 84
62, 84
57, 78
57, 78
57, 78
56, 77
55, 76
54, 75
54, 75
53, 74
53, 74
52, 73
52, 73
59, 74
58, 73
57, 72
56, 71
55, 70
54, 69
54, 69
68, 72
67, 72
66, 72
65, 72
65, 72
64, 72
63, 72
63, 72
63, 72
57, 85
56, 84
55, 83
54, 82
53, 81
53, 81
56, 73
57, 72
58, 71
59, 70
60, 69
61, 68
62, 67
63, 66
64, 65
64, 65
64, 65
69, 83
68, 84
67, 85
67, 85
67, 85
66, 86
66, 86
65, 76
65, 76
64, 75
64, 74
64, 73
64, 72
64, 71
64, 71
64, 70
64, 69
64, 69
57, 90
56, 89
55, 88
54, 87
53, 86
52, 85
52, 85
51, 84
51, 84
53, 71
54, 70
55, 69
55, 69
55, 69
55, 69
56, 68
57, 67
58, 66
58, 66
59, 67
59, 67
60, 67
61, 67
61, 67
62, 67
63, 67
64, 67
65, 67
65, 67
50, 77
50, 77
49, 76
48, 75
48, 74
48, 73
48, 72
48, 71
48, 70
48, 70
53, 77
54, 78
55, 79
55, 79
56, 80
57, 81
57, 81
58, 82
58, 82
58, 82
56, 65
57, 64
58, 63
59, 62
60, 61
61, 60
62, 59
63, 58
64, 58
65, 58
65, 58
65, 85
64, 84
64, 84
64, 84
63, 83
62, 82
61, 81
60, 80
59, 79
59, 79
58, 77
59, 76
60, 75
60, 75
61, 74
62, 73
62, 73
50, 80
49, 79
48, 78
47, 77
46, 76
46, 76
47, 75
47, 75
46, 74
45, 73
44, 72
44, 72
54, 79
53, 78
52, 77
51, 76
50, 75
49, 74
48, 73
47, 72
47, 72
58, 81
57, 80
56, 79
55, 78
54, 77
54, 77
54, 77
54, 77
50, 69
49, 68
49, 68
48, 67
47, 66
46, 65
45, 64
45, 64
54, 80
55, 79
56, 78
57, 77
57, 76
57, 75
57, 74
57, 73
57, 72
57, 72
57, 72
51, 72
50, 71
50, 71
50, 71
49, 70
48, 69
47, 68
47, 68
53, 68
53, 68
52, 67
51, 66
50, 65
49, 64
49, 64
72, 84
71, 83
71, 83
70, 82
69, 81
69, 81
69, 81
63, 64
62, 63
61, 62
60, 61
59, 60
58, 59
58, 59
52, 76
52, 76
51, 75
50, 74
49, 73
49, 73
62, 84
63, 83
63, 83
64, 82
65, 81
65, 81
67, 73
66, 72
65, 71
65, 71
65, 71
65, 71
58, 69
58, 69
58, 69
58, 69
57, 68
56, 67
55, 66
55, 66
50, 83
49, 82
49, 82
49, 82
48, 81
47, 80
47, 80
63, 70
62, 71
62, 71
61, 72
60, 73
59, 74
58, 75
57, 76
56, 77
56, 77
56, 77
62, 71
61, 70
60, 69
60, 69
59, 68
58, 67
57, 66
57, 66
56, 65
56, 65
45, 64
45, 64
46, 65
47, 66
47, 66
48, 67
48, 67
49, 68
50, 69
50, 69
50, 69
58, 78
57, 77
56, 76
56, 76
55, 75
55, 75
55, 78
54, 79
53, 80
52, 81
51, 82
51, 82
56, 65
55, 66
54, 67
53, 68
53, 68
52, 68
52, 68
52, 68
65, 81
64, 82
64, 82
63, 83
62, 84
62, 84
62, 84
48, 67
49, 66
50, 65
51, 64
51, 64
52, 63
52, 63
58, 81
58, 80
58, 79
58, 78
58, 77
58, 76
58, 75
58, 74
58, 74
58, 73
58, 73
47, 75
48, 74
49, 73
50, 72
50, 72
51, 71
52, 70
53, 69
54, 68
54, 68
56, 71
56, 71
55, 70
54, 69
53, 68
53, 68
45, 71
46, 71
47, 71
48, 71
49, 71
49, 71
50, 71
51, 71
51, 71
51, 71
47, 71
46, 72
45, 73
45, 73
45, 74
45, 74
45, 75
45, 76
45, 77
45, 77
68, 80
67, 79
66, 78
65, 77
64, 76
64, 75
64, 74
64, 74
64, 73
64, 73
64, 68
63, 69
62, 70
61, 71
60, 72
59, 73
59, 73
58, 59
57, 60
56, 61
55, 62
55, 62
55, 62
53, 76
52, 75
51, 74
50, 73
49, 72
49, 72
49, 72
64, 58
63, 58
63, 58
62, 58
61, 58
60, 58
59, 58
59, 58
48, 63
48, 61
49, 60
50, 59
50, 58
50, 57
50, 56
50, 55
50, 54
50, 53
50, 52
50, 52
49, 51
48, 50
47, 49
46, 48
45, 47
45, 47
48, 72
47, 71
47, 71
46, 70
45, 69
45, 69
65, 71
64, 70
63, 69
62, 68
61, 67
61, 67
61, 67
46, 79
45, 78
44, 77
43, 76
42, 75
41, 74
40, 73
39, 72
38, 71
37, 70
37, 70
61, 72
60, 71
59, 70
58, 69
58, 69
57, 68
57, 68
57, 65
56, 64
55, 64
54, 64
53, 64
52, 64
51, 64
51, 64
46, 71
46, 71
46, 71
45, 70
44, 69
43, 69
42, 69
42, 69
54, 65
53, 64
52, 63
51, 62
50, 61
49, 60
49, 60
56, 67
55, 66
55, 66
55, 66
54, 65
53, 64
53, 64
58, 72
57, 71
56, 70
56, 70
55, 69
54, 68
54, 68
37, 70
36, 69
36, 69
35, 68
34, 67
34, 66
34, 66
34, 65
34, 65
34, 65
45, 69
45, 69
44, 68
43, 67
43, 67
43, 67
42, 66
41, 65
41, 65
46, 48
47, 49
47, 49
48, 50
49, 51
50, 52
51, 53
51, 53
52, 54
52, 54
52, 70
53, 69
54, 68
55, 67
56, 66
57, 65
57, 65
58, 64
59, 63
60, 62
60, 62
50, 65
49, 66
48, 67
47, 68
47, 68
48, 67
49, 66
50, 65
50, 64
50, 63
50, 62
50, 62
50, 61
50, 60
50, 59
50, 58
50, 57
50, 56
50, 55
50, 55
59, 58
58, 57
57, 56
56, 55
55, 54
55, 54
55, 62
56, 63
57, 64
57, 64
58, 65
58, 65
59, 66
60, 67
61, 68
61, 68
61, 67
62, 68
63, 69
63, 70
63, 71
63, 72
63, 73
63, 74
63, 75
63, 75
48, 59
47, 58
47, 57
47, 56
47, 56
47, 55
47, 55
47, 55
51, 62
50, 61
49, 60
48, 59
47, 58
46, 57
46, 55
47, 54
48, 53
49, 52
50, 51
50, 50
50, 50
50, 50
50, 50
50, 50
50, 50
49, 49
49, 49
53, 69
52, 70
51, 71
51, 71
50, 72
49, 73
48, 74
48, 74
47, 75
47, 75
50, 73
51, 73
52, 73
53, 73
54, 73
54, 73
56, 76
56, 76
57, 77
58, 78
59, 79
60, 80
61, 81
61, 81
44, 76
43, 75
42, 74
41, 73
40, 72
39, 71
38, 70
38, 70
37, 69
37, 69
51, 68
52, 67
53, 66
54, 65
55, 64
56, 63
57, 62
58, 61
59, 60
59, 60
41, 68
40, 67
39, 66
38, 65
37, 64
37, 64
52, 67
51, 66
50, 65
50, 65
50, 65
49, 64
49, 64
49, 64
52, 68
51, 69
50, 70
49, 71
48, 72
47, 73
47, 73
46, 74
45, 75
45, 75
50, 81
50, 81
49, 80
48, 79
47, 78
46, 77
45, 76
44, 75
44, 75
44, 75
57, 72
56, 71
55, 70
54, 69
54, 69
53, 68
52, 67
51, 66
50, 65
50, 65
63, 72
62, 71
61, 70
60, 69
60, 69
60, 69
61, 83
61, 83
61, 82
61, 82
61, 81
61, 81
62, 74
61, 73
60, 72
59, 71
58, 70
57, 69
56, 68
55, 67
54, 66
54, 66
62, 69
63, 70
63, 70
64, 71
65, 72
66, 72
67, 72
68, 72
68, 72
40, 64
40, 64
39, 63
38, 62
37, 61
36, 60
36, 60
36, 60
36, 59
36, 59
36, 59
53, 67
52, 66
52, 66
51, 65
51, 64
51, 63
51, 62
51, 62
49, 66
48, 67
47, 68
47, 68
47, 68
48, 67
49, 66
50, 65
50, 64
49, 65
49, 65
46, 74
47, 73
47, 73
47, 73
48, 72
49, 71
50, 70
51, 69
52, 68
52, 68
59, 61
58, 60
57, 59
56, 58
55, 57
54, 56
54, 56
53, 55
52, 54
52, 54
60, 61
60, 62
60, 63
60, 64
60, 65
60, 66
60, 67
60, 68
60, 69
60, 70
60, 70
55, 54
56, 53
56, 51
55, 50
54, 50
53, 50
52, 50
51, 50
50, 50
50, 50
51, 49
52, 48
53, 47
53, 47
54, 46
55, 45
56, 44
56, 44
60, 69
60, 69
59, 68
58, 67
57, 66
56, 65
55, 64
54, 63
53, 62
53, 62
53, 62
48, 76
49, 77
49, 77
49, 77
50, 78
51, 79
52, 80
52, 80
34, 65
33, 64
32, 63
32, 63
31, 62
30, 61
29, 60
29, 59
29, 59
60, 80
59, 79
58, 78
57, 77
56, 76
56, 76
51, 55
50, 56
49, 57
49, 57
48, 58
48, 58
47, 59
47, 59
54, 73
53, 73
52, 73
51, 73
50, 73
50, 73
50, 73
36, 63
35, 62
34, 61
34, 61
33, 60
32, 59
32, 59
32, 59
47, 54
47, 53
47, 52
47, 52
47, 51
47, 50
47, 50
47, 49
47, 49
48, 63
48, 61
49, 60
50, 59
50, 58
50, 57
50, 56
50, 55
50, 54
50, 53
50, 52
49, 51
48, 50
48, 50
47, 49
46, 49
46, 49
46, 49
48, 48
48, 48
47, 47
46, 46
46, 46
45, 45
45, 45
50, 55
49, 54
48, 53
47, 52
46, 51
45, 50
45, 50
45, 50
60, 80
59, 79
58, 78
58, 78
57, 77
56, 76
55, 75
54, 74
54, 74
53, 73
53, 73
37, 69
38, 68
39, 67
40, 66
41, 65
42, 64
43, 63
43, 63
44, 62
44, 62
45, 74
46, 73
47, 72
48, 71
49, 70
50, 70
50, 70
51, 70
52, 70
52, 70
53, 64
52, 63
51, 62
50, 61
49, 60
48, 59
47, 58
46, 57
46, 57
67, 71
66, 70
65, 70
65, 70
64, 70
64, 70
51, 55
50, 56
49, 57
49, 57
48, 58
48, 58
47, 59
47, 59
48, 58
49, 57
50, 56
50, 55
50, 54
50, 53
49, 54
49, 54
31, 58
30, 57
29, 56
28, 55
28, 54
28, 53
28, 52
28, 51
28, 51
46, 46
47, 47
48, 48
48, 48
49, 49
50, 50
50, 50
49, 65
48, 66
48, 66
47, 67
46, 68
45, 69
45, 69
51, 69
50, 68
49, 67
48, 66
47, 65
47, 65
47, 65
47, 65
55, 77
54, 78
54, 78
53, 79
52, 80
52, 80
52, 81
52, 82
52, 83
52, 84
52, 84
54, 66
54, 66
54, 66
55, 67
55, 67
55, 67
56, 68
57, 69
58, 70
59, 71
59, 71
44, 62
45, 61
47, 59
48, 58
49, 57
50, 56
50, 55
50, 54
51, 53
51, 53
51, 53
52, 52
52, 52
59, 71
59, 71
58, 72
57, 73
56, 73
55, 73
55, 73
55, 73
30, 58
30, 58
31, 57
31, 56
31, 55
31, 55
31, 55
31, 54
31, 53
31, 52
31, 52
49, 72
48, 71
47, 70
47, 68
48, 67
49, 66
50, 65
50, 64
50, 63
50, 62
50, 61
50, 60
50, 59
50, 58
50, 57
50, 56
50, 55
49, 54
48, 53
47, 52
46, 51
46, 51
46, 51
46, 51
47, 52
48, 53
49, 54
50, 55
50, 55
51, 56
52, 57
52, 57
37, 60
38, 61
39, 62
41, 62
42, 61
43, 60
44, 59
45, 58
46, 57
47, 56
48, 55
49, 56
49, 56
50, 57
51, 58
51, 58
53, 67
54, 66
55, 65
56, 64
57, 63
58, 62
58, 62
58, 62
46, 55
47, 54
48, 53
49, 52
50, 51
50, 50
50, 50
50, 50
50, 50
50, 50
50, 50
49, 49
48, 48
47, 47
46, 46
45, 45
44, 44
43, 43
43, 43
50, 62
50, 61
50, 60
50, 59
50, 58
49, 59
48, 60
48, 60
49, 59
50, 58
50, 57
50, 56
50, 55
50, 54
49, 55
49, 55
48, 56
47, 57
47, 58
47, 58
45, 50
45, 50
44, 51
44, 51
43, 52
42, 53
41, 54
40, 55
39, 56
39, 56
55, 43
55, 43
54, 42
53, 41
52, 40
51, 39
50, 38
50, 38
52, 72
51, 71
51, 71
50, 70
49, 69
48, 68
47, 67
46, 66
46, 66
45, 65
45, 65
52, 80
51, 79
50, 78
49, 77
48, 76
48, 76
47, 49
46, 48
45, 47
44, 46
44, 46
45, 47
46, 48
47, 49
48, 50
47, 49
47, 49
47, 59
48, 60
49, 61
50, 62
51, 63
52, 64
53, 65
53, 65
53, 62
53, 62
52, 61
51, 60
50, 59
50, 59
49, 58
49, 58
58, 70
57, 69
56, 68
55, 67
54, 66
54, 66
53, 65
52, 64
51, 64
51, 64
51, 64
48, 57
47, 56
47, 56
46, 55
46, 55
45, 54
45, 54
44, 53
43, 52
43, 52
43, 52
50, 57
49, 56
49, 56
49, 56
48, 55
48, 55
47, 49
46, 48
46, 48
45, 47
44, 46
44, 46
45, 47
46, 48
47, 49
48, 50
49, 50
50, 50
50, 50
50, 50
50, 50
49, 49
48, 48
48, 48
50, 55
51, 56
52, 57
53, 58
54, 59
55, 60
56, 61
57, 62
57, 62
53, 51
54, 50
55, 49
56, 48
57, 47
57, 47
57, 47
56, 48
55, 49
54, 50
53, 50
54, 49
54, 49
53, 50
52, 50
51, 50
50, 50
50, 50
50, 50
50, 50
48, 57
49, 56
50, 55
51, 54
51, 54
51, 54
47, 75
46, 74
45, 73
44, 72
43, 71
42, 70
42, 70
41, 69
41, 69
41, 69
53, 65
53, 65
54, 64
55, 63
56, 62
57, 61
58, 60
58, 60
28, 51
28, 51
29, 50
30, 49
31, 48
32, 47
33, 46
34, 45
35, 44
35, 44
32, 51
33, 50
34, 49
35, 48
36, 47
37, 46
37, 46
59, 63
60, 64
61, 65
62, 66
63, 66
63, 66
64, 66
64, 66
45, 51
45, 51
44, 51
43, 51
42, 51
42, 51
42, 51
51, 83
50, 82
49, 81
48, 80
47, 79
46, 78
46, 78
46, 78
39, 56
40, 57
41, 58
43, 57
44, 56
45, 55
46, 54
47, 53
48, 52
49, 51
50, 50
51, 51
51, 51
52, 52
53, 53
53, 53
54, 54
54, 54
53, 58
53, 58
53, 58
54, 59
55, 60
55, 60
56, 61
57, 62
57, 62
44, 68
44, 68
43, 67
42, 66
42, 66
42, 66
65, 69
66, 68
66, 68
67, 67
67, 66
67, 66
67, 65
66, 63
65, 62
64, 61
63, 60
62, 59
61, 58
60, 57
59, 56
58, 55
57, 54
57, 54
47, 65
46, 64
45, 63
44, 63
44, 63
43, 63
42, 63
42, 63
55, 73
55, 73
56, 74
56, 74
57, 75
58, 76
59, 76
60, 76
60, 76
49, 51
49, 51
48, 52
47, 53
47, 53
47, 53
47, 53
49, 39
49, 40
49, 41
49, 41
49, 42
49, 43
49, 43
42, 42
41, 41
40, 40
39, 39
39, 39
38, 38
38, 38
46, 66
47, 67
48, 68
48, 68
48, 68
49, 69
50, 70
50, 70
42, 52
43, 52
42, 53
42, 52
42, 51
43, 50
42, 51
42, 51
37, 47
36, 48
37, 48
38, 47
37, 47
37, 48
38, 47
39, 48
40, 49
40, 49
51, 53
52, 52
53, 51
54, 51
54, 50
53, 50
52, 50
53, 49
52, 48
52, 48
63, 66
64, 67
64, 68
64, 67
63, 66
64, 67
64, 67
40, 70
41, 70
42, 70
41, 71
42, 70
42, 70
50, 51
51, 52
50, 52
49, 53
48, 52
48, 51
48, 51
47, 79
46, 78
46, 77
46, 78
47, 78
47, 77
47, 77
58, 55
58, 56
58, 55
57, 54
57, 53
58, 53
57, 54
56, 54
55, 53
56, 54
56, 54
59, 75
58, 74
57, 75
56, 75
56, 74
57, 74
57, 74
41, 66
41, 65
42, 66
42, 65
42, 66
43, 67
43, 67
48, 53
47, 53
46, 52
45, 51
44, 51
43, 52
43, 53
44, 52
45, 52
44, 51
44, 51
43, 63
43, 64
42, 65
41, 64
41, 63
40, 62
41, 62
41, 62
59, 61
59, 62
58, 61
57, 62
56, 63
56, 62
55, 62
56, 61
56, 62
56, 62
48, 42
48, 43
48, 42
48, 43
49, 44
50, 44
49, 44
49, 44
57, 63
57, 62
57, 63
56, 64
55, 63
55, 62
55, 62
49, 55
50, 55
50, 54
50, 53
49, 54
50, 54
50, 55
51, 55
51, 55
43, 53
44, 53
45, 52
44, 53
44, 54
44, 53
43, 53
44, 53
44, 54
44, 54
35, 43
36, 44
35, 44
34, 44
34, 45
34, 45
51, 69
50, 68
49, 68
48, 67
47, 68
48, 69
49, 69
50, 70
50, 70
49, 47
49, 46
49, 45
49, 44
48, 43
48, 43
54, 55
54, 54
54, 55
53, 55
53, 56
54, 57
53, 58
53, 59
52, 59
51, 59
51, 59
37, 39
36, 40
36, 39
36, 40
37, 40
37, 39
36, 40
36, 39
36, 39
57, 61
58, 60
59, 61
58, 61
59, 60
58, 60
58, 61
57, 61
56, 62
56, 62
51, 63
52, 64
51, 63
52, 63
51, 62
52, 63
53, 62
54, 61
53, 60
54, 59
54, 59
48, 44
49, 44
48, 45
48, 46
49, 46
48, 47
49, 48
48, 48
47, 48
47, 48
42, 66
42, 67
43, 67
44, 66
43, 67
44, 68
45, 69
45, 69
37, 38
38, 39
39, 39
39, 38
39, 37
38, 36
38, 37
39, 36
40, 36
41, 36
41, 36
53, 58
54, 58
54, 59
54, 60
55, 60
56, 61
57, 60
56, 59
56, 59
42, 52
42, 51
41, 52
42, 52
41, 51
40, 52
40, 51
40, 51
40, 62
41, 61
40, 62
39, 62
40, 61
41, 62
42, 61
41, 62
41, 62
43, 53
42, 53
43, 54
42, 53
43, 53
43, 53
55, 63
56, 63
55, 63
54, 62
55, 61
56, 61
57, 60
58, 60
57, 61
58, 62
58, 62
51, 49
51, 48
51, 47
50, 46
50, 47
50, 47
33, 44
32, 45
33, 46
32, 45
33, 44
34, 43
35, 42
34, 43
33, 43
33, 43
65, 66
66, 67
67, 66
66, 67
67, 67
68, 66
68, 66
43, 51
42, 51
43, 51
44, 51
43, 50
43, 50
48, 77
48, 78
48, 79
47, 80
47, 81
48, 80
47, 81
46, 81
45, 82
45, 82
57, 53
57, 54
57, 55
58, 55
57, 56
57, 56
57, 75
57, 76
56, 76
55, 76
56, 75
55, 75
55, 74
55, 74
41, 69
41, 68
42, 67
43, 66
42, 67
42, 68
41, 68
42, 67
43, 68
43, 69
43, 69
57, 61
57, 60
56, 61
57, 62
58, 63
58, 63
48, 50
49, 50
48, 51
49, 50
50, 51
51, 51
52, 52
53, 53
53, 54
54, 55
54, 55
48, 45
47, 46
46, 45
45, 44
44, 45
45, 44
45, 43
44, 43
45, 43
45, 43
49, 71
50, 72
49, 73
49, 74
48, 75
48, 74
48, 74
50, 59
51, 58
51, 57
52, 56
53, 55
52, 54
52, 54
41, 50
42, 51
43, 51
42, 51
43, 50
42, 51
41, 50
41, 50
52, 55
53, 56
54, 57
54, 58
55, 59
54, 59
54, 59
56, 62
57, 62
58, 63
57, 62
56, 63
55, 63
55, 63
50, 46
51, 47
50, 48
49, 49
50, 49
49, 50
48, 49
47, 48
48, 47
48, 47
44, 68
45, 67
46, 68
47, 67
48, 67
49, 67
49, 68
49, 68
54, 60
54, 59
53, 60
54, 60
54, 59
55, 60
56, 60
57, 59
57, 60
58, 60
58, 60
55, 60
56, 60
57, 60
56, 60
55, 59
56, 59
57, 59
58, 59
59, 60
60, 59
60, 59
34, 44
33, 44
34, 44
33, 45
32, 46
33, 47
33, 47
57, 63
57, 62
58, 61
57, 62
58, 61
57, 60
58, 59
58, 60
58, 60
42, 63
41, 64
40, 64
41, 64
40, 64
40, 65
40, 64
41, 65
41, 65
44, 49
45, 50
44, 49
43, 50
42, 51
43, 50
42, 49
41, 48
42, 49
42, 48
42, 48
49, 75
49, 74
48, 75
49, 74
50, 74
49, 74
48, 73
47, 74
48, 74
47, 75
47, 75
53, 56
52, 56
53, 56
53, 57
53, 56
52, 57
51, 58
51, 58
58, 55
57, 55
58, 55
57, 54
56, 54
55, 53
55, 53
56, 62
55, 63
56, 62
55, 63
55, 62
56, 63
55, 63
55, 63
46, 70
45, 69
45, 70
44, 69
43, 70
42, 71
42, 71
44, 54
43, 53
43, 54
44, 53
45, 53
44, 54
45, 53
46, 53
47, 52
47, 53
47, 53
54, 74
55, 74
54, 73
54, 72
55, 71
54, 72
53, 72
53, 71
52, 72
52, 72
53, 53
53, 52
52, 53
53, 53
53, 54
53, 54
46, 49
45, 48
46, 48
45, 48
46, 48
46, 48
45, 81
44, 80
43, 80
42, 79
41, 78
40, 77
40, 76
39, 75
38, 76
38, 75
38, 75
44, 42
44, 41
43, 41
43, 42
42, 42
43, 41
43, 40
42, 41
43, 42
43, 42
57, 63
58, 63
57, 63
56, 62
55, 62
54, 62
55, 62
54, 61
54, 62
53, 62
53, 62
42, 50
41, 51
42, 50
42, 49
42, 50
41, 51
41, 50
41, 49
40, 48
41, 48
41, 48
42, 36
42, 35
43, 36
42, 37
42, 38
42, 38
67, 65
66, 65
67, 65
66, 66
65, 67
64, 67
64, 66
63, 67
62, 67
62, 67
39, 50
40, 49
41, 48
40, 49
39, 48
38, 49
38, 50
38, 50
42, 49
43, 48
44, 49
43, 49
44, 50
44, 50
37, 76
38, 76
39, 75
39, 74
39, 73
39, 73
54, 63
54, 64
53, 65
54, 64
55, 64
54, 63
54, 63
46, 54
46, 53
46, 54
45, 53
46, 54
47, 55
46, 56
46, 55
47, 55
47, 55
32, 46
32, 47
31, 48
30, 48
31, 49
30, 49
31, 49
31, 49
44, 41
45, 40
46, 40
47, 40
48, 40
48, 41
49, 42
49, 42
52, 62
51, 63
51, 64
52, 63
51, 62
52, 63
53, 62
52, 62
53, 62
54, 62
54, 62
47, 48
48, 47
49, 48
48, 47
48, 46
49, 47
49, 46
49, 46
39, 49
39, 50
38, 50
37, 49
36, 49
35, 49
36, 50
36, 50
52, 59
51, 60
51, 61
52, 61
51, 62
50, 62
51, 61
51, 60
51, 60
58, 61
57, 62
57, 61
56, 61
57, 60
57, 61
57, 62
57, 62
54, 54
55, 53
54, 53
55, 53
54, 54
55, 54
55, 55
54, 54
54, 54
59, 59
58, 59
57, 59
56, 59
57, 60
56, 61
56, 62
56, 63
56, 63
49, 47
50, 47
49, 47
48, 46
49, 47
49, 48
49, 48
52, 55
53, 56
53, 55
52, 56
52, 55
51, 56
51, 55
52, 55
53, 55
53, 55
42, 72
41, 72
41, 73
42, 72
43, 72
42, 72
42, 73
41, 73
42, 72
42, 72
53, 71
52, 70
51, 69
51, 70
52, 71
51, 70
51, 70
61, 67
61, 68
62, 67
61, 66
60, 65
61, 65
60, 66
60, 65
59, 65
60, 66
60, 66
42, 66
41, 67
40, 68
39, 68
38, 67
37, 67
37, 66
37, 67
37, 67
61, 58
61, 59
60, 58
59, 58
59, 59
60, 60
60, 59
60, 60
61, 61
61, 61
43, 38
43, 37
42, 37
41, 37
40, 38
40, 38
48, 69
49, 68
49, 69
50, 69
50, 68
50, 67
50, 68
50, 68
41, 49
40, 50
40, 49
41, 49
42, 49
41, 50
42, 51
42, 50
41, 50
41, 50
46, 75
45, 76
44, 77
45, 76
44, 75
43, 76
44, 76
45, 77
45, 78
46, 78
46, 78
42, 51
42, 50
43, 49
42, 50
41, 50
41, 50
32, 50
33, 49
34, 48
35, 47
34, 48
35, 48
36, 49
35, 50
34, 49
34, 49
41, 72
41, 71
42, 70
43, 70
43, 69
42, 70
41, 70
42, 70
42, 70
52, 61
53, 61
52, 62
52, 61
53, 62
54, 61
53, 62
52, 63
51, 62
51, 61
51, 61
49, 68
48, 68
49, 67
50, 66
49, 67
48, 66
48, 67
48, 67
39, 39
40, 38
41, 38
41, 37
40, 37
40, 36
40, 36
56, 64
55, 65
54, 66
55, 65
54, 64
54, 64
59, 67
60, 68
59, 67
59, 68
60, 69
59, 68
58, 68
57, 67
56, 68
55, 67
55, 67
39, 72
38, 71
37, 71
36, 71
36, 70
36, 69
35, 69
35, 69
46, 56
47, 56
47, 55
48, 55
48, 54
49, 55
50, 55
51, 55
50, 55
50, 55
49, 45
48, 45
48, 46
47, 47
46, 46
47, 47
47, 47
58, 62
57, 62
56, 62
57, 63
57, 64
57, 64
47, 78
46, 77
45, 76
45, 77
44, 77
43, 77
42, 77
43, 76
44, 77
44, 77
52, 55
51, 56
50, 55
49, 55
50, 55
49, 54
49, 54
38, 68
37, 68
36, 69
35, 68
36, 67
37, 66
37, 66
53, 62
53, 61
53, 62
54, 62
54, 61
55, 61
55, 60
55, 61
54, 60
54, 60
37, 49
37, 48
38, 47
37, 46
36, 47
36, 47
51, 71
52, 70
52, 69
53, 69
53, 68
53, 67
52, 68
51, 68
51, 69
51, 69
54, 55
54, 56
53, 55
54, 56
53, 55
54, 54
53, 55
54, 55
55, 56
54, 56
54, 56
50, 41
51, 40
52, 39
52, 38
51, 37
52, 38
53, 39
52, 40
51, 39
50, 39
50, 39
60, 61
61, 61
62, 60
62, 61
61, 62
60, 61
59, 60
59, 60
53, 62
54, 63
53, 63
53, 64
54, 63
54, 63
44, 49
45, 50
44, 49
43, 49
42, 50
41, 51
41, 51
48, 48
47, 47
46, 48
45, 48
44, 47
44, 47
50, 60
51, 61
51, 62
52, 62
52, 61
53, 60
52, 59
52, 59
55, 55
54, 54
53, 54
54, 53
55, 54
55, 53
56, 53
57, 54
58, 53
57, 53
57, 53
56, 63
55, 64
55, 65
54, 65
53, 65
54, 64
54, 65
55, 64
55, 64
42, 51
43, 50
42, 51
41, 50
42, 50
41, 50
40, 51
40, 52
39, 52
39, 52
35, 48
36, 49
35, 48
34, 48
35, 49
36, 50
35, 51
34, 52
35, 53
35, 53
40, 50
39, 51
40, 51
39, 50
38, 49
37, 49
37, 49
58, 59
59, 59
58, 60
57, 59
57, 60
58, 59
59, 59
60, 58
60, 58
41, 70
40, 71
40, 70
39, 71
40, 72
41, 71
42, 70
42, 70
53, 62
52, 61
53, 62
53, 63
52, 64
53, 65
52, 65
51, 64
50, 65
51, 65
51, 65
49, 53
48, 53
49, 52
50, 52
49, 52
49, 52
38, 67
37, 67
36, 66
35, 67
34, 67
34, 67
56, 67
57, 67
56, 68
57, 69
57, 68
56, 68
56, 69
57, 68
57, 68
49, 56
48, 56
47, 57
48, 56
47, 56
46, 56
47, 57
46, 56
46, 56
53, 59
54, 60
55, 60
56, 61
55, 61
55, 60
55, 60
51, 70
52, 69
52, 70
52, 71
53, 70
52, 70
53, 69
52, 68
51, 68
51, 68
49, 39
48, 40
47, 41
47, 40
46, 39
46, 40
46, 39
45, 40
45, 40
34, 48
34, 47
34, 48
33, 49
33, 48
32, 49
33, 50
33, 50
45, 47
45, 46
45, 47
44, 46
45, 45
45, 46
44, 46
44, 46
45, 78
44, 77
43, 78
44, 78
45, 78
45, 78
47, 67
46, 68
45, 69
44, 68
43, 67
42, 67
42, 68
42, 67
42, 67
39, 37
38, 38
39, 39
40, 40
41, 40
41, 39
41, 40
41, 41
42, 40
42, 41
42, 41
48, 46
49, 47
50, 47
49, 46
49, 45
50, 46
51, 45
50, 44
50, 44
34, 70
35, 71
35, 70
36, 71
36, 70
37, 69
37, 68
36, 69
35, 69
36, 68
36, 68
53, 63
52, 63
53, 64
54, 63
54, 64
54, 65
53, 65
52, 66
53, 66
52, 65
52, 65
55, 65
55, 64
55, 63
56, 63
56, 62
56, 63
57, 62
57, 62
43, 67
42, 67
42, 66
42, 67
43, 67
42, 66
41, 67
41, 68
42, 68
42, 68
51, 43
52, 43
52, 44
51, 44
50, 44
50, 45
49, 45
48, 44
47, 44
47, 44
56, 67
56, 66
57, 65
58, 65
57, 64
57, 64
60, 57
60, 58
60, 57
61, 57
61, 56
62, 57
61, 56
60, 57
61, 57
61, 57
51, 65
52, 64
52, 65
51, 66
50, 66
51, 66
50, 66
51, 65
52, 64
52, 64
37, 68
38, 69
38, 70
38, 69
38, 68
39, 67
40, 67
40, 67
49, 53
48, 54
49, 55
48, 54
48, 53
47, 53
46, 54
46, 55
46, 56
46, 57
46, 57
51, 60
52, 61
51, 61
52, 61
53, 62
53, 61
53, 61
56, 61
56, 60
56, 61
55, 61
54, 61
55, 61
56, 60
56, 59
56, 59
35, 67
35, 68
35, 67
36, 66
37, 66
36, 66
36, 65
36, 65
44, 78
45, 77
44, 78
43, 78
44, 77
43, 76
43, 77
43, 77
34, 49
33, 49
34, 48
33, 49
34, 49
33, 48
34, 48
34, 49
34, 50
34, 50
46, 55
45, 54
46, 54
47, 54
46, 54
46, 55
46, 55
38, 48
38, 47
37, 48
38, 49
37, 49
36, 49
36, 49
44, 39
45, 40
44, 39
45, 38
46, 38
45, 39
45, 39
44, 47
44, 48
43, 49
42, 48
41, 47
42, 48
43, 48
44, 49
44, 49
41, 41
42, 40
43, 39
42, 39
43, 38
42, 37
41, 38
40, 39
40, 39
52, 68
51, 69
52, 68
51, 67
52, 66
52, 65
53, 64
54, 65
55, 66
55, 67
55, 67
56, 54
55, 54
56, 53
56, 54
55, 53
56, 53
57, 53
57, 54
56, 53
57, 53
57, 53
36, 54
36, 53
35, 54
36, 55
37, 56
37, 56
43, 70
43, 69
43, 68
42, 67
41, 66
42, 66
42, 65
41, 64
41, 64
40, 51
39, 51
40, 52
41, 53
40, 53
41, 53
42, 54
42, 55
41, 55
41, 55
51, 64
51, 63
52, 63
53, 63
52, 63
53, 62
53, 61
52, 61
52, 61
45, 54
46, 55
47, 55
46, 56
47, 57
47, 58
48, 57
48, 57
40, 56
41, 55
40, 55
39, 54
38, 54
39, 53
38, 53
39, 54
39, 54
41, 67
42, 68
41, 68
40, 69
41, 68
42, 67
42, 66
43, 67
43, 67
38, 55
39, 54
39, 53
38, 54
39, 54
39, 54
44, 78
45, 78
44, 77
45, 78
44, 77
45, 76
44, 75
45, 75
45, 74
44, 74
44, 74
57, 63
57, 62
57, 61
56, 62
56, 61
56, 61
44, 50
43, 51
44, 52
43, 52
42, 51
43, 50
42, 50
42, 51
41, 50
40, 50
40, 50
53, 64
54, 65
54, 66
55, 67
54, 67
53, 67
53, 68
54, 69
54, 68
55, 67
55, 67
35, 48
35, 49
35, 48
35, 49
36, 49
36, 49
46, 56
46, 55
46, 56
47, 57
48, 58
49, 58
48, 59
49, 60
50, 59
51, 58
51, 58
58, 61
57, 60
57, 61
58, 61
59, 61
59, 61
53, 61
54, 62
54, 63
55, 64
56, 64
55, 65
56, 65
57, 66
57, 66
34, 51
33, 52
34, 52
34, 51
33, 51
34, 50
35, 51
35, 51
35, 65
35, 66
34, 66
33, 65
33, 64
34, 64
35, 65
36, 64
36, 65
36, 65
58, 54
57, 53
58, 54
58, 55
57, 54
56, 53
56, 54
56, 55
55, 55
55, 55
60, 57
59, 57
58, 57
57, 58
58, 59
58, 60
59, 59
58, 60
59, 60
59, 60
39, 38
40, 38
41, 38
41, 37
41, 38
42, 37
43, 37
44, 37
44, 37
48, 44
48, 43
49, 42
50, 41
50, 42
51, 41
52, 41
52, 42
52, 42
54, 60
53, 60
54, 59
54, 60
55, 61
56, 62
55, 62
55, 63
55, 64
54, 65
54, 65
54, 68
54, 69
54, 70
53, 71
52, 71
52, 71
40, 65
41, 65
40, 66
39, 66
38, 67
37, 66
36, 65
36, 65
55, 60
55, 61
56, 60
57, 59
58, 60
57, 61
58, 61
58, 61
44, 38
43, 38
42, 37
43, 36
44, 37
44, 37
43, 67
44, 67
45, 67
44, 67
45, 66
44, 65
44, 64
43, 63
43, 63
36, 51
35, 52
34, 53
35, 54
34, 54
34, 55
35, 55
36, 56
37, 55
38, 56
38, 56
35, 64
36, 64
37, 64
38, 65
37, 65
37, 65
60, 61
61, 62
60, 62
59, 62
60, 62
61, 61
62, 61
61, 62
60, 63
61, 62
61, 62
54, 67
53, 68
54, 67
54, 68
55, 68
54, 67
54, 67
53, 42
52, 42
53, 41
54, 40
53, 41
52, 41
51, 40
52, 41
52, 41
57, 62
57, 61
58, 60
57, 61
56, 61
55, 60
55, 61
55, 60
55, 60
40, 53
41, 53
41, 52
41, 51
41, 52
41, 53
40, 52
41, 51
41, 51
43, 36
42, 37
43, 37
42, 38
42, 37
42, 37
47, 57
46, 57
47, 58
47, 59
48, 59
48, 59
36, 64
35, 65
34, 66
33, 66
34, 66
35, 67
34, 66
33, 67
33, 66
33, 66
53, 71
52, 70
51, 70
51, 71
52, 70
53, 70
52, 69
53, 70
54, 69
55, 70
55, 70
57, 61
58, 60
59, 59
58, 59
59, 60
60, 60
59, 61
59, 60
59, 60
38, 54
38, 55
37, 55
37, 56
36, 56
35, 56
34, 55
34, 54
35, 54
35, 53
35, 53
56, 54
57, 55
56, 56
56, 55
56, 56
56, 55
56, 55
56, 66
56, 65
57, 66
56, 67
55, 66
56, 65
56, 64
57, 65
56, 65
56, 65
43, 66
43, 67
42, 68
41, 68
41, 69
40, 69
39, 68
39, 67
38, 68
38, 68
43, 38
44, 39
43, 40
44, 40
43, 39
44, 40
43, 40
44, 41
45, 40
45, 40
39, 50
40, 51
41, 52
40, 52
41, 51
42, 52
41, 53
41, 53
60, 62
59, 63
60, 64
61, 65
62, 65
61, 65
61, 66
60, 66
60, 65
59, 64
59, 64
36, 50
37, 49
36, 49
35, 48
34, 47
33, 47
32, 46
32, 46
53, 65
52, 64
53, 65
53, 64
53, 63
52, 62
52, 63
52, 64
51, 64
51, 65
51, 65
44, 64
45, 64
44, 63
43, 64
44, 63
45, 62
46, 62
46, 62
50, 57
51, 57
50, 58
49, 59
48, 59
49, 59
50, 60
49, 60
50, 59
51, 59
51, 59
45, 74
44, 73
45, 73
46, 74
47, 75
47, 76
48, 75
48, 75
40, 50
39, 50
39, 49
38, 48
39, 47
38, 46
38, 47
38, 46
39, 47
39, 47
46, 40
46, 41
46, 42
47, 42
47, 43
47, 42
48, 43
48, 43
37, 64
38, 64
37, 65
36, 64
35, 65
36, 66
35, 66
36, 66
36, 66
34, 52
33, 53
33, 52
33, 53
33, 52
34, 53
34, 53
42, 53
43, 53
43, 52
44, 52
43, 51
43, 51
55, 71
56, 72
57, 73
56, 73
56, 72
57, 73
57, 72
58, 71
59, 70
60, 71
60, 71
62, 62
63, 63
63, 64
64, 64
64, 63
65, 64
66, 63
65, 63
65, 63
37, 56
36, 55
37, 56
37, 55
36, 54
37, 54
38, 55
39, 54
38, 54
37, 54
37, 54
33, 47
33, 48
34, 48
33, 49
32, 49
32, 48
32, 49
31, 48
31, 48
46, 63
47, 63
46, 64
47, 64
48, 65
47, 65
48, 64
47, 63
46, 63
46, 62
46, 62
32, 65
33, 66
33, 65
34, 66
35, 65
34, 64
34, 63
33, 62
34, 62
34, 62
51, 66
50, 65
50, 66
49, 65
48, 64
49, 64
48, 64
48, 65
49, 64
49, 65
49, 65
43, 36
44, 35
45, 36
45, 37
44, 36
45, 35
45, 34
45, 34
52, 40
51, 41
50, 40
49, 39
48, 40
48, 40
59, 63
58, 63
58, 64
58, 65
59, 66
58, 66
58, 66
58, 60
58, 61
58, 62
59, 62
58, 63
58, 64
58, 65
58, 66
58, 66
48, 74
48, 75
48, 76
47, 75
46, 75
46, 75
55, 54
55, 55
54, 55
55, 56
55, 55
56, 56
55, 56
54, 56
54, 56
54, 68
55, 68
56, 67
57, 67
58, 68
58, 69
57, 69
57, 69
49, 59
48, 59
48, 60
48, 59
49, 59
48, 58
48, 58
56, 60
55, 60
56, 59
55, 58
56, 57
56, 57
37, 67
38, 66
37, 67
37, 66
36, 65
37, 64
36, 63
37, 62
37, 63
36, 63
36, 63
55, 66
56, 67
56, 66
56, 67
55, 68
56, 69
56, 70
57, 69
58, 69
59, 68
59, 68
52, 59
53, 60
52, 60
53, 61
52, 62
51, 61
51, 62
51, 61
52, 61
52, 61
30, 47
29, 47
30, 47
29, 48
29, 47
30, 48
30, 49
29, 49
30, 50
30, 50
36, 62
35, 61
34, 62
33, 63
32, 62
32, 62
58, 68
58, 69
57, 68
57, 67
56, 67
55, 68
56, 68
57, 67
58, 67
58, 67
48, 66
47, 67
46, 67
47, 67
46, 68
45, 69
44, 70
43, 71
43, 70
43, 71
43, 71
37, 53
37, 54
38, 54
37, 55
38, 56
37, 56
37, 56
59, 66
60, 66
61, 65
62, 64
61, 63
60, 63
61, 63
62, 62
62, 62
42, 52
42, 53
43, 53
43, 54
44, 53
45, 53
46, 52
46, 52
59, 67
59, 68
60, 68
60, 69
59, 68
60, 69
60, 69
45, 61
45, 62
46, 62
47, 63
48, 63
47, 64
47, 64
45, 75
46, 76
45, 76
44, 76
43, 76
44, 75
43, 75
42, 75
42, 75
40, 47
41, 47
41, 48
42, 48
41, 49
40, 49
41, 49
41, 49
57, 66
56, 65
57, 66
56, 65
55, 66
56, 67
56, 66
57, 65
57, 65
46, 33
45, 32
45, 31
44, 31
45, 31
45, 31
49, 44
50, 45
49, 46
48, 45
48, 46
48, 45
47, 45
47, 45
37, 65
37, 66
37, 67
36, 66
35, 66
34, 66
35, 65
36, 66
37, 66
37, 66
48, 41
47, 41
46, 41
46, 40
45, 40
45, 40
55, 56
56, 56
56, 57
57, 58
57, 59
58, 59
59, 58
58, 57
58, 56
57, 57
57, 57
61, 72
60, 72
60, 73
59, 74
60, 74
60, 74
33, 63
32, 62
31, 62
30, 62
31, 61
30, 62
30, 61
31, 60
30, 60
29, 61
29, 61
48, 57
49, 58
49, 57
48, 56
48, 55
48, 56
48, 56
35, 53
35, 52
34, 51
34, 52
35, 53
36, 54
36, 53
36, 52
37, 53
37, 52
37, 52
54, 55
55, 55
55, 54
56, 55
55, 54
55, 53
56, 53
57, 53
58, 54
57, 54
57, 54
66, 62
66, 63
65, 62
66, 61
66, 62
66, 63
65, 63
64, 62
64, 62
51, 60
51, 61
50, 62
50, 61
50, 60
50, 60
33, 63
34, 63
34, 64
35, 63
35, 64
35, 65
35, 66
35, 67
35, 67
56, 66
57, 65
56, 65
56, 64
57, 63
58, 63
59, 62
59, 63
58, 63
57, 63
57, 63
38, 66
38, 65
38, 66
39, 65
38, 64
37, 65
37, 64
37, 65
36, 65
35, 64
35, 64
48, 65
47, 64
46, 64
45, 64
45, 63
46, 64
46, 64
40, 48
39, 47
38, 46
39, 47
40, 47
39, 48
40, 49
39, 50
38, 49
38, 48
38, 48
43, 72
42, 71
43, 71
42, 70
42, 71
42, 70
42, 69
42, 69
46, 31
45, 31
46, 30
45, 31
46, 32
46, 31
46, 32
46, 31
46, 32
47, 31
47, 31
38, 52
37, 53
38, 53
37, 52
37, 53
37, 53
56, 57
56, 58
57, 59
56, 59
56, 58
55, 59
55, 58
55, 58
29, 50
30, 49
30, 48
30, 47
29, 48
30, 49
30, 48
30, 48
56, 55
57, 55
57, 54
57, 53
58, 53
57, 53
58, 54
57, 54
56, 53
56, 53
49, 57
50, 58
51, 57
51, 56
52, 55
51, 56
51, 55
51, 55
61, 62
61, 63
62, 62
63, 63
64, 62
65, 61
64, 61
63, 61
63, 62
63, 63
63, 63
57, 68
57, 67
58, 68
58, 67
59, 68
58, 67
57, 66
57, 66
29, 60
28, 60
27, 61
26, 62
26, 63
27, 63
28, 64
28, 63
28, 64
29, 65
29, 65
59, 75
58, 76
59, 75
58, 76
58, 77
59, 78
58, 77
58, 77
42, 74
41, 74
40, 75
40, 74
41, 74
42, 75
42, 74
41, 74
41, 74
61, 70
62, 70
63, 71
63, 70
64, 71
65, 70
65, 70
45, 51
46, 51
47, 51
46, 50
47, 49
48, 49
47, 50
47, 50
64, 61
65, 61
66, 60
67, 59
66, 60
67, 59
67, 59
48, 45
47, 44
46, 45
46, 44
47, 44
46, 43
46, 43
51, 61
51, 60
52, 61
51, 61
52, 61
51, 62
51, 62
37, 55
38, 54
37, 54
36, 54
36, 53
37, 52
37, 53
36, 54
36, 53
36, 53
46, 39
46, 38
45, 38
44, 39
44, 38
44, 39
44, 40
45, 40
45, 39
46, 40
46, 40
40, 73
41, 73
42, 73
43, 74
42, 73
41, 73
41, 73
62, 62
61, 62
61, 61
61, 60
62, 60
63, 59
62, 60
61, 61
62, 60
63, 60
63, 60
66, 69
65, 70
65, 69
66, 70
65, 71
65, 71
51, 54
51, 53
51, 52
50, 53
50, 52
51, 51
51, 51
46, 63
46, 62
47, 63
46, 62
45, 62
45, 61
46, 62
46, 62
57, 67
58, 67
57, 67
56, 67
55, 68
54, 68
54, 68
37, 52
36, 53
36, 52
35, 52
36, 52
36, 52
35, 66
35, 67
36, 67
36, 66
36, 67
36, 66
36, 67
36, 67
48, 30
47, 31
48, 30
49, 29
48, 28
49, 27
49, 27
35, 63
35, 62
36, 61
35, 62
34, 63
33, 62
32, 61
33, 61
32, 60
32, 61
32, 61
28, 66
28, 67
29, 66
28, 66
27, 67
27, 66
27, 65
27, 66
27, 66
58, 64
59, 64
58, 63
57, 64
57, 63
57, 62
57, 62
51, 61
50, 61
50, 62
51, 63
51, 62
52, 63
53, 62
53, 62
39, 48
39, 47
40, 47
39, 47
40, 47
41, 47
40, 47
40, 48
41, 48
42, 49
42, 49
41, 68
40, 69
41, 69
42, 70
42, 71
42, 71
46, 44
47, 45
47, 46
46, 47
45, 48
46, 48
46, 47
46, 48
46, 48
54, 59
53, 60
53, 59
54, 59
54, 60
54, 60
30, 49
31, 50
32, 49
32, 48
31, 48
31, 49
32, 49
32, 49
36, 52
37, 53
37, 54
36, 54
35, 54
34, 55
33, 54
34, 54
35, 54
35, 54
48, 50
47, 50
47, 51
47, 50
46, 49
47, 48
47, 48
59, 77
60, 76
60, 77
61, 76
61, 75
61, 76
60, 75
60, 75
57, 53
58, 53
57, 54
56, 54
57, 54
57, 54
46, 39
47, 38
48, 37
47, 36
48, 37
47, 37
48, 37
48, 36
48, 36
66, 58
66, 57
67, 57
68, 58
69, 58
69, 59
69, 58
70, 58
69, 58
69, 59
69, 59
59, 74
59, 74
60, 75
59, 75
59, 75
60, 76
61, 77
62, 78
63, 79
64, 80
65, 81
66, 82
66, 82
31, 62
31, 62
32, 63
33, 64
34, 65
35, 66
36, 67
36, 67
36, 67
37, 53
38, 54
39, 55
40, 56
41, 57
43, 59
44, 60
45, 61
46, 62
47, 63
47, 63
37, 68
38, 69
39, 70
40, 71
40, 70
40, 70
41, 71
41, 72
41, 72
41, 72
51, 29
52, 30
53, 31
54, 32
55, 33
56, 34
57, 35
58, 36
59, 37
60, 36
60, 36
60, 36
33, 50
34, 51
35, 52
35, 53
35, 53
36, 54
37, 55
38, 56
38, 56
42, 74
43, 75
44, 76
45, 77
45, 77
46, 76
47, 77
47, 77
48, 76
49, 76
50, 76
50, 76
58, 55
60, 57
61, 58
62, 59
63, 60
64, 61
65, 62
65, 63
65, 64
66, 65
66, 65
65, 65
65, 65
65, 66
65, 67
65, 68
65, 69
65, 69
43, 72
44, 71
44, 71
45, 72
46, 73
47, 74
48, 75
48, 74
48, 74
49, 75
50, 76
50, 76
53, 69
53, 69
54, 70
55, 71
55, 72
55, 72
56, 73
57, 74
57, 74
47, 49
48, 50
49, 51
50, 52
51, 52
51, 52
52, 53
53, 54
54, 53
54, 53
54, 54
54, 54
49, 37
50, 38
51, 39
52, 40
53, 41
54, 42
55, 43
56, 44
57, 45
59, 47
60, 48
61, 49
62, 50
63, 51
63, 51
55, 61
56, 62
56, 63
56, 64
56, 65
56, 66
56, 67
55, 67
55, 67
55, 67
54, 63
55, 64
56, 65
57, 66
57, 67
57, 67
58, 68
59, 69
60, 70
61, 71
62, 72
62, 72
27, 65
27, 65
28, 66
29, 65
29, 65
30, 66
31, 67
32, 68
33, 69
33, 69
47, 63
48, 64
49, 65
50, 66
51, 67
51, 67
52, 52
53, 53
54, 54
55, 55
56, 56
56, 56
48, 48
48, 48
49, 47
49, 47
50, 48
51, 49
52, 50
52, 50
53, 49
53, 49
54, 50
56, 52
57, 53
58, 54
59, 55
60, 56
61, 57
62, 58
63, 59
64, 60
64, 60
62, 61
61, 62
60, 63
59, 64
59, 65
59, 65
43, 50
44, 51
45, 52
46, 53
47, 54
47, 54
48, 53
48, 53
48, 53
57, 63
57, 64
57, 65
57, 66
57, 67
57, 68
56, 69
56, 69
56, 70
56, 70
57, 71
57, 72
57, 72
70, 60
70, 60
69, 61
68, 62
66, 64
65, 65
64, 66
63, 67
62, 68
61, 69
60, 70
59, 71
58, 72
57, 73
56, 74
55, 74
55, 74
55, 74
64, 72
63, 73
62, 74
61, 75
62, 76
62, 76
61, 77
61, 77
36, 55
36, 55
37, 56
38, 57
39, 58
40, 59
41, 60
42, 61
44, 63
45, 64
46, 65
47, 66
48, 67
49, 68
49, 68
34, 70
35, 71
36, 72
37, 73
36, 72
36, 72
36, 72
37, 68
38, 69
39, 70
40, 71
41, 72
41, 72
65, 70
65, 70
64, 70
63, 70
62, 70
62, 70
63, 70
63, 70
63, 70
55, 75
55, 75
56, 74
57, 74
58, 74
59, 74
60, 74
61, 74
61, 74
61, 74
51, 77
51, 77
52, 78
53, 79
53, 79
54, 80
55, 81
56, 82
56, 82
52, 68
53, 69
54, 70
54, 71
54, 71
55, 72
54, 71
54, 71
55, 72
55, 72
64, 61
64, 62
64, 63
64, 64
64, 65
64, 66
64, 67
64, 68
64, 69
64, 69
49, 54
50, 55
51, 56
52, 57
53, 58
54, 59
55, 60
55, 60
65, 81
64, 80
63, 79
62, 78
61, 78
60, 78
59, 78
59, 77
59, 77
58, 78
58, 78
53, 55
52, 56
51, 57
50, 58
50, 59
51, 60
51, 60
51, 60
48, 64
49, 65
50, 66
51, 67
50, 66
50, 66
51, 67
52, 68
52, 68
65, 53
66, 54
67, 55
68, 56
69, 57
69, 58
69, 59
69, 60
69, 61
69, 62
69, 64
69, 65
69, 66
69, 67
69, 68
69, 69
69, 70
69, 71
69, 72
69, 73
69, 73
58, 72
58, 72
58, 71
58, 71
59, 71
59, 71
58, 72
57, 73
56, 74
55, 74
55, 74
60, 66
61, 67
62, 68
63, 69
64, 70
65, 71
66, 72
66, 72
56, 66
56, 66
57, 67
56, 68
56, 68
57, 69
58, 70
58, 71
58, 71
59, 72
58, 72
58, 72
58, 72
50, 69
51, 70
52, 71
53, 72
54, 73
55, 74
56, 75
56, 76
56, 77
56, 78
56, 78
51, 77
52, 78
53, 79
54, 80
55, 81
56, 81
57, 81
58, 81
59, 82
59, 82
60, 81
60, 81
58, 75
59, 76
60, 77
59, 78
59, 78
60, 79
61, 80
62, 81
63, 82
63, 83
63, 83
62, 78
62, 78
61, 79
62, 79
62, 79
61, 80
60, 81
59, 82
58, 82
57, 82
56, 82
55, 82
55, 82
39, 57
40, 58
41, 59
42, 60
41, 59
41, 59
42, 60
42, 60
61, 37
62, 36
62, 36
63, 37
64, 38
66, 40
66, 41
66, 42
66, 43
66, 44
66, 45
66, 46
66, 47
66, 48
66, 49
66, 51
66, 52
66, 53
66, 54
66, 55
66, 56
66, 57
66, 58
66, 59
66, 58
66, 58
65, 59
65, 59
66, 60
66, 60
57, 56
57, 56
58, 57
59, 58
59, 59
58, 58
58, 58
58, 58
42, 73
43, 74
44, 75
45, 76
46, 77
47, 78
48, 79
49, 80
50, 81
51, 82
51, 82
63, 73
64, 74
64, 75
64, 76
63, 75
63, 75
64, 76
64, 77
64, 78
64, 78
68, 74
67, 75
66, 76
65, 76
65, 76
64, 77
63, 78
62, 79
61, 80
60, 81
59, 82
59, 82
65, 70
66, 71
67, 72
66, 73
66, 73
67, 74
67, 73
67, 73
67, 73
57, 58
57, 58
58, 59
58, 60
58, 60
59, 61
60, 62
59, 62
59, 62
60, 62
60, 62
61, 63
61, 63
55, 81
55, 81
56, 82
57, 83
58, 83
59, 83
59, 83
65, 77
64, 77
64, 77
63, 77
63, 77
64, 76
65, 76
66, 76
67, 76
68, 76
69, 76
69, 76
69, 76
42, 61
42, 61
41, 60
41, 60
42, 61
41, 61
41, 61
42, 61
42, 61
44, 63
45, 64
46, 65
47, 66
48, 67
49, 68
48, 67
48, 67
49, 68
50, 69
51, 70
51, 70
42, 73
43, 74
44, 75
45, 76
46, 77
46, 77
50, 59
50, 59
51, 60
52, 61
53, 62
54, 63
55, 64
56, 65
57, 66
58, 67
59, 68
59, 68
53, 69
54, 70
55, 71
56, 71
57, 71
58, 71
58, 71
64, 83
64, 83
65, 82
65, 82
64, 83
63, 84
62, 85
63, 84
63, 84
62, 85
61, 86
60, 87
60, 87
59, 73
60, 74
61, 74
62, 74
63, 74
64, 74
65, 74
66, 74
67, 74
67, 74
37, 73
38, 74
38, 73
38, 73
39, 74
40, 75
41, 75
40, 74
40, 74
41, 75
42, 75
43, 75
43, 75
55, 81
54, 82
54, 82
55, 82
55, 82
55, 81
56, 80
56, 80
55, 79
55, 78
55, 78
59, 82
59, 82
60, 81
61, 81
62, 81
62, 81
62, 81
59, 77
60, 76
61, 75
62, 74
63, 73
63, 73
54, 61
53, 62
53, 63
54, 63
54, 63
53, 64
53, 65
53, 66
53, 67
53, 67
53, 68
53, 69
53, 69
67, 61
68, 62
69, 64
69, 65
69, 66
69, 67
69, 68
69, 69
69, 70
69, 71
70, 70
70, 70
69, 71
69, 71
56, 72
56, 72
55, 73
54, 74
53, 75
54, 75
54, 75
54, 74
54, 74
53, 75
52, 76
52, 76
57, 79
58, 80
59, 81
60, 82
61, 83
62, 84
63, 85
64, 86
65, 87
66, 88
66, 88
62, 71
61, 71
61, 71
60, 72
59, 72
58, 72
59, 71
59, 71
59, 71
62, 75
61, 74
61, 74
62, 75
63, 75
63, 75
63, 75
63, 75
54, 73
53, 72
52, 71
52, 71
53, 70
53, 70
53, 71
53, 71
67, 73
68, 74
69, 75
69, 76
69, 76
69, 76
69, 75
69, 75
69, 76
69, 76
52, 83
53, 84
54, 85
55, 86
56, 87
56, 87
62, 74
62, 74
61, 75
60, 76
59, 77
58, 78
57, 79
57, 79
60, 71
61, 71
62, 71
62, 71
62, 71
62, 71
62, 71
62, 71
62, 71
62, 71
52, 71
53, 71
54, 71
55, 71
56, 71
55, 72
55, 72
55, 72
69, 70
69, 70
68, 71
67, 72
66, 73
65, 74
64, 75
63, 76
63, 76
62, 64
62, 63
62, 63
63, 64
64, 65
65, 66
66, 67
67, 68
68, 69
68, 69
68, 73
68, 73
68, 73
68, 72
68, 72
67, 72
67, 72
68, 73
69, 74
69, 74
69, 75
69, 75
69, 75
60, 82
61, 81
62, 80
62, 81
62, 81
63, 80
63, 79
63, 79
63, 79
42, 74
42, 74
43, 75
44, 76
45, 75
45, 75
46, 76
47, 77
48, 78
48, 78
54, 72
55, 73
56, 74
56, 75
56, 76
55, 76
55, 76
55, 76
47, 78
48, 79
49, 80
50, 80
50, 80
50, 80
50, 80
50, 80
50, 80
50, 80
50, 80
54, 69
54, 69
54, 70
54, 71
54, 72
54, 73
54, 74
54, 75
54, 76
54, 76
68, 77
69, 76
69, 76
68, 77
67, 78
68, 79
68, 79
67, 78
67, 78
66, 79
67, 78
67, 78
66, 79
66, 79
68, 77
67, 77
66, 77
65, 77
64, 77
64, 77
66, 89
66, 89
66, 88
67, 89
67, 89
66, 88
66, 87
65, 87
65, 87
66, 87
66, 87
53, 77
54, 78
55, 79
56, 79
57, 79
58, 79
59, 79
60, 79
61, 78
61, 78
61, 78
58, 83
57, 84
56, 85
55, 86
55, 86
54, 85
54, 85
55, 86
55, 86
55, 86
62, 74
61, 75
60, 76
59, 77
58, 78
58, 78
59, 86
58, 86
58, 86
57, 85
56, 84
57, 83
57, 83
58, 83
58, 83
58, 83
59, 72
60, 73
61, 74
62, 75
63, 76
63, 76
56, 78
56, 79
56, 79
57, 79
57, 79
58, 78
59, 78
60, 78
59, 78
59, 78
59, 78
55, 86
55, 85
54, 85
54, 85
55, 84
55, 85
55, 85
55, 84
55, 84
60, 69
60, 68
60, 68
61, 69
62, 68
62, 68
63, 69
64, 70
64, 70
61, 81
61, 81
62, 80
63, 79
64, 78
63, 78
63, 78
64, 77
65, 77
65, 77
66, 74
65, 75
64, 75
64, 75
64, 75
64, 75
64, 75
64, 75
64, 75
64, 75
62, 77
61, 78
60, 79
61, 79
61, 79
60, 80
60, 80
60, 81
59, 80
59, 80
60, 81
60, 82
59, 81
59, 81
59, 81
67, 70
66, 71
67, 71
67, 71
67, 72
67, 72
66, 73
65, 74
65, 75
65, 76
65, 77
65, 77
65, 77
63, 78
62, 78
61, 78
60, 78
59, 79
59, 79
58, 78
57, 78
57, 79
57, 79
57, 79
56, 87
57, 88
58, 89
59, 89
60, 88
60, 88
61, 89
62, 89
63, 89
63, 89
63, 76
62, 76
62, 76
62, 76
62, 76
62, 76
62, 76
62, 76
64, 78
63, 79
64, 78
64, 78
63, 79
62, 79
62, 79
62, 80
63, 79
63, 79
62, 79
62, 79
62, 79
64, 79
65, 79
66, 79
67, 79
67, 79
68, 79
68, 79
68, 76
67, 77
66, 78
65, 77
65, 77
64, 78
64, 78
64, 78
64, 78
64, 78
64, 78
64, 78
59, 82
59, 82
58, 83
57, 84
56, 84
55, 84
56, 85
56, 85
55, 84
55, 84
63, 71
62, 72
61, 73
60, 74
59, 75
58, 76
57, 77
56, 76
56, 76
56, 76
54, 83
54, 82
53, 83
53, 83
53, 82
53, 82
52, 82
52, 82
53, 81
54, 81
54, 81
54, 81
59, 79
59, 79
60, 78
61, 77
62, 76
63, 75
64, 74
64, 74
57, 88
57, 88
58, 87
59, 86
60, 85
61, 84
61, 84
56, 77
57, 78
58, 79
58, 80
58, 80
59, 79
59, 79
60, 78
59, 78
58, 78
57, 78
57, 79
57, 79
56, 78
55, 78
54, 78
53, 78
52, 78
52, 78
56, 80
55, 81
54, 82
53, 83
53, 84
53, 85
53, 86
54, 86
54, 86
54, 86
65, 86
65, 86
64, 85
63, 84
64, 85
64, 85
63, 84
63, 84
64, 77
65, 78
66, 79
67, 80
67, 81
67, 82
67, 82
67, 82
49, 77
50, 76
51, 76
52, 76
53, 76
54, 76
55, 76
55, 76
56, 76
56, 76
65, 78
64, 77
63, 76
62, 75
61, 74
60, 73
59, 72
58, 71
58, 71
54, 73
53, 74
52, 75
52, 76
52, 77
52, 78
52, 79
52, 80
52, 80
61, 72
62, 71
62, 71
62, 72
62, 72
61, 73
60, 74
59, 75
58, 76
57, 77
56, 78
56, 78
51, 80
51, 80
52, 81
52, 81
53, 82
54, 83
55, 84
55, 83
55, 83
55, 83
59, 77
60, 78
60, 78
61, 77
62, 76
63, 76
63, 76
53, 77
52, 78
51, 79
50, 80
50, 81
50, 82
50, 83
51, 83
51, 83
50, 84
50, 84
63, 77
64, 77
64, 77
65, 78
66, 79
65, 80
65, 80
66, 81
67, 82
68, 83
68, 83
68, 83
68, 83
68, 83
69, 83
69, 83
68, 83
67, 82
67, 82
68, 83
68, 83
68, 83
68, 83
69, 84
69, 84
69, 84
63, 75
62, 76
61, 77
60, 77
59, 77
58, 77
57, 77
56, 77
56, 77
58, 78
57, 77
57, 77
56, 76
56, 76
57, 75
58, 75
59, 75
60, 75
61, 75
61, 75
62, 83
62, 83
62, 83
62, 83
62, 83
62, 83
63, 83
63, 83
63, 83
60, 80
61, 79
62, 78
63, 77
62, 76
62, 76
63, 75
64, 74
65, 73
66, 72
66, 71
66, 71
66, 71
53, 81
54, 82
54, 81
54, 81
55, 82
56, 83
56, 84
56, 85
56, 85
67, 78
66, 77
66, 76
67, 76
67, 76
67, 77
67, 77
68, 77
68, 77
67, 76
66, 76
66, 76
66, 76
66, 76
59, 78
59, 78
60, 77
61, 76
62, 76
63, 76
64, 76
65, 77
65, 77
65, 76
65, 76
60, 84
60, 84
61, 85
62, 85
63, 85
64, 85
64, 85
64, 85
63, 84
63, 84
62, 84
62, 84
62, 84
53, 87
54, 88
54, 88
53, 89
51, 90
50, 90
50, 90
50, 90
50, 90
50, 90
50, 90
50, 90
50, 90
50, 90
50, 90
50, 90
50, 90
50, 90
50, 90
50, 90
50, 90
49, 89
49, 89
50, 90
50, 90
50, 90
50, 90
50, 90
50, 90
50, 90
50, 90
50, 90
50, 90
50, 90
50, 90
50, 90
50, 90
50, 90
50, 90
50, 90
50, 90
50, 90
50, 90
50, 90
50, 90
50, 90
50, 90
63, 78
63, 77
63, 76
63, 75
63, 74
63, 73
64, 73
64, 73
63, 72
63, 72
63, 72
63, 72
62, 77
61, 78
60, 79
60, 78
60, 78
59, 79
58, 80
58, 81
58, 81
52, 77
52, 77
53, 76
54, 75
55, 74
56, 74
56, 74
56, 74
56, 82
57, 81
58, 80
59, 79
58, 78
58, 78
59, 77
60, 76
60, 76
57, 72
57, 73
57, 74
57, 75
57, 76
57, 77
57, 78
57, 79
56, 80
56, 80
57, 81
57, 81
51, 85
52, 86
51, 85
51, 85
52, 86
53, 87
54, 88
55, 89
56, 89
56, 89
63, 77
62, 76
62, 75
62, 75
61, 74
60, 73
59, 72
58, 72
59, 71
59, 71
59, 71
55, 77
55, 78
55, 79
55, 80
55, 81
55, 82
55, 82
62, 88
61, 87
60, 86
59, 85
59, 84
59, 84
59, 84
64, 77
63, 77
62, 77
61, 77
60, 77
59, 77
58, 77
57, 77
57, 77
57, 77
57, 77
55, 79
54, 79
55, 78
55, 78
54, 79
54, 79
54, 79
54, 79
54, 79
54, 79
54, 79
54, 83
53, 82
52, 81
51, 81
51, 81
51, 81
55, 81
55, 81
56, 80
57, 79
57, 78
57, 78
58, 77
59, 77
60, 77
61, 77
61, 77
55, 75
55, 74
55, 73
55, 72
55, 72
55, 72
56, 86
56, 86
55, 85
54, 84
53, 83
53, 83
53, 83
65, 77
64, 78
63, 79
62, 79
61, 79
61, 79
66, 77
66, 77
65, 77
64, 77
63, 77
62, 77
63, 76
63, 76
63, 76
60, 77
60, 77
61, 78
62, 79
63, 80
64, 81
65, 82
66, 83
66, 83
66, 83
53, 80
53, 79
53, 79
52, 80
51, 81
51, 82
51, 83
52, 83
52, 83
51, 84
51, 85
51, 85
57, 75
56, 74
56, 74
57, 75
58, 76
59, 77
60, 76
60, 76
60, 76
57, 80
57, 79
57, 78
57, 77
57, 76
58, 76
58, 76
57, 75
57, 75
57, 75
57, 75
57, 75
54, 73
53, 74
52, 75
51, 76
52, 77
52, 77
51, 76
51, 76
51, 76
51, 76
67, 82
67, 82
68, 83
68, 83
67, 84
66, 85
65, 85
65, 85
56, 81
57, 80
56, 79
56, 79
57, 78
58, 78
58, 78
59, 77
59, 77
59, 80
60, 79
60, 78
60, 78
61, 77
62, 77
63, 77
64, 77
65, 77
66, 77
66, 77
60, 72
60, 72
59, 71
59, 71
58, 72
57, 73
56, 74
55, 75
54, 76
53, 77
52, 78
52, 79
52, 79
60, 85
61, 86
62, 87
63, 88
64, 88
65, 88
65, 88
65, 88
65, 88
65, 88
65, 88
65, 72
64, 73
63, 74
62, 75
61, 74
61, 74
60, 75
60, 75
60, 75
56, 76
56, 75
55, 74
55, 74
56, 73
56, 72
56, 71
57, 71
57, 71
56, 71
56, 71
56, 71
61, 77
62, 78
63, 79
64, 80
65, 81
66, 82
66, 81
66, 81
67, 82
67, 82
58, 78
59, 79
60, 79
59, 80
59, 80
58, 79
58, 79
59, 79
60, 79
61, 79
61, 79
62, 73
61, 73
60, 73
59, 73
58, 73
58, 73
52, 90
53, 90
54, 90
55, 90
56, 90
57, 90
58, 90
59, 90
60, 90
61, 90
62, 90
62, 90
62, 90
62, 90
62, 90
62, 90
62, 90
68, 83
67, 82
66, 81
65, 80
64, 79
63, 78
62, 77
62, 76
62, 76
62, 77
62, 77
55, 88
54, 87
55, 86
55, 86
54, 86
53, 86
52, 86
52, 86
51, 86
51, 86
60, 74
59, 73
58, 72
57, 71
57, 72
57, 72
56, 71
56, 71
52, 80
53, 79
54, 78
54, 78
55, 77
56, 77
57, 77
57, 77
57, 77
57, 77
64, 82
65, 81
65, 80
65, 79
65, 78
65, 77
65, 78
65, 78
65, 78
61, 83
60, 83
60, 83
60, 83
60, 83
60, 83
60, 83
59, 82
59, 82
59, 82
61, 75
62, 75
63, 76
63, 76
64, 76
64, 76
64, 75
64, 75
67, 84
68, 85
68, 85
68, 85
68, 85
68, 85
69, 85
69, 85
68, 85
68, 85
59, 75
59, 75
59, 74
59, 74
60, 74
60, 74
61, 75
61, 75
60, 75
59, 75
59, 76
59, 76
58, 75
58, 75
62, 80
61, 80
61, 80
62, 81
63, 82
64, 82
64, 82
62, 80
63, 81
62, 81
62, 81
63, 82
64, 83
65, 84
65, 84
55, 72
55, 72
55, 73
55, 73
54, 73
54, 73
53, 74
52, 75
53, 76
53, 76
52, 77
51, 78
51, 78
51, 78
67, 81
67, 80
67, 79
67, 78
67, 78
67, 78
67, 78
67, 78
67, 78
67, 78
61, 76
60, 75
59, 74
58, 73
58, 73
57, 72
56, 71
56, 71
59, 74
60, 74
60, 74
61, 75
62, 76
62, 75
62, 75
63, 76
64, 77
65, 78
65, 78
52, 84
51, 84
51, 84
52, 83
52, 82
52, 82
53, 81
52, 82
52, 82
53, 81
54, 80
54, 80
64, 77
64, 77
63, 76
63, 76
62, 75
61, 74
60, 75
60, 75
59, 74
59, 74
59, 74
59, 74
59, 74
59, 74
61, 89
60, 88
59, 87
58, 86
58, 85
58, 85
57, 84
56, 83
55, 82
54, 82
53, 82
53, 82
53, 82
53, 81
52, 82
52, 82
53, 81
53, 80
53, 79
52, 78
52, 78
53, 77
54, 78
54, 78
54, 78
58, 76
59, 77
60, 78
61, 79
62, 79
62, 79
62, 79
52, 85
53, 84
54, 83
55, 82
54, 81
54, 81
55, 80
56, 79
57, 78
57, 77
57, 77
57, 77
64, 79
63, 80
62, 81
63, 81
63, 81
64, 82
64, 82
63, 83
62, 84
62, 83
62, 83
63, 82
63, 82
62, 83
62, 83
62, 83
66, 78
66, 79
67, 80
67, 80
66, 81
67, 81
67, 81
67, 81
56, 72
56, 73
56, 74
56, 75
55, 75
55, 75
56, 76
57, 75
57, 75
56, 76
56, 76
53, 80
53, 79
53, 79
54, 80
55, 81
56, 82
57, 83
58, 84
58, 84
59, 83
59, 84
58, 83
58, 83
59, 84
59, 84
59, 83
59, 83
59, 84
59, 84
58, 76
59, 76
60, 76
61, 76
60, 77
60, 77
61, 76
61, 76
58, 78
57, 79
56, 80
55, 81
55, 82
55, 83
55, 84
55, 84
64, 84
63, 83
62, 82
61, 81
62, 82
62, 82
61, 81
60, 80
59, 79
58, 78
58, 78
52, 77
53, 78
53, 79
53, 79
53, 80
53, 81
53, 82
53, 83
53, 84
52, 85
52, 85
52, 85
64, 89
64, 89
63, 88
62, 87
62, 87
62, 87
62, 87
62, 87
62, 87
63, 83
63, 84
63, 83
63, 82
64, 83
64, 84
64, 84
57, 78
57, 77
58, 78
58, 79
58, 78
58, 77
59, 76
59, 76
62, 88
62, 89
61, 88
60, 87
61, 88
62, 88
63, 88
64, 87
64, 88
64, 88
65, 81
64, 80
65, 79
66, 78
67, 78
66, 79
66, 79
59, 83
58, 82
58, 83
59, 84
59, 83
59, 83
59, 75
60, 74
60, 75
59, 75
58, 76
58, 75
57, 75
56, 74
55, 73
56, 73
56, 73
59, 79
60, 78
59, 78
60, 77
60, 78
61, 78
61, 78
53, 81
53, 82
54, 81
53, 82
53, 83
54, 82
54, 82
57, 75
57, 74
56, 74
57, 75
58, 75
58, 76
57, 76
57, 76
65, 77
64, 76
63, 77
64, 76
63, 76
62, 77
63, 78
62, 78
61, 78
62, 78
62, 78
57, 70
58, 70
58, 71
58, 70
57, 70
58, 69
58, 69
69, 84
68, 85
68, 86
67, 86
68, 85
68, 86
69, 87
69, 87
53, 86
54, 86
54, 85
54, 86
55, 85
56, 85
55, 84
54, 84
54, 84
64, 85
65, 84
65, 83
65, 84
64, 83
63, 82
64, 83
64, 84
65, 85
66, 85
66, 85
52, 77
53, 77
54, 78
54, 79
53, 80
54, 80
55, 81
56, 82
57, 81
57, 81
63, 80
64, 81
65, 81
65, 82
65, 81
65, 82
66, 83
66, 83
55, 83
56, 82
55, 81
56, 81
57, 81
57, 80
58, 80
58, 80
68, 80
67, 81
68, 81
67, 82
67, 81
66, 80
66, 80
54, 81
53, 81
53, 80
53, 81
54, 81
53, 82
54, 83
54, 84
54, 83
54, 83
53, 79
52, 80
51, 79
52, 79
52, 80
52, 81
52, 80
52, 81
51, 82
51, 82
64, 76
63, 77
64, 78
63, 77
62, 77
61, 78
61, 79
60, 80
61, 79
62, 78
62, 78
67, 79
67, 80
66, 79
66, 80
65, 81
64, 81
65, 81
66, 80
67, 81
68, 80
68, 80
60, 75
61, 74
62, 74
61, 74
61, 75
62, 75
63, 76
64, 77
63, 78
63, 78
57, 74
56, 73
57, 73
58, 73
57, 72
58, 71
58, 72
57, 71
57, 71
59, 83
58, 82
59, 81
59, 82
59, 83
59, 82
58, 83
58, 82
58, 82
61, 79
61, 78
62, 79
63, 80
64, 80
65, 79
65, 78
66, 77
66, 76
67, 77
67, 77
70, 88
71, 88
70, 87
70, 86
69, 86
69, 86
63, 78
63, 77
64, 78
65, 77
66, 78
66, 78
58, 80
57, 81
57, 80
58, 81
59, 82
59, 83
59, 82
58, 81
59, 81
59, 81
55, 84
55, 85
54, 85
53, 86
52, 86
53, 87
53, 86
53, 86
67, 79
66, 78
65, 79
65, 78
64, 79
65, 79
65, 79
60, 83
61, 82
61, 83
60, 83
59, 83
60, 83
60, 84
60, 84
63, 79
64, 79
64, 80
63, 81
64, 80
65, 79
64, 78
64, 77
63, 76
62, 76
62, 76
69, 81
68, 81
67, 81
66, 81
65, 81
65, 82
66, 82
67, 82
68, 83
69, 82
69, 82
58, 83
59, 84
58, 83
58, 82
59, 83
58, 82
58, 82
57, 77
56, 78
57, 77
57, 78
58, 78
59, 77
60, 78
61, 77
62, 78
62, 78
58, 76
58, 75
58, 74
59, 74
60, 75
60, 74
59, 75
58, 76
59, 77
59, 77
51, 81
51, 82
50, 82
50, 83
49, 82
49, 82
64, 87
63, 86
63, 87
63, 86
63, 85
62, 84
63, 84
63, 84
63, 85
62, 84
63, 83
64, 83
63, 82
64, 82
65, 81
64, 81
65, 80
64, 81
64, 81
56, 70
55, 69
56, 68
55, 69
54, 70
53, 69
53, 69
57, 73
57, 74
56, 74
57, 75
58, 76
59, 76
58, 75
58, 74
58, 74
63, 79
64, 80
63, 80
64, 81
63, 80
63, 79
62, 79
61, 80
61, 81
61, 81
59, 68
59, 67
60, 68
59, 68
59, 67
60, 68
59, 67
58, 66
58, 66
65, 84
66, 84
65, 85
64, 86
63, 86
63, 86
54, 84
53, 85
54, 84
53, 83
52, 82
52, 82
65, 80
66, 81
67, 80
67, 81
66, 80
66, 80
57, 81
56, 81
56, 82
57, 81
58, 82
57, 83
57, 83
65, 86
66, 85
67, 85
68, 85
69, 85
69, 86
69, 86
54, 81
53, 81
52, 80
53, 79
52, 80
53, 79
54, 80
54, 79
55, 79
56, 79
56, 79
54, 85
54, 85
54, 85
54, 85
54, 85
55, 84
56, 83
57, 82
58, 81
59, 80
59, 80
57, 81
56, 80
55, 79
54, 78
53, 77
52, 76
51, 75
50, 74
50, 74
65, 79
64, 78
63, 77
62, 76
62, 76
61, 75
60, 74
59, 73
59, 73
65, 77
64, 76
63, 75
62, 74
62, 74
62, 74
61, 73
61, 73
58, 76
57, 75
56, 74
55, 73
54, 72
54, 72
53, 71
52, 70
51, 69
50, 68
50, 68
54, 68
55, 67
56, 66
57, 65
58, 64
58, 64
60, 84
59, 83
58, 82
57, 81
56, 80
55, 79
54, 78
53, 77
52, 76
52, 76
52, 76
61, 75
60, 74
59, 73
58, 72
58, 72
58, 72
57, 71
56, 70
56, 70
56, 82
55, 81
54, 80
53, 79
52, 78
51, 77
51, 77
60, 80
59, 79
59, 79
59, 79
58, 78
57, 77
57, 77
64, 85
65, 84
66, 83
67, 82
68, 81
68, 81
69, 80
69, 80
69, 80
69, 80
69, 80
70, 85
71, 84
71, 84
71, 83
71, 82
71, 81
71, 81
55, 78
55, 78
54, 77
53, 76
52, 75
51, 74
50, 73
50, 73
49, 72
49, 72
61, 77
60, 76
59, 75
59, 75
59, 75
59, 75
63, 80
62, 79
61, 78
60, 77
59, 76
58, 75
57, 74
56, 73
55, 72
55, 72
68, 85
67, 84
66, 83
65, 82
64, 81
64, 81
59, 75
60, 76
61, 77
62, 78
63, 79
64, 80
64, 80
66, 78
65, 79
64, 80
63, 81
62, 82
61, 83
60, 84
59, 85
59, 85
59, 65
60, 64
61, 63
62, 63
63, 63
64, 63
65, 63
66, 63
66, 63
66, 63
66, 63
51, 81
50, 80
49, 79
48, 78
47, 77
47, 77
68, 81
67, 80
66, 79
66, 79
65, 78
65, 78
59, 80
59, 79
59, 79
59, 79
59, 79
59, 79
59, 79
59, 79
59, 79
59, 79
65, 79
64, 78
63, 77
62, 76
61, 75
60, 74
60, 74
64, 84
64, 84
64, 84
64, 84
64, 84
64, 84
50, 81
50, 81
51, 80
52, 79
53, 78
54, 77
54, 77
58, 72
58, 72
57, 71
56, 70
55, 69
54, 68
53, 67
52, 66
52, 66
58, 84
57, 83
56, 82
56, 82
55, 81
54, 80
53, 79
52, 78
51, 77
51, 77
51, 77
66, 63
65, 64
64, 65
64, 65
63, 66
63, 66
62, 67
62, 67
68, 79
67, 78
66, 78
65, 78
64, 78
64, 78
55, 71
54, 72
53, 73
52, 74
52, 74
51, 74
50, 74
49, 74
48, 74
47, 74
47, 74
46, 78
45, 79
45, 79
44, 80
43, 81
43, 81
42, 81
42, 81
42, 81
42, 81
54, 77
53, 76
52, 75
52, 74
52, 73
52, 72
52, 72
52, 71
52, 71
52, 76
52, 76
52, 76
53, 75
54, 74
54, 74
59, 65
60, 66
61, 67
62, 67
63, 67
63, 67
64, 67
65, 67
65, 67
70, 80
70, 80
69, 79
68, 78
67, 77
66, 76
65, 75
64, 74
63, 73
62, 72
62, 72
58, 79
57, 78
56, 77
55, 76
54, 75
53, 74
53, 74
60, 74
59, 74
58, 74
58, 74
57, 74
56, 74
55, 74
55, 74
54, 74
53, 74
53, 74
54, 71
53, 70
52, 69
52, 69
52, 69
51, 68
50, 67
49, 67
49, 67
60, 74
61, 73
61, 73
62, 72
62, 72
63, 71
64, 70
65, 69
65, 68
65, 68
59, 73
58, 72
57, 71
57, 71
56, 70
55, 69
54, 68
53, 67
52, 66
51, 65
51, 65
50, 74
49, 73
49, 73
48, 72
47, 71
46, 70
45, 69
44, 68
43, 67
43, 67
43, 67
63, 79
62, 78
61, 77
61, 77
61, 76
61, 76
65, 78
64, 77
63, 76
62, 75
62, 75
61, 74
61, 74
49, 67
49, 67
48, 66
48, 65
48, 64
48, 63
49, 61
50, 60
50, 59
50, 58
50, 57
50, 56
50, 55
50, 54
50, 53
50, 53
53, 77
53, 77
53, 77
54, 78
54, 78
55, 79
56, 80
57, 81
58, 82
58, 82
60, 80
61, 81
61, 82
61, 83
61, 83
61, 83
61, 84
61, 85
61, 86
61, 86
63, 80
62, 79
61, 78
60, 77
60, 77
59, 76
58, 75
58, 75
57, 74
57, 74
50, 71
51, 70
52, 70
53, 70
54, 70
55, 70
56, 70
56, 70
57, 70
58, 70
58, 70
63, 83
62, 82
61, 81
61, 81
60, 80
60, 80
56, 76
56, 76
55, 75
54, 74
53, 74
52, 74
51, 74
50, 74
49, 74
49, 74
49, 74
57, 74
56, 73
55, 72
54, 71
53, 70
52, 69
51, 68
50, 67
49, 66
49, 66
57, 71
56, 72
56, 72
56, 72
55, 73
55, 73
46, 73
46, 73
45, 72
44, 71
44, 71
43, 70
43, 70
59, 79
59, 79
58, 78
58, 78
58, 78
57, 77
56, 76
56, 76
56, 76
54, 75
54, 75
55, 76
56, 77
57, 78
58, 79
58, 79
53, 65
53, 65
54, 64
55, 63
56, 62
56, 62
56, 62
60, 73
59, 72
58, 71
57, 70
57, 70
56, 69
55, 68
55, 68
52, 74
52, 74
51, 74
50, 74
49, 74
49, 74
50, 76
50, 76
49, 75
48, 74
47, 73
47, 73
46, 72
46, 72
43, 67
44, 68
44, 68
45, 69
45, 69
45, 69
48, 73
47, 72
46, 71
45, 70
44, 69
44, 69
43, 68
43, 68
49, 67
48, 66
47, 65
46, 64
45, 63
44, 62
44, 61
45, 60
46, 59
47, 58
48, 57
49, 56
50, 55
50, 54
50, 53
49, 54
48, 55
47, 56
47, 56
64, 67
63, 66
63, 66
62, 65
62, 65
61, 64
60, 63
59, 62
58, 61
58, 61
58, 61
51, 65
52, 66
53, 67
54, 68
55, 69
55, 70
55, 71
55, 72
55, 73
55, 74
55, 74
63, 77
63, 77
62, 76
61, 75
60, 74
59, 73
58, 72
57, 71
56, 70
56, 70
51, 54
51, 54
51, 54
51, 54
52, 55
53, 56
53, 57
53, 57
65, 67
65, 67
64, 66
63, 65
62, 64
61, 63
61, 63
60, 75
59, 74
59, 74
58, 73
57, 72
57, 72
56, 71
56, 71
61, 71
60, 70
59, 69
58, 68
57, 67
56, 66
55, 65
55, 65
55, 65
54, 64
54, 64
43, 82
44, 83
45, 84
45, 84
46, 85
46, 85
47, 86
48, 87
48, 87
53, 73
52, 72
51, 71
50, 70
50, 70
49, 69
48, 68
47, 67
46, 66
45, 66
45, 66
60, 85
60, 85
60, 85
59, 84
58, 83
58, 83
57, 82
56, 81
55, 80
54, 79
54, 79
57, 81
57, 81
56, 80
55, 79
54, 78
53, 77
52, 76
51, 75
50, 74
50, 74
62, 67
63, 68
64, 69
64, 69
65, 70
66, 71
67, 72
67, 72
68, 73
69, 74
69, 74
51, 70
50, 69
49, 68
49, 68
49, 68
49, 68
49, 68
49, 68
49, 68
48, 65
47, 64
46, 63
45, 62
45, 60
46, 59
47, 58
48, 57
49, 56
50, 55
50, 54
50, 53
49, 54
49, 54
57, 78
56, 77
55, 76
54, 75
53, 74
53, 74
52, 73
52, 73
52, 73
68, 73
67, 72
66, 71
65, 70
64, 69
63, 68
62, 67
62, 67
44, 67
45, 66
46, 65
47, 64
48, 63
50, 61
50, 60
50, 59
50, 58
50, 57
50, 56
50, 55
51, 54
51, 54
51, 54
51, 54
52, 58
51, 58
50, 58
49, 58
48, 58
48, 58
55, 69
54, 68
53, 67
52, 66
51, 65
51, 65
54, 67
54, 67
53, 66
53, 66
52, 65
52, 65
51, 64
50, 62
50, 61
50, 60
50, 59
50, 58
50, 57
50, 56
50, 55
50, 54
50, 53
50, 53
50, 53
42, 71
42, 71
41, 71
40, 71
39, 71
39, 71
38, 71
38, 71
38, 71
49, 86
50, 85
51, 84
52, 83
53, 82
54, 81
55, 80
56, 79
56, 78
56, 78
46, 55
46, 55
45, 54
45, 54
44, 53
43, 52
42, 51
41, 50
41, 50
53, 78
52, 77
51, 76
51, 76
50, 75
49, 74
48, 73
48, 73
53, 65
53, 65
52, 66
52, 66
51, 67
50, 68
50, 68
46, 72
45, 71
44, 70
43, 70
43, 70
43, 70
43, 70
57, 60
56, 59
55, 58
55, 58
54, 57
53, 56
53, 56
55, 76
54, 76
53, 76
52, 76
51, 76
50, 76
50, 76
54, 72
53, 71
52, 70
51, 69
50, 68
50, 68
57, 70
58, 69
59, 68
60, 67
60, 67
60, 67
51, 73
51, 73
52, 72
53, 71
54, 70
55, 69
55, 69
56, 68
56, 68
56, 68
56, 68
60, 64
60, 64
59, 65
58, 66
57, 67
57, 67
48, 73
47, 72
47, 72
47, 72
46, 71
45, 70
45, 70
45, 69
46, 70
47, 71
48, 72
49, 73
49, 73
57, 63
58, 64
59, 65
60, 66
60, 67
60, 68
60, 68
60, 68
60, 69
60, 69
60, 69
45, 66
46, 67
47, 68
48, 69
49, 70
50, 71
51, 72
52, 73
52, 73
52, 73
50, 69
51, 70
52, 71
53, 72
54, 73
54, 73
54, 73
54, 73
54, 73
53, 72
52, 72
51, 72
51, 72
50, 72
49, 72
48, 72
47, 72
47, 72
49, 75
48, 74
47, 73
46, 72
45, 71
44, 70
44, 70
49, 69
48, 70
47, 70
46, 70
45, 70
45, 70
45, 70
45, 70
45, 70
48, 73
48, 73
47, 72
47, 72
46, 71
45, 70
44, 69
44, 69
44, 69
61, 68
62, 69
62, 69
63, 70
63, 71
63, 72
63, 72
63, 73
63, 74
63, 74
48, 55
47, 56
46, 57
46, 57
47, 56
48, 55
49, 54
50, 53
50, 52
50, 51
50, 50
50, 50
49, 51
49, 51
56, 68
55, 67
54, 66
54, 65
54, 64
54, 64
54, 63
54, 62
54, 61
54, 61
54, 61
61, 66
60, 65
59, 64
59, 64
58, 63
57, 62
56, 61
56, 61
48, 72
47, 71
46, 70
45, 69
44, 68
44, 68
52, 57
51, 58
50, 59
49, 60
49, 60
50, 59
50, 58
50, 57
50, 56
50, 55
50, 54
49, 55
49, 55
49, 55
49, 67
48, 66
47, 65
46, 64
46, 64
45, 63
45, 63
44, 62
44, 60
45, 59
46, 58
47, 57
48, 56
49, 55
50, 54
50, 53
50, 52
50, 52
50, 64
50, 64
50, 62
50, 61
50, 60
50, 59
50, 58
50, 57
50, 56
50, 55
50, 54
50, 53
50, 54
50, 55
50, 56
50, 57
50, 57
50, 58
50, 58
52, 53
53, 52
54, 51
55, 50
55, 50
56, 49
56, 49
57, 48
57, 48
53, 72
53, 72
54, 71
55, 70
56, 69
57, 68
57, 68
54, 73
55, 72
56, 71
57, 70
58, 69
58, 69
51, 54
52, 55
53, 56
53, 56
54, 57
54, 57
55, 77
54, 76
53, 75
52, 74
51, 73
51, 73
51, 73
46, 71
45, 70
45, 70
44, 69
43, 68
42, 67
42, 67
41, 66
41, 66
51, 72
50, 71
49, 70
48, 69
47, 68
46, 67
45, 66
44, 65
43, 64
43, 64
44, 69
43, 68
42, 67
41, 66
40, 65
39, 64
39, 64
39, 64
44, 71
45, 72
45, 72
45, 72
46, 73
46, 73
40, 51
39, 52
39, 52
38, 53
37, 54
36, 55
35, 56
34, 57
33, 58
32, 59
32, 59
59, 69
58, 69
58, 69
57, 69
56, 69
55, 69
54, 69
53, 69
52, 69
52, 69
58, 66
58, 66
59, 65
59, 65
59, 65
60, 64
60, 64
60, 64
38, 72
38, 73
38, 74
38, 75
38, 75
38, 75
47, 57
47, 57
46, 56
46, 54
47, 53
48, 52
49, 51
50, 50
49, 49
48, 48
47, 47
46, 46
46, 46
45, 45
45, 45
41, 66
40, 65
39, 64
38, 63
37, 62
36, 61
35, 60
35, 60
32, 59
31, 58
31, 57
31, 56
31, 55
31, 54
31, 54
55, 62
54, 63
53, 64
53, 65
53, 66
53, 67
53, 68
53, 68
53, 69
53, 69
46, 46
46, 47
46, 48
46, 49
46, 50
46, 51
46, 52
46, 53
46, 54
46, 55
46, 55
43, 67
42, 66
41, 65
40, 64
41, 62
42, 61
43, 60
44, 59
45, 58
46, 57
47, 56
48, 55
49, 54
50, 53
49, 52
48, 51
47, 50
47, 50
47, 50
48, 56
47, 57
47, 57
48, 56
49, 55
50, 54
50, 53
50, 52
50, 51
49, 52
48, 53
48, 53
48, 53
50, 52
51, 51
51, 51
52, 50
53, 49
54, 48
54, 49
53, 50
52, 50
51, 50
50, 50
50, 50
50, 50
50, 50
50, 50
50, 50
45, 68
46, 67
46, 67
46, 67
47, 66
48, 65
49, 64
50, 62
50, 61
50, 60
50, 59
50, 58
50, 57
50, 56
51, 55
52, 54
52, 54
47, 68
48, 67
49, 66
50, 65
50, 64
50, 63
50, 62
50, 61
51, 62
52, 63
52, 63
53, 64
54, 65
55, 66
55, 66
51, 68
50, 67
49, 66
48, 65
47, 64
46, 63
45, 62
45, 60
46, 59
47, 58
48, 57
49, 56
49, 56
51, 57
52, 56
53, 55
54, 54
54, 53
54, 53
53, 51
52, 50
51, 50
50, 50
50, 50
50, 50
50, 50
50, 50
39, 74
40, 73
41, 72
42, 71
42, 71
42, 71
52, 74
52, 75
52, 76
52, 77
52, 78
52, 79
52, 80
52, 81
52, 81
38, 63
37, 63
37, 63
37, 63
36, 63
35, 63
35, 63
57, 70
56, 71
55, 72
54, 73
53, 73
53, 73
45, 69
46, 68
47, 67
48, 66
49, 65
50, 64
51, 63
52, 62
52, 62
52, 62
55, 60
55, 60
56, 59
56, 58
56, 57
56, 56
56, 56
56, 55
56, 54
56, 53
56, 53
60, 64
60, 64
59, 63
58, 62
57, 61
56, 60
55, 59
55, 59
56, 67
55, 66
54, 65
53, 64
52, 63
51, 63
51, 63
48, 52
47, 53
47, 53
47, 53
47, 54
47, 54
42, 63
41, 62
40, 61
39, 60
38, 59
38, 59
62, 73
61, 72
60, 71
60, 71
60, 71
59, 70
58, 69
58, 69
47, 72
48, 71
49, 70
50, 69
51, 68
52, 67
53, 66
54, 65
54, 65
55, 58
56, 59
57, 60
58, 61
59, 62
60, 63
60, 64
60, 65
60, 65
57, 48
56, 49
55, 50
54, 50
54, 50
54, 50
49, 56
50, 55
51, 54
51, 53
51, 52
51, 51
51, 51
51, 51
51, 51
51, 51
51, 51
53, 64
52, 63
51, 62
50, 61
49, 60
48, 59
47, 58
46, 57
46, 55
47, 54
48, 53
49, 52
50, 51
50, 50
50, 50
50, 50
34, 59
33, 58
33, 58
32, 57
31, 56
30, 55
30, 55
29, 54
28, 53
28, 52
28, 52
51, 53
50, 52
50, 52
49, 51
48, 50
47, 49
46, 48
45, 47
44, 46
43, 46
43, 46
53, 63
54, 64
55, 65
56, 66
57, 67
57, 67
46, 55
47, 56
47, 56
47, 56
48, 57
48, 57
48, 57
50, 64
50, 64
49, 65
48, 66
48, 66
48, 66
47, 67
47, 67
48, 55
48, 55
49, 56
50, 57
51, 58
52, 59
53, 60
54, 61
54, 61
55, 62
55, 62
56, 53
57, 54
57, 54
57, 55
57, 56
57, 56
57, 56
57, 56
57, 56
49, 51
48, 52
47, 53
46, 54
46, 54
47, 53
48, 52
49, 51
50, 50
50, 50
49, 51
48, 52
48, 52
54, 65
54, 65
53, 64
53, 64
52, 63
51, 62
51, 62
49, 49
48, 48
47, 47
46, 46
46, 46
45, 45
45, 45
35, 63
36, 62
37, 61
37, 61
37, 61
37, 61
37, 61
38, 60
38, 60
38, 60
53, 73
52, 72
52, 71
52, 70
52, 69
52, 68
52, 68
56, 60
57, 61
58, 62
58, 62
59, 63
60, 64
61, 65
61, 66
61, 66
59, 64
59, 64
58, 63
57, 62
56, 62
55, 62
55, 62
55, 62
52, 68
51, 67
50, 66
49, 65
48, 64
47, 63
46, 62
45, 61
45, 59
46, 58
47, 57
48, 56
49, 55
50, 54
50, 53
50, 52
50, 52
53, 51
52, 52
52, 52
51, 53
50, 54
50, 54
49, 55
48, 56
47, 57
47, 57
43, 72
44, 73
45, 73
45, 73
45, 73
45, 73
46, 73
46, 73
46, 73
46, 73
51, 80
50, 79
50, 79
49, 78
48, 77
47, 76
46, 75
46, 75
46, 51
46, 51
45, 52
44, 52
43, 52
42, 52
42, 52
42, 52
41, 52
41, 52
58, 69
58, 69
58, 69
57, 68
56, 67
55, 66
55, 66
55, 66
49, 54
49, 54
50, 55
51, 56
52, 57
53, 58
53, 58
53, 58
54, 59
54, 59
30, 53
30, 52
30, 51
30, 50
30, 49
30, 48
30, 48
37, 58
37, 58
36, 57
35, 56
34, 55
34, 55
47, 73
46, 73
45, 72
46, 71
45, 72
44, 72
43, 72
43, 72
56, 65
55, 66
56, 65
57, 66
57, 65
58, 65
58, 65
50, 53
51, 52
52, 52
52, 53
53, 52
54, 51
53, 51
53, 51
49, 52
49, 53
50, 53
50, 54
50, 53
50, 52
50, 53
51, 53
51, 53
48, 56
47, 56
48, 55
47, 54
47, 55
46, 54
47, 54
47, 53
48, 52
49, 51
49, 51
33, 54
34, 54
35, 54
35, 55
34, 56
34, 57
33, 56
34, 55
34, 56
34, 56
51, 51
52, 51
53, 51
53, 50
52, 49
52, 49
51, 50
52, 50
52, 49
53, 50
52, 51
52, 52
53, 52
52, 52
53, 51
53, 50
53, 50
58, 66
59, 67
58, 68
59, 69
59, 70
60, 71
60, 71
46, 45
45, 44
44, 43
43, 43
44, 42
44, 43
45, 43
45, 43
46, 68
45, 68
44, 68
44, 67
43, 66
42, 66
41, 66
40, 65
41, 65
41, 65
31, 49
32, 49
33, 48
33, 49
34, 49
33, 50
32, 49
32, 49
54, 62
54, 61
54, 60
53, 60
52, 61
53, 61
53, 62
53, 62
29, 53
28, 52
28, 53
27, 52
28, 52
28, 51
27, 51
27, 51
61, 67
60, 68
60, 69
61, 70
60, 69
61, 68
61, 68
39, 59
38, 60
39, 59
40, 58
41, 57
41, 57
45, 74
44, 75
43, 76
42, 77
41, 76
41, 75
42, 75
42, 75
49, 56
50, 56
50, 57
50, 58
50, 57
51, 57
52, 58
51, 59
51, 59
44, 47
43, 46
44, 46
43, 47
44, 48
43, 48
42, 48
41, 48
42, 48
41, 47
41, 47
52, 62
52, 61
53, 61
54, 60
55, 60
56, 59
56, 59
53, 69
54, 70
53, 69
53, 70
54, 69
54, 70
55, 70
54, 70
55, 71
56, 72
56, 72
54, 62
55, 61
54, 60
54, 59
53, 58
53, 57
52, 58
52, 58
53, 58
54, 58
53, 59
54, 60
53, 61
53, 60
52, 61
52, 62
52, 63
51, 64
51, 64
58, 55
57, 56
58, 57
57, 56
58, 55
58, 56
58, 56
40, 51
39, 50
40, 51
39, 50
38, 50
39, 49
38, 48
38, 48
51, 57
52, 56
51, 55
52, 55
51, 54
51, 55
52, 56
53, 56
54, 57
54, 57
37, 49
36, 48
35, 49
34, 48
35, 48
35, 49
36, 48
37, 49
38, 48
39, 49
39, 49
40, 58
39, 57
39, 56
38, 57
37, 57
37, 57
48, 51
47, 50
47, 49
48, 50
48, 51
47, 52
47, 52
57, 73
56, 72
55, 71
56, 71
57, 71
57, 71
46, 43
47, 44
46, 45
46, 46
46, 47
47, 47
48, 46
48, 46
55, 60
54, 60
54, 59
53, 59
52, 59
51, 60
50, 59
51, 60
51, 60
59, 65
58, 64
57, 64
57, 63
56, 64
57, 64
57, 65
56, 66
57, 65
57, 65
51, 54
51, 53
52, 52
51, 53
51, 52
50, 53
50, 53
53, 52
53, 51
52, 51
52, 50
53, 50
53, 49
53, 48
52, 49
53, 49
54, 49
54, 49
51, 60
52, 59
52, 60
52, 61
51, 60
50, 60
50, 60
41, 48
42, 49
43, 49
42, 50
41, 50
42, 49
42, 49
43, 75
42, 74
41, 74
42, 75
41, 74
41, 74
62, 67
62, 68
63, 68
62, 68
63, 67
64, 68
64, 68
33, 56
32, 55
32, 54
31, 53
31, 52
32, 53
33, 54
34, 53
33, 52
33, 52
52, 61
51, 62
52, 61
51, 62
50, 62
50, 62
27, 50
28, 51
27, 51
26, 50
25, 50
24, 50
23, 49
24, 50
24, 49
25, 50
25, 50
61, 71
60, 71
59, 72
60, 72
60, 71
61, 72
60, 72
59, 73
59, 74
59, 73
59, 73
57, 57
58, 57
57, 58
56, 59
55, 59
55, 60
56, 61
55, 62
55, 61
54, 62
54, 62
52, 50
53, 49
54, 48
54, 49
53, 50
54, 50
54, 49
55, 50
55, 50
52, 64
52, 63
51, 64
52, 63
51, 62
51, 61
50, 61
50, 60
51, 61
51, 61
42, 64
43, 64
42, 64
42, 65
43, 65
42, 66
43, 65
44, 66
44, 65
43, 66
43, 66
43, 71
43, 72
43, 71
44, 72
45, 71
44, 70
44, 70
54, 51
55, 50
54, 49
53, 49
52, 49
53, 50
53, 49
52, 49
51, 50
51, 50
33, 49
34, 49
33, 48
32, 48
32, 49
33, 48
32, 48
33, 49
32, 49
32, 49
49, 47
50, 48
50, 49
49, 50
49, 49
48, 49
47, 50
47, 51
47, 51
51, 49
50, 48
51, 48
51, 47
52, 48
53, 47
54, 48
53, 49
54, 49
53, 49
53, 49
25, 49
24, 48
23, 47
22, 47
21, 47
20, 46
20, 46
45, 69
46, 70
45, 70
46, 70
45, 70
45, 70
42, 74
41, 73
42, 74
43, 75
43, 76
42, 77
43, 76
43, 77
44, 76
44, 76
51, 60
50, 61
49, 61
50, 62
51, 63
50, 64
50, 65
50, 64
50, 64
50, 59
49, 58
48, 58
47, 57
48, 56
48, 57
47, 57
46, 57
47, 57
47, 57
41, 50
42, 49
42, 50
42, 51
41, 51
42, 51
41, 50
41, 51
42, 50
42, 50
50, 61
49, 60
50, 61
50, 62
51, 62
52, 61
51, 62
52, 63
52, 63
53, 50
52, 49
52, 48
51, 47
52, 46
53, 45
53, 46
53, 46
65, 69
64, 69
63, 70
62, 71
62, 72
63, 71
62, 71
63, 72
64, 73
64, 73
43, 67
43, 68
43, 67
43, 66
44, 67
43, 66
43, 66
39, 48
40, 47
41, 48
41, 47
41, 48
41, 48
57, 64
57, 65
56, 64
55, 63
54, 63
54, 63
50, 61
51, 60
52, 59
51, 60
52, 60
51, 59
51, 59
58, 71
59, 70
58, 71
57, 72
58, 73
58, 73
51, 53
52, 53
51, 53
52, 54
51, 55
51, 54
52, 55
51, 56
52, 55
52, 55
54, 49
55, 49
56, 50
57, 49
58, 50
59, 50
58, 49
57, 49
57, 49
55, 63
55, 62
54, 62
53, 62
52, 62
51, 62
51, 62
60, 72
61, 72
60, 71
61, 71
61, 70
60, 70
60, 71
59, 71
59, 72
59, 72
33, 51
32, 51
33, 50
33, 49
32, 48
33, 49
33, 48
33, 47
34, 47
33, 46
33, 46
55, 56
54, 55
53, 56
53, 57
53, 58
54, 57
53, 57
52, 56
51, 55
51, 55
36, 58
35, 59
36, 60
36, 59
37, 59
38, 60
38, 60
48, 51
49, 52
49, 53
49, 52
50, 52
51, 52
51, 52
33, 50
34, 49
34, 50
33, 49
32, 49
31, 50
30, 50
31, 50
32, 50
32, 50
59, 72
58, 71
57, 72
58, 73
58, 72
58, 71
58, 71
40, 47
41, 47
42, 48
41, 48
40, 49
41, 48
42, 48
42, 49
42, 49
50, 61
51, 61
52, 61
53, 62
54, 61
54, 61
53, 47
52, 48
53, 48
52, 47
53, 47
52, 47
53, 46
53, 46
45, 76
46, 75
47, 74
47, 75
46, 75
46, 76
46, 77
46, 77
19, 47
18, 46
18, 45
17, 45
17, 46
16, 46
15, 45
15, 45
50, 52
51, 52
50, 51
49, 50
48, 50
49, 50
48, 49
47, 50
47, 49
47, 49
34, 47
34, 48
34, 47
35, 47
34, 48
33, 47
34, 46
35, 46
34, 45
34, 45
65, 73
64, 73
65, 72
65, 71
65, 72
65, 73
65, 73
51, 54
52, 55
51, 54
50, 55
50, 56
51, 56
52, 55
52, 56
51, 55
52, 55
52, 55
33, 49
32, 49
32, 50
33, 49
32, 50
33, 51
34, 52
35, 52
36, 51
36, 52
36, 52
46, 57
46, 56
46, 55
45, 54
44, 54
44, 54
44, 66
45, 67
46, 68
47, 67
48, 68
48, 68
52, 60
53, 61
53, 62
52, 63
51, 63
50, 62
50, 61
49, 60
49, 61
49, 61
49, 65
49, 66
50, 67
51, 67
52, 66
53, 67
52, 68
53, 67
52, 68
52, 68
58, 48
57, 47
56, 46
55, 45
55, 44
54, 45
53, 44
53, 44
51, 62
52, 62
51, 62
50, 61
50, 62
51, 61
50, 62
50, 61
51, 62
51, 62
41, 50
42, 49
43, 50
43, 51
43, 52
43, 53
42, 52
41, 52
41, 51
41, 51
54, 62
55, 63
54, 63
55, 64
56, 63
55, 64
56, 64
56, 64
38, 59
37, 58
36, 57
35, 57
34, 57
33, 56
32, 57
32, 57
47, 52
46, 51
47, 50
48, 49
48, 50
47, 50
46, 50
47, 50
46, 49
45, 49
45, 49
51, 54
50, 53
51, 53
52, 54
53, 53
53, 53
45, 69
45, 70
46, 70
45, 70
45, 69
45, 70
46, 70
47, 70
46, 71
45, 70
45, 70
60, 73
61, 72
62, 71
63, 70
62, 70
62, 69
62, 68
63, 67
64, 68
64, 69
64, 69
53, 48
52, 47
52, 48
53, 48
54, 49
53, 48
52, 47
52, 47
48, 67
49, 67
50, 68
50, 67
49, 66
49, 66
65, 72
64, 73
63, 73
64, 72
63, 73
63, 73
43, 55
42, 56
43, 56
42, 57
41, 56
41, 56
49, 60
50, 61
51, 62
51, 61
50, 60
49, 60
48, 59
48, 59
57, 71
58, 70
57, 70
57, 71
56, 72
55, 73
55, 73
52, 63
53, 63
54, 63
53, 63
53, 62
53, 63
52, 64
52, 64
42, 48
42, 49
41, 48
42, 49
42, 50
42, 50
54, 46
53, 46
54, 47
53, 48
54, 48
53, 47
52, 46
52, 45
52, 45
48, 48
47, 47
48, 47
48, 46
47, 46
47, 46
52, 46
51, 47
51, 46
52, 46
51, 47
51, 46
50, 45
51, 46
52, 46
52, 46
55, 64
54, 64
53, 63
52, 62
53, 63
53, 62
53, 61
53, 61
33, 46
34, 46
34, 47
35, 48
34, 49
33, 48
32, 47
33, 48
33, 48
16, 44
15, 44
15, 43
16, 43
16, 44
15, 44
14, 44
13, 44
13, 44
31, 57
31, 56
30, 56
30, 55
31, 54
31, 54
54, 54
53, 54
54, 53
55, 53
55, 54
56, 53
55, 54
55, 55
55, 55
35, 53
36, 54
36, 55
36, 56
37, 56
38, 57
37, 56
37, 57
37, 57
46, 78
45, 78
44, 77
45, 77
46, 78
47, 78
47, 77
47, 77
53, 68
53, 69
52, 69
52, 70
53, 71
53, 72
52, 73
52, 73
55, 62
56, 62
57, 62
57, 61
58, 61
58, 62
57, 63
58, 63
57, 64
56, 63
56, 63
44, 49
44, 48
43, 49
44, 50
43, 50
42, 50
42, 50
41, 50
40, 51
40, 52
40, 51
40, 50
40, 50
53, 43
52, 44
53, 43
54, 42
54, 41
55, 41
56, 40
57, 39
57, 39
44, 69
44, 70
45, 71
44, 72
43, 73
42, 73
43, 74
44, 75
45, 74
45, 73
45, 73
51, 55
52, 56
53, 55
52, 55
53, 55
54, 54
53, 53
53, 53
63, 70
64, 69
65, 70
64, 69
63, 69
62, 68
62, 67
63, 68
63, 69
63, 69
57, 63
58, 62
58, 63
58, 64
57, 65
57, 66
56, 65
57, 64
56, 63
56, 63
52, 65
51, 66
50, 67
50, 68
51, 67
50, 67
50, 68
50, 68
41, 49
41, 48
42, 47
43, 47
44, 47
44, 47
53, 46
54, 46
53, 46
52, 45
53, 44
54, 45
53, 44
52, 45
52, 45
43, 51
44, 50
45, 51
44, 51
43, 51
43, 51
34, 47
34, 46
33, 46
34, 47
34, 48
34, 48
53, 73
52, 73
51, 73
52, 72
51, 71
51, 71
41, 50
42, 50
43, 49
42, 48
42, 49
42, 49
48, 45
49, 45
50, 44
51, 45
51, 44
50, 43
50, 43
64, 70
63, 69
64, 68
64, 67
64, 66
65, 65
66, 66
67, 65
67, 65
53, 52
54, 53
54, 54
53, 53
54, 54
53, 55
53, 55
49, 60
50, 59
49, 58
50, 58
50, 59
50, 59
46, 73
47, 72
48, 72
49, 72
50, 71
50, 72
51, 73
52, 72
52, 72
52, 61
52, 60
51, 60
51, 61
52, 61
53, 62
53, 62
55, 56
54, 57
55, 58
56, 57
57, 57
57, 56
56, 55
57, 56
58, 55
58, 54
58, 54
48, 67
49, 66
49, 67
50, 66
49, 67
48, 67
49, 68
50, 68
50, 69
50, 69
14, 43
15, 43
15, 42
16, 43
17, 42
17, 41
16, 42
17, 43
17, 42
18, 41
18, 41
32, 54
33, 54
34, 55
35, 56
35, 55
35, 55
48, 77
48, 76
47, 75
46, 75
45, 74
44, 73
43, 72
42, 72
42, 72
53, 46
54, 47
53, 48
52, 49
51, 50
51, 51
50, 50
50, 51
49, 51
48, 50
48, 50
36, 58
35, 58
36, 58
37, 57
38, 57
38, 56
39, 57
38, 57
37, 56
37, 56
55, 74
56, 74
55, 75
55, 76
56, 75
56, 74
56, 74
41, 57
42, 56
43, 55
42, 55
41, 55
40, 55
40, 55
62, 72
62, 73
61, 74
61, 73
62, 73
62, 72
62, 72
56, 38
57, 37
58, 37
57, 37
56, 36
56, 35
56, 34
57, 34
57, 34
38, 56
38, 57
38, 58
37, 57
36, 57
36, 57
52, 61
51, 61
52, 60
53, 60
53, 59
54, 58
54, 58
43, 71
42, 71
41, 71
40, 72
40, 71
39, 70
39, 69
40, 70
41, 71
42, 70
42, 70
62, 73
62, 72
63, 73
62, 73
63, 74
62, 75
62, 74
63, 73
63, 73
49, 49
48, 50
47, 50
48, 50
49, 49
49, 50
49, 50
49, 42
48, 43
47, 43
46, 44
46, 43
47, 43
46, 42
45, 42
46, 42
46, 42
51, 45
52, 45
51, 45
51, 44
52, 43
51, 44
51, 43
51, 42
52, 43
51, 44
51, 44
51, 70
51, 69
52, 70
53, 69
54, 70
54, 69
53, 68
52, 69
52, 69
56, 64
57, 64
58, 64
57, 65
57, 64
58, 64
58, 63
59, 64
60, 63
60, 63
52, 73
51, 74
50, 74
50, 75
51, 76
50, 76
51, 77
50, 77
50, 78
50, 78
40, 56
40, 57
41, 56
42, 55
43, 54
43, 54
49, 60
50, 61
51, 62
50, 62
51, 61
50, 62
51, 63
52, 62
52, 62
18, 42
19, 42
18, 42
19, 42
18, 43
18, 44
18, 44
49, 68
48, 69
47, 68
48, 69
49, 70
49, 70
43, 47
43, 46
43, 47
44, 47
43, 46
44, 47
44, 47
58, 35
57, 36
58, 35
57, 34
58, 35
59, 34
59, 34
54, 56
55, 56
56, 56
56, 55
56, 56
57, 55
56, 56
57, 57
56, 56
56, 56
43, 52
42, 51
42, 52
42, 51
43, 51
42, 50
43, 50
42, 49
42, 49
66, 66
66, 67
65, 67
64, 67
63, 67
63, 66
64, 65
63, 65
63, 65
57, 55
58, 54
58, 53
58, 54
57, 53
57, 54
56, 54
56, 53
56, 54
55, 54
55, 54
35, 56
36, 57
36, 56
37, 55
38, 55
39, 54
39, 55
39, 55
51, 69
52, 70
53, 70
54, 70
53, 69
52, 68
51, 68
51, 68
56, 75
55, 76
54, 75
54, 74
53, 74
52, 74
53, 75
54, 74
55, 75
54, 76
54, 76
33, 49
33, 50
34, 50
34, 49
35, 50
36, 50
35, 50
35, 49
34, 50
34, 50
41, 50
42, 50
43, 49
44, 50
43, 49
44, 49
45, 50
44, 50
43, 50
43, 50
64, 72
64, 71
63, 72
64, 72
63, 73
62, 74
62, 74
61, 64
62, 63
63, 64
63, 65
64, 65
65, 64
66, 63
66, 63
42, 54
42, 55
43, 56
44, 56
44, 55
43, 54
42, 54
41, 55
41, 56
41, 56
55, 56
56, 56
55, 56
54, 55
54, 54
53, 53
52, 52
53, 53
54, 54
54, 54
43, 50
43, 51
43, 52
42, 52
41, 52
41, 52
44, 50
43, 51
42, 52
43, 53
42, 52
42, 51
43, 51
43, 51
34, 49
35, 48
35, 47
35, 46
34, 46
35, 45
36, 44
36, 45
35, 44
35, 45
35, 45
53, 69
52, 68
51, 68
52, 69
51, 69
50, 68
49, 67
50, 67
51, 66
50, 65
50, 65
53, 58
53, 57
54, 57
53, 57
52, 57
53, 57
52, 58
53, 57
52, 57
53, 58
53, 58
51, 78
51, 79
50, 78
50, 77
51, 76
52, 77
52, 77
40, 56
40, 55
41, 56
40, 56
41, 55
42, 56
42, 55
42, 54
42, 54
59, 35
60, 34
60, 33
59, 33
60, 33
59, 34
59, 34
47, 43
48, 42
47, 43
47, 42
46, 43
46, 42
46, 42
19, 45
19, 46
20, 47
19, 47
19, 46
19, 47
20, 47
20, 48
19, 49
19, 48
19, 48
62, 66
63, 65
62, 65
63, 66
64, 65
63, 65
64, 66
65, 67
66, 68
65, 67
65, 67
48, 70
48, 69
48, 70
47, 71
48, 72
48, 72
45, 46
45, 47
44, 47
45, 47
44, 46
44, 46
54, 75
55, 74
56, 73
56, 74
55, 74
55, 73
55, 72
54, 73
54, 73
54, 53
53, 53
52, 52
53, 52
54, 51
54, 50
53, 50
54, 49
54, 49
53, 61
52, 62
52, 63
51, 62
50, 62
51, 62
52, 62
51, 63
51, 63
52, 68
53, 67
53, 68
53, 67
52, 68
52, 68
41, 69
42, 68
43, 69
42, 68
41, 68
42, 67
42, 67
37, 56
38, 57
37, 57
38, 58
37, 59
37, 59
50, 45
51, 44
51, 45
50, 44
51, 43
51, 42
51, 43
50, 42
50, 41
50, 42
50, 42
48, 51
49, 52
48, 51
47, 52
46, 53
45, 53
45, 53
41, 51
42, 52
43, 51
42, 52
43, 51
43, 52
43, 53
44, 52
44, 52
53, 53
52, 54
51, 53
50, 52
51, 51
52, 52
52, 52
52, 62
51, 62
52, 62
53, 61
53, 60
54, 61
55, 62
54, 62
55, 61
55, 61
48, 71
47, 72
47, 73
46, 72
47, 72
47, 71
48, 70
49, 71
48, 72
48, 72
43, 66
44, 65
45, 65
44, 66
44, 67
44, 68
43, 69
43, 70
44, 69
44, 69
40, 57
41, 57
42, 56
42, 55
42, 56
42, 57
41, 58
41, 57
40, 56
40, 56
20, 49
20, 50
20, 51
21, 52
20, 51
21, 50
21, 49
20, 50
21, 51
22, 50
22, 50
43, 47
43, 48
42, 49
42, 48
42, 47
43, 47
44, 48
43, 47
43, 46
43, 46
53, 50
52, 50
53, 51
52, 51
51, 51
51, 52
52, 52
51, 53
50, 52
50, 53
50, 53
53, 74
54, 74
53, 75
54, 76
54, 77
55, 76
54, 76
53, 75
54, 75
55, 75
55, 75
66, 62
65, 63
65, 64
66, 65
67, 66
67, 66
47, 41
47, 42
47, 41
47, 42
46, 43
46, 42
46, 42
36, 59
36, 58
35, 59
34, 60
35, 60
34, 59
34, 59
53, 57
54, 58
55, 59
56, 60
55, 60
54, 61
53, 62
52, 62
53, 62
53, 62
53, 67
54, 66
55, 67
56, 67
56, 68
57, 69
56, 68
57, 67
58, 67
57, 67
57, 67
34, 45
33, 45
33, 44
34, 45
34, 46
34, 45
34, 45
44, 51
43, 51
44, 50
44, 49
43, 48
44, 47
43, 48
44, 49
44, 49
63, 74
64, 74
65, 73
66, 72
65, 72
66, 73
66, 73
64, 66
63, 67
63, 66
62, 66
63, 66
62, 66
61, 67
61, 68
61, 67
61, 67
45, 52
44, 52
45, 51
44, 51
45, 51
46, 52
47, 53
48, 52
49, 52
49, 52
49, 43
50, 42
51, 42
52, 41
51, 40
51, 40
59, 33
60, 34
61, 34
60, 34
61, 35
62, 34
61, 33
62, 33
62, 34
62, 34
43, 55
42, 54
41, 55
41, 56
42, 56
42, 57
42, 56
42, 57
41, 58
41, 58
53, 78
52, 78
53, 78
52, 79
51, 80
52, 81
52, 82
51, 82
51, 82
51, 66
50, 67
51, 66
51, 67
52, 68
51, 68
50, 68
51, 67
51, 67
52, 68
53, 69
54, 70
54, 71
53, 70
52, 71
52, 72
52, 71
53, 71
53, 72
53, 72
62, 33
61, 33
61, 34
60, 34
61, 33
60, 33
60, 34
59, 35
59, 35
56, 61
56, 60
56, 59
55, 58
56, 57
56, 58
57, 58
57, 59
57, 59
45, 52
46, 52
47, 51
47, 50
46, 49
46, 50
47, 50
47, 49
46, 50
46, 50
52, 53
51, 54
51, 55
50, 55
51, 56
52, 56
51, 56
51, 56
33, 60
34, 61
35, 60
35, 61
35, 62
35, 63
35, 63
40, 57
41, 56
41, 57
41, 56
42, 56
41, 55
41, 54
41, 54
21, 50
20, 49
20, 50
21, 49
22, 49
22, 50
22, 51
22, 50
21, 50
22, 50
22, 50
51, 54
52, 55
53, 54
54, 55
55, 55
56, 54
56, 55
55, 54
54, 53
54, 53
56, 76
55, 76
56, 76
55, 76
54, 75
54, 74
55, 73
54, 73
53, 73
53, 73
44, 46
43, 46
42, 47
41, 47
41, 48
41, 49
41, 48
40, 48
40, 49
41, 49
41, 49
45, 50
46, 49
45, 49
45, 48
45, 47
44, 47
43, 46
44, 47
44, 47
46, 43
46, 42
45, 42
46, 43
45, 42
46, 42
46, 41
46, 40
46, 40
57, 68
58, 68
57, 69
56, 68
57, 67
58, 66
58, 65
57, 66
56, 65
55, 64
55, 64
52, 83
53, 84
53, 83
52, 83
53, 82
54, 81
53, 82
52, 83
52, 83
50, 41
50, 40
49, 39
50, 39
49, 39
49, 40
48, 40
47, 39
46, 39
46, 39
40, 59
39, 58
40, 57
40, 56
40, 57
40, 57
49, 73
49, 74
48, 74
48, 73
47, 72
48, 73
48, 72
47, 71
46, 72
46, 72
67, 65
66, 65
65, 64
66, 63
67, 62
66, 61
67, 61
66, 61
65, 61
65, 61
49, 51
48, 51
47, 51
47, 50
46, 49
46, 49
54, 62
53, 63
52, 62
51, 61
52, 62
52, 62
61, 66
61, 67
60, 68
61, 68
60, 67
59, 67
59, 67
43, 68
43, 67
42, 68
41, 68
40, 67
41, 68
41, 68
67, 73
68, 72
67, 71
67, 72
67, 73
67, 73
33, 44
32, 45
32, 46
32, 45
33, 45
32, 46
31, 46
30, 46
31, 45
31, 45
46, 71
45, 70
44, 70
44, 71
43, 72
42, 72
41, 72
41, 72
51, 84
52, 84
53, 85
53, 86
52, 87
52, 88
52, 88
47, 49
48, 50
49, 51
48, 51
48, 50
49, 50
48, 49
48, 49
41, 57
42, 56
43, 55
44, 55
44, 54
44, 54
23, 49
23, 48
22, 49
21, 49
22, 49
21, 49
21, 50
20, 49
19, 49
19, 50
19, 50
58, 34
58, 35
59, 35
60, 34
61, 33
62, 32
63, 32
63, 32
53, 54
53, 55
52, 55
51, 56
50, 57
49, 57
50, 57
50, 57
56, 60
56, 59
55, 58
55, 59
54, 59
55, 59
54, 59
55, 60
55, 60
45, 48
45, 47
46, 46
46, 45
45, 46
45, 45
46, 46
47, 46
48, 45
49, 46
49, 46
68, 72
69, 71
70, 70
70, 71
69, 72
68, 73
69, 74
69, 74
54, 74
53, 73
54, 73
53, 74
52, 74
52, 74
58, 66
58, 65
59, 66
60, 66
59, 67
59, 66
59, 67
59, 67
53, 73
52, 74
51, 74
50, 75
49, 74
49, 74
52, 63
51, 62
51, 63
51, 62
52, 63
53, 63
52, 62
52, 62
46, 41
45, 41
46, 41
47, 42
46, 43
46, 43
42, 50
42, 51
42, 52
41, 52
40, 52
41, 51
40, 51
40, 51
46, 48
47, 47
48, 46
48, 47
49, 46
48, 47
47, 47
46, 48
45, 49
44, 49
44, 49
42, 54
42, 55
41, 56
42, 55
41, 54
41, 54
46, 40
47, 40
46, 40
47, 39
48, 39
49, 38
49, 39
49, 39
32, 44
33, 45
32, 44
31, 43
31, 44
31, 44
50, 56
51, 57
50, 57
50, 58
49, 59
48, 58
48, 58
64, 60
63, 59
64, 58
65, 58
64, 58
64, 57
64, 58
65, 59
64, 60
64, 60
42, 68
42, 67
43, 68
42, 69
42, 70
42, 70
34, 64
33, 64
33, 63
33, 64
34, 64
34, 64
54, 65
55, 64
56, 64
57, 63
56, 63
56, 63
42, 72
43, 71
44, 72
43, 71
44, 71
43, 70
43, 69
43, 69
43, 49
44, 50
44, 49
44, 50
43, 50
42, 51
42, 51
58, 67
59, 68
58, 67
59, 68
60, 67
61, 68
60, 69
59, 70
59, 69
60, 69
60, 69
42, 53
43, 53
44, 53
45, 53
45, 54
44, 54
45, 53
44, 52
44, 53
44, 53
47, 59
48, 60
49, 61
50, 60
51, 61
50, 61
50, 60
50, 60
48, 46
48, 47
49, 48
50, 47
51, 46
51, 46
49, 75
50, 76
49, 76
50, 77
50, 76
49, 76
49, 77
49, 77
52, 63
53, 62
53, 61
54, 61
55, 62
56, 61
55, 61
55, 61
18, 49
19, 50
18, 51
17, 52
16, 51
15, 51
16, 52
16, 51
17, 50
17, 50
62, 33
62, 32
63, 31
62, 32
63, 31
62, 31
63, 32
63, 31
63, 31
57, 63
58, 64
58, 63
58, 62
57, 63
56, 62
57, 61
57, 61
43, 71
42, 70
41, 70
40, 71
39, 71
39, 70
40, 70
40, 70
49, 38
49, 37
48, 36
49, 37
48, 37
48, 36
49, 36
49, 36
39, 51
40, 51
41, 51
42, 51
43, 51
43, 51
49, 57
48, 56
47, 55
47, 54
48, 55
47, 55
48, 55
48, 55
45, 42
44, 41
44, 42
45, 41
46, 40
47, 40
47, 41
47, 41
53, 89
54, 89
53, 90
53, 89
53, 90
54, 91
53, 90
54, 90
53, 90
53, 89
53, 89
69, 75
68, 76
69, 76
69, 77
69, 76
68, 77
68, 77
43, 55
44, 55
44, 54
43, 55
42, 56
43, 55
44, 56
44, 56
35, 65
34, 65
33, 64
32, 65
31, 64
31, 64
49, 49
50, 48
49, 47
50, 47
50, 46
51, 47
52, 46
53, 45
54, 46
55, 45
55, 45
30, 43
29, 44
29, 43
30, 42
30, 43
29, 43
30, 43
30, 42
29, 41
28, 41
28, 41
55, 59
56, 58
55, 57
54, 57
55, 58
55, 58
64, 59
65, 60
65, 59
65, 58
65, 57
66, 57
66, 57
51, 73
51, 74
50, 75
50, 76
51, 75
52, 75
52, 76
53, 76
54, 76
53, 75
53, 75
28, 40
27, 39
27, 38
27, 39
27, 40
27, 41
27, 41
48, 41
48, 40
49, 39
48, 39
47, 38
46, 38
45, 38
46, 37
45, 38
45, 38
44, 52
43, 51
43, 50
42, 49
42, 50
42, 50
53, 88
54, 88
54, 89
53, 89
52, 88
52, 88
64, 32
64, 31
63, 32
64, 32
63, 31
63, 31
43, 52
42, 52
41, 51
40, 51
41, 50
41, 50
51, 61
51, 60
50, 59
51, 60
50, 60
51, 61
51, 61
43, 56
42, 56
41, 56
40, 55
41, 56
40, 57
40, 57
43, 52
44, 51
43, 51
44, 50
43, 50
43, 50
48, 37
47, 36
46, 35
45, 34
44, 33
45, 33
46, 34
46, 33
45, 33
46, 32
46, 32
58, 60
57, 60
56, 61
56, 62
55, 61
56, 62
57, 62
58, 62
58, 61
58, 61
16, 51
15, 50
16, 50
15, 49
16, 50
17, 50
18, 49
18, 50
18, 50
47, 55
47, 54
46, 53
46, 54
47, 55
48, 54
48, 54
54, 62
55, 61
55, 62
55, 63
54, 62
54, 63
55, 64
56, 64
56, 64
53, 76
54, 76
53, 77
53, 78
54, 78
54, 79
54, 79
69, 76
69, 75
68, 74
68, 73
67, 72
68, 71
68, 71
54, 59
54, 58
54, 59
55, 58
56, 57
56, 56
57, 57
57, 57
43, 70
42, 70
41, 71
42, 70
43, 69
44, 70
45, 69
45, 69
59, 69
58, 70
57, 70
56, 71
56, 72
56, 71
55, 70
56, 69
56, 70
56, 70
51, 45
52, 46
53, 45
54, 44
53, 44
53, 45
54, 45
55, 44
54, 44
54, 44
31, 63
32, 64
33, 64
33, 65
33, 64
33, 64
50, 78
49, 78
48, 79
49, 79
48, 80
48, 79
47, 80
46, 79
47, 79
48, 80
48, 80
54, 46
55, 46
56, 46
57, 47
56, 48
57, 47
57, 48
57, 49
58, 50
58, 49
58, 49
67, 57
68, 57
67, 57
68, 58
69, 59
68, 58
68, 58
39, 69
38, 70
39, 70
39, 71
39, 72
39, 71
38, 72
37, 73
37, 73
47, 55
47, 56
47, 55
46, 54
47, 54
47, 54
45, 70
45, 69
46, 70
45, 70
45, 69
46, 68
47, 68
47, 67
46, 67
46, 68
46, 68
55, 43
56, 42
57, 43
56, 44
56, 45
57, 44
58, 44
59, 43
59, 42
59, 42
59, 50
60, 49
59, 50
58, 50
58, 49
57, 48
57, 49
58, 50
59, 49
60, 48
60, 48
67, 70
68, 71
68, 72
68, 73
68, 74
68, 74
57, 63
56, 63
55, 64
55, 65
54, 64
55, 63
56, 63
56, 63
40, 49
40, 50
40, 49
39, 49
39, 50
38, 49
38, 49
63, 32
64, 31
65, 31
64, 31
63, 31
62, 31
62, 32
63, 32
63, 32
45, 33
45, 32
46, 31
45, 31
46, 30
45, 30
46, 30
47, 30
48, 29
48, 29
47, 79
48, 78
47, 79
48, 80
47, 81
46, 82
45, 82
46, 83
45, 83
46, 83
46, 83
52, 60
52, 61
53, 60
53, 61
52, 60
53, 60
54, 61
54, 60
55, 59
56, 60
56, 60
32, 64
32, 63
33, 62
34, 63
35, 64
35, 64
45, 37
46, 38
45, 39
44, 40
44, 39
43, 39
43, 40
43, 41
42, 41
42, 41
67, 58
67, 57
68, 58
68, 57
68, 58
67, 58
68, 59
69, 60
69, 61
69, 61
58, 56
58, 55
57, 54
57, 55
56, 55
55, 56
55, 57
54, 58
54, 59
55, 60
55, 60
53, 80
52, 80
51, 80
50, 79
51, 79
50, 80
49, 79
50, 79
49, 78
49, 78
53, 88
54, 89
53, 89
54, 89
54, 90
54, 90
26, 41
26, 42
25, 43
24, 44
25, 43
24, 44
25, 44
24, 43
25, 42
25, 42
39, 56
40, 56
41, 57
40, 58
41, 57
42, 56
42, 56
59, 61
58, 62
59, 61
59, 60
59, 61
58, 62
57, 63
57, 63
44, 50
45, 51
44, 50
43, 51
44, 51
43, 52
42, 51
43, 50
43, 50
37, 74
38, 73
37, 74
36, 74
35, 73
36, 72
35, 73
34, 73
33, 73
33, 73
55, 69
56, 70
55, 69
54, 70
53, 69
53, 68
54, 68
54, 68
43, 50
43, 49
43, 50
43, 51
42, 52
42, 52
18, 51
19, 51
20, 52
21, 52
20, 52
19, 51
19, 51
48, 30
48, 29
48, 30
47, 30
46, 30
45, 30
45, 31
46, 31
45, 32
46, 31
46, 31
34, 65
34, 66
34, 65
35, 65
34, 64
34, 64
42, 55
42, 54
43, 55
44, 54
44, 55
43, 54
42, 55
42, 54
43, 53
43, 53
55, 90
54, 90
53, 91
53, 90
54, 89
53, 89
53, 89
49, 79
50, 79
49, 79
50, 78
51, 79
51, 79
69, 74
68, 73
68, 72
67, 73
67, 74
66, 75
66, 75
42, 50
42, 49
43, 48
42, 47
42, 48
42, 48
42, 51
42, 50
41, 50
40, 49
40, 48
41, 47
42, 48
42, 47
42, 47
45, 67
44, 67
44, 66
44, 65
43, 64
42, 65
41, 64
41, 64
59, 41
60, 41
61, 40
60, 41
61, 41
61, 40
61, 39
60, 38
61, 39
61, 38
61, 38
32, 72
33, 73
33, 72
34, 72
33, 72
34, 72
34, 71
34, 71
45, 82
44, 82
45, 81
45, 82
46, 82
47, 83
47, 83
57, 60
57, 61
56, 60
55, 61
54, 60
55, 61
56, 62
57, 62
57, 62
55, 69
56, 68
55, 67
54, 67
55, 66
56, 65
55, 65
55, 65
41, 40
41, 39
42, 39
41, 38
41, 37
41, 37
59, 47
60, 46
60, 47
60, 46
61, 47
60, 47
61, 48
60, 47
61, 48
61, 48
70, 60
69, 60
68, 59
67, 60
68, 59
69, 60
69, 60
63, 31
64, 32
63, 31
62, 31
63, 32
64, 32
65, 31
65, 31
25, 43
24, 43
25, 43
25, 44
26, 45
25, 44
25, 44
20, 52
20, 51
19, 50
20, 49
19, 50
19, 49
18, 50
18, 50
37, 48
37, 47
38, 47
37, 48
36, 49
36, 49
56, 61
57, 62
57, 61
58, 62
59, 62
60, 62
61, 62
60, 61
60, 62
60, 62
46, 54
45, 53
44, 53
43, 52
42, 52
42, 52
58, 64
59, 65
60, 64
59, 65
58, 64
58, 64
55, 62
54, 61
55, 62
56, 63
56, 62
56, 63
56, 62
56, 61
55, 60
55, 60
18, 51
19, 52
19, 53
20, 54
19, 54
20, 55
19, 56
18, 55
17, 55
17, 55
60, 49
59, 48
58, 47
59, 47
60, 47
60, 47
41, 47
40, 48
40, 47
39, 47
38, 48
39, 47
40, 47
41, 47
41, 47
26, 45
27, 44
26, 45
27, 45
28, 44
29, 43
28, 44
28, 45
28, 45
68, 59
67, 58
66, 57
65, 56
66, 57
65, 56
66, 56
65, 57
65, 57
67, 76
66, 77
67, 76
66, 77
65, 77
65, 78
66, 78
66, 79
65, 78
65, 78
45, 31
46, 31
47, 32
46, 32
46, 31
47, 31
46, 32
47, 32
47, 32
64, 32
65, 31
64, 32
63, 31
62, 32
62, 31
62, 31
42, 63
41, 62
40, 61
39, 62
38, 63
37, 63
36, 62
36, 63
37, 64
37, 64
57, 63
56, 63
56, 62
55, 63
55, 62
54, 62
55, 62
55, 63
55, 64
56, 65
56, 65
35, 70
36, 69
36, 68
37, 68
37, 67
38, 67
37, 66
37, 65
37, 65
61, 37
62, 36
63, 37
64, 38
63, 39
63, 39
43, 52
42, 53
41, 53
40, 53
41, 53
40, 53
39, 54
40, 53
40, 54
39, 55
39, 55
52, 80
52, 81
51, 80
52, 80
51, 80
51, 80
42, 36
41, 37
42, 37
43, 36
42, 37
43, 37
42, 36
42, 37
42, 37
37, 50
36, 50
37, 51
36, 52
37, 53
37, 53
42, 53
41, 53
42, 52
42, 51
42, 52
41, 51
41, 51
54, 64
55, 64
55, 65
54, 66
53, 65
53, 65
61, 61
61, 62
61, 61
60, 62
59, 62
60, 63
61, 63
61, 63
48, 84
49, 84
50, 84
51, 85
51, 84
50, 84
50, 85
49, 85
50, 86
50, 86
35, 65
36, 65
36, 64
35, 65
36, 64
37, 65
37, 65
42, 49
43, 48
42, 47
41, 48
40, 47
40, 48
39, 49
38, 49
37, 50
37, 50
54, 89
53, 90
54, 91
53, 92
53, 91
54, 90
54, 91
53, 92
54, 91
55, 90
55, 90
57, 64
57, 65
56, 65
56, 64
57, 64
56, 63
56, 64
56, 64
56, 60
56, 61
57, 62
56, 61
56, 62
56, 61
56, 60
56, 60
41, 48
40, 47
40, 48
39, 48
40, 47
40, 47
40, 50
39, 49
38, 48
39, 49
38, 48
39, 47
38, 47
39, 48
38, 48
37, 47
37, 47
54, 64
53, 65
54, 65
55, 65
56, 64
57, 63
57, 64
57, 63
56, 63
57, 63
57, 63
38, 51
37, 51
38, 50
39, 49
38, 48
37, 47
38, 46
37, 46
38, 47
38, 47
36, 66
37, 67
38, 66
37, 66
36, 67
36, 66
37, 67
38, 66
39, 66
39, 66
64, 78
63, 79
64, 80
65, 81
66, 82
65, 83
65, 82
64, 82
64, 82
38, 65
39, 66
38, 66
39, 67
40, 66
40, 66
49, 87
49, 86
49, 87
49, 86
48, 85
48, 85
61, 46
61, 47
62, 46
61, 47
60, 48
60, 47
61, 47
60, 46
61, 46
61, 46
41, 37
42, 36
41, 37
42, 38
43, 37
43, 38
43, 39
43, 40
42, 39
41, 39
41, 39
62, 40
61, 41
62, 40
61, 41
60, 40
60, 39
59, 39
60, 38
59, 38
60, 39
60, 39
27, 46
26, 46
27, 47
26, 47
27, 48
27, 48
56, 89
56, 88
57, 88
58, 89
57, 90
58, 90
57, 90
57, 90
56, 64
56, 65
55, 66
56, 65
57, 65
57, 64
57, 64
61, 64
60, 65
61, 65
60, 64
61, 65
60, 66
61, 66
61, 67
61, 67
56, 65
55, 64
54, 65
55, 66
54, 66
54, 65
53, 65
53, 64
52, 65
52, 65
36, 54
35, 55
36, 56
37, 55
36, 55
37, 56
37, 57
37, 57
62, 32
63, 32
64, 32
63, 31
62, 31
62, 32
63, 31
63, 31
52, 79
53, 80
54, 79
54, 78
53, 78
52, 79
53, 78
52, 78
51, 78
51, 79
51, 79
65, 58
64, 59
63, 60
64, 61
65, 62
65, 63
65, 63
55, 59
54, 58
53, 58
52, 59
52, 60
51, 60
51, 59
52, 58
52, 58
36, 63
36, 62
36, 61
35, 60
36, 59
36, 58
36, 57
35, 58
35, 58
48, 32
49, 33
48, 33
49, 34
50, 34
51, 34
52, 34
51, 33
51, 33
38, 56
37, 56
37, 57
36, 58
35, 57
36, 57
35, 58
35, 57
35, 57
18, 56
17, 55
16, 55
15, 55
15, 54
14, 53
14, 54
14, 54
57, 63
58, 62
59, 63
60, 64
59, 64
59, 65
59, 66
59, 66
40, 38
41, 39
41, 40
40, 40
41, 39
40, 38
40, 38
40, 65
39, 64
40, 64
39, 64
40, 64
39, 64
38, 65
38, 65
53, 59
52, 59
52, 58
52, 59
52, 58
53, 59
52, 59
53, 58
53, 58
38, 58
37, 59
38, 58
37, 59
36, 59
35, 60
34, 60
34, 59
35, 58
35, 58
51, 66
50, 66
51, 67
52, 68
52, 69
53, 70
52, 69
51, 69
52, 69
52, 69
34, 57
33, 57
34, 56
35, 55
35, 56
35, 56
37, 46
36, 45
35, 45
34, 46
35, 45
34, 44
33, 45
33, 46
33, 46
60, 47
61, 47
62, 46
61, 47
60, 48
59, 48
59, 48
51, 32
52, 31
51, 31
52, 32
53, 32
54, 31
53, 31
54, 32
53, 31
52, 30
52, 30
39, 67
38, 68
39, 68
38, 69
38, 70
39, 70
39, 71
39, 71
61, 40
62, 39
61, 39
60, 39
61, 38
60, 37
61, 38
60, 38
61, 37
61, 36
61, 36
49, 85
50, 84
51, 85
51, 84
52, 84
51, 83
51, 84
50, 83
49, 82
49, 82
65, 81
64, 82
65, 83
66, 83
66, 82
66, 82
39, 48
40, 47
41, 48
42, 48
43, 49
44, 49
43, 48
44, 49
45, 48
46, 47
46, 47
56, 89
56, 88
57, 88
56, 87
55, 86
54, 85
54, 84
54, 85
53, 85
53, 85
38, 48
37, 49
36, 48
35, 48
36, 48
37, 48
37, 49
38, 48
38, 48
56, 62
55, 61
54, 62
55, 62
55, 61
55, 60
55, 59
55, 59
60, 66
60, 65
60, 66
60, 65
59, 66
58, 66
58, 66
36, 57
35, 56
34, 55
35, 55
36, 56
36, 55
35, 56
35, 56
50, 79
51, 79
51, 80
52, 80
53, 81
53, 80
53, 80
64, 62
63, 61
62, 61
62, 62
62, 61
63, 61
64, 61
64, 62
64, 62
28, 47
28, 48
29, 49
30, 50
31, 51
31, 51
15, 53
16, 53
17, 54
16, 53
17, 54
18, 53
19, 54
19, 53
18, 54
18, 54
64, 31
63, 32
62, 32
62, 33
63, 33
64, 34
63, 35
62, 36
63, 37
63, 37
67, 82
67, 81
66, 82
67, 82
66, 82
65, 81
64, 81
64, 81
54, 57
53, 56
53, 57
54, 57
54, 58
54, 59
55, 58
56, 57
57, 57
56, 56
56, 56
40, 70
41, 71
42, 70
43, 70
44, 71
44, 72
44, 72
54, 79
55, 78
56, 79
56, 78
56, 79
55, 78
54, 77
55, 78
56, 78
56, 78
63, 61
64, 61
63, 61
62, 61
63, 60
63, 60
35, 55
34, 55
34, 56
34, 57
34, 58
33, 57
32, 58
32, 57
32, 58
32, 58
39, 38
40, 37
41, 36
41, 37
42, 38
41, 38
41, 37
42, 37
41, 37
41, 37
47, 46
46, 47
47, 46
48, 47
49, 47
49, 48
48, 47
48, 47
34, 46
34, 47
33, 47
33, 48
33, 49
33, 48
32, 49
31, 49
30, 50
30, 50
58, 65
59, 66
59, 67
58, 66
57, 66
58, 65
58, 65
62, 36
63, 36
62, 35
61, 35
60, 35
61, 34
61, 33
62, 34
62, 34
38, 47
38, 48
37, 49
36, 50
37, 49
36, 49
37, 49
38, 49
38, 49
56, 58
56, 59
56, 60
57, 59
56, 60
55, 61
54, 61
53, 60
53, 59
54, 58
54, 58
54, 84
55, 85
54, 86
53, 86
54, 86
54, 87
54, 88
54, 89
53, 88
53, 87
53, 87
51, 31
50, 32
50, 31
50, 32
49, 31
48, 31
47, 32
47, 32
60, 48
59, 48
60, 49
61, 48
60, 48
59, 48
59, 47
59, 47
32, 51
31, 51
32, 51
32, 50
31, 50
31, 50
36, 59
37, 58
38, 58
38, 59
37, 60
38, 59
37, 59
37, 59
39, 66
40, 65
39, 64
38, 64
38, 65
39, 66
39, 66
62, 36
63, 35
63, 34
64, 35
65, 35
64, 35
65, 35
66, 34
66, 34
18, 53
18, 52
19, 51
18, 50
17, 50
17, 50
35, 57
35, 58
36, 57
35, 57
35, 58
34, 58
35, 57
35, 57
50, 82
49, 82
49, 83
48, 84
49, 85
49, 84
50, 85
49, 85
50, 85
50, 85
52, 70
52, 69
52, 70
51, 70
51, 71
52, 70
53, 69
54, 69
54, 69
58, 67
59, 68
60, 69
59, 69
58, 69
57, 70
56, 70
57, 70
56, 70
56, 70
56, 71
55, 71
54, 72
53, 73
52, 73
53, 74
54, 73
54, 73
57, 65
58, 65
59, 66
58, 66
58, 65
57, 66
56, 67
57, 68
57, 68
31, 59
32, 59
32, 60
31, 60
30, 60
31, 60
30, 59
30, 59
40, 65
39, 65
39, 66
39, 67
38, 67
37, 67
37, 67
67, 34
66, 34
67, 34
66, 34
66, 35
66, 34
66, 35
66, 35
50, 84
51, 83
50, 83
49, 84
48, 83
48, 82
49, 83
49, 84
49, 85
48, 86
48, 86
40, 38
41, 38
40, 38
41, 37
42, 37
43, 36
43, 36
58, 48
58, 49
58, 50
59, 49
58, 50
57, 49
58, 50
59, 49
59, 48
59, 48
31, 51
31, 52
32, 52
33, 53
34, 53
34, 53
47, 33
48, 33
47, 32
46, 31
45, 30
44, 30
45, 31
44, 31
44, 31
64, 61
63, 60
63, 61
64, 62
63, 63
64, 64
65, 65
64, 66
64, 66
55, 69
54, 69
53, 69
54, 69
53, 70
54, 70
54, 70
63, 81
63, 82
63, 83
62, 83
61, 82
62, 81
63, 81
62, 81
62, 82
62, 82
43, 73
43, 72
42, 73
43, 72
44, 72
45, 71
46, 70
46, 71
46, 72
47, 71
47, 71
34, 56
34, 57
35, 57
36, 56
37, 55
37, 56
36, 57
37, 58
36, 57
36, 57
38, 48
37, 48
38, 49
39, 50
40, 51
40, 51
56, 57
55, 58
56, 57
56, 56
57, 55
58, 54
58, 53
57, 53
58, 53
58, 54
58, 54
54, 59
53, 60
53, 59
52, 59
53, 60
53, 60
37, 58
38, 58
38, 57
38, 56
37, 55
38, 56
38, 56
47, 48
46, 49
47, 49
47, 48
46, 49
46, 50
45, 49
46, 48
47, 49
47, 50
47, 50
16, 51
15, 50
15, 51
16, 52
15, 52
16, 52
17, 51
17, 50
16, 50
15, 49
15, 49
29, 50
30, 51
29, 51
30, 52
29, 53
30, 54
29, 54
30, 53
30, 53
63, 34
62, 35
62, 36
61, 36
61, 37
61, 36
60, 36
60, 36
53, 88
54, 87
53, 87
54, 88
53, 87
53, 88
54, 87
54, 87
55, 77
55, 78
56, 79
56, 80
55, 80
55, 79
56, 80
56, 80
37, 55
37, 56
38, 55
38, 54
39, 53
38, 54
38, 54
34, 52
35, 53
35, 52
34, 51
33, 51
33, 50
34, 49
35, 49
35, 49
58, 55
57, 54
56, 54
57, 54
58, 55
58, 56
57, 57
57, 57
15, 48
16, 47
15, 46
16, 46
17, 45
16, 45
17, 45
17, 45
61, 36
60, 36
61, 37
61, 36
62, 36
63, 37
63, 36
63, 36
59, 47
58, 48
57, 47
58, 47
59, 47
60, 47
60, 48
60, 47
60, 46
61, 46
61, 46
48, 50
48, 49
47, 50
48, 50
48, 49
49, 48
49, 48
29, 52
30, 51
31, 50
32, 49
31, 50
31, 50
54, 69
53, 69
52, 68
52, 69
53, 68
54, 67
55, 68
56, 67
56, 67
29, 58
28, 58
28, 59
29, 60
29, 59
29, 59
47, 85
46, 85
47, 84
46, 83
45, 84
46, 83
46, 84
47, 84
48, 84
48, 84
43, 32
44, 32
45, 32
45, 31
45, 30
46, 30
46, 31
47, 30
47, 30
65, 36
64, 36
64, 35
64, 34
65, 34
64, 34
63, 34
62, 33
62, 33
63, 67
64, 66
65, 66
64, 65
64, 64
63, 64
62, 65
62, 66
62, 66
36, 68
35, 68
34, 69
33, 68
33, 69
32, 68
32, 68
55, 72
56, 71
55, 72
55, 73
56, 74
56, 73
57, 74
56, 74
55, 75
55, 75
46, 72
47, 72
46, 71
47, 71
46, 70
45, 71
46, 71
46, 70
45, 71
45, 71
61, 83
61, 82
61, 83
60, 83
61, 84
62, 85
61, 84
62, 84
62, 84
58, 67
59, 67
58, 67
57, 67
57, 66
58, 67
59, 67
59, 67
44, 35
43, 35
43, 34
42, 33
43, 34
43, 33
42, 34
43, 35
42, 36
42, 36
39, 52
40, 53
41, 52
42, 52
42, 53
42, 52
41, 53
40, 54
40, 53
40, 52
40, 52
36, 56
35, 55
35, 54
35, 53
35, 54
35, 54
53, 61
53, 62
52, 63
51, 63
52, 64
51, 65
51, 64
51, 64
55, 79
56, 79
55, 80
56, 81
57, 80
56, 80
56, 80
53, 87
52, 87
53, 87
53, 88
52, 87
52, 87
56, 76
57, 75
58, 74
57, 75
58, 74
57, 74
57, 75
57, 74
57, 75
56, 76
56, 76
48, 85
47, 85
47, 86
48, 87
47, 86
48, 85
47, 85
47, 85
34, 49
33, 48
33, 47
34, 48
33, 49
33, 48
32, 49
32, 49
58, 56
59, 57
58, 56
57, 55
58, 56
58, 57
59, 57
59, 57
59, 68
58, 67
59, 66
59, 65
59, 64
60, 63
59, 64
59, 64
46, 72
46, 71
45, 71
45, 72
46, 73
46, 73
62, 34
62, 33
61, 34
60, 33
61, 34
62, 35
63, 34
62, 35
62, 35
48, 48
49, 48
49, 47
49, 46
48, 45
49, 44
48, 44
48, 45
48, 45
31, 68
30, 68
30, 69
31, 70
30, 69
30, 70
29, 70
30, 70
29, 71
29, 72
29, 72
38, 55
39, 54
40, 54
39, 53
38, 54
39, 54
40, 55
39, 56
39, 56
62, 45
62, 44
62, 45
61, 46
62, 46
63, 45
63, 46
63, 46
61, 85
60, 86
60, 87
60, 88
61, 88
62, 88
62, 88
17, 44
16, 44
16, 43
17, 43
17, 44
16, 43
16, 43
32, 49
32, 50
31, 51
30, 50
31, 51
31, 50
31, 49
32, 50
32, 50
42, 37
43, 38
43, 37
44, 38
45, 39
45, 38
45, 38
56, 68
56, 67
55, 68
56, 68
55, 69
55, 69
53, 86
53, 85
52, 86
52, 85
53, 84
53, 84
56, 81
57, 80
58, 81
59, 82
58, 82
58, 82
51, 63
52, 64
51, 63
50, 64
49, 65
48, 66
48, 66
47, 31
48, 32
49, 33
50, 32
49, 31
50, 31
50, 32
51, 33
50, 34
50, 34
62, 35
63, 34
63, 35
64, 34
63, 35
62, 36
62, 35
63, 36
64, 35
63, 34
63, 34
29, 60
30, 60
29, 61
28, 62
29, 61
28, 60
27, 61
28, 62
29, 62
30, 63
30, 63
40, 53
39, 52
40, 53
41, 53
40, 53
41, 52
42, 53
43, 52
42, 52
42, 52
62, 65
62, 66
63, 67
63, 66
62, 67
63, 66
64, 65
64, 64
65, 65
66, 65
66, 65
36, 54
36, 55
37, 56
36, 56
35, 56
35, 56
42, 53
43, 53
44, 53
43, 52
43, 53
42, 52
42, 53
42, 53
50, 33
51, 32
50, 33
51, 34
50, 34
49, 34
48, 34
48, 35
49, 35
48, 35
48, 35
30, 73
31, 74
31, 73
30, 72
30, 71
29, 70
28, 70
27, 69
26, 68
26, 68
44, 38
45, 37
44, 36
43, 37
44, 38
43, 39
42, 39
43, 38
43, 38
56, 77
57, 77
57, 76
56, 76
56, 77
57, 78
57, 77
56, 78
56, 78
58, 56
57, 56
56, 57
56, 58
56, 59
56, 59
36, 57
37, 56
38, 55
37, 56
37, 57
36, 58
36, 58
17, 44
16, 45
15, 44
14, 44
15, 45
16, 45
17, 46
18, 46
19, 45
19, 45
38, 56
37, 56
36, 56
37, 57
37, 58
36, 57
37, 57
37, 57
65, 64
65, 63
64, 63
64, 62
63, 62
64, 63
63, 63
63, 63
63, 35
64, 35
63, 35
62, 35
61, 34
61, 33
60, 34
61, 35
60, 34
60, 34
47, 74
48, 74
48, 73
48, 72
49, 73
48, 72
47, 71
48, 72
48, 73
48, 73
59, 82
60, 81
61, 82
62, 82
63, 83
63, 83
33, 49
34, 49
33, 49
32, 48
33, 49
34, 49
33, 49
33, 48
33, 47
32, 48
32, 48
31, 62
30, 63
29, 62
28, 62
29, 63
29, 64
30, 63
31, 63
30, 64
30, 64
63, 89
62, 90
61, 91
62, 90
63, 91
63, 91
55, 70
56, 70
56, 71
57, 71
57, 72
58, 71
59, 71
59, 70
60, 69
60, 69
62, 45
63, 46
64, 45
65, 45
65, 44
65, 45
66, 45
65, 45
65, 45
33, 51
34, 52
33, 52
32, 53
32, 52
33, 51
34, 51
34, 50
34, 51
34, 51
53, 85
52, 85
53, 85
54, 86
55, 86
55, 87
54, 86
54, 85
54, 85
59, 65
58, 66
59, 66
58, 67
57, 67
56, 68
56, 68
46, 86
46, 85
46, 86
47, 86
48, 86
49, 87
50, 87
49, 87
50, 88
51, 87
51, 87
48, 65
49, 66
49, 65
50, 64
51, 63
50, 62
51, 62
51, 62
47, 46
48, 47
48, 48
48, 47
47, 47
46, 46
45, 46
46, 46
46, 46
62, 34
62, 33
63, 32
64, 33
63, 32
63, 31
62, 31
63, 31
63, 31
55, 85
55, 86
55, 87
55, 86
55, 85
56, 85
56, 85
18, 46
19, 47
19, 46
20, 47
21, 47
20, 48
21, 48
21, 48
55, 68
54, 68
54, 67
54, 66
55, 65
56, 64
55, 63
55, 64
54, 63
54, 63
45, 46
46, 47
45, 46
46, 47
45, 47
45, 48
46, 47
46, 47
35, 52
36, 51
37, 51
36, 51
35, 52
35, 51
34, 51
33, 51
33, 52
33, 52
62, 83
62, 82
61, 82
60, 81
59, 80
58, 80
59, 79
59, 79
64, 64
63, 63
64, 63
64, 64
63, 64
64, 63
64, 64
63, 65
63, 65
49, 73
49, 74
48, 73
47, 74
48, 75
49, 76
48, 75
49, 75
50, 76
49, 75
49, 75
56, 77
55, 78
54, 78
55, 77
56, 77
57, 78
56, 79
56, 79
57, 60
56, 61
56, 62
57, 63
57, 64
57, 63
56, 64
55, 64
56, 64
57, 63
57, 63
35, 57
34, 58
35, 57
34, 56
33, 57
32, 57
33, 57
34, 58
34, 58
61, 35
62, 34
61, 33
62, 34
61, 33
61, 34
60, 35
60, 35
27, 67
28, 66
27, 67
26, 66
27, 66
27, 66
49, 34
50, 33
49, 33
48, 33
48, 34
49, 34
48, 33
47, 32
47, 31
47, 31
65, 44
66, 44
67, 45
68, 45
68, 46
69, 45
68, 45
68, 45
31, 65
32, 64
33, 64
33, 63
32, 62
33, 63
33, 63
64, 90
63, 89
64, 90
65, 91
64, 91
64, 91
33, 49
32, 48
32, 49
33, 50
32, 50
33, 51
33, 52
33, 52
61, 68
62, 67
61, 68
62, 67
63, 66
63, 67
62, 68
62, 68
41, 54
40, 53
40, 54
40, 55
41, 54
42, 55
43, 55
42, 56
41, 56
41, 56
64, 31
63, 32
62, 31
62, 32
61, 33
60, 33
61, 33
61, 33
50, 87
49, 88
50, 89
49, 88
50, 88
49, 87
48, 88
48, 89
48, 89
44, 38
45, 37
45, 38
44, 39
43, 40
42, 40
42, 39
43, 39
43, 40
44, 41
44, 41
37, 58
37, 57
36, 56
36, 57
37, 58
37, 58
52, 63
52, 62
53, 62
54, 61
55, 61
56, 62
57, 62
57, 62
21, 47
21, 48
20, 47
21, 47
22, 48
23, 47
23, 47
63, 66
64, 66
64, 67
65, 68
65, 67
64, 67
63, 66
63, 66
46, 48
45, 49
45, 48
45, 47
45, 48
44, 49
45, 49
46, 48
45, 48
46, 47
46, 47
60, 34
59, 34
60, 35
59, 35
58, 34
57, 33
57, 33
58, 63
58, 64
57, 65
58, 65
59, 64
59, 64
58, 78
59, 77
60, 78
60, 77
60, 78
59, 78
59, 79
59, 78
60, 79
60, 79
48, 32
49, 32
50, 32
49, 31
50, 32
49, 33
50, 34
50, 34
48, 90
49, 89
50, 89
50, 88
51, 88
52, 88
52, 87
53, 87
52, 86
52, 86
57, 61
57, 62
58, 63
57, 63
56, 62
55, 63
55, 63
57, 84
58, 85
57, 86
58, 86
59, 85
58, 84
58, 84
34, 51
34, 52
35, 52
34, 53
35, 54
36, 53
36, 53
63, 90
63, 89
64, 90
63, 90
64, 89
65, 90
65, 90
28, 66
29, 67
28, 67
27, 67
27, 66
27, 67
27, 66
27, 66
63, 69
62, 69
62, 68
61, 67
60, 68
59, 67
59, 66
58, 66
58, 66
43, 40
42, 40
43, 41
42, 40
41, 41
41, 40
41, 41
41, 41
69, 45
68, 45
67, 46
67, 47
66, 47
66, 47
57, 78
58, 78
59, 78
59, 79
60, 80
60, 80
38, 57
38, 56
39, 55
40, 56
40, 57
40, 57
42, 55
41, 54
40, 55
40, 54
40, 55
40, 55
60, 33
59, 33
60, 33
59, 33
60, 33
60, 33
32, 52
31, 53
32, 52
32, 53
31, 54
30, 53
31, 52
30, 52
31, 51
31, 51
55, 62
55, 61
56, 62
56, 61
56, 60
56, 61
56, 60
55, 61
56, 60
56, 60
33, 59
32, 60
32, 61
31, 60
31, 61
30, 61
29, 60
29, 61
29, 61
34, 63
33, 64
34, 64
35, 64
36, 63
36, 63
48, 74
47, 75
47, 76
46, 77
47, 78
46, 78
47, 77
46, 76
47, 75
47, 75
39, 57
39, 56
40, 57
40, 56
41, 57
41, 58
40, 57
40, 58
40, 57
39, 56
39, 56
39, 56
38, 57
39, 56
40, 56
41, 55
40, 54
40, 55
40, 55
36, 62
37, 61
37, 62
38, 61
38, 62
37, 63
36, 63
37, 63
38, 63
39, 62
39, 62
28, 62
27, 61
27, 60
27, 61
27, 62
28, 63
27, 63
27, 63
62, 66
63, 67
64, 67
63, 66
63, 65
63, 65
58, 64
58, 65
59, 64
60, 63
60, 64
59, 64
60, 63
60, 64
59, 65
59, 65
27, 67
26, 66
26, 65
25, 66
26, 65
25, 66
26, 65
26, 65
59, 33
58, 34
57, 33
56, 34
55, 33
56, 32
55, 32
54, 31
53, 31
53, 31
46, 46
46, 47
45, 46
44, 47
44, 48
44, 49
44, 48
44, 49
43, 49
43, 49
32, 51
31, 51
32, 51
32, 50
31, 50
31, 50
59, 67
60, 67
59, 67
60, 67
61, 67
60, 67
61, 68
62, 68
61, 68
62, 68
62, 68
65, 48
64, 47
63, 46
62, 45
62, 44
63, 44
64, 44
64, 44
36, 54
35, 54
35, 55
34, 54
35, 53
34, 52
34, 51
35, 51
36, 52
36, 52
50, 33
51, 32
52, 32
51, 31
52, 30
53, 30
53, 30
60, 79
59, 79
58, 78
59, 77
60, 77
61, 78
62, 78
61, 77
61, 76
61, 77
61, 77
65, 91
64, 91
65, 92
66, 92
66, 91
65, 90
64, 89
63, 88
62, 89
62, 88
62, 88
53, 87
53, 86
52, 85
53, 84
52, 84
51, 83
51, 82
50, 83
50, 82
50, 82
59, 85
59, 86
59, 85
58, 85
58, 84
59, 83
58, 84
58, 83
58, 83
46, 75
46, 74
47, 75
47, 74
48, 74
49, 73
49, 73
57, 61
56, 61
55, 60
56, 60
55, 61
56, 62
55, 61
55, 62
54, 63
54, 63
24, 47
24, 46
23, 45
24, 45
25, 45
24, 46
23, 47
22, 47
22, 47
59, 78
60, 78
61, 77
61, 78
60, 77
60, 77
56, 33
57, 33
56, 33
55, 33
56, 34
57, 34
56, 33
57, 33
58, 34
58, 34
55, 64
55, 63
54, 63
53, 63
52, 62
51, 63
51, 64
52, 64
52, 64
42, 40
41, 41
42, 42
43, 43
42, 43
43, 43
44, 43
43, 43
43, 43
22, 46
22, 46
23, 47
24, 48
25, 49
25, 49
26, 50
26, 50
32, 51
33, 52
34, 53
35, 54
36, 55
36, 55
61, 69
60, 70
59, 71
60, 71
60, 71
59, 72
58, 71
58, 71
58, 71
61, 87
61, 86
61, 85
61, 84
61, 83
61, 82
62, 81
62, 81
61, 81
61, 81
61, 81
53, 65
53, 66
53, 67
53, 68
53, 69
53, 70
53, 69
53, 69
53, 70
53, 70
28, 64
29, 65
30, 66
31, 67
32, 68
33, 69
34, 70
35, 71
35, 71
60, 77
60, 77
61, 78
60, 79
60, 79
61, 78
61, 78
62, 79
62, 80
62, 80
63, 81
63, 81
44, 44
45, 45
46, 46
47, 47
48, 48
49, 47
49, 47
50, 48
51, 48
51, 48
51, 48
27, 66
28, 67
29, 68
30, 69
31, 70
32, 71
31, 72
31, 72
31, 72
64, 66
64, 67
64, 67
65, 68
65, 68
66, 69
66, 70
66, 71
66, 72
66, 72
41, 56
42, 57
44, 59
45, 60
46, 61
47, 62
48, 63
49, 64
50, 65
51, 66
52, 67
51, 67
51, 67
52, 66
52, 66
52, 67
53, 68
53, 68
52, 69
52, 69
51, 81
52, 80
53, 79
54, 78
55, 77
55, 77
40, 55
40, 55
41, 56
42, 55
42, 55
43, 56
43, 55
43, 55
44, 56
46, 58
47, 59
48, 60
49, 61
50, 62
51, 61
51, 61
52, 62
52, 62
50, 74
51, 75
52, 76
51, 77
51, 77
50, 76
50, 76
51, 77
52, 78
53, 79
53, 79
60, 66
59, 65
59, 65
60, 66
60, 67
60, 66
60, 66
61, 67
61, 67
60, 68
60, 68
58, 35
58, 36
58, 37
57, 36
57, 36
58, 36
58, 36
58, 37
58, 38
58, 39
58, 40
58, 41
58, 41
54, 31
53, 31
53, 31
54, 32
55, 33
56, 34
56, 34
56, 34
37, 53
37, 52
37, 52
38, 53
39, 54
40, 55
41, 56
42, 57
42, 57
61, 78
62, 77
62, 77
63, 78
64, 79
64, 80
64, 81
64, 81
59, 82
60, 81
61, 80
62, 80
63, 80
64, 80
65, 80
66, 80
66, 80
66, 79
66, 79
66, 79
44, 50
45, 51
44, 50
44, 50
45, 51
44, 50
44, 50
44, 50
54, 62
54, 62
55, 63
56, 64
57, 65
58, 66
58, 66
39, 61
39, 61
40, 62
41, 63
40, 62
40, 62
41, 63
41, 62
41, 62
41, 62
63, 45
64, 45
64, 45
63, 46
62, 47
61, 47
61, 47
60, 48
59, 49
59, 49
54, 32
55, 33
55, 33
56, 34
56, 35
56, 34
56, 34
56, 35
55, 34
55, 34
56, 35
56, 35
56, 35
59, 72
60, 72
60, 72
60, 72
60, 72
60, 72
42, 63
43, 64
44, 65
44, 65
45, 66
46, 67
46, 67
47, 68
48, 69
49, 70
49, 70
30, 72
30, 72
29, 71
29, 71
30, 72
31, 73
32, 74
32, 74
59, 67
60, 68
61, 69
60, 68
60, 68
61, 69
62, 70
63, 71
64, 72
65, 73
65, 73
45, 51
46, 52
47, 53
48, 54
49, 55
49, 55
65, 80
65, 80
64, 80
63, 80
62, 80
61, 80
60, 80
59, 80
59, 80
60, 79
60, 79
60, 79
61, 69
62, 70
62, 70
63, 70
63, 69
63, 69
64, 70
64, 70
64, 70
65, 73
64, 74
63, 75
62, 75
61, 75
61, 75
61, 75
61, 75
56, 78
57, 78
58, 78
58, 77
58, 77
59, 77
59, 77
60, 78
61, 78
62, 78
62, 78
57, 42
57, 43
57, 44
57, 45
57, 47
57, 48
57, 49
57, 50
57, 51
57, 53
57, 54
57, 55
57, 56
57, 57
57, 58
57, 59
57, 60
57, 61
57, 62
57, 63
57, 64
57, 64
58, 50
56, 52
56, 53
56, 54
56, 55
56, 56
56, 57
55, 56
55, 56
54, 56
54, 56
55, 57
56, 58
56, 59
56, 60
56, 60
55, 35
55, 36
55, 37
56, 36
56, 36
55, 37
55, 37
65, 78
64, 77
65, 76
65, 76
64, 75
63, 74
63, 74
60, 82
59, 82
58, 82
57, 82
56, 82
57, 83
57, 83
56, 82
55, 82
54, 82
54, 82
51, 62
51, 62
51, 63
51, 63
51, 62
51, 62
50, 62
50, 62
51, 63
52, 64
53, 65
54, 66
55, 67
55, 67
37, 56
38, 57
39, 58
40, 59
41, 60
42, 59
42, 59
44, 61
45, 62
46, 63
47, 64
48, 65
49, 66
50, 67
51, 68
52, 69
53, 70
53, 70
44, 59
45, 60
46, 61
47, 62
48, 63
49, 64
50, 65
51, 66
52, 67
53, 68
52, 69
52, 69
53, 70
54, 71
55, 72
55, 73
55, 73
57, 36
58, 37
59, 38
60, 39
61, 40
63, 42
64, 43
65, 44
66, 45
67, 46
68, 47
69, 48
70, 49
70, 51
70, 52
70, 53
70, 54
70, 55
70, 56
70, 57
70, 58
70, 58
62, 82
61, 83
60, 83
59, 83
58, 83
57, 82
57, 82
56, 83
56, 83
54, 80
54, 79
54, 79
55, 80
56, 81
57, 82
57, 83
57, 84
57, 85
57, 85
54, 71
55, 72
56, 73
57, 74
57, 75
57, 75
36, 72
37, 73
38, 74
39, 75
40, 76
39, 75
39, 75
40, 76
41, 76
42, 76
43, 76
43, 76
27, 51
28, 52
29, 53
30, 52
30, 52
31, 53
32, 54
31, 55
31, 55
32, 56
32, 56
52, 49
53, 50
54, 51
54, 53
54, 54
54, 55
54, 56
54, 57
54, 58
54, 59
54, 60
54, 61
54, 62
54, 62
53, 70
54, 71
55, 72
56, 73
57, 74
58, 75
59, 76
60, 77
61, 78
61, 78
50, 56
51, 57
52, 58
53, 59
54, 60
55, 61
56, 62
57, 63
57, 63
58, 65
57, 66
57, 66
58, 67
58, 67
59, 68
60, 69
61, 70
61, 70
55, 82
55, 81
55, 81
55, 80
55, 80
55, 79
55, 79
55, 80
55, 80
55, 80
62, 74
63, 74
64, 74
65, 74
66, 74
67, 74
66, 74
66, 74
67, 74
68, 74
68, 74
52, 71
52, 72
52, 73
53, 73
53, 73
52, 74
52, 75
52, 76
52, 76
59, 73
58, 74
57, 75
57, 76
57, 77
57, 78
58, 79
58, 79
57, 80
57, 80
57, 61
58, 62
59, 63
60, 64
61, 65
61, 65
58, 86
59, 87
60, 88
61, 89
62, 89
63, 89
64, 89
64, 89
63, 77
64, 76
65, 75
66, 74
67, 73
68, 72
69, 73
69, 73
69, 73
62, 79
63, 80
64, 81
64, 82
64, 83
64, 84
64, 84
59, 78
58, 77
59, 76
59, 76
58, 75
57, 76
57, 76
56, 75
55, 74
54, 73
54, 73
56, 68
57, 69
58, 70
59, 71
60, 72
61, 73
62, 74
62, 74
63, 71
62, 72
61, 73
60, 74
59, 75
59, 75
58, 76
57, 77
56, 78
55, 79
55, 79
58, 76
57, 77
57, 77
58, 77
59, 77
60, 78
60, 78
60, 78
56, 38
57, 39
56, 40
56, 40
57, 41
57, 42
57, 42
58, 43
58, 44
58, 44
58, 44
55, 61
55, 61
54, 61
54, 61
55, 62
56, 63
57, 64
57, 63
57, 63
58, 64
59, 65
60, 66
60, 66
44, 75
45, 74
46, 74
45, 75
45, 75
46, 74
47, 74
48, 74
48, 74
33, 75
34, 76
35, 76
35, 76
36, 77
37, 78
38, 79
39, 80
39, 80
39, 80
39, 80
69, 59
68, 60
67, 60
67, 60
67, 61
67, 62
67, 64
67, 65
67, 66
67, 67
67, 68
67, 69
67, 70
67, 70
67, 70
33, 57
32, 58
32, 58
33, 59
34, 60
33, 59
33, 59
34, 60
35, 61
36, 61
36, 61
37, 62
37, 62
55, 81
56, 80
57, 79
58, 78
59, 79
59, 79
58, 79
58, 79
59, 78
60, 77
61, 76
61, 76
64, 73
64, 73
65, 73
65, 73
65, 72
65, 72
65, 72
65, 72
65, 72
66, 72
66, 72
65, 72
65, 72
50, 71
51, 72
51, 73
51, 74
51, 74
52, 73
52, 73
51, 74
51, 74
51, 74
51, 74
55, 74
55, 75
55, 76
55, 77
55, 78
55, 79
55, 80
55, 81
55, 81
64, 74
63, 75
62, 76
61, 77
60, 78
59, 79
59, 79
56, 81
55, 82
54, 83
53, 84
52, 85
52, 85
61, 67
61, 68
61, 69
61, 70
61, 71
60, 70
60, 70
60, 70
57, 45
56, 46
54, 48
53, 49
52, 50
52, 51
52, 52
52, 53
52, 54
52, 55
52, 56
52, 57
52, 57
54, 74
54, 74
53, 75
52, 76
52, 77
53, 77
53, 77
52, 78
52, 79
52, 80
52, 81
52, 81
59, 79
60, 78
60, 78
59, 79
60, 78
60, 78
59, 79
58, 80
57, 81
56, 82
56, 82
65, 89
65, 89
64, 90
63, 90
62, 90
63, 90
63, 90
62, 90
62, 90
62, 90
52, 75
52, 75
53, 75
53, 75
52, 75
52, 75
53, 74
53, 74
52, 75
52, 75
52, 76
52, 76
52, 75
52, 75
51, 77
51, 77
52, 76
53, 75
53, 75
54, 74
55, 73
55, 72
55, 71
55, 71
55, 71
67, 74
68, 75
68, 75
67, 74
67, 73
67, 73
66, 74
65, 74
64, 74
65, 73
65, 73
64, 74
64, 74
61, 75
60, 76
60, 77
60, 77
60, 78
60, 79
60, 79
60, 79
60, 79
60, 79
60, 77
60, 77
59, 78
58, 78
57, 77
57, 77
56, 78
55, 78
54, 77
54, 77
53, 78
52, 78
52, 78
52, 78
48, 75
48, 75
49, 76
49, 76
50, 77
51, 78
52, 78
52, 78
53, 79
52, 79
52, 79
52, 79
54, 78
53, 77
53, 76
52, 75
52, 75
53, 75
54, 75
54, 75
54, 75
64, 73
63, 74
63, 74
64, 73
64, 73
63, 74
62, 75
61, 76
60, 77
60, 77
39, 80
39, 80
39, 80
39, 80
39, 80
39, 80
39, 80
39, 80
39, 80
39, 80
56, 82
57, 83
58, 84
59, 84
59, 84
60, 85
60, 85
38, 63
39, 64
40, 65
41, 66
42, 67
42, 67
64, 85
64, 86
64, 87
64, 87
64, 87
64, 87
64, 87
64, 88
64, 88
64, 87
64, 87
62, 66
63, 67
64, 68
65, 69
66, 70
66, 71
65, 70
65, 70
65, 70
61, 71
61, 71
60, 72
59, 73
58, 74
58, 75
58, 75
58, 80
57, 81
56, 82
55, 83
54, 84
54, 85
54, 85
66, 71
66, 72
66, 72
65, 73
64, 74
64, 74
63, 75
62, 76
61, 77
61, 76
61, 76
62, 76
62, 76
62, 76
56, 64
55, 65
54, 66
53, 67
52, 68
51, 69
51, 70
51, 71
51, 72
51, 72
54, 79
55, 80
55, 80
54, 79
53, 78
52, 77
53, 77
53, 77
52, 77
52, 77
52, 76
52, 75
52, 75
68, 74
67, 75
67, 76
67, 76
66, 77
65, 77
64, 77
63, 77
62, 77
62, 77
56, 72
57, 73
58, 74
58, 75
58, 76
58, 77
58, 78
58, 79
58, 80
58, 80
51, 85
51, 85
52, 85
52, 85
53, 86
54, 87
54, 88
54, 88
53, 76
54, 77
55, 76
55, 76
55, 77
56, 76
56, 76
55, 77
55, 78
55, 78
43, 68
44, 69
45, 70
46, 71
45, 70
45, 70
45, 70
61, 78
60, 79
61, 80
61, 80
60, 80
60, 80
59, 81
59, 81
61, 78
62, 77
63, 76
64, 75
65, 74
65, 74
65, 73
65, 73
53, 79
54, 80
55, 81
56, 82
57, 83
58, 83
58, 83
63, 75
62, 76
62, 77
62, 78
62, 79
62, 80
62, 81
62, 81
53, 84
53, 83
53, 82
53, 81
52, 82
52, 82
53, 81
53, 81
52, 79
52, 79
51, 78
51, 78
52, 79
52, 78
52, 78
52, 77
52, 77
52, 78
52, 78
61, 89
61, 88
61, 88
62, 87
62, 87
61, 88
61, 88
61, 88
61, 88
63, 87
63, 87
62, 86
62, 86
62, 85
62, 85
63, 84
64, 83
65, 82
66, 81
66, 81
55, 76
56, 77
57, 78
58, 79
59, 80
60, 81
61, 81
61, 81
60, 80
60, 80
60, 79
60, 79
61, 80
61, 80
56, 81
56, 81
57, 80
58, 79
59, 78
60, 77
59, 77
59, 77
59, 77
53, 76
53, 75
53, 75
54, 76
55, 77
55, 76
55, 76
54, 77
54, 77
55, 78
55, 78
59, 71
58, 72
57, 73
56, 74
55, 75
55, 75
64, 71
63, 72
62, 73
61, 72
61, 72
60, 73
60, 73
53, 82
54, 83
55, 84
56, 85
57, 85
58, 85
59, 85
60, 85
60, 85
59, 84
58, 83
57, 84
57, 84
56, 83
55, 82
55, 82
61, 76
60, 76
59, 76
58, 76
57, 76
56, 76
55, 76
55, 76
55, 76
51, 71
51, 71
52, 72
51, 71
51, 71
52, 72
51, 72
51, 72
52, 73
53, 74
54, 75
55, 76
55, 75
55, 75
55, 75
59, 76
60, 77
61, 78
62, 77
62, 77
61, 78
61, 79
61, 80
61, 80
53, 58
54, 58
54, 58
55, 59
55, 60
55, 61
55, 60
55, 60
55, 61
55, 62
54, 62
54, 62
55, 63
55, 63
39, 80
39, 80
39, 80
39, 80
39, 80
39, 80
39, 80
61, 78
62, 79
62, 79
63, 80
64, 81
65, 82
66, 83
67, 84
68, 85
68, 85
61, 82
60, 83
59, 83
58, 83
57, 83
56, 83
56, 83
60, 79
60, 78
60, 78
59, 78
58, 78
57, 78
57, 78
60, 74
60, 74
61, 75
62, 76
63, 77
64, 78
64, 78
51, 77
51, 77
51, 77
51, 77
51, 77
52, 76
52, 76
51, 75
51, 75
51, 76
51, 76
54, 77
53, 76
52, 76
52, 76
52, 76
52, 76
52, 76
64, 74
63, 75
63, 75
62, 76
63, 75
63, 75
64, 74
64, 74
63, 75
62, 76
61, 77
62, 76
62, 76
63, 76
63, 76
63, 76
54, 77
53, 78
53, 79
53, 80
54, 80
54, 80
55, 79
55, 79
55, 79
62, 79
61, 79
61, 79
62, 79
62, 79
63, 78
64, 78
64, 78
64, 78
64, 78
64, 78
64, 78
54, 77
54, 76
54, 75
53, 74
53, 74
54, 73
54, 73
54, 75
54, 75
55, 75
56, 75
57, 75
58, 75
57, 76
57, 76
58, 75
59, 75
58, 74
58, 74
59, 75
59, 75
57, 82
56, 81
55, 81
55, 81
55, 80
55, 79
55, 79
55, 79
55, 79
55, 79
55, 79
55, 79
59, 86
58, 87
57, 88
56, 89
55, 89
55, 89
55, 89
65, 80
64, 81
64, 81
63, 80
62, 79
61, 79
60, 79
59, 79
58, 79
57, 79
57, 79
59, 78
59, 79
59, 80
58, 80
58, 80
59, 80
59, 80
59, 80
59, 80
59, 80
59, 80
56, 64
56, 64
55, 65
55, 66
55, 67
55, 68
55, 69
55, 70
55, 70
56, 83
56, 83
57, 82
58, 81
59, 80
59, 79
59, 78
59, 78
54, 80
55, 79
56, 78
56, 78
57, 77
58, 77
58, 77
56, 74
56, 73
56, 72
56, 71
56, 71
56, 71
56, 71
56, 71
56, 71
67, 84
66, 83
65, 82
64, 82
64, 82
63, 81
62, 80
62, 80
54, 87
54, 86
54, 85
55, 84
55, 84
54, 83
54, 82
54, 81
53, 80
53, 80
54, 79
54, 79
59, 79
60, 78
61, 77
62, 76
63, 75
64, 74
65, 73
66, 73
67, 73
68, 73
68, 73
40, 80
40, 80
40, 80
41, 79
41, 79
42, 80
43, 81
44, 82
44, 82
62, 88
63, 88
63, 88
63, 88
63, 88
63, 87
63, 87
63, 88
63, 88
60, 80
61, 79
60, 78
60, 78
61, 77
62, 76
61, 77
61, 77
62, 77
62, 77
63, 76
64, 75
64, 75
64, 75
46, 71
47, 72
46, 71
46, 71
47, 72
48, 73
48, 73
53, 77
54, 78
55, 78
54, 79
54, 79
55, 78
55, 78
56, 71
57, 72
58, 73
59, 74
58, 75
58, 75
59, 76
60, 76
60, 76
60, 76
45, 81
46, 80
47, 79
48, 78
49, 77
50, 76
51, 75
52, 74
53, 75
53, 75
53, 75
69, 73
69, 73
68, 74
67, 75
66, 76
65, 77
64, 78
63, 79
62, 80
62, 81
62, 81
62, 81
60, 81
59, 81
59, 81
59, 80
59, 80
60, 81
59, 81
59, 81
60, 82
61, 83
62, 84
62, 85
62, 85
60, 77
61, 76
61, 77
61, 77
62, 76
63, 75
64, 74
65, 73
65, 73
60, 76
61, 77
62, 78
62, 79
62, 80
62, 80
57, 76
56, 75
57, 76
57, 76
56, 75
57, 74
57, 74
56, 73
55, 72
54, 71
53, 71
52, 71
52, 71
63, 79
64, 79
64, 79
65, 78
65, 78
64, 79
63, 80
62, 81
61, 82
61, 81
61, 81
61, 80
61, 80
61, 80
64, 87
65, 86
66, 85
67, 84
68, 83
68, 83
67, 82
67, 81
67, 81
67, 81
57, 72
58, 73
59, 73
60, 73
61, 73
60, 73
60, 73
61, 73
62, 73
62, 73
63, 81
64, 82
65, 83
66, 84
66, 83
66, 83
67, 84
67, 84
58, 77
59, 76
58, 77
58, 77
58, 76
58, 76
57, 75
57, 75
58, 74
59, 73
60, 72
60, 72
61, 72
62, 72
62, 72
63, 76
62, 77
61, 76
61, 76
60, 77
59, 78
58, 79
58, 79
49, 74
50, 75
51, 76
52, 77
53, 78
54, 79
54, 80
54, 80
56, 78
55, 77
55, 76
55, 75
55, 74
55, 73
55, 73
65, 79
65, 79
64, 78
63, 79
63, 79
64, 78
64, 77
64, 76
64, 75
65, 75
65, 75
64, 74
64, 74
56, 80
57, 81
57, 82
57, 83
57, 84
57, 85
57, 85
57, 85
57, 85
57, 85
56, 89
57, 89
58, 89
59, 89
60, 89
61, 89
61, 89
62, 89
63, 89
63, 89
55, 73
56, 73
57, 73
58, 73
59, 73
60, 73
60, 72
60, 72
60, 72
55, 78
56, 77
56, 76
56, 75
56, 74
56, 73
56, 72
56, 71
56, 71
56, 71
56, 78
57, 77
58, 76
57, 76
57, 76
58, 75
59, 75
59, 75
63, 75
63, 75
64, 76
65, 77
66, 78
67, 79
68, 80
68, 81
68, 82
68, 82
50, 75
50, 75
51, 76
51, 75
51, 75
52, 76
53, 77
52, 78
52, 78
53, 79
53, 80
53, 80
52, 81
52, 81
52, 81
55, 83
55, 83
54, 82
54, 82
54, 83
54, 83
55, 83
56, 83
57, 83
58, 83
59, 83
60, 83
61, 83
61, 83
67, 83
67, 82
67, 82
66, 83
65, 84
64, 84
63, 84
63, 83
63, 83
63, 83
61, 74
61, 74
61, 75
61, 75
60, 75
59, 75
60, 76
60, 76
59, 75
58, 75
57, 75
56, 75
56, 75
62, 84
62, 84
61, 85
60, 86
59, 86
58, 86
57, 86
58, 86
58, 86
57, 86
56, 86
56, 86
54, 74
54, 75
54, 76
54, 77
54, 78
54, 79
54, 80
54, 80
62, 81
63, 81
64, 81
65, 81
66, 81
67, 81
68, 81
69, 81
69, 81
55, 79
54, 78
54, 78
55, 79
55, 80
55, 81
55, 82
55, 82
55, 83
55, 83
55, 83
58, 86
58, 87
58, 88
58, 88
58, 88
58, 88
58, 88
58, 88
61, 84
60, 83
59, 82
59, 81
59, 80
59, 80
59, 80
59, 80
57, 80
56, 81
55, 82
54, 83
53, 84
53, 85
53, 85
53, 84
53, 84
53, 84
63, 88
63, 88
62, 87
61, 86
60, 85
59, 84
59, 84
60, 71
60, 70
60, 70
60, 70
59, 71
59, 71
59, 70
59, 70
60, 70
60, 70
60, 70
60, 70
60, 70
66, 80
65, 80
64, 80
63, 80
62, 80
61, 80
60, 80
59, 80
60, 81
60, 81
60, 81
53, 82
54, 83
55, 84
56, 84
56, 84
55, 84
55, 84
55, 84
66, 74
66, 75
65, 76
65, 76
64, 75
64, 75
65, 76
66, 77
66, 78
66, 79
66, 79
53, 72
54, 73
55, 74
56, 75
57, 76
58, 77
57, 77
57, 77
58, 78
58, 78
58, 78
58, 78
65, 75
66, 76
67, 77
67, 77
68, 77
69, 77
69, 77
68, 76
68, 76
69, 77
69, 77
60, 76
59, 77
59, 77
60, 78
61, 79
62, 80
63, 81
64, 82
65, 81
65, 81
66, 82
66, 82
66, 82
54, 76
55, 77
55, 77
56, 78
57, 78
57, 78
58, 79
59, 80
60, 81
61, 81
62, 81
62, 81
63, 71
63, 71
63, 72
63, 72
62, 73
61, 74
60, 75
59, 75
59, 75
61, 81
61, 82
61, 82
60, 81
59, 81
58, 81
58, 81
59, 77
58, 78
58, 77
58, 77
57, 78
56, 79
55, 79
54, 79
53, 79
53, 79
52, 79
52, 80
52, 80
52, 80
55, 81
56, 82
57, 83
58, 84
57, 84
57, 84
58, 85
59, 86
60, 86
61, 86
61, 86
57, 72
58, 73
59, 74
60, 75
59, 75
59, 75
60, 76
60, 76
61, 77
61, 77
68, 85
68, 85
69, 86
70, 87
70, 88
70, 89
70, 90
70, 90
70, 90
70, 90
70, 90
70, 90
63, 82
64, 83
65, 84
66, 85
66, 86
66, 87
66, 87
64, 82
65, 83
66, 83
66, 82
67, 83
68, 84
68, 83
69, 82
70, 81
70, 81
70, 81
71, 81
72, 82
72, 81
73, 80
72, 79
72, 80
72, 80
59, 87
60, 87
61, 88
60, 89
61, 89
62, 88
63, 87
63, 87
59, 71
58, 70
59, 69
59, 70
59, 71
58, 71
59, 72
59, 72
58, 85
57, 86
57, 85
56, 86
55, 85
55, 86
54, 86
55, 86
56, 86
56, 86
67, 88
67, 89
66, 88
65, 89
66, 90
66, 90
52, 81
53, 82
52, 82
51, 81
51, 82
52, 81
53, 82
53, 82
56, 84
57, 84
56, 83
57, 83
56, 83
56, 84
55, 83
56, 83
56, 83
68, 78
69, 79
70, 79
71, 78
72, 77
73, 78
73, 79
72, 79
72, 80
71, 79
71, 79
62, 76
61, 76
62, 76
63, 77
62, 78
62, 78
66, 81
66, 82
67, 82
68, 81
69, 82
70, 82
69, 82
70, 82
69, 81
69, 81
53, 79
53, 80
52, 80
52, 79
51, 78
51, 77
50, 78
50, 79
49, 78
48, 77
48, 77
56, 85
55, 84
55, 85
55, 84
56, 83
56, 84
55, 83
55, 83
56, 83
55, 84
54, 83
55, 84
56, 83
55, 83
54, 83
53, 82
53, 82
58, 81
59, 82
59, 81
58, 80
57, 81
57, 82
57, 83
57, 82
57, 82
58, 76
57, 75
58, 74
58, 73
57, 73
56, 72
57, 71
56, 72
56, 72
66, 80
66, 79
65, 79
64, 79
64, 78
63, 78
64, 78
63, 77
64, 76
64, 77
64, 77
57, 82
56, 81
56, 82
56, 83
55, 83
55, 83
59, 81
58, 82
59, 82
58, 82
57, 82
58, 81
58, 81
52, 84
52, 85
52, 84
53, 84
54, 85
53, 85
53, 85
60, 87
61, 86
62, 85
63, 84
62, 84
61, 84
60, 85
60, 86
61, 86
62, 86
62, 86
63, 80
63, 79
62, 79
62, 80
63, 79
62, 80
63, 79
63, 80
62, 79
62, 79
70, 89
71, 88
70, 89
69, 90
69, 89
69, 90
70, 89
71, 88
71, 88
59, 77
60, 76
59, 76
60, 75
59, 76
60, 76
60, 76
55, 74
56, 75
57, 74
57, 73
57, 74
58, 74
58, 75
57, 74
56, 74
55, 74
55, 74
54, 81
53, 80
54, 80
55, 80
54, 81
54, 81
69, 80
69, 81
70, 82
69, 81
69, 82
69, 82
69, 82
69, 83
69, 82
69, 83
70, 82
69, 81
68, 80
67, 81
68, 81
68, 81
63, 80
64, 80
65, 81
64, 81
65, 80
64, 80
63, 80
64, 81
64, 81
71, 78
70, 77
71, 77
72, 78
71, 79
71, 79
53, 81
54, 80
54, 79
53, 79
54, 80
53, 79
54, 80
54, 81
55, 82
55, 82
67, 91
68, 92
67, 93
66, 92
67, 91
66, 90
67, 89
68, 90
68, 89
68, 89
55, 72
56, 72
56, 73
55, 72
56, 73
55, 73
56, 73
56, 72
55, 71
55, 70
55, 70
56, 82
55, 83
54, 83
54, 84
53, 85
52, 85
52, 85
55, 84
54, 83
53, 84
52, 85
52, 86
53, 85
54, 86
55, 86
55, 86
61, 75
62, 76
63, 76
64, 77
63, 77
62, 77
61, 78
62, 77
63, 77
63, 77
56, 87
57, 86
58, 87
57, 88
58, 88
58, 87
59, 86
59, 86
55, 84
55, 83
56, 84
56, 85
57, 86
58, 87
59, 88
58, 89
59, 88
58, 89
58, 89
62, 87
63, 86
63, 87
62, 88
63, 88
63, 89
64, 88
64, 88
70, 89
69, 89
69, 90
70, 91
70, 90
71, 90
72, 89
71, 89
71, 90
72, 89
72, 89
47, 78
46, 79
47, 80
48, 80
49, 79
49, 78
48, 79
48, 80
48, 80
62, 79
62, 78
63, 78
63, 79
62, 78
62, 79
61, 79
61, 79
59, 71
60, 70
59, 69
60, 68
59, 68
60, 69
60, 69
58, 82
58, 83
59, 84
58, 85
57, 84
58, 85
58, 84
57, 85
56, 86
55, 86
55, 86
71, 79
71, 80
70, 80
69, 79
70, 78
71, 79
71, 79
65, 78
64, 79
63, 79
63, 80
62, 81
62, 82
62, 81
62, 80
62, 80
54, 84
55, 83
54, 84
53, 85
52, 85
52, 86
52, 86
52, 84
51, 85
50, 84
49, 83
48, 83
48, 84
47, 83
47, 83
64, 87
65, 86
65, 85
64, 86
64, 85
65, 85
64, 85
64, 85
56, 75
57, 76
58, 75
59, 76
59, 77
59, 77
69, 82
68, 83
68, 83
67, 84
66, 85
66, 85
62, 76
61, 75
61, 75
60, 74
59, 73
58, 72
57, 71
57, 71
59, 88
60, 87
61, 86
61, 86
61, 86
61, 86
61, 86
61, 86
61, 86
61, 86
61, 86
48, 82
49, 81
49, 81
50, 80
51, 79
52, 78
53, 77
54, 76
55, 75
55, 75
54, 81
54, 81
53, 80
52, 79
51, 78
50, 77
49, 76
48, 75
47, 74
46, 73
46, 73
55, 70
55, 70
55, 70
54, 69
53, 68
52, 67
51, 66
50, 65
50, 65
63, 84
63, 84
62, 83
61, 82
60, 81
59, 80
58, 79
58, 79
63, 80
62, 79
61, 78
60, 77
59, 76
58, 75
58, 75
67, 88
66, 87
65, 86
65, 86
64, 85
63, 84
62, 83
61, 82
61, 82
71, 88
70, 87
69, 86
68, 85
68, 85
68, 85
67, 84
66, 83
65, 82
65, 82
60, 69
59, 68
58, 67
58, 67
57, 66
56, 65
55, 65
54, 65
53, 65
53, 65
60, 78
59, 77
58, 76
57, 75
56, 74
55, 73
54, 72
54, 72
53, 71
53, 71
58, 87
57, 88
56, 89
56, 89
55, 90
54, 91
53, 92
53, 93
53, 93
53, 93
53, 93
63, 87
62, 86
62, 86
61, 86
60, 86
60, 86
48, 80
47, 79
46, 78
45, 77
44, 76
43, 75
42, 74
41, 73
40, 72
40, 72
71, 79
70, 78
69, 77
68, 76
67, 75
66, 74
66, 74
65, 73
64, 72
63, 71
63, 71
61, 79
60, 78
59, 77
58, 76
57, 75
57, 75
54, 85
53, 84
52, 83
51, 82
50, 81
49, 80
48, 79
48, 79
51, 85
50, 84
49, 83
48, 82
47, 81
46, 80
45, 79
44, 78
43, 77
42, 76
42, 76
56, 81
57, 80
58, 79
59, 78
60, 77
61, 76
61, 76
67, 80
66, 79
66, 79
65, 78
64, 77
64, 77
63, 76
62, 75
61, 74
61, 74
52, 85
51, 84
50, 83
49, 82
48, 81
48, 81
71, 79
70, 78
70, 78
69, 77
68, 76
68, 76
60, 76
61, 75
61, 75
62, 74
62, 74
62, 74
62, 74
62, 74
63, 73
63, 73
54, 85
53, 84
52, 83
51, 82
50, 81
50, 81
56, 70
56, 70
55, 69
54, 68
53, 67
52, 66
51, 65
51, 65
60, 75
59, 74
59, 74
58, 73
57, 72
56, 71
55, 70
54, 69
54, 69
62, 70
62, 70
61, 69
60, 68
59, 67
58, 66
57, 65
56, 64
55, 63
54, 63
54, 63
62, 85
63, 84
64, 84
64, 84
64, 84
64, 84
64, 84
64, 84
64, 84
52, 72
51, 73
51, 73
50, 74
50, 74
49, 74
48, 74
47, 74
47, 74
46, 74
46, 74
67, 75
66, 74
65, 73
64, 72
63, 71
62, 70
61, 69
61, 69
61, 69
59, 85
58, 84
57, 83
56, 82
55, 81
54, 80
54, 80
60, 73
59, 72
58, 71
58, 71
57, 70
57, 70
57, 70
61, 82
61, 82
60, 81
60, 81
59, 80
58, 79
57, 78
57, 78
58, 74
59, 73
59, 73
59, 73
60, 72
61, 71
61, 71
50, 65
50, 65
51, 64
52, 63
53, 62
54, 61
54, 61
45, 72
44, 71
43, 70
43, 70
42, 69
41, 68
40, 67
39, 66
38, 65
38, 65
56, 74
57, 73
58, 72
58, 72
59, 71
60, 70
61, 69
62, 68
63, 67
63, 67
47, 80
46, 79
45, 78
44, 77
43, 76
43, 76
53, 91
52, 90
51, 89
50, 88
50, 87
51, 86
51, 86
51, 86
52, 85
53, 84
54, 83
55, 82
55, 81
55, 81
64, 81
63, 80
62, 79
61, 78
61, 78
60, 77
59, 76
59, 76
52, 64
52, 64
52, 64
51, 63
50, 62
50, 62
49, 61
49, 60
50, 59
50, 58
50, 57
50, 56
50, 55
50, 54
50, 53
50, 52
50, 52
47, 78
47, 78
46, 77
46, 77
45, 76
45, 76
45, 76
45, 76
45, 76
41, 75
41, 75
40, 74
39, 73
38, 72
38, 72
37, 71
37, 71
36, 70
36, 70
36, 70
50, 81
49, 80
48, 79
48, 79
47, 78
47, 78
39, 71
39, 71
39, 70
39, 69
39, 68
39, 68
63, 73
62, 72
61, 71
60, 70
59, 69
58, 68
58, 68
58, 68
57, 67
57, 67
58, 75
58, 75
58, 75
59, 76
60, 76
61, 76
61, 76
61, 76
61, 76
61, 76
66, 85
65, 84
65, 84
65, 84
64, 83
64, 83
57, 80
56, 80
56, 80
55, 80
54, 80
54, 80
54, 80
56, 78
55, 78
54, 78
53, 78
52, 78
51, 78
50, 78
49, 78
48, 78
48, 78
37, 69
37, 69
37, 69
37, 69
38, 68
39, 67
40, 66
41, 65
41, 65
53, 60
52, 59
51, 58
51, 58
50, 57
49, 57
49, 57
49, 57
48, 57
48, 57
49, 53
48, 54
47, 55
47, 55
47, 56
47, 57
47, 57
47, 57
47, 58
47, 59
47, 59
54, 80
53, 79
52, 78
51, 77
50, 76
50, 76
46, 75
47, 74
47, 74
48, 73
49, 72
49, 72
49, 72
49, 71
49, 70
49, 70
60, 75
59, 74
58, 73
57, 72
56, 71
56, 71
56, 71
55, 70
55, 70
55, 70
60, 70
60, 71
60, 72
60, 73
60, 74
60, 75
60, 75
60, 76
60, 77
60, 77
56, 69
56, 69
55, 68
54, 67
53, 66
53, 66
52, 65
51, 64
51, 64
51, 64
51, 64
38, 65
37, 64
36, 63
36, 63
35, 62
34, 61
33, 61
32, 61
32, 61
43, 76
42, 75
41, 74
40, 73
39, 72
38, 71
38, 71
45, 74
45, 74
45, 74
44, 74
44, 74
43, 74
43, 74
63, 84
62, 84
61, 84
60, 84
60, 84
60, 84
60, 84
60, 84
60, 84
60, 84
60, 84
50, 64
50, 64
50, 62
50, 61
50, 60
50, 59
50, 58
50, 57
50, 56
49, 55
49, 54
49, 53
49, 52
49, 52
49, 51
49, 51
40, 69
41, 70
42, 71
42, 71
43, 72
43, 72
53, 79
53, 79
53, 79
52, 78
52, 78
51, 77
50, 76
49, 75
48, 74
48, 74
46, 77
45, 76
44, 75
43, 74
42, 73
42, 73
41, 72
41, 72
63, 82
62, 81
61, 80
60, 79
60, 79
60, 79
59, 78
58, 77
58, 77
58, 75
57, 74
56, 73
56, 73
55, 72
55, 72
61, 71
60, 72
59, 73
58, 74
57, 75
56, 75
55, 75
54, 75
53, 75
53, 75
54, 69
53, 68
52, 67
51, 66
50, 65
49, 64
48, 63
48, 63
56, 68
56, 68
55, 69
55, 70
55, 71
55, 71
54, 80
53, 79
52, 78
51, 77
50, 76
49, 75
49, 75
53, 64
52, 65
51, 66
50, 67
49, 68
48, 69
48, 69
62, 66
61, 65
60, 64
59, 63
58, 62
57, 61
56, 60
55, 59
54, 58
53, 57
53, 57
57, 76
56, 75
55, 74
54, 73
53, 72
52, 71
51, 70
50, 69
50, 69
48, 69
47, 68
46, 67
45, 66
44, 65
43, 64
42, 63
41, 62
40, 61
39, 60
39, 60
42, 73
41, 72
40, 71
39, 70
38, 69
37, 68
36, 67
36, 67
56, 69
57, 68
58, 67
59, 66
60, 65
61, 64
62, 63
62, 63
54, 70
53, 69
52, 68
51, 67
51, 67
50, 66
49, 65
49, 65
48, 61
49, 60
50, 59
50, 58
50, 57
50, 56
50, 55
49, 54
48, 53
47, 52
46, 51
45, 50
45, 50
48, 60
49, 61
50, 62
51, 63
52, 63
53, 63
53, 63
54, 63
55, 63
56, 63
56, 63
48, 74
47, 73
46, 72
45, 71
44, 70
44, 70
43, 69
43, 69
48, 50
47, 49
46, 48
45, 47
44, 46
44, 46
45, 47
46, 48
47, 49
48, 50
49, 50
49, 50
49, 50
54, 76
55, 77
56, 78
56, 78
56, 79
56, 79
59, 83
58, 82
57, 81
56, 80
55, 79
54, 78
53, 77
52, 76
52, 76
47, 77
46, 76
46, 76
45, 75
45, 75
45, 75
45, 75
45, 75
45, 75
45, 75
52, 58
51, 59
50, 60
49, 61
49, 61
50, 60
50, 59
50, 58
50, 57
50, 56
50, 55
50, 54
50, 53
49, 54
48, 55
47, 56
47, 56
46, 57
46, 57
37, 70
36, 69
35, 68
34, 67
33, 66
32, 65
32, 65
47, 73
46, 72
45, 71
44, 70
43, 69
42, 68
42, 68
42, 68
41, 67
40, 66
40, 66
40, 66
39, 67
38, 68
38, 68
38, 68
37, 69
37, 69
49, 58
50, 59
51, 60
52, 61
53, 62
54, 63
55, 64
55, 64
56, 65
56, 65
44, 73
45, 74
46, 75
47, 76
48, 77
49, 78
50, 79
50, 79
59, 76
59, 76
58, 75
57, 74
56, 73
56, 73
51, 75
52, 74
52, 74
53, 73
54, 72
54, 72
55, 72
56, 72
56, 72
56, 72
33, 62
34, 63
35, 64
36, 65
37, 66
38, 67
39, 68
39, 68
39, 68
40, 71
40, 71
39, 70
38, 69
38, 69
37, 68
36, 67
35, 66
35, 66
54, 73
53, 74
53, 74
52, 75
51, 76
50, 76
50, 76
49, 76
49, 76
49, 76
47, 68
46, 67
46, 67
45, 66
44, 65
43, 64
42, 63
41, 62
41, 62
52, 65
53, 66
54, 67
55, 68
56, 69
57, 70
57, 70
50, 75
51, 74
52, 73
53, 72
54, 71
55, 70
55, 70
55, 70
40, 67
41, 66
42, 65
43, 64
44, 63
45, 62
47, 60
48, 59
49, 58
50, 57
50, 56
50, 55
50, 54
49, 53
48, 52
48, 52
46, 74
46, 74
46, 73
46, 72
46, 71
46, 70
46, 70
47, 68
48, 67
49, 66
50, 65
50, 64
50, 62
50, 61
50, 60
50, 59
50, 58
50, 57
50, 56
50, 55
50, 54
50, 53
50, 53
36, 65
36, 65
36, 65
37, 64
38, 63
39, 62
40, 61
41, 60
42, 59
44, 57
45, 56
46, 55
47, 54
48, 53
49, 52
50, 51
50, 50
50, 50
50, 50
56, 69
55, 68
54, 67
54, 67
53, 66
52, 65
52, 64
52, 64
52, 64
52, 64
38, 70
39, 70
40, 70
41, 70
41, 70
41, 70
41, 70
55, 64
54, 65
53, 66
53, 66
52, 67
51, 68
51, 68
57, 72
57, 72
58, 71
59, 70
60, 69
60, 69
60, 69
40, 61
41, 62
42, 63
43, 64
43, 64
43, 64
43, 64
43, 64
43, 64
44, 65
44, 65
57, 71
58, 71
59, 71
60, 71
60, 71
60, 71
61, 71
61, 71
50, 79
50, 79
49, 78
48, 77
47, 76
46, 75
46, 75
46, 75
32, 65
33, 66
34, 67
35, 68
36, 69
36, 69
50, 51
50, 51
51, 52
52, 53
53, 54
54, 55
54, 55
39, 65
38, 64
37, 63
36, 62
35, 61
35, 61
34, 60
34, 60
33, 59
33, 59
55, 78
54, 77
53, 76
52, 76
51, 76
51, 76
43, 69
43, 69
44, 69
45, 69
47, 68
48, 67
49, 66
50, 65
50, 64
50, 63
50, 62
50, 61
50, 61
51, 62
52, 63
53, 64
53, 64
45, 51
45, 52
45, 53
45, 54
45, 54
46, 54
47, 53
48, 52
49, 51
50, 50
49, 51
48, 52
48, 52
36, 67
35, 66
34, 65
33, 64
32, 63
32, 63
32, 63
57, 66
57, 66
58, 67
59, 68
60, 69
60, 69
47, 58
47, 58
47, 58
48, 59
49, 60
49, 60
50, 69
51, 70
52, 71
53, 72
54, 73
55, 74
55, 74
51, 75
50, 74
50, 74
50, 74
49, 73
48, 72
48, 72
47, 71
46, 70
46, 70
48, 64
48, 63
49, 61
50, 60
50, 59
50, 58
50, 57
50, 56
49, 55
48, 54
48, 53
48, 52
48, 52
48, 51
48, 51
61, 62
60, 61
59, 60
58, 59
58, 59
58, 59
58, 59
40, 61
40, 61
39, 60
39, 60
39, 60
38, 59
37, 58
36, 57
36, 57
52, 75
53, 74
54, 73
55, 72
55, 72
56, 71
57, 70
58, 69
59, 68
60, 67
60, 67
54, 73
54, 73
53, 72
52, 71
52, 70
52, 70
45, 64
45, 64
45, 64
46, 63
48, 61
49, 60
50, 59
50, 58
50, 57
50, 56
50, 55
50, 54
50, 53
50, 53
55, 56
56, 57
56, 57
57, 58
58, 59
58, 59
58, 59
54, 69
53, 68
52, 67
51, 66
51, 66
50, 66
50, 66
59, 68
58, 67
57, 66
56, 65
55, 64
54, 63
54, 62
54, 61
54, 61
51, 68
52, 69
53, 70
54, 71
55, 72
56, 73
57, 74
57, 74
61, 70
62, 71
62, 71
63, 72
64, 73
64, 73
65, 73
65, 73
32, 58
31, 57
30, 56
30, 56
29, 55
28, 54
27, 53
26, 52
25, 51
24, 50
24, 50
48, 51
49, 52
50, 53
51, 54
52, 55
53, 56
54, 57
54, 57
61, 71
61, 71
61, 71
61, 71
61, 71
61, 71
61, 71
36, 69
37, 68
37, 67
37, 66
37, 65
37, 64
37, 63
37, 62
37, 61
37, 61
33, 62
34, 61
35, 60
35, 59
35, 59
35, 58
35, 57
35, 56
35, 56
35, 56
51, 51
52, 52
53, 53
54, 54
54, 54
54, 54
54, 54
42, 71
43, 72
44, 73
45, 74
46, 75
46, 75
46, 75
47, 76
47, 76
49, 53
49, 53
50, 54
51, 55
52, 56
53, 57
54, 58
54, 58
51, 63
50, 62
49, 61
48, 60
47, 59
47, 59
47, 57
48, 56
49, 55
50, 54
50, 53
50, 52
50, 51
50, 51
57, 58
56, 57
55, 56
54, 55
54, 55
53, 54
53, 54
52, 53
51, 52
50, 51
50, 51
46, 75
45, 74
44, 73
43, 72
42, 71
41, 70
40, 69
40, 69
49, 54
48, 55
47, 56
47, 56
46, 57
46, 57
47, 56
48, 55
49, 54
50, 53
49, 54
48, 55
48, 55
47, 56
47, 56
52, 65
51, 66
51, 67
51, 68
51, 68
51, 69
51, 69
51, 70
51, 71
51, 71
37, 56
38, 55
39, 54
40, 53
40, 53
40, 53
41, 52
42, 51
42, 51
49, 60
50, 61
50, 61
51, 62
52, 63
53, 64
54, 65
54, 65
47, 69
47, 69
48, 68
49, 67
49, 67
50, 66
51, 65
51, 65
47, 53
47, 53
46, 54
46, 54
47, 53
48, 52
49, 51
50, 50
50, 50
50, 50
50, 50
50, 50
50, 50
50, 50
50, 50
46, 57
46, 57
47, 56
48, 55
49, 54
50, 53
50, 52
50, 51
50, 50
50, 50
50, 50
49, 51
48, 52
47, 53
46, 54
46, 54
47, 53
48, 52
49, 51
50, 50
50, 50
50, 50
50, 50
49, 51
49, 51
53, 71
54, 72
55, 73
56, 74
56, 74
56, 74
57, 75
58, 76
58, 76
59, 77
59, 77
50, 66
49, 65
48, 64
47, 63
46, 62
45, 61
45, 59
46, 58
47, 57
48, 56
49, 55
50, 54
50, 53
50, 52
50, 51
50, 50
49, 49
49, 49
49, 49
51, 50
52, 49
52, 49
52, 48
52, 48
52, 48
39, 68
39, 68
38, 67
37, 66
36, 65
35, 64
35, 64
34, 63
34, 63
34, 63
50, 64
50, 62
50, 61
50, 60
50, 59
50, 58
50, 57
50, 56
50, 55
50, 54
50, 54
49, 53
48, 52
48, 52
48, 52
53, 66
53, 67
53, 68
53, 69
53, 70
53, 71
53, 71
53, 71
46, 75
46, 75
45, 74
45, 74
44, 73
43, 72
43, 72
58, 59
57, 58
56, 57
55, 56
54, 55
54, 55
36, 57
36, 57
37, 58
37, 58
38, 59
38, 59
38, 59
39, 60
39, 60
39, 60
53, 57
52, 56
51, 55
50, 54
50, 54
50, 54
49, 53
48, 52
47, 51
47, 51
47, 51
25, 49
26, 48
27, 47
28, 46
29, 45
30, 44
30, 44
50, 53
51, 54
52, 55
53, 56
54, 57
55, 58
56, 59
56, 59
57, 60
58, 61
58, 61
59, 66
59, 66
58, 65
58, 65
57, 64
56, 63
56, 63
38, 60
39, 59
40, 58
41, 57
41, 57
41, 57
42, 56
43, 55
44, 54
44, 54
44, 54
49, 51
48, 52
47, 52
46, 52
46, 52
45, 52
44, 52
43, 52
42, 52
42, 52
42, 52
53, 54
52, 54
52, 54
51, 54
50, 54
50, 54
50, 54
53, 60
52, 59
51, 58
50, 57
50, 57
49, 56
48, 55
48, 55
47, 54
46, 53
46, 53
60, 71
59, 71
58, 71
57, 71
57, 71
56, 71
55, 71
54, 71
54, 71
57, 74
56, 73
55, 72
55, 72
54, 71
53, 70
52, 69
51, 68
50, 67
49, 66
49, 66
50, 70
49, 69
49, 69
48, 68
47, 67
46, 66
46, 66
42, 52
42, 53
42, 54
42, 55
42, 56
42, 56
42, 57
43, 57
44, 56
45, 55
46, 54
47, 53
48, 52
49, 51
50, 50
50, 50
50, 50
50, 50
64, 74
63, 75
62, 76
61, 77
60, 78
60, 78
51, 50
51, 50
51, 49
51, 48
51, 47
51, 47
51, 47
51, 46
51, 45
51, 45
51, 45
54, 57
53, 56
53, 56
53, 56
52, 55
51, 54
51, 54
45, 53
46, 52
45, 53
44, 52
45, 51
45, 52
44, 52
43, 51
44, 51
44, 51
45, 67
44, 66
45, 65
46, 64
45, 63
46, 64
45, 65
44, 65
44, 64
44, 64
41, 51
42, 50
42, 51
43, 51
44, 51
44, 51
53, 71
53, 70
52, 70
51, 70
52, 69
53, 69
52, 70
53, 70
53, 71
53, 71
33, 63
32, 64
32, 63
31, 62
30, 63
30, 64
30, 64
42, 72
43, 71
43, 70
43, 71
44, 71
44, 71
58, 60
58, 61
58, 60
58, 59
58, 60
59, 59
59, 59
50, 52
50, 51
49, 51
50, 50
51, 50
52, 51
53, 52
54, 53
53, 54
52, 55
52, 55
45, 54
46, 53
45, 53
46, 52
45, 53
46, 54
47, 54
47, 54
53, 70
53, 71
54, 72
55, 72
56, 73
57, 72
56, 71
55, 71
55, 71
39, 61
38, 62
38, 63
39, 62
39, 63
38, 62
39, 62
38, 61
38, 61
60, 77
60, 76
60, 77
60, 78
59, 77
58, 77
59, 78
58, 78
59, 78
59, 78
48, 50
48, 49
48, 50
47, 50
47, 51
48, 50
47, 49
48, 48
48, 48
46, 52
46, 51
46, 50
47, 51
46, 50
47, 50
47, 51
46, 52
46, 52
47, 53
47, 52
48, 53
49, 54
48, 55
47, 54
48, 53
49, 52
49, 52
53, 56
52, 57
53, 56
54, 56
55, 56
54, 57
53, 57
54, 57
54, 57
58, 78
58, 79
58, 78
57, 77
57, 78
57, 78
49, 55
48, 55
49, 54
49, 55
48, 55
49, 56
49, 55
50, 54
50, 54
49, 49
48, 50
48, 51
47, 51
48, 52
48, 53
49, 53
49, 52
48, 51
48, 51
51, 53
52, 54
51, 53
50, 52
51, 53
52, 54
52, 54
50, 44
49, 45
49, 44
49, 43
48, 42
48, 42
57, 62
56, 61
57, 61
57, 62
57, 61
56, 61
56, 61
53, 49
53, 48
54, 48
54, 49
53, 50
52, 50
53, 49
54, 49
53, 50
53, 49
53, 49
29, 44
28, 43
27, 43
27, 42
28, 42
29, 41
28, 40
29, 41
29, 41
48, 67
49, 68
50, 69
49, 69
48, 69
48, 69
47, 70
46, 71
46, 72
45, 73
44, 73
43, 72
43, 71
42, 70
42, 70
29, 64
28, 64
27, 63
28, 62
29, 63
30, 64
30, 64
56, 60
55, 60
56, 61
57, 61
58, 61
57, 62
58, 63
58, 64
58, 64
52, 53
52, 52
51, 53
50, 54
50, 53
49, 53
49, 53
43, 51
42, 51
43, 50
44, 50
44, 51
43, 51
42, 52
41, 53
41, 53
54, 49
55, 49
54, 49
54, 48
53, 47
53, 47
49, 53
48, 52
49, 52
48, 51
47, 52
47, 52
46, 51
47, 52
47, 53
46, 53
45, 54
46, 55
47, 55
46, 56
47, 57
46, 56
46, 56
30, 40
29, 40
30, 40
31, 41
32, 41
33, 42
32, 43
32, 44
31, 44
31, 44
45, 64
46, 63
45, 63
46, 63
47, 64
48, 65
48, 64
49, 65
49, 65
44, 72
44, 73
45, 73
44, 72
44, 73
43, 73
43, 73
47, 51
48, 52
48, 51
47, 51
46, 50
46, 50
55, 58
54, 58
55, 58
54, 57
54, 58
55, 59
55, 60
55, 59
55, 59
53, 54
52, 55
52, 56
53, 57
52, 56
51, 56
51, 57
51, 57
56, 79
55, 79
55, 78
56, 78
56, 77
57, 76
56, 75
57, 76
58, 75
58, 76
58, 76
49, 49
48, 49
49, 49
48, 48
48, 49
48, 48
49, 48
50, 47
50, 47
48, 41
47, 40
48, 41
49, 40
48, 39
47, 40
46, 40
45, 39
46, 39
46, 39
50, 55
51, 55
52, 54
51, 54
52, 54
52, 54
58, 58
57, 59
58, 60
57, 59
58, 58
57, 59
57, 58
58, 58
59, 57
58, 56
58, 56
58, 79
59, 78
60, 77
61, 78
60, 79
60, 80
59, 79
60, 79
60, 80
60, 80
43, 51
44, 50
43, 51
44, 50
43, 51
42, 50
42, 50
46, 55
46, 56
46, 55
46, 54
47, 55
46, 56
47, 56
47, 56
56, 72
55, 73
56, 72
57, 73
57, 74
56, 74
55, 75
55, 74
54, 74
54, 74
53, 72
53, 73
54, 74
53, 74
53, 73
52, 73
53, 72
53, 72
39, 61
40, 61
39, 62
39, 63
38, 62
37, 63
36, 63
36, 62
36, 63
37, 62
37, 62
58, 57
57, 57
56, 58
55, 57
54, 58
54, 59
54, 58
54, 57
55, 56
56, 57
56, 57
54, 71
54, 70
55, 71
54, 70
55, 70
55, 71
54, 71
53, 71
54, 72
55, 73
55, 73
48, 53
49, 54
49, 53
49, 52
50, 52
49, 52
49, 53
49, 53
48, 52
48, 51
49, 50
50, 49
50, 50
51, 51
52, 50
53, 49
52, 48
52, 48
59, 63
59, 62
58, 61
59, 62
60, 62
61, 61
62, 60
62, 60
52, 56
53, 57
54, 56
54, 55
55, 56
54, 56
55, 55
56, 56
56, 56
46, 40
45, 40
46, 39
45, 39
45, 38
46, 38
47, 39
48, 39
49, 38
48, 39
48, 39
59, 76
60, 77
60, 76
59, 76
59, 77
59, 77
31, 43
30, 43
31, 44
30, 45
31, 45
31, 44
32, 45
32, 45
43, 51
42, 51
43, 50
44, 50
43, 51
43, 50
42, 50
42, 50
44, 73
43, 74
44, 75
44, 76
45, 76
46, 77
47, 77
46, 77
46, 76
45, 75
45, 75
50, 65
49, 64
48, 64
49, 64
50, 65
49, 64
49, 64
47, 57
47, 56
48, 57
49, 57
48, 58
48, 59
48, 59
42, 52
41, 52
41, 53
42, 53
43, 54
43, 55
44, 54
44, 53
44, 53
59, 80
58, 79
57, 78
58, 77
57, 78
58, 78
57, 77
57, 77
55, 73
56, 73
55, 72
54, 73
53, 73
54, 72
55, 72
54, 71
55, 71
55, 71
55, 60
54, 60
53, 60
52, 61
52, 62
51, 61
50, 61
51, 61
51, 61
53, 54
54, 53
55, 53
56, 53
55, 54
56, 53
56, 54
55, 53
56, 54
56, 54
49, 47
48, 48
49, 47
49, 46
48, 45
48, 44
47, 44
46, 43
46, 43
52, 47
52, 48
51, 48
51, 49
50, 50
51, 49
51, 48
51, 47
52, 47
51, 46
51, 46
47, 51
46, 52
45, 51
46, 52
45, 51
45, 51
41, 69
42, 69
42, 68
42, 69
43, 69
42, 70
43, 69
44, 68
45, 69
46, 68
46, 68
30, 65
29, 64
30, 64
30, 63
30, 62
30, 62
37, 61
36, 61
37, 60
36, 59
35, 59
34, 58
34, 58
48, 57
49, 57
48, 58
49, 57
50, 57
51, 58
52, 59
53, 58
53, 57
53, 58
53, 58
51, 47
50, 46
51, 45
51, 44
52, 45
53, 44
53, 44
49, 58
48, 59
49, 60
50, 59
49, 58
50, 58
49, 59
50, 59
50, 58
51, 58
51, 58
52, 60
53, 59
53, 60
52, 59
53, 58
53, 58
54, 59
53, 59
52, 59
52, 60
52, 59
52, 59
33, 44
33, 43
32, 44
32, 45
31, 45
30, 44
31, 45
30, 46
31, 45
32, 45
32, 45
47, 43
47, 44
48, 43
48, 44
47, 43
47, 44
47, 44
60, 78
61, 79
60, 78
61, 79
60, 79
61, 78
60, 77
61, 77
60, 78
60, 78
55, 72
56, 71
55, 70
56, 71
56, 70
57, 69
57, 69
31, 63
30, 62
30, 63
30, 64
29, 63
29, 64
29, 63
28, 62
28, 61
28, 60
28, 60
43, 49
44, 50
45, 51
46, 52
47, 51
48, 50
48, 50
63, 59
62, 59
62, 60
63, 61
64, 61
63, 61
63, 61
49, 40
50, 40
50, 39
49, 40
50, 41
49, 40
48, 40
48, 40
35, 58
34, 58
33, 59
33, 58
34, 59
34, 60
33, 61
32, 61
32, 62
32, 62
55, 57
56, 58
57, 59
58, 60
58, 59
57, 59
58, 59
58, 59
56, 56
57, 55
58, 56
58, 55
58, 54
58, 54
50, 65
49, 64
48, 63
49, 64
50, 64
51, 63
52, 64
52, 63
51, 62
51, 62
45, 54
45, 53
44, 53
43, 54
43, 53
44, 52
44, 52
50, 53
51, 52
50, 53
50, 54
49, 55
49, 56
49, 56
47, 67
48, 67
48, 66
48, 65
49, 66
50, 66
50, 65
51, 65
50, 65
49, 64
49, 64
53, 49
52, 48
52, 49
53, 49
53, 50
53, 49
53, 49
56, 76
56, 77
55, 77
56, 76
55, 76
55, 76
45, 76
44, 75
45, 74
44, 74
43, 73
43, 74
44, 75
43, 76
42, 77
42, 77
56, 55
56, 56
57, 57
58, 56
57, 56
57, 55
56, 55
55, 54
55, 54
46, 50
45, 51
46, 52
47, 52
46, 53
45, 54
45, 54
54, 70
54, 69
55, 69
54, 68
54, 67
54, 68
53, 68
52, 68
53, 69
53, 70
53, 70
33, 46
32, 46
33, 47
32, 47
31, 46
30, 46
29, 47
30, 46
29, 46
29, 46
57, 55
56, 54
56, 53
55, 53
54, 54
53, 53
53, 54
53, 55
54, 55
55, 55
55, 55
52, 57
53, 58
53, 59
53, 58
52, 57
52, 58
53, 57
53, 58
54, 59
54, 59
50, 62
51, 63
52, 63
52, 62
52, 63
53, 64
52, 63
51, 63
50, 62
50, 62
53, 69
54, 69
54, 70
55, 69
56, 70
57, 69
57, 69
41, 78
41, 77
41, 78
41, 79
40, 79
39, 80
38, 80
39, 79
38, 78
39, 79
39, 79
57, 60
56, 61
55, 62
54, 62
53, 61
53, 61
46, 43
45, 43
46, 42
45, 42
46, 43
46, 44
46, 43
46, 42
45, 43
45, 44
45, 44
59, 79
59, 78
59, 79
60, 78
59, 79
60, 78
61, 78
61, 79
61, 79
54, 48
53, 48
52, 48
52, 49
51, 48
51, 48
49, 49
49, 50
48, 51
47, 51
46, 50
47, 50
48, 49
49, 50
49, 50
51, 58
51, 57
52, 56
51, 55
52, 55
52, 54
52, 54
44, 53
43, 52
44, 53
43, 53
43, 52
44, 53
44, 52
45, 52
46, 53
45, 54
45, 54
44, 53
45, 54
44, 54
44, 53
43, 52
43, 52
55, 77
54, 78
54, 79
54, 78
53, 78
54, 79
53, 79
52, 80
52, 80
33, 62
33, 63
34, 62
35, 61
35, 60
34, 59
33, 59
33, 59
49, 40
48, 41
47, 42
48, 43
47, 42
48, 41
47, 40
47, 41
46, 40
46, 41
46, 41
48, 63
47, 63
48, 63
48, 64
49, 65
48, 64
47, 65
47, 64
46, 63
46, 63
27, 60
28, 59
27, 60
26, 59
27, 58
27, 57
26, 57
26, 56
27, 56
27, 56
57, 68
57, 69
56, 70
56, 71
55, 71
55, 71
48, 57
47, 58
46, 57
47, 57
48, 57
47, 56
47, 55
47, 55
54, 54
53, 55
54, 55
55, 56
54, 56
53, 55
54, 56
54, 56
64, 62
63, 62
64, 61
65, 61
66, 62
67, 62
68, 61
68, 61
53, 45
54, 44
55, 44
55, 45
54, 44
53, 44
54, 43
53, 43
54, 42
54, 42
53, 57
54, 57
53, 57
52, 56
51, 55
50, 55
49, 55
49, 55
61, 80
62, 79
63, 79
63, 78
63, 77
63, 77
53, 59
54, 58
53, 58
54, 57
53, 57
52, 56
53, 57
53, 57
49, 54
50, 54
50, 55
50, 54
49, 54
49, 53
50, 53
51, 54
50, 55
50, 54
50, 54
68, 62
67, 61
67, 62
67, 61
68, 61
68, 61
45, 53
44, 52
43, 52
44, 51
45, 51
44, 50
43, 49
44, 50
44, 50
56, 70
55, 70
54, 71
55, 72
54, 73
54, 72
53, 71
52, 71
52, 71
53, 80
52, 80
53, 79
54, 78
54, 79
54, 78
54, 79
54, 79
48, 55
48, 56
48, 57
47, 56
47, 55
47, 54
47, 54
46, 62
47, 63
46, 64
46, 63
46, 62
45, 63
45, 63
53, 60
54, 60
54, 61
55, 61
54, 61
55, 60
55, 60
26, 56
26, 55
27, 54
28, 53
28, 54
27, 55
28, 55
29, 56
30, 57
31, 57
31, 57
49, 51
48, 51
47, 50
46, 51
47, 52
46, 53
45, 54
44, 55
43, 55
43, 55
51, 62
50, 62
51, 61
51, 62
52, 63
51, 63
51, 62
52, 63
53, 63
53, 63
42, 51
41, 52
42, 53
43, 54
44, 53
44, 52
43, 51
44, 50
45, 51
45, 51
51, 47
52, 48
52, 47
52, 46
51, 46
50, 45
50, 45
55, 57
56, 58
57, 57
57, 58
56, 57
57, 57
57, 58
57, 57
58, 58
58, 58
54, 54
53, 53
53, 52
54, 51
55, 50
55, 50
54, 70
53, 69
54, 69
55, 69
55, 68
55, 69
54, 69
54, 69
54, 43
53, 43
52, 43
52, 42
51, 41
50, 42
50, 42
38, 80
37, 79
38, 78
38, 79
39, 80
39, 80
51, 55
52, 54
51, 55
51, 54
52, 54
52, 54
46, 42
45, 43
44, 43
45, 42
46, 42
46, 42
45, 43
45, 44
44, 44
45, 44
45, 45
44, 46
44, 47
45, 47
46, 46
46, 46
28, 46
27, 45
26, 46
25, 47
25, 46
24, 47
24, 48
24, 47
24, 47
34, 59
33, 59
34, 59
34, 58
35, 59
35, 58
34, 58
35, 58
35, 59
35, 59
53, 62
52, 63
51, 64
52, 64
53, 64
52, 63
52, 63
52, 57
52, 56
51, 56
52, 55
51, 56
50, 57
50, 57
62, 76
61, 75
62, 75
63, 74
63, 73
63, 73
43, 56
42, 56
41, 55
41, 56
40, 55
40, 56
40, 55
41, 54
42, 55
41, 54
41, 54
56, 61
55, 62
55, 61
56, 60
56, 59
55, 60
54, 59
53, 60
52, 61
52, 61
45, 46
46, 46
45, 46
45, 47
46, 46
45, 45
46, 46
46, 47
46, 48
46, 48
56, 49
56, 50
55, 50
56, 50
55, 49
54, 50
53, 51
54, 50
53, 50
53, 50
38, 81
39, 80
40, 80
39, 80
40, 79
40, 80
41, 80
42, 79
42, 79
23, 48
22, 48
21, 47
22, 48
22, 49
21, 49
21, 49
30, 57
30, 58
31, 59
30, 60
31, 61
32, 62
33, 62
33, 61
32, 60
32, 59
32, 59
49, 54
49, 53
48, 54
49, 53
49, 54
48, 55
49, 55
48, 56
48, 56
46, 43
45, 44
44, 44
43, 43
43, 42
43, 43
42, 43
43, 43
43, 43
49, 41
50, 42
49, 41
49, 42
49, 43
48, 44
47, 44
48, 45
47, 46
47, 46
35, 58
34, 57
35, 56
36, 56
37, 56
38, 56
39, 55
40, 54
40, 55
40, 55
45, 52
46, 53
47, 53
48, 53
49, 54
49, 55
50, 55
51, 56
50, 57
51, 56
51, 56
57, 59
58, 59
59, 59
58, 59
58, 60
57, 61
58, 60
58, 59
58, 59
53, 78
52, 79
53, 80
54, 80
53, 81
53, 81
45, 64
45, 65
44, 65
43, 64
42, 63
41, 63
42, 64
42, 64
46, 53
45, 54
44, 53
43, 54
44, 54
45, 53
45, 53
49, 46
50, 47
49, 47
48, 46
48, 45
48, 46
48, 46
44, 49
44, 48
43, 49
43, 50
42, 49
43, 49
43, 49
51, 72
52, 71
53, 71
54, 70
53, 69
53, 68
52, 67
51, 66
51, 66
53, 69
54, 69
53, 70
54, 69
53, 69
53, 70
54, 71
53, 70
54, 70
55, 71
55, 71
69, 60
70, 59
69, 59
68, 58
69, 59
68, 59
68, 59
53, 53
54, 53
54, 54
53, 55
52, 56
52, 57
51, 57
51, 57
32, 58
31, 57
32, 56
33, 56
33, 57
33, 57
43, 64
43, 65
43, 66
44, 65
45, 64
44, 63
44, 62
44, 62
51, 64
50, 64
51, 63
52, 62
51, 61
52, 60
51, 61
50, 60
50, 60
62, 73
61, 72
60, 73
60, 74
59, 73
59, 72
59, 73
59, 72
60, 73
60, 73
54, 71
55, 72
54, 73
53, 73
54, 73
54, 73
52, 49
53, 49
52, 48
53, 48
54, 47
53, 48
52, 47
51, 48
52, 47
51, 46
51, 46
39, 55
40, 56
39, 56
38, 55
39, 56
39, 56
68, 60
68, 59
69, 59
68, 58
67, 59
66, 59
66, 59
57, 60
56, 61
57, 61
57, 62
58, 61
58, 60
59, 61
58, 62
58, 62
50, 56
51, 56
52, 56
52, 57
53, 58
54, 57
54, 56
54, 56
45, 52
45, 51
46, 50
47, 51
48, 51
47, 52
48, 52
47, 52
46, 51
46, 52
46, 52
42, 42
43, 43
42, 42
43, 41
43, 42
44, 41
43, 42
43, 43
43, 43
51, 55
51, 56
51, 55
52, 55
53, 54
54, 54
53, 54
53, 55
52, 55
52, 55
48, 55
49, 56
50, 56
50, 55
49, 56
50, 55
51, 56
51, 56
51, 65
50, 65
50, 66
49, 66
49, 65
49, 66
50, 65
49, 65
50, 66
51, 65
51, 65
54, 82
55, 81
55, 80
56, 80
57, 81
58, 82
58, 82
50, 56
51, 55
52, 55
53, 54
52, 54
52, 54
51, 61
52, 60
52, 59
52, 60
53, 60
53, 60
45, 49
44, 50
43, 49
42, 49
41, 50
41, 50
46, 46
45, 46
46, 47
45, 46
44, 47
43, 46
44, 45
44, 44
43, 43
43, 42
43, 42
20, 49
19, 50
19, 49
18, 49
19, 48
19, 47
18, 47
17, 48
16, 48
16, 48
42, 80
43, 79
43, 80
43, 79
44, 79
44, 79
49, 47
50, 47
49, 48
48, 47
47, 47
46, 47
45, 46
46, 47
46, 47
44, 50
44, 49
45, 49
44, 48
45, 47
46, 47
45, 48
45, 48
42, 54
43, 53
44, 53
43, 52
44, 52
45, 52
44, 52
43, 53
43, 53
52, 45
51, 46
52, 46
51, 46
52, 45
52, 46
51, 46
51, 46
17, 49
16, 50
15, 50
16, 51
15, 52
16, 53
16, 53
52, 54
53, 53
54, 54
53, 53
52, 52
53, 51
53, 51
51, 54
50, 55
51, 56
50, 55
49, 56
49, 57
49, 58
49, 58
47, 47
46, 47
46, 48
45, 49
46, 50
46, 49
46, 48
46, 49
47, 48
48, 49
48, 49
54, 59
53, 59
52, 60
52, 59
53, 58
54, 59
53, 59
52, 59
53, 60
53, 60
42, 42
42, 43
43, 43
42, 42
41, 42
41, 42
52, 57
53, 57
54, 58
53, 59
53, 60
52, 61
52, 61
44, 80
45, 79
46, 79
47, 79
47, 78
48, 77
48, 76
47, 76
46, 76
46, 77
46, 77
55, 72
54, 73
54, 74
55, 73
56, 74
57, 74
57, 75
58, 76
58, 76
45, 52
45, 53
44, 54
45, 53
44, 53
43, 53
42, 54
43, 55
44, 54
44, 54
59, 73
58, 73
58, 72
59, 73
60, 72
60, 72
44, 47
43, 46
43, 47
43, 46
44, 45
45, 44
45, 43
46, 42
47, 41
46, 40
46, 40
55, 55
54, 55
53, 55
52, 54
52, 55
51, 55
51, 54
50, 55
51, 55
51, 56
51, 56
40, 57
39, 57
40, 56
40, 57
40, 56
41, 57
40, 56
40, 56
43, 54
42, 54
41, 54
40, 54
41, 55
41, 56
42, 57
42, 56
41, 55
40, 56
40, 56
34, 57
35, 56
35, 57
36, 58
37, 58
37, 58
50, 61
50, 62
51, 63
50, 62
51, 61
51, 61
45, 62
44, 62
44, 63
43, 63
42, 63
43, 64
42, 63
42, 63
58, 81
57, 82
56, 81
55, 82
54, 83
55, 82
56, 83
57, 83
56, 82
56, 81
56, 81
57, 63
56, 63
57, 62
56, 62
55, 62
54, 62
53, 63
54, 64
54, 65
54, 66
54, 66
50, 65
51, 66
52, 65
52, 66
53, 66
54, 67
55, 67
54, 67
54, 67
44, 42
44, 41
43, 40
43, 41
42, 40
41, 41
41, 41
40, 50
41, 50
42, 50
42, 49
43, 50
42, 49
42, 49
66, 60
66, 61
66, 62
65, 61
66, 62
67, 62
68, 62
68, 62
67, 61
66, 61
66, 62
67, 62
66, 62
66, 63
67, 62
67, 62
40, 55
41, 54
41, 55
42, 54
43, 55
42, 56
41, 55
40, 55
41, 55
40, 56
40, 56
49, 59
48, 58
49, 57
50, 56
51, 56
52, 57
52, 57
54, 67
53, 66
53, 67
52, 68
51, 67
51, 66
50, 67
49, 66
50, 65
51, 65
51, 65
57, 82
57, 83
58, 83
58, 84
59, 83
59, 84
60, 84
61, 84
62, 85
62, 85
45, 41
44, 42
44, 43
44, 42
43, 41
42, 41
41, 40
42, 40
42, 41
43, 41
43, 41
43, 55
44, 54
44, 53
45, 52
45, 51
44, 51
43, 50
42, 49
43, 49
43, 49
52, 47
51, 47
52, 47
53, 48
54, 47
54, 47
57, 75
56, 76
55, 76
54, 77
54, 76
53, 77
53, 77
54, 66
55, 67
56, 68
57, 67
58, 66
58, 67
57, 66
57, 66
41, 63
42, 64
42, 65
42, 66
42, 67
43, 66
42, 67
42, 68
41, 68
41, 68
38, 58
38, 57
38, 58
37, 58
38, 58
38, 57
39, 56
39, 55
40, 54
41, 53
41, 53
39, 56
38, 57
38, 56
37, 56
38, 55
38, 54
37, 53
37, 54
37, 54
50, 62
51, 61
51, 62
52, 62
52, 63
51, 62
52, 61
51, 60
52, 59
53, 58
53, 58
52, 61
51, 60
50, 61
50, 60
49, 59
48, 60
48, 60
54, 51
54, 50
54, 49
55, 50
56, 49
57, 48
58, 49
59, 49
59, 50
58, 49
58, 49
17, 54
18, 55
19, 55
19, 54
20, 55
21, 56
21, 57
21, 58
21, 59
21, 59
41, 48
40, 47
39, 47
38, 48
39, 47
39, 48
38, 48
38, 48
47, 77
46, 77
45, 76
46, 75
45, 76
46, 77
47, 77
46, 78
45, 78
45, 78
52, 55
51, 56
51, 55
52, 56
53, 56
52, 55
52, 54
52, 55
52, 54
51, 55
51, 55
42, 42
41, 41
42, 40
42, 39
41, 38
40, 37
40, 38
40, 39
41, 38
41, 38
60, 73
59, 74
59, 73
60, 73
61, 72
61, 72
42, 42
42, 43
41, 42
42, 43
43, 43
42, 42
42, 41
41, 42
42, 43
42, 43
47, 50
46, 51
45, 52
44, 51
43, 52
44, 51
44, 51
52, 62
52, 61
52, 60
51, 59
50, 58
50, 59
51, 58
51, 57
50, 57
51, 58
51, 58
38, 54
37, 55
36, 54
36, 55
35, 55
36, 55
36, 54
36, 55
37, 55
38, 55
38, 55
39, 55
38, 55
37, 55
38, 56
38, 55
38, 54
37, 54
38, 53
39, 54
39, 54
42, 41
43, 41
44, 42
45, 43
46, 43
47, 42
48, 43
47, 44
48, 45
47, 45
47, 45
50, 56
49, 55
50, 56
50, 57
51, 57
51, 58
51, 58
62, 71
61, 70
62, 71
63, 70
62, 70
63, 69
62, 69
62, 69
59, 49
58, 48
57, 47
56, 46
57, 45
56, 44
55, 44
54, 43
55, 43
55, 44
55, 44
53, 47
52, 47
53, 46
53, 45
54, 45
55, 44
55, 43
55, 42
55, 42
66, 63
66, 62
66, 61
65, 62
66, 62
66, 63
66, 62
67, 62
66, 63
66, 63
21, 58
20, 58
19, 59
19, 60
20, 59
19, 58
20, 58
21, 59
22, 60
22, 60
45, 50
45, 51
44, 52
44, 51
45, 51
46, 52
45, 52
45, 51
44, 50
43, 51
43, 51
43, 43
42, 42
42, 41
41, 41
40, 40
40, 40
38, 47
38, 48
37, 47
36, 46
35, 45
35, 44
35, 45
36, 45
35, 44
34, 44
34, 44
49, 61
49, 60
50, 61
51, 62
52, 62
52, 63
53, 62
53, 62
54, 76
53, 76
54, 77
54, 78
55, 77
56, 78
57, 79
57, 79
50, 64
51, 65
51, 64
51, 65
51, 66
51, 65
51, 65
46, 78
46, 77
46, 76
47, 76
46, 77
47, 77
48, 77
48, 77
42, 52
42, 51
42, 52
41, 52
40, 52
40, 52
58, 66
58, 67
57, 67
57, 68
56, 68
57, 67
56, 68
55, 68
55, 68
44, 49
43, 48
43, 49
42, 48
41, 49
40, 50
39, 51
38, 50
37, 49
36, 48
36, 48
53, 57
53, 58
53, 59
52, 59
51, 58
52, 58
52, 58
40, 69
39, 70
38, 71
37, 71
38, 71
39, 72
38, 73
38, 73
52, 59
53, 59
54, 58
55, 58
55, 59
56, 60
57, 61
56, 60
56, 60
51, 57
51, 56
51, 55
51, 54
52, 54
51, 54
50, 54
50, 54
41, 39
41, 38
42, 38
43, 37
42, 38
42, 38
61, 86
62, 86
63, 85
63, 86
62, 86
62, 86
23, 60
24, 59
24, 58
23, 58
24, 58
23, 58
24, 57
23, 58
24, 57
24, 56
24, 56
37, 49
38, 49
38, 50
37, 50
36, 51
36, 52
36, 52
37, 72
38, 72
39, 71
40, 71
40, 72
39, 73
40, 74
41, 73
42, 74
42, 74
52, 63
53, 64
53, 63
52, 64
51, 64
52, 65
52, 65
54, 43
54, 44
53, 44
53, 45
54, 46
54, 47
54, 48
54, 48
55, 67
56, 66
57, 67
56, 66
56, 65
56, 65
56, 78
56, 79
56, 80
55, 79
54, 79
53, 79
52, 79
52, 79
65, 62
65, 61
66, 62
65, 63
65, 62
64, 61
65, 61
66, 61
66, 61
56, 61
57, 61
57, 62
56, 63
57, 64
56, 64
57, 64
57, 65
58, 64
58, 64
49, 54
49, 55
48, 54
47, 54
48, 55
47, 54
48, 54
48, 54
53, 57
53, 58
54, 59
55, 59
56, 59
55, 59
55, 58
54, 58
54, 59
53, 60
53, 60
39, 52
40, 51
39, 52
39, 53
39, 54
38, 54
38, 53
39, 54
39, 54
47, 78
47, 79
48, 78
48, 77
49, 78
48, 79
47, 80
48, 80
47, 81
47, 81
37, 55
36, 55
36, 54
35, 55
34, 55
35, 55
35, 54
34, 53
33, 54
33, 54
48, 46
47, 45
48, 45
49, 46
50, 45
49, 45
50, 46
51, 46
50, 47
49, 47
49, 47
52, 58
51, 59
51, 58
52, 58
53, 57
54, 56
55, 57
55, 57
43, 39
42, 39
41, 40
40, 40
41, 39
42, 40
42, 40
34, 45
34, 46
33, 46
32, 45
32, 44
32, 44
40, 39
41, 38
40, 37
39, 38
40, 37
40, 37
40, 55
39, 55
39, 54
40, 55
41, 55
41, 54
42, 55
41, 54
41, 54
50, 66
49, 65
50, 66
49, 65
48, 65
47, 65
48, 64
49, 65
49, 64
48, 63
48, 63
62, 85
61, 86
60, 85
59, 84
58, 84
59, 83
59, 84
59, 84
42, 50
42, 49
43, 50
44, 50
43, 49
43, 49
56, 44
56, 45
57, 45
58, 44
57, 44
57, 45
57, 45
63, 70
64, 70
65, 69
66, 70
67, 69
66, 69
65, 69
65, 69
39, 53
39, 54
39, 53
38, 53
37, 52
37, 52
67, 61
66, 60
67, 60
67, 59
66, 59
66, 59
42, 50
42, 49
41, 49
40, 50
39, 51
39, 51
53, 49
54, 50
55, 50
55, 49
56, 48
55, 49
55, 49
52, 80
51, 80
52, 80
53, 80
54, 79
53, 79
53, 80
53, 80
41, 53
42, 54
41, 54
42, 54
41, 53
42, 52
43, 51
44, 50
43, 50
43, 50
51, 64
52, 64
51, 63
50, 62
50, 61
50, 60
49, 59
49, 59
55, 58
54, 59
55, 60
54, 60
54, 59
53, 58
53, 57
53, 57
24, 55
25, 54
26, 55
26, 56
27, 55
27, 56
28, 55
28, 55
39, 36
40, 35
41, 35
42, 34
43, 35
43, 34
43, 34
36, 51
37, 50
36, 49
35, 48
35, 47
34, 48
34, 48
33, 55
33, 54
32, 53
33, 54
32, 53
33, 54
33, 54
47, 53
48, 52
47, 52
46, 52
46, 53
46, 52
47, 52
46, 52
45, 53
45, 54
45, 54
55, 65
54, 64
55, 63
56, 62
55, 61
54, 62
55, 62
55, 62
56, 44
57, 45
56, 46
56, 45
57, 45
57, 45
57, 65
56, 66
55, 66
55, 67
55, 68
55, 69
54, 70
53, 71
53, 71
42, 41
43, 40
44, 39
45, 39
46, 38
47, 39
48, 38
47, 39
46, 39
46, 39
50, 48
51, 47
50, 47
51, 48
50, 48
50, 48
46, 81
45, 81
44, 82
45, 82
45, 81
46, 80
45, 81
45, 81
33, 45
32, 45
32, 44
33, 44
32, 44
33, 43
34, 44
34, 44
66, 69
66, 68
66, 69
67, 68
66, 68
67, 68
66, 67
66, 68
65, 67
65, 68
65, 68
60, 85
61, 85
60, 86
59, 87
60, 87
61, 86
61, 86
42, 73
43, 73
44, 73
43, 72
42, 72
41, 71
42, 72
41, 73
41, 73
48, 64
47, 65
46, 66
47, 65
48, 64
48, 64
54, 60
55, 61
55, 60
54, 60
53, 60
54, 61
54, 61
56, 50
58, 52
59, 53
60, 54
61, 55
62, 56
63, 57
64, 58
65, 59
66, 60
67, 61
66, 62
66, 62
66, 62
40, 52
41, 53
42, 54
43, 55
44, 56
46, 58
47, 59
48, 60
49, 61
50, 62
51, 63
52, 64
53, 65
54, 66
54, 66
60, 85
59, 84
58, 83
57, 82
57, 83
57, 83
57, 83
49, 58
49, 58
50, 59
51, 60
52, 61
53, 62
54, 63
54, 64
54, 64
55, 65
56, 66
56, 67
56, 67
64, 69
65, 70
65, 70
64, 71
63, 72
63, 71
63, 71
62, 72
61, 73
60, 74
60, 75
60, 75
65, 58
65, 58
64, 59
63, 60
64, 60
64, 60
63, 61
62, 62
61, 63
60, 64
60, 63
60, 63
60, 63
34, 49
34, 49
35, 49
35, 49
36, 50
37, 49
37, 49
36, 50
36, 50
37, 51
38, 52
39, 53
40, 54
39, 54
39, 54
39, 54
54, 72
54, 71
54, 71
55, 72
56, 73
57, 74
56, 75
56, 75
57, 76
57, 76
51, 49
52, 50
53, 51
55, 53
56, 54
57, 55
57, 56
57, 57
57, 58
57, 59
57, 60
57, 61
57, 62
57, 63
57, 64
57, 65
57, 66
57, 66
55, 62
55, 62
54, 63
54, 64
54, 65
54, 66
54, 67
54, 68
54, 69
54, 68
54, 68
54, 69
54, 69
46, 80
47, 79
47, 80
47, 80
47, 79
47, 79
48, 78
48, 79
48, 79
47, 80
47, 80
48, 79
49, 78
50, 78
50, 78
47, 40
48, 41
49, 42
50, 41
50, 41
51, 40
51, 40
52, 41
53, 42
53, 41
53, 41
54, 42
54, 42
35, 45
36, 46
36, 45
36, 45
37, 46
37, 46
38, 47
37, 46
37, 46
38, 47
38, 47
34, 54
34, 54
35, 55
36, 56
37, 57
38, 58
39, 59
39, 59
42, 74
43, 75
44, 74
44, 74
45, 75
46, 76
46, 76
47, 77
48, 78
49, 79
50, 80
50, 80
46, 55
47, 56
48, 57
49, 58
50, 59
51, 60
52, 61
52, 61
54, 81
55, 82
56, 83
56, 83
57, 84
57, 84
58, 83
59, 83
59, 83
44, 51
45, 52
46, 53
47, 54
48, 55
49, 56
49, 56
28, 56
28, 56
27, 55
27, 55
28, 56
29, 57
30, 58
31, 59
31, 59
59, 47
60, 48
61, 49
62, 50
63, 51
64, 52
66, 54
67, 55
68, 56
69, 57
69, 58
69, 59
69, 60
69, 61
69, 62
69, 63
69, 65
69, 66
69, 67
69, 68
69, 69
69, 70
69, 71
69, 71
69, 71
69, 71
47, 63
47, 63
48, 64
49, 65
50, 66
51, 67
52, 68
52, 68
44, 35
45, 36
46, 37
46, 37
47, 38
48, 38
48, 38
49, 39
50, 40
51, 41
51, 41
54, 58
55, 59
56, 60
57, 61
58, 62
58, 62
56, 63
57, 64
58, 65
57, 66
57, 66
58, 67
57, 66
57, 66
58, 67
59, 68
59, 68
38, 53
39, 54
40, 55
40, 54
40, 54
40, 55
40, 55
41, 56
42, 57
44, 59
45, 60
46, 61
47, 62
48, 63
49, 64
50, 65
51, 66
51, 66
57, 68
58, 69
59, 70
60, 71
61, 72
62, 72
62, 73
62, 73
63, 72
63, 72
59, 74
59, 74
60, 75
60, 75
59, 76
59, 76
58, 77
58, 76
58, 76
57, 77
58, 77
58, 77
57, 77
56, 77
55, 77
55, 77
50, 57
51, 58
52, 59
53, 60
54, 61
54, 61
39, 48
40, 49
39, 48
39, 48
40, 49
41, 48
41, 48
42, 49
43, 50
43, 50
68, 72
69, 72
69, 72
68, 73
68, 74
68, 74
67, 75
67, 76
67, 77
67, 78
67, 79
67, 79
53, 62
54, 63
55, 64
55, 65
56, 66
56, 66
55, 67
55, 67
51, 80
51, 80
52, 81
52, 82
52, 82
52, 82
52, 83
52, 83
52, 83
55, 67
56, 68
57, 69
58, 70
59, 71
60, 72
61, 73
61, 73
53, 69
54, 70
55, 71
56, 72
56, 71
56, 71
57, 72
58, 73
57, 74
57, 74
58, 75
59, 76
59, 76
55, 70
56, 71
57, 72
57, 71
57, 71
58, 71
58, 71
58, 71
40, 55
41, 56
42, 55
42, 55
43, 56
45, 58
46, 59
47, 60
48, 61
49, 62
50, 63
50, 63
59, 62
59, 62
60, 63
59, 64
59, 64
60, 65
60, 66
60, 67
60, 68
60, 69
60, 70
60, 71
60, 71
60, 71
58, 82
59, 81
60, 80
60, 80
61, 79
62, 78
62, 77
62, 76
62, 76
51, 79
52, 80
53, 81
54, 82
55, 82
55, 82
56, 83
57, 84
58, 85
57, 86
57, 86
57, 86
57, 62
57, 62
58, 63
58, 63
57, 64
56, 65
56, 65
55, 66
54, 66
54, 66
53, 66
53, 66
53, 66
52, 42
53, 43
53, 44
53, 45
53, 46
53, 47
53, 47
56, 75
56, 75
57, 76
58, 77
59, 78
60, 79
61, 80
62, 81
63, 82
64, 83
64, 83
58, 69
57, 70
56, 71
56, 71
56, 72
56, 73
56, 74
55, 73
55, 73
56, 74
56, 75
56, 75
40, 60
41, 61
43, 63
44, 64
45, 65
46, 66
47, 67
48, 68
49, 69
50, 70
51, 71
52, 72
53, 73
53, 73
65, 63
64, 64
63, 65
62, 66
62, 67
62, 67
32, 60
31, 59
31, 59
32, 58
32, 58
33, 59
34, 60
35, 60
35, 60
34, 60
34, 60
35, 61
35, 61
55, 43
56, 44
57, 45
57, 47
57, 48
57, 49
57, 50
57, 51
57, 52
57, 53
57, 54
57, 55
57, 56
57, 57
57, 57
60, 84
60, 84
59, 85
58, 86
57, 87
56, 88
55, 89
54, 89
54, 89
52, 67
53, 68
54, 69
55, 70
56, 71
56, 72
56, 73
56, 73
56, 67
55, 68
54, 69
54, 69
54, 70
54, 71
54, 72
54, 73
54, 72
54, 72
54, 72
56, 58
55, 59
54, 60
53, 61
53, 62
53, 63
53, 64
53, 64
59, 72
60, 73
60, 74
60, 75
60, 76
60, 77
60, 78
60, 79
60, 80
60, 81
60, 81
54, 67
55, 68
56, 68
56, 68
57, 69
56, 70
56, 70
57, 71
57, 72
57, 73
56, 74
56, 74
56, 74
53, 88
52, 87
51, 86
51, 87
51, 87
51, 86
51, 85
51, 85
36, 62
37, 63
38, 63
38, 63
37, 62
37, 62
38, 63
39, 64
40, 65
40, 65
58, 77
58, 77
59, 78
60, 79
61, 80
62, 81
63, 82
64, 83
65, 84
65, 84
68, 80
68, 80
67, 79
67, 79
68, 78
68, 78
67, 77
67, 76
67, 75
67, 74
67, 74
67, 74
67, 74
63, 76
63, 76
62, 77
61, 78
60, 79
60, 80
60, 80
60, 81
60, 82
60, 82
56, 76
56, 76
55, 75
54, 74
53, 74
52, 74
51, 75
51, 75
51, 74
51, 74
58, 85
59, 84
60, 83
60, 82
60, 81
60, 80
60, 80
55, 71
55, 71
55, 70
55, 70
54, 71
53, 72
52, 73
51, 73
51, 73
50, 74
50, 75
50, 76
50, 77
50, 77
53, 82
54, 81
54, 80
54, 80
55, 79
56, 78
56, 78
60, 74
59, 75
59, 74
59, 74
58, 75
57, 76
58, 75
58, 75
57, 76
57, 77
57, 78
57, 78
56, 68
57, 69
58, 70
59, 71
59, 71
60, 72
61, 73
61, 73
55, 62
55, 62
56, 63
57, 64
58, 65
59, 66
60, 67
61, 68
62, 69
63, 70
64, 71
64, 71
63, 82
63, 81
63, 80
63, 80
64, 79
64, 79
63, 78
63, 78
54, 48
55, 49
54, 50
54, 50
53, 50
53, 50
54, 51
56, 53
57, 54
58, 55
59, 56
59, 57
59, 58
59, 59
59, 60
59, 61
59, 61
51, 63
51, 63
50, 64
50, 64
51, 65
52, 66
53, 67
54, 68
55, 69
56, 70
57, 71
57, 71
57, 74
58, 75
59, 76
58, 75
58, 75
59, 76
60, 76
59, 76
59, 76
60, 76
60, 76
53, 72
53, 72
54, 73
55, 74
54, 73
54, 73
55, 74
56, 75
57, 76
57, 76
44, 51
45, 52
46, 53
47, 54
48, 55
48, 55
59, 72
58, 73
57, 74
56, 75
57, 75
57, 75
56, 75
57, 76
57, 76
56, 75
56, 75
57, 76
58, 77
59, 77
60, 77
59, 76
59, 76
60, 77
61, 77
62, 77
62, 77
64, 73
65, 74
66, 75
67, 76
67, 77
67, 77
61, 68
60, 69
59, 70
59, 71
59, 71
58, 72
58, 72
61, 82
60, 81
60, 81
61, 82
62, 83
63, 84
64, 85
64, 85
63, 72
62, 73
61, 74
60, 75
59, 75
58, 75
59, 74
59, 74
58, 75
57, 75
56, 75
56, 75
55, 75
54, 76
53, 76
52, 76
51, 76
52, 75
52, 75
51, 76
51, 76
51, 78
52, 79
53, 80
54, 81
55, 82
56, 83
57, 84
58, 85
59, 86
59, 86
64, 83
63, 82
63, 83
63, 83
62, 82
61, 81
60, 80
61, 80
61, 80
60, 80
60, 80
58, 77
58, 77
59, 76
60, 75
61, 74
62, 73
63, 72
64, 71
64, 71
49, 56
50, 57
51, 58
52, 59
53, 60
54, 61
54, 61
60, 62
61, 63
62, 64
63, 65
64, 66
63, 67
63, 67
64, 68
65, 69
65, 69
41, 66
42, 67
43, 68
44, 69
45, 70
46, 71
47, 72
47, 72
48, 73
49, 74
49, 74
66, 75
66, 75
65, 76
64, 77
63, 78
62, 79
62, 79
61, 80
60, 81
59, 82
58, 81
58, 81
58, 81
62, 79
61, 80
62, 79
62, 79
63, 80
63, 80
63, 81
63, 81
64, 82
64, 82
63, 83
63, 83
59, 81
58, 81
57, 81
56, 81
55, 82
55, 82
54, 81
53, 81
53, 81
52, 65
51, 66
51, 65
51, 65
51, 66
51, 67
51, 68
51, 68
57, 77
58, 76
59, 75
60, 74
61, 73
62, 72
62, 71
62, 71
63, 72
63, 72
61, 77
62, 78
63, 79
64, 80
65, 81
66, 82
67, 82
68, 82
68, 82
68, 82
52, 75
53, 76
53, 77
54, 78
54, 78
53, 79
53, 80
53, 81
53, 82
53, 82
53, 82
53, 82
61, 74
61, 74
62, 75
63, 75
64, 74
64, 74
65, 75
64, 76
64, 76
65, 75
66, 75
65, 76
65, 76
65, 76
57, 76
57, 77
57, 78
57, 79
57, 80
57, 81
57, 82
57, 83
57, 83
58, 71
58, 71
59, 72
60, 73
61, 74
62, 75
62, 76
62, 77
62, 78
62, 79
62, 79
59, 73
60, 74
61, 75
62, 75
62, 75
63, 76
64, 77
65, 78
64, 77
64, 77
64, 77
66, 78
65, 79
64, 80
63, 81
62, 82
62, 82
56, 77
56, 76
56, 76
55, 77
54, 78
53, 79
53, 80
53, 80
53, 79
53, 79
53, 80
53, 80
53, 80
60, 81
60, 81
61, 81
61, 81
60, 80
59, 79
59, 79
58, 78
57, 77
56, 76
56, 75
56, 74
56, 73
56, 73
52, 84
53, 83
54, 82
55, 81
56, 81
57, 81
57, 81
57, 81
57, 81
57, 81
57, 81
61, 78
61, 78
61, 79
61, 79
61, 78
60, 78
60, 78
61, 79
61, 79
61, 78
61, 77
61, 76
61, 76
63, 78
62, 78
62, 78
61, 79
60, 80
61, 79
61, 79
60, 80
59, 81
58, 82
58, 82
57, 74
57, 75
57, 75
58, 76
58, 75
58, 75
59, 76
60, 77
60, 77
64, 73
65, 74
66, 75
67, 76
67, 77
67, 78
67, 79
67, 80
67, 81
66, 80
66, 80
66, 80
52, 80
51, 79
50, 78
51, 79
51, 79
50, 78
50, 78
52, 77
51, 76
51, 76
50, 76
50, 76
51, 77
52, 78
51, 77
51, 77
52, 78
53, 79
54, 80
54, 80
52, 79
52, 79
51, 80
51, 80
52, 80
51, 80
51, 80
52, 80
52, 80
63, 83
64, 84
65, 85
66, 86
67, 86
68, 86
68, 86
68, 86
55, 62
56, 63
57, 64
58, 65
59, 66
60, 67
60, 67
56, 76
56, 77
56, 78
56, 79
56, 80
56, 81
56, 82
56, 83
56, 83
61, 78
60, 77
59, 76
58, 75
57, 74
57, 73
57, 72
57, 71
57, 70
57, 70
64, 69
64, 69
63, 70
63, 71
63, 71
62, 71
61, 71
61, 71
61, 72
61, 72
61, 71
61, 71
56, 84
55, 85
54, 85
53, 85
52, 85
52, 85
52, 69
53, 70
54, 71
55, 72
56, 73
56, 73
56, 82
55, 83
55, 84
55, 85
55, 85
56, 84
56, 84
56, 84
50, 75
50, 76
50, 76
51, 76
51, 76
51, 75
51, 75
52, 76
53, 76
53, 76
52, 76
52, 76
52, 77
52, 77
54, 81
53, 81
53, 81
54, 80
54, 80
55, 81
55, 81
55, 81
63, 72
62, 73
61, 74
62, 75
62, 75
61, 76
60, 77
60, 77
59, 81
58, 82
57, 83
56, 84
55, 85
54, 86
53, 87
52, 88
51, 89
51, 90
51, 90
51, 90
51, 90
51, 90
51, 90
51, 90
51, 90
62, 77
63, 78
63, 79
63, 79
64, 78
65, 78
66, 78
67, 78
68, 79
68, 79
68, 79
62, 82
61, 81
60, 80
59, 79
58, 79
57, 79
56, 79
56, 79
57, 79
57, 79
57, 79
67, 83
66, 84
66, 84
65, 85
66, 84
66, 84
65, 85
65, 85
64, 86
63, 87
62, 88
61, 88
61, 88
59, 80
59, 79
60, 78
60, 78
59, 77
59, 76
59, 75
59, 74
59, 74
59, 74
64, 77
63, 78
62, 79
62, 80
62, 80
62, 79
62, 79
61, 79
61, 79
62, 80
62, 81
62, 82
62, 82
63, 84
62, 83
61, 82
61, 82
60, 81
59, 81
59, 81
59, 81
58, 87
57, 87
56, 87
55, 87
56, 88
56, 88
55, 87
55, 86
55, 86
54, 86
54, 86
53, 87
53, 87
56, 74
56, 74
57, 75
58, 76
59, 77
60, 78
61, 79
62, 79
62, 79
63, 80
64, 81
65, 81
65, 81
61, 78
62, 79
61, 80
61, 80
62, 81
63, 82
64, 83
64, 82
64, 82
65, 83
66, 84
66, 84
67, 85
66, 85
65, 85
64, 85
65, 85
65, 85
64, 85
63, 85
63, 85
63, 85
62, 89
62, 89
61, 88
60, 87
59, 86
58, 85
57, 84
57, 83
57, 82
57, 82
57, 83
58, 82
59, 82
60, 82
61, 82
62, 82
63, 82
63, 82
67, 78
66, 78
65, 78
64, 78
63, 78
62, 79
62, 79
62, 78
62, 78
61, 79
61, 79
61, 79
63, 81
64, 80
65, 79
66, 78
66, 77
66, 76
66, 76
66, 76
60, 72
59, 73
59, 73
58, 74
57, 75
56, 76
55, 77
55, 78
55, 79
55, 79
53, 88
54, 87
55, 86
56, 85
57, 84
58, 84
59, 84
60, 84
61, 84
62, 84
63, 84
64, 85
64, 85
63, 85
63, 85
63, 84
63, 84
63, 84
63, 84
55, 79
56, 78
57, 77
58, 76
59, 75
60, 74
60, 73
60, 73
61, 72
62, 72
62, 72
58, 82
58, 82
57, 81
56, 80
55, 79
54, 79
53, 79
52, 79
52, 79
53, 86
54, 86
54, 86
55, 87
56, 88
57, 89
58, 89
58, 89
58, 81
58, 81
57, 82
57, 83
57, 84
56, 84
56, 84
56, 84
52, 86
51, 85
50, 85
50, 85
51, 84
51, 83
51, 83
53, 81
54, 82
55, 83
56, 84
57, 85
58, 86
58, 87
58, 87
59, 87
59, 87
60, 88
60, 88
60, 88
60, 78
60, 79
59, 80
59, 80
60, 81
60, 82
60, 83
60, 84
60, 85
60, 86
60, 86
60, 87
60, 87
59, 68
59, 69
59, 70
60, 69
60, 69
61, 69
61, 69
61, 69
67, 79
67, 79
67, 79
67, 79
67, 79
67, 79
67, 79
51, 79
52, 80
53, 81
54, 81
55, 81
54, 81
54, 81
55, 81
54, 80
54, 80
54, 80
51, 78
51, 78
52, 79
52, 80
52, 81
52, 82
52, 83
52, 84
51, 84
51, 84
52, 85
52, 85
52, 85
58, 78
59, 78
60, 78
61, 78
62, 78
63, 78
63, 78
63, 78
60, 74
60, 74
61, 73
61, 73
62, 74
61, 73
61, 73
62, 74
61, 75
61, 75
62, 76
62, 77
62, 77
62, 77
58, 71
59, 72
60, 73
60, 74
60, 74
59, 74
59, 74
60, 73
60, 73
61, 74
62, 75
63, 76
64, 77
64, 77
55, 82
55, 82
54, 81
53, 80
53, 79
54, 78
54, 78
53, 77
53, 77
56, 81
56, 81
55, 80
54, 80
53, 80
52, 80
51, 80
51, 80
51, 80
62, 84
62, 84
62, 84
62, 83
62, 83
61, 83
61, 83
62, 84
62, 84
62, 84
62, 84
63, 76
62, 75
61, 75
60, 75
59, 75
58, 75
57, 75
56, 75
56, 75
52, 84
53, 85
54, 86
55, 86
54, 87
54, 87
55, 86
55, 87
55, 87
55, 87
57, 83
58, 82
59, 81
60, 80
61, 79
62, 78
62, 78
53, 84
53, 83
53, 82
53, 81
53, 80
53, 79
53, 78
53, 77
53, 77
62, 82
62, 82
63, 81
64, 80
65, 79
66, 78
66, 78
63, 78
64, 79
65, 80
66, 81
67, 82
67, 83
67, 84
67, 85
67, 85
64, 79
65, 80
64, 79
64, 79
65, 80
66, 81
66, 81
67, 82
67, 82
59, 87
59, 88
59, 88
58, 87
57, 86
56, 86
55, 87
55, 87
56, 86
56, 86
54, 80
55, 79
55, 79
54, 80
54, 81
54, 82
54, 83
54, 84
54, 84
62, 83
61, 82
60, 81
59, 80
58, 80
57, 80
56, 80
55, 80
55, 80
53, 80
53, 80
54, 79
54, 79
55, 80
55, 81
55, 82
55, 83
55, 84
55, 85
55, 86
55, 87
55, 87
66, 83
66, 83
65, 82
64, 81
63, 80
62, 79
61, 78
61, 77
62, 77
62, 77
61, 76
61, 75
61, 75
66, 78
65, 79
65, 79
64, 79
64, 79
63, 78
63, 77
63, 76
63, 76
63, 76
63, 77
63, 77
63, 77
57, 83
57, 83
58, 82
59, 81
60, 80
61, 79
61, 79
61, 79
54, 76
55, 75
54, 76
54, 76
55, 75
56, 74
56, 73
57, 74
57, 74
56, 73
55, 74
55, 74
55, 74
60, 86
60, 85
60, 84
60, 83
59, 82
59, 82
60, 81
60, 80
60, 80
62, 79
62, 78
62, 78
63, 79
64, 79
65, 79
66, 79
67, 79
68, 79
68, 79
63, 73
63, 74
63, 74
64, 75
65, 76
66, 77
67, 78
68, 79
68, 79
64, 82
65, 81
65, 81
64, 82
65, 82
65, 82
64, 82
65, 82
65, 82
64, 82
63, 82
63, 82
52, 79
51, 78
51, 78
51, 79
51, 79
52, 78
53, 77
54, 76
54, 76
53, 81
52, 82
51, 82
52, 83
52, 83
51, 82
50, 82
50, 82
50, 82
50, 82
50, 82
60, 70
59, 71
58, 72
57, 72
57, 72
56, 73
56, 73
67, 75
68, 74
69, 73
69, 72
70, 71
70, 71
70, 71
58, 88
58, 87
58, 86
58, 85
58, 85
58, 84
58, 84
59, 79
58, 80
58, 80
57, 79
56, 79
55, 78
55, 78
54, 79
54, 79
55, 79
55, 79
55, 79
55, 74
54, 75
53, 76
52, 77
52, 77
51, 78
51, 79
51, 80
51, 80
51, 82
52, 82
51, 82
51, 82
52, 82
53, 82
54, 82
55, 82
56, 82
56, 81
56, 81
57, 82
57, 82
61, 77
60, 76
59, 75
58, 76
58, 76
57, 75
56, 74
56, 74
53, 85
53, 86
53, 87
53, 87
53, 87
53, 87
53, 87
53, 87
66, 86
65, 87
66, 87
66, 87
65, 87
64, 87
63, 87
63, 87
64, 78
65, 79
66, 79
66, 79
67, 80
67, 81
67, 81
69, 72
68, 73
67, 74
66, 75
65, 76
64, 77
63, 78
62, 79
63, 78
63, 78
63, 78
56, 86
56, 85
55, 84
55, 84
56, 83
56, 82
56, 81
56, 80
56, 79
56, 79
69, 78
69, 78
69, 79
69, 79
68, 80
67, 80
67, 80
66, 80
67, 79
67, 79
66, 78
66, 78
65, 79
64, 80
64, 80
62, 78
63, 77
64, 76
65, 75
66, 74
67, 73
68, 72
69, 71
69, 71
62, 83
61, 84
60, 85
59, 86
58, 87
57, 86
57, 86
57, 87
57, 87
57, 87
57, 87
57, 87
54, 78
55, 79
56, 80
57, 81
57, 81
58, 82
59, 83
60, 83
59, 82
59, 82
60, 83
60, 83
59, 85
59, 85
59, 85
59, 84
59, 84
59, 85
59, 85
59, 85
59, 85
69, 80
69, 80
68, 79
67, 78
67, 79
67, 79
66, 78
65, 77
64, 76
63, 76
62, 76
61, 76
61, 76
54, 77
53, 78
53, 78
54, 79
54, 79
54, 78
53, 79
53, 79
54, 78
54, 78
57, 85
58, 84
59, 84
60, 84
59, 85
59, 85
60, 84
61, 84
61, 84
56, 79
57, 78
58, 77
59, 76
59, 75
59, 75
60, 76
61, 76
62, 76
61, 76
61, 76
61, 76
66, 81
66, 80
66, 79
66, 78
67, 77
67, 77
67, 77
61, 85
60, 86
59, 87
58, 88
58, 89
58, 89
57, 89
56, 89
57, 90
57, 90
56, 89
56, 89
56, 75
57, 76
58, 77
59, 78
60, 79
60, 79
57, 74
56, 73
56, 73
57, 73
58, 73
59, 73
60, 73
61, 73
62, 73
63, 73
63, 73
60, 76
59, 77
58, 78
57, 79
56, 80
56, 81
55, 80
55, 80
56, 81
56, 82
56, 82
65, 79
64, 80
63, 81
62, 82
61, 83
61, 83
60, 84
60, 84
61, 83
61, 83
61, 83
61, 83
54, 88
53, 88
52, 88
52, 88
51, 88
51, 88
52, 88
52, 88
68, 81
69, 80
68, 81
67, 80
67, 81
67, 81
61, 77
62, 77
63, 77
63, 76
63, 77
64, 77
65, 78
64, 79
65, 79
64, 78
64, 78
56, 73
57, 73
57, 74
58, 75
59, 74
60, 73
59, 73
58, 72
59, 72
59, 72
56, 83
57, 84
57, 83
56, 84
57, 84
58, 85
57, 86
58, 86
58, 86
53, 88
54, 89
55, 90
54, 90
55, 89
55, 89
63, 72
64, 72
65, 71
66, 70
67, 69
67, 70
66, 71
66, 71
61, 83
62, 83
63, 82
62, 82
61, 83
60, 84
60, 84
61, 84
62, 85
63, 86
62, 86
61, 85
61, 84
60, 83
61, 84
60, 83
60, 83
62, 77
62, 76
62, 75
63, 74
63, 75
63, 74
63, 73
62, 74
61, 74
60, 73
60, 73
68, 72
67, 71
68, 70
68, 69
69, 68
69, 68
67, 76
67, 77
66, 78
67, 79
68, 78
67, 79
68, 80
69, 81
68, 81
68, 80
68, 80
60, 83
61, 84
61, 85
60, 86
60, 85
60, 86
60, 85
59, 84
59, 85
60, 85
60, 85
52, 87
51, 88
50, 89
51, 89
50, 88
51, 88
51, 87
51, 88
52, 87
52, 87
60, 76
59, 77
60, 76
60, 75
59, 75
58, 75
58, 75
64, 87
65, 87
66, 88
66, 87
65, 86
64, 87
65, 87
65, 87
52, 80
53, 80
54, 79
53, 80
52, 80
52, 80
57, 83
57, 84
57, 83
57, 84
56, 85
57, 85
58, 84
58, 85
58, 86
58, 85
58, 85
56, 78
57, 79
56, 80
56, 81
57, 81
57, 80
57, 80
64, 81
65, 81
64, 82
63, 82
64, 81
64, 80
65, 79
64, 80
65, 80
66, 80
66, 80
55, 79
54, 80
53, 79
53, 80
52, 80
53, 81
53, 82
53, 82
58, 88
59, 88
59, 89
58, 89
59, 88
60, 88
61, 87
60, 86
60, 86
54, 78
53, 78
53, 77
54, 78
53, 78
54, 77
55, 77
54, 76
53, 75
53, 75
56, 88
55, 87
56, 86
57, 86
58, 87
57, 88
57, 87
58, 88
59, 88
58, 88
58, 88
58, 85
58, 84
57, 83
57, 84
57, 85
56, 84
56, 84
61, 80
60, 79
61, 78
60, 79
61, 79
61, 79
58, 84
59, 85
60, 84
61, 84
61, 85
60, 85
59, 86
60, 86
59, 85
60, 85
60, 85
65, 71
65, 70
64, 71
65, 72
66, 72
66, 73
66, 73
56, 88
57, 89
58, 89
57, 90
56, 89
55, 88
55, 89
55, 90
56, 89
55, 88
55, 88
57, 85
57, 86
56, 86
57, 86
58, 86
59, 86
59, 87
60, 87
61, 88
62, 89
62, 89
60, 84
59, 83
58, 82
57, 81
58, 81
58, 81
58, 72
59, 72
60, 73
59, 73
58, 73
57, 73
56, 74
56, 74
65, 79
66, 78
66, 77
65, 76
66, 77
65, 76
64, 76
65, 75
65, 75
70, 67
70, 66
70, 67
70, 68
71, 68
72, 67
72, 68
71, 67
71, 68
72, 68
72, 68
52, 81
53, 80
53, 81
52, 82
51, 82
52, 81
52, 81
57, 84
58, 84
58, 85
57, 84
57, 83
57, 82
56, 83
56, 83
54, 81
55, 81
54, 82
55, 82
56, 82
55, 82
54, 83
54, 84
54, 85
54, 85
59, 86
58, 87
57, 87
58, 87
58, 86
59, 85
58, 86
57, 85
57, 85
59, 73
60, 73
61, 74
60, 75
61, 76
60, 75
60, 74
61, 75
60, 75
61, 74
61, 74
60, 83
60, 84
59, 83
59, 82
60, 83
61, 83
61, 83
59, 87
59, 88
58, 88
59, 88
58, 87
58, 87
56, 79
57, 79
58, 80
59, 81
58, 81
57, 82
57, 83
57, 83
64, 79
63, 79
63, 80
63, 79
64, 79
63, 80
63, 81
63, 81
53, 88
54, 88
53, 87
54, 87
55, 86
56, 85
55, 86
54, 87
53, 87
52, 86
52, 86
61, 78
61, 77
62, 78
63, 78
63, 77
62, 77
62, 77
69, 79
68, 79
69, 78
70, 78
71, 79
71, 79
61, 84
62, 83
61, 83
61, 84
60, 83
61, 82
60, 81
59, 81
60, 81
60, 81
52, 74
53, 74
52, 73
53, 72
54, 72
55, 73
55, 72
55, 72
68, 82
67, 83
68, 83
67, 82
68, 81
68, 81
64, 86
63, 86
63, 85
63, 86
62, 87
61, 87
60, 87
59, 86
59, 86
59, 74
60, 73
61, 73
60, 74
59, 73
60, 73
61, 73
62, 74
63, 73
63, 73
62, 80
61, 79
60, 78
59, 77
58, 76
57, 75
56, 74
55, 73
54, 72
53, 71
53, 71
56, 87
57, 86
58, 85
59, 84
60, 83
61, 82
62, 81
62, 81
63, 80
63, 80
62, 73
63, 72
64, 71
65, 70
65, 69
65, 69
62, 82
63, 81
64, 80
64, 79
64, 78
64, 77
64, 77
65, 74
65, 74
64, 74
63, 74
62, 74
62, 74
58, 81
57, 80
56, 79
55, 78
54, 77
54, 77
59, 86
60, 85
61, 84
62, 83
63, 82
64, 81
64, 81
51, 82
50, 83
49, 84
48, 85
48, 85
47, 86
47, 86
48, 85
49, 84
50, 83
50, 82
50, 81
50, 80
49, 81
48, 82
48, 82
55, 84
56, 83
57, 83
58, 83
59, 83
59, 83
54, 71
54, 71
53, 70
53, 70
52, 69
51, 68
51, 68
61, 76
60, 75
59, 74
58, 73
57, 72
57, 72
56, 71
56, 71
60, 81
61, 80
62, 79
63, 78
63, 78
64, 77
64, 77
56, 82
56, 81
56, 81
56, 81
56, 81
56, 81
56, 81
56, 81
56, 81
56, 81
56, 84
55, 83
55, 83
54, 82
53, 81
52, 80
52, 80
51, 79
51, 79
59, 84
58, 83
57, 82
57, 82
56, 81
56, 81
55, 80
54, 79
54, 78
54, 77
54, 77
58, 85
57, 84
57, 84
56, 83
56, 83
56, 83
53, 85
54, 84
55, 83
56, 82
57, 81
58, 80
59, 79
60, 78
60, 78
60, 78
61, 88
61, 88
60, 87
59, 86
58, 85
57, 84
56, 83
55, 82
55, 82
57, 83
56, 82
56, 82
55, 81
54, 80
53, 79
53, 79
64, 74
63, 73
62, 72
61, 71
61, 71
61, 71
61, 71
61, 71
71, 69
70, 70
70, 71
70, 72
70, 73
70, 73
70, 74
70, 75
70, 76
70, 76
67, 80
66, 79
66, 79
65, 78
65, 78
65, 78
55, 73
54, 72
54, 72
53, 71
52, 70
52, 70
70, 78
70, 78
69, 77
69, 77
68, 76
67, 75
66, 74
65, 73
65, 73
62, 74
61, 75
60, 76
59, 77
59, 77
59, 77
63, 80
64, 79
64, 78
64, 77
64, 76
64, 75
64, 75
47, 81
47, 81
47, 81
46, 80
45, 79
44, 79
43, 79
43, 79
43, 79
43, 79
64, 77
65, 78
66, 79
67, 80
68, 81
69, 82
70, 83
70, 84
70, 85
70, 85
70, 85
54, 77
54, 77
55, 76
56, 75
56, 75
56, 75
56, 75
51, 69
50, 68
49, 67
48, 66
47, 65
46, 64
45, 63
45, 63
45, 63
63, 80
62, 79
61, 78
60, 77
59, 76
58, 75
57, 74
56, 73
55, 72
55, 72
53, 76
52, 75
51, 74
50, 73
49, 72
48, 71
47, 70
47, 68
48, 67
49, 66
50, 65
50, 64
50, 63
50, 62
50, 62
49, 61
49, 61
69, 75
68, 74
67, 73
66, 72
66, 72
66, 72
64, 77
64, 77
63, 76
62, 75
61, 74
60, 73
60, 73
59, 72
59, 72
60, 78
59, 77
59, 77
59, 77
58, 76
57, 75
57, 75
53, 71
52, 70
51, 69
50, 68
49, 67
48, 66
47, 65
46, 64
46, 64
54, 83
53, 84
52, 85
51, 85
50, 85
49, 85
48, 85
48, 85
61, 75
60, 76
59, 77
58, 78
57, 79
56, 80
56, 80
57, 72
58, 73
59, 74
60, 75
61, 76
61, 77
61, 78
61, 78
64, 68
63, 67
63, 67
63, 67
63, 67
62, 66
61, 65
61, 65
60, 64
60, 64
55, 82
54, 81
53, 80
52, 79
51, 78
50, 77
49, 76
48, 75
48, 75
58, 82
57, 81
56, 80
55, 79
55, 79
54, 78
53, 78
52, 78
51, 78
50, 78
50, 78
52, 67
53, 66
54, 65
55, 64
55, 64
56, 63
57, 63
58, 63
58, 63
51, 79
50, 78
49, 77
48, 76
47, 75
46, 74
45, 73
44, 72
43, 71
43, 71
55, 80
54, 79
53, 78
52, 77
51, 76
51, 76
54, 78
55, 77
56, 76
57, 75
58, 74
58, 74
59, 73
59, 73
60, 72
60, 72
63, 78
63, 79
63, 80
63, 81
63, 81
63, 81
63, 81
63, 81
63, 81
63, 81
63, 81
58, 76
58, 76
57, 75
57, 75
56, 75
55, 75
55, 75
55, 75
65, 73
64, 74
63, 75
62, 76
61, 77
60, 78
60, 78
60, 78
60, 70
59, 69
58, 68
57, 67
56, 66
56, 66
55, 65
54, 64
53, 63
52, 62
52, 62
63, 74
62, 73
62, 73
61, 72
60, 71
59, 70
59, 70
59, 70
60, 64
60, 64
59, 63
58, 62
57, 61
56, 60
55, 59
54, 58
54, 58
56, 74
55, 73
54, 72
53, 71
52, 71
52, 71
52, 71
62, 80
61, 79
61, 79
60, 78
59, 77
59, 77
44, 72
45, 73
46, 74
47, 75
48, 76
49, 77
50, 78
50, 78
50, 78
47, 74
47, 74
46, 73
45, 72
44, 71
44, 71
51, 61
50, 60
49, 59
48, 58
47, 57
46, 56
46, 56
46, 56
46, 56
69, 84
68, 83
67, 82
67, 82
67, 82
66, 81
65, 80
64, 79
64, 79
63, 78
63, 78
48, 85
47, 84
46, 83
45, 82
45, 82
44, 81
43, 80
43, 80
59, 71
58, 70
58, 70
58, 70
57, 69
56, 68
55, 67
54, 66
53, 65
53, 65
50, 78
51, 77
52, 76
53, 75
54, 74
55, 73
56, 72
56, 72
56, 72
50, 62
51, 63
52, 64
52, 64
53, 65
54, 66
55, 67
56, 67
57, 67
57, 67
56, 80
55, 79
54, 78
53, 77
52, 76
51, 75
51, 75
66, 72
65, 71
64, 70
63, 69
62, 68
61, 67
61, 67
61, 67
54, 71
53, 70
52, 69
51, 68
50, 67
50, 67
49, 66
48, 65
47, 64
47, 64
59, 77
59, 77
58, 76
57, 75
56, 74
56, 74
56, 74
52, 77
53, 78
54, 79
54, 79
55, 80
56, 81
57, 82
58, 82
59, 82
59, 82
58, 71
57, 70
57, 70
56, 69
55, 68
54, 67
53, 66
52, 65
51, 64
50, 62
50, 61
50, 60
50, 59
50, 58
50, 57
50, 56
50, 55
50, 54
50, 53
50, 53
61, 78
61, 78
60, 79
59, 80
59, 80
59, 80
42, 78
41, 77
40, 76
40, 76
39, 75
38, 74
37, 73
36, 72
35, 71
34, 70
34, 70
55, 74
54, 73
54, 73
54, 73
53, 72
53, 72
52, 71
51, 70
51, 70
50, 69
50, 69
47, 65
48, 65
49, 65
50, 65
51, 65
52, 65
53, 65
54, 65
54, 65
55, 75
54, 74
54, 74
53, 73
53, 72
53, 72
53, 72
45, 63
45, 63
44, 64
43, 65
42, 66
41, 67
40, 68
39, 69
39, 69
38, 70
38, 70
57, 62
56, 61
55, 60
55, 60
54, 59
54, 59
58, 76
57, 75
57, 75
56, 74
55, 73
54, 72
53, 71
52, 70
51, 69
50, 68
50, 68
58, 69
57, 68
56, 67
55, 66
55, 66
54, 65
53, 64
53, 64
49, 68
48, 67
47, 66
46, 65
45, 64
45, 64
53, 57
53, 57
52, 56
51, 55
50, 55
49, 55
48, 55
47, 55
47, 55
47, 55
47, 55
56, 66
56, 66
55, 65
54, 64
53, 63
52, 62
51, 61
50, 61
50, 61
49, 54
48, 55
48, 55
48, 55
47, 56
46, 57
46, 57
47, 56
48, 55
49, 54
50, 53
50, 52
50, 51
50, 50
49, 51
49, 51
53, 70
54, 69
55, 68
56, 67
57, 66
58, 65
58, 65
62, 77
61, 76
60, 75
59, 74
58, 73
58, 73
58, 73
58, 73
51, 75
51, 75
52, 74
53, 73
53, 73
53, 73
54, 72
54, 72
57, 75
58, 76
59, 77
60, 78
61, 79
62, 80
63, 80
64, 80
65, 80
66, 80
66, 80
58, 81
57, 80
56, 79
55, 78
54, 77
53, 76
53, 75
53, 74
53, 74
53, 74
35, 69
35, 68
35, 67
35, 67
35, 66
35, 66
35, 65
35, 64
35, 64
60, 66
59, 65
58, 64
57, 63
56, 62
56, 62
54, 65
55, 64
56, 63
57, 62
57, 61
57, 60
57, 59
57, 59
51, 77
52, 76
53, 75
53, 75
54, 74
55, 73
56, 72
56, 72
43, 71
43, 71
42, 71
41, 71
40, 71
40, 71
40, 71
39, 71
39, 71
48, 63
48, 63
48, 63
49, 61
50, 60
50, 59
50, 58
50, 57
50, 56
50, 55
50, 54
50, 53
50, 53
49, 52
49, 52
49, 52
56, 72
57, 71
58, 70
59, 69
60, 68
61, 67
62, 66
62, 66
54, 59
53, 58
52, 57
51, 56
51, 56
50, 55
49, 54
49, 54
47, 57
48, 58
49, 59
49, 59
50, 60
51, 61
51, 61
53, 72
52, 73
51, 74
50, 75
49, 76
48, 77
47, 78
47, 78
47, 78
59, 80
59, 80
58, 79
58, 78
58, 77
58, 77
58, 76
58, 75
58, 75
54, 64
54, 64
55, 63
55, 63
56, 62
56, 62
44, 79
44, 79
45, 78
46, 77
47, 76
48, 75
49, 75
49, 75
38, 70
38, 70
37, 69
37, 69
37, 69
37, 69
36, 68
35, 67
35, 67
48, 74
47, 73
46, 72
46, 71
46, 70
46, 70
57, 61
57, 61
57, 61
58, 60
58, 60
59, 59
59, 58
59, 57
58, 55
57, 54
56, 53
55, 52
54, 51
53, 50
52, 50
51, 50
50, 50
51, 49
51, 49
45, 64
46, 65
47, 66
48, 67
49, 68
49, 68
50, 69
51, 70
52, 71
52, 71
56, 60
55, 61
54, 62
53, 63
52, 64
51, 65
50, 66
50, 66
51, 62
52, 62
53, 62
54, 62
55, 62
56, 62
57, 62
58, 62
59, 62
60, 62
60, 62
52, 63
52, 63
51, 62
50, 61
49, 60
48, 59
48, 59
39, 71
38, 70
37, 69
37, 69
36, 68
35, 67
35, 67
48, 52
47, 53
46, 54
46, 54
46, 54
46, 54
57, 64
56, 63
55, 62
54, 62
53, 62
52, 62
52, 62
52, 62
52, 62
52, 62
51, 69
52, 70
53, 71
54, 72
55, 72
56, 72
56, 72
57, 72
56, 71
55, 70
54, 69
54, 69
53, 68
52, 67
52, 67
48, 56
49, 57
50, 58
51, 59
52, 60
53, 61
54, 62
54, 62
50, 55
50, 55
51, 56
52, 57
53, 58
54, 59
55, 59
55, 59
56, 59
57, 59
57, 59
57, 74
56, 73
56, 73
55, 72
54, 71
53, 70
52, 69
52, 69
52, 69
54, 72
53, 71
52, 70
51, 69
50, 68
50, 68
55, 61
54, 60
53, 59
52, 58
52, 58
51, 57
51, 57
51, 57
50, 56
49, 55
49, 55
62, 66
62, 66
61, 65
60, 64
59, 63
58, 62
57, 61
56, 60
56, 60
36, 65
37, 66
38, 67
39, 68
39, 68
39, 68
40, 69
41, 70
41, 70
34, 66
33, 65
32, 64
31, 63
30, 62
30, 62
54, 73
54, 73
55, 72
56, 71
57, 70
57, 70
48, 53
47, 54
47, 54
47, 54
46, 55
46, 55
47, 54
48, 53
49, 52
50, 51
50, 50
50, 50
50, 50
55, 73
54, 74
53, 75
53, 75
52, 76
51, 77
50, 78
50, 78
49, 79
49, 79
50, 62
50, 62
50, 61
50, 60
50, 59
50, 58
50, 58
49, 59
49, 59
49, 60
49, 61
49, 61
50, 61
50, 60
50, 59
50, 58
50, 57
50, 56
50, 55
50, 54
50, 53
50, 53
46, 77
46, 77
45, 76
44, 75
44, 75
43, 74
42, 73
42, 73
42, 72
42, 72
65, 79
65, 79
64, 78
64, 78
63, 77
62, 76
62, 76
50, 80
51, 81
51, 81
52, 81
53, 81
53, 81
42, 71
43, 72
44, 73
45, 74
46, 75
47, 76
48, 77
48, 77
61, 77
60, 78
59, 78
58, 78
57, 78
56, 78
55, 78
54, 78
53, 78
53, 78
53, 78
41, 71
40, 70
40, 70
39, 69
38, 68
37, 67
36, 66
36, 66
35, 67
36, 66
37, 65
37, 65
38, 64
39, 63
41, 62
42, 61
43, 60
44, 59
45, 58
46, 57
47, 56
48, 57
49, 58
49, 58
55, 61
56, 60
57, 59
57, 59
58, 58
59, 57
59, 57
57, 70
56, 69
55, 68
54, 67
53, 66
52, 65
51, 64
50, 62
50, 61
50, 60
50, 59
50, 58
49, 57
49, 57
48, 54
48, 54
47, 53
46, 52
46, 52
46, 52
45, 51
44, 50
44, 50
56, 72
55, 71
55, 71
54, 70
53, 69
52, 68
51, 67
50, 66
49, 65
49, 65
55, 61
54, 62
53, 63
52, 64
52, 64
51, 65
50, 66
50, 66
50, 66
50, 66
50, 66
60, 62
59, 61
58, 60
57, 59
56, 58
55, 57
54, 56
53, 55
53, 54
53, 54
52, 71
51, 70
50, 69
49, 68
48, 67
47, 66
47, 66
46, 65
46, 65
49, 67
48, 68
47, 69
46, 70
45, 71
44, 72
43, 73
42, 74
41, 75
40, 76
40, 76
45, 71
44, 71
43, 71
43, 71
42, 71
41, 71
40, 71
39, 71
38, 71
38, 71
51, 68
50, 67
49, 66
48, 65
47, 64
46, 63
45, 62
45, 60
46, 59
47, 58
48, 57
49, 56
50, 55
49, 54
48, 53
48, 53
29, 61
28, 60
27, 59
27, 59
27, 59
26, 59
25, 59
24, 59
24, 58
25, 57
26, 56
27, 55
28, 54
29, 53
30, 52
31, 51
32, 50
33, 50
33, 50
53, 66
53, 65
53, 65
53, 64
53, 63
53, 63
53, 62
53, 61
53, 61
56, 58
55, 57
54, 56
53, 55
52, 54
52, 54
51, 54
52, 55
52, 55
53, 56
54, 57
55, 58
56, 59
57, 60
57, 60
46, 54
47, 53
48, 52
49, 51
50, 50
51, 49
52, 48
52, 47
52, 46
52, 46
52, 50
53, 51
53, 51
52, 50
51, 50
50, 50
50, 50
50, 50
50, 50
50, 50
51, 51
52, 52
52, 52
49, 51
48, 52
47, 53
47, 53
46, 54
46, 54
47, 53
48, 52
49, 51
50, 50
50, 50
50, 50
49, 51
49, 51
53, 61
53, 61
54, 60
55, 59
55, 59
55, 59
47, 58
46, 57
46, 55
47, 54
48, 53
49, 52
50, 51
50, 50
50, 50
50, 50
50, 50
49, 49
48, 48
47, 47
46, 46
45, 45
45, 44
45, 44
50, 68
49, 67
48, 66
48, 66
47, 65
47, 65
48, 64
47, 63
47, 63
46, 62
45, 61
45, 59
46, 58
47, 57
48, 56
49, 55
50, 54
50, 53
50, 52
50, 51
49, 50
48, 49
48, 49
40, 76
40, 76
41, 77
42, 78
42, 78
42, 78
43, 79
44, 80
45, 81
46, 82
46, 82
56, 60
57, 61
58, 62
59, 63
60, 64
61, 65
62, 66
63, 67
63, 67
44, 45
44, 45
44, 45
44, 45
44, 46
44, 46
56, 59
56, 59
55, 58
54, 57
53, 56
52, 55
51, 54
50, 53
49, 52
48, 51
48, 51
49, 78
50, 79
51, 79
52, 79
53, 79
53, 79
53, 79
53, 79
53, 79
53, 79
50, 52
51, 53
51, 53
52, 54
53, 55
54, 56
54, 56
52, 80
51, 79
50, 78
49, 77
48, 76
47, 75
47, 75
54, 77
55, 76
56, 75
56, 75
57, 74
58, 73
59, 72
60, 71
61, 70
61, 70
37, 65
38, 64
38, 64
39, 63
40, 62
41, 61
42, 60
42, 60
42, 60
49, 65
49, 64
50, 62
50, 61
50, 60
50, 59
50, 58
50, 57
50, 56
50, 56
49, 55
49, 54
49, 54
52, 55
52, 55
52, 55
51, 56
50, 57
49, 58
48, 59
48, 59
34, 51
35, 52
36, 53
37, 54
38, 54
39, 54
40, 54
40, 54
41, 54
42, 54
42, 54
53, 55
54, 56
55, 57
56, 58
57, 59
58, 60
59, 61
60, 62
60, 62
51, 51
50, 50
49, 49
49, 49
48, 48
48, 48
58, 56
57, 55
56, 54
55, 53
53, 51
52, 50
51, 50
50, 50
50, 50
50, 50
50, 50
50, 50
50, 50
50, 50
50, 50
50, 50
47, 64
47, 64
48, 63
48, 63
50, 61
50, 60
50, 59
50, 58
50, 57
51, 56
52, 55
52, 55
53, 47
54, 48
55, 49
56, 50
56, 50
55, 50
54, 50
53, 50
52, 50
51, 50
52, 51
52, 51
53, 52
54, 53
54, 53
45, 51
46, 52
47, 53
48, 54
49, 55
50, 56
51, 57
52, 58
53, 59
53, 59
48, 57
48, 57
48, 57
47, 56
46, 55
45, 54
44, 53
43, 52
43, 52
43, 52
39, 70
40, 69
41, 68
42, 67
43, 66
44, 65
44, 65
45, 64
46, 63
46, 63
48, 66
49, 67
50, 68
51, 69
51, 69
52, 70
53, 70
54, 70
55, 70
55, 70
47, 54
46, 55
46, 55
47, 54
48, 53
49, 52
50, 51
49, 52
49, 52
49, 52
48, 56
47, 55
46, 54
45, 53
44, 52
44, 52
52, 60
51, 59
50, 58
49, 57
49, 56
49, 55
49, 54
49, 53
49, 53
51, 49
50, 48
50, 49
51, 48
51, 49
50, 50
51, 49
50, 48
49, 49
49, 50
49, 50
46, 81
47, 80
48, 79
49, 79
48, 80
47, 80
48, 80
47, 80
48, 79
47, 79
47, 79
53, 54
53, 53
54, 54
53, 54
53, 55
54, 54
55, 55
56, 56
56, 56
51, 56
51, 55
52, 54
52, 53
53, 54
54, 55
54, 55
55, 71
56, 70
55, 70
55, 69
55, 70
56, 71
57, 72
58, 73
59, 73
59, 73
43, 46
42, 47
43, 47
42, 48
42, 49
41, 48
42, 48
42, 48
43, 51
42, 52
43, 52
44, 52
43, 53
43, 52
43, 52
60, 69
59, 70
58, 70
57, 71
57, 72
56, 71
57, 72
57, 71
57, 71
55, 57
54, 57
55, 58
54, 59
53, 60
53, 60
47, 51
46, 51
45, 50
46, 49
47, 48
48, 49
48, 49
54, 59
53, 59
52, 60
51, 59
50, 60
49, 61
48, 60
47, 59
48, 59
48, 59
49, 53
49, 52
50, 53
50, 52
51, 51
51, 51
48, 54
48, 53
48, 54
48, 55
48, 54
49, 55
48, 56
49, 55
49, 54
49, 54
41, 55
40, 55
40, 56
41, 57
42, 57
41, 57
40, 56
41, 55
41, 54
42, 53
42, 53
41, 60
40, 61
39, 62
40, 61
39, 62
40, 62
40, 62
47, 49
46, 50
45, 49
46, 50
46, 51
47, 51
46, 51
45, 50
44, 49
44, 49
48, 74
49, 75
48, 74
47, 75
48, 76
47, 75
46, 74
46, 74
49, 55
49, 56
48, 55
48, 56
47, 57
48, 58
48, 59
49, 58
48, 57
49, 58
49, 58
44, 52
43, 53
43, 54
44, 53
45, 54
44, 55
45, 54
45, 54
63, 66
62, 66
62, 65
62, 66
62, 65
63, 64
63, 63
64, 64
63, 64
63, 64
48, 49
48, 48
47, 48
48, 49
49, 50
50, 49
49, 50
49, 50
53, 78
52, 79
53, 78
52, 78
52, 79
53, 78
53, 78
59, 62
58, 61
59, 61
60, 62
60, 61
59, 60
60, 61
59, 62
59, 63
59, 63
47, 59
47, 58
47, 57
48, 58
48, 59
49, 58
49, 59
49, 58
48, 59
48, 59
45, 64
46, 64
47, 65
46, 64
47, 64
46, 65
47, 66
46, 66
46, 65
46, 65
63, 63
62, 64
63, 64
63, 63
62, 62
63, 61
63, 62
63, 62
44, 50
45, 51
44, 51
43, 52
44, 52
45, 53
45, 53
45, 75
46, 75
45, 76
44, 75
45, 76
46, 76
47, 77
47, 77
57, 70
56, 70
55, 70
54, 71
53, 72
52, 72
53, 72
52, 71
52, 71
43, 48
42, 49
41, 48
40, 48
39, 48
39, 49
40, 49
40, 50
40, 50
49, 50
48, 49
48, 48
49, 49
48, 49
47, 48
46, 47
46, 47
59, 64
59, 65
58, 64
59, 65
60, 66
60, 66
46, 55
47, 56
46, 57
47, 57
47, 56
46, 56
47, 57
46, 57
47, 56
47, 57
47, 57
55, 57
56, 56
57, 55
56, 55
57, 54
57, 53
57, 54
57, 55
58, 54
58, 53
58, 53
49, 51
48, 51
47, 50
48, 51
48, 50
48, 49
47, 50
48, 50
47, 51
48, 50
48, 50
46, 66
45, 67
45, 68
44, 67
44, 66
43, 66
42, 67
42, 67
41, 63
40, 64
39, 63
38, 63
39, 63
40, 64
40, 64
53, 61
52, 62
51, 61
50, 61
49, 61
50, 61
49, 61
50, 60
50, 60
49, 59
49, 58
49, 57
49, 56
50, 56
51, 57
50, 58
50, 58
44, 52
44, 51
45, 50
44, 50
45, 51
44, 52
43, 53
44, 54
43, 53
42, 52
42, 52
50, 51
50, 52
50, 51
50, 50
49, 50
50, 51
50, 51
48, 80
47, 79
46, 78
45, 77
44, 78
43, 79
43, 79
43, 52
42, 52
43, 51
44, 52
43, 53
43, 54
44, 54
45, 53
45, 53
49, 51
48, 51
47, 50
47, 51
48, 50
48, 51
47, 51
47, 51
49, 53
48, 53
47, 52
48, 53
47, 54
46, 54
46, 53
45, 52
45, 52
48, 58
49, 59
49, 58
50, 59
49, 58
49, 57
49, 58
49, 59
49, 58
49, 58
53, 77
52, 76
52, 75
53, 74
52, 75
53, 75
52, 74
51, 73
51, 73
60, 74
61, 74
62, 73
62, 74
63, 75
64, 75
64, 76
65, 77
65, 77
49, 58
50, 59
49, 59
48, 60
49, 60
49, 61
49, 61
55, 55
56, 55
56, 54
57, 53
58, 54
57, 55
56, 56
57, 56
58, 56
57, 56
57, 56
44, 52
45, 53
44, 54
44, 53
45, 54
45, 54
43, 68
42, 68
43, 67
42, 68
41, 67
40, 66
39, 67
39, 66
39, 66
64, 77
63, 77
64, 76
63, 75
64, 75
64, 76
65, 75
66, 74
66, 74
47, 58
48, 59
48, 60
48, 59
49, 58
50, 57
50, 58
51, 59
52, 60
52, 60
47, 46
47, 47
47, 48
48, 47
49, 46
49, 45
49, 44
49, 44
48, 58
48, 59
49, 59
49, 60
48, 59
49, 60
48, 59
49, 59
50, 60
50, 61
50, 61
49, 60
50, 59
49, 60
49, 61
48, 60
49, 61
49, 61
45, 51
46, 52
45, 53
46, 54
45, 54
46, 55
47, 54
46, 54
46, 54
48, 77
48, 78
47, 78
48, 78
47, 77
47, 78
46, 78
47, 78
48, 77
48, 76
48, 76
39, 65
39, 64
40, 64
39, 64
38, 63
38, 63
61, 66
61, 67
62, 66
63, 65
63, 66
62, 65
62, 65
52, 72
51, 71
52, 70
51, 71
51, 70
51, 70
49, 51
49, 50
48, 49
47, 48
47, 47
46, 48
46, 48
58, 56
57, 55
56, 56
57, 55
56, 54
56, 54
41, 52
40, 53
41, 53
40, 52
39, 51
38, 52
38, 51
39, 51
39, 50
39, 50
46, 50
45, 50
45, 49
46, 49
47, 48
48, 48
47, 49
46, 48
46, 47
46, 47
39, 51
39, 50
40, 51
40, 52
41, 51
41, 50
42, 50
42, 49
41, 50
40, 51
40, 51
57, 54
56, 54
55, 53
54, 54
53, 54
53, 54
63, 63
64, 63
63, 64
62, 65
63, 64
64, 65
64, 65
50, 72
50, 73
50, 72
51, 73
52, 74
51, 75
50, 76
49, 75
49, 75
49, 49
48, 49
49, 48
48, 49
49, 49
50, 49
49, 48
49, 48
43, 80
44, 79
43, 79
42, 80
42, 79
42, 79
44, 54
45, 54
46, 55
46, 54
46, 55
46, 56
47, 57
47, 56
46, 57
47, 57
47, 57
51, 57
51, 56
50, 56
51, 56
52, 56
53, 57
54, 58
54, 57
55, 56
55, 56
49, 60
48, 60
47, 59
48, 60
49, 59
50, 59
50, 60
49, 61
49, 61
45, 49
46, 50
46, 51
46, 50
46, 51
46, 51
39, 49
39, 50
38, 50
38, 49
39, 50
39, 49
40, 48
40, 48
49, 49
49, 50
48, 49
48, 48
48, 47
49, 48
48, 48
48, 48
65, 64
64, 63
64, 62
65, 62
65, 61
66, 61
65, 60
66, 60
66, 59
66, 58
66, 58
46, 56
47, 55
46, 54
46, 53
45, 53
45, 54
45, 53
45, 52
44, 51
44, 52
44, 52
37, 62
37, 61
38, 60
38, 61
37, 60
36, 61
37, 62
36, 61
36, 61
52, 71
51, 72
50, 71
49, 72
50, 71
50, 71
50, 44
49, 44
48, 44
48, 43
48, 42
48, 42
40, 65
40, 66
41, 67
42, 66
41, 66
42, 67
43, 66
43, 66
53, 60
52, 59
53, 58
54, 58
55, 57
56, 57
55, 58
56, 59
55, 59
55, 59
47, 46
47, 45
47, 44
46, 45
45, 44
45, 44
50, 62
50, 61
49, 61
48, 60
47, 59
47, 58
47, 59
48, 60
48, 59
48, 59
50, 62
51, 62
52, 63
51, 62
50, 62
51, 62
51, 62
47, 53
48, 54
49, 53
50, 52
51, 51
51, 51
50, 60
49, 61
50, 60
51, 61
50, 61
51, 62
52, 61
53, 62
53, 61
53, 61
42, 80
41, 79
41, 78
42, 77
43, 78
44, 79
44, 79
53, 55
52, 54
51, 55
52, 56
53, 55
53, 55
44, 54
45, 53
44, 53
44, 52
44, 51
43, 52
44, 51
45, 51
44, 52
44, 53
44, 53
61, 64
60, 63
59, 62
58, 61
57, 62
58, 62
59, 62
60, 62
61, 62
60, 63
60, 63
56, 57
55, 57
54, 56
55, 56
56, 56
56, 55
56, 54
55, 55
55, 56
56, 55
56, 55
47, 75
48, 74
48, 73
49, 73
50, 72
51, 71
52, 70
53, 71
54, 71
54, 71
66, 73
66, 74
66, 73
65, 73
64, 72
63, 72
62, 73
63, 74
64, 74
64, 74
49, 76
48, 75
49, 74
48, 74
48, 73
49, 74
49, 75
49, 76
50, 75
50, 75
39, 52
38, 53
37, 53
36, 52
37, 52
37, 53
37, 53
57, 55
57, 54
58, 54
58, 55
57, 56
57, 57
57, 57
56, 60
55, 60
54, 60
55, 60
54, 59
55, 59
55, 59
49, 60
48, 59
49, 59
48, 59
48, 58
47, 58
48, 58
47, 58
48, 59
49, 59
49, 59
54, 70
53, 70
53, 69
54, 70
55, 71
54, 72
54, 71
55, 72
54, 73
53, 74
53, 74
49, 74
50, 74
51, 75
50, 76
51, 76
50, 76
50, 76
44, 44
45, 43
44, 42
45, 43
44, 43
44, 44
45, 44
46, 43
46, 44
45, 43
45, 43
47, 49
46, 50
45, 50
44, 50
43, 49
44, 50
45, 49
46, 49
45, 49
46, 49
46, 49
54, 56
54, 57
53, 56
52, 57
52, 58
51, 59
51, 58
51, 57
51, 57
55, 56
55, 55
55, 56
56, 57
56, 58
57, 59
57, 59
45, 50
46, 49
45, 48
44, 49
45, 50
44, 49
44, 50
44, 50
44, 65
45, 64
46, 64
46, 65
45, 64
45, 65
45, 65
38, 54
39, 54
40, 54
39, 55
38, 54
38, 54
65, 73
66, 74
67, 74
68, 74
69, 75
68, 74
68, 74
45, 52
44, 51
45, 50
44, 50
45, 50
44, 51
43, 51
44, 50
43, 51
42, 52
42, 52
57, 56
56, 57
55, 56
56, 56
57, 57
57, 58
56, 58
56, 58
52, 62
53, 62
52, 63
51, 62
52, 61
53, 62
52, 62
52, 63
52, 64
52, 64
44, 78
43, 77
43, 76
42, 77
43, 77
44, 78
43, 78
43, 78
53, 62
54, 63
54, 64
53, 65
54, 64
55, 65
54, 65
55, 66
54, 67
55, 66
55, 66
49, 43
50, 44
51, 43
52, 43
53, 44
54, 43
55, 42
55, 41
55, 41
49, 72
50, 73
51, 74
50, 74
51, 74
51, 74
66, 57
65, 57
66, 57
66, 56
67, 56
68, 56
68, 57
69, 58
69, 58
52, 52
53, 52
54, 53
53, 52
54, 51
53, 50
52, 51
52, 50
52, 51
53, 52
53, 52
43, 53
43, 54
44, 53
45, 53
45, 52
44, 51
45, 50
45, 51
45, 51
61, 63
60, 63
60, 64
59, 64
60, 64
60, 63
60, 63
37, 61
36, 60
36, 61
35, 60
36, 59
35, 58
34, 59
33, 60
34, 59
34, 59
40, 49
39, 50
39, 51
40, 50
39, 49
38, 49
37, 49
37, 49
46, 43
45, 43
46, 42
45, 42
46, 41
45, 42
45, 42
35, 59
34, 58
33, 59
33, 60
34, 61
35, 60
34, 60
34, 60
51, 64
50, 65
49, 66
49, 65
50, 64
51, 65
52, 64
53, 63
53, 63
51, 73
50, 72
49, 71
48, 71
49, 71
48, 72
47, 71
47, 71
55, 58
56, 57
55, 57
55, 56
56, 56
55, 55
55, 56
54, 57
54, 57
44, 51
45, 50
46, 51
46, 52
45, 51
44, 52
43, 53
43, 53
58, 58
58, 59
57, 58
57, 59
58, 59
58, 59
44, 77
43, 78
43, 77
43, 78
43, 77
43, 77
53, 53
52, 54
51, 53
52, 52
53, 53
53, 54
52, 55
53, 55
53, 55
59, 64
58, 65
59, 65
60, 65
61, 66
61, 66
37, 54
38, 55
37, 55
36, 55
35, 54
35, 54
47, 50
48, 49
48, 50
48, 49
48, 48
48, 49
48, 49
44, 65
44, 64
43, 63
44, 62
45, 63
45, 64
45, 65
46, 64
46, 64
54, 40
54, 39
53, 38
53, 39
53, 38
53, 38
49, 77
50, 76
49, 76
48, 76
48, 77
48, 76
47, 75
46, 74
46, 74
54, 66
55, 65
55, 66
56, 67
57, 67
57, 67
68, 59
68, 60
69, 60
68, 60
67, 61
68, 60
68, 61
67, 61
68, 62
68, 62
48, 59
49, 58
48, 59
49, 60
48, 60
49, 59
49, 60
49, 60
67, 73
66, 73
67, 74
66, 73
66, 74
66, 74
43, 49
42, 50
43, 49
44, 48
43, 49
43, 48
43, 48
36, 48
35, 48
35, 49
34, 49
34, 48
34, 49
35, 48
36, 48
36, 48
51, 58
52, 57
51, 58
52, 59
53, 58
54, 58
54, 58
57, 57
57, 56
57, 55
56, 54
57, 54
58, 55
58, 55
54, 73
55, 73
54, 74
53, 74
54, 73
55, 74
56, 73
57, 73
56, 74
56, 74
43, 51
44, 52
43, 51
43, 50
42, 51
42, 52
42, 51
41, 51
42, 50
42, 50
53, 57
53, 56
54, 55
53, 56
54, 56
54, 57
55, 58
56, 59
55, 59
55, 59
53, 62
54, 62
53, 62
54, 63
53, 62
54, 62
55, 61
54, 61
54, 62
54, 62
52, 56
53, 57
53, 58
54, 57
55, 58
54, 59
55, 59
55, 60
55, 60
57, 59
56, 59
55, 59
55, 58
54, 57
53, 57
53, 57
62, 66
62, 65
62, 64
63, 65
62, 66
61, 66
61, 67
61, 66
61, 66
47, 63
46, 64
46, 63
46, 64
47, 64
47, 65
48, 64
49, 65
48, 66
48, 66
56, 66
57, 65
58, 66
57, 67
57, 66
57, 66
54, 38
55, 38
54, 39
55, 40
54, 40
55, 41
55, 42
56, 43
56, 43
48, 70
47, 70
46, 71
45, 71
44, 71
43, 71
43, 72
43, 71
43, 70
43, 70
48, 48
48, 49
49, 49
48, 49
49, 50
48, 50
47, 51
47, 52
47, 52
37, 48
36, 48
35, 47
36, 47
36, 46
37, 46
36, 47
35, 48
36, 48
35, 49
35, 49
55, 73
54, 72
53, 71
52, 72
52, 73
53, 73
52, 74
51, 74
51, 73
51, 74
51, 74
57, 54
57, 55
56, 56
57, 57
56, 57
57, 58
57, 59
57, 60
57, 60
47, 74
47, 75
46, 74
45, 74
44, 73
44, 74
43, 73
43, 72
44, 72
44, 72
36, 54
35, 55
36, 55
37, 55
37, 56
36, 56
35, 57
34, 57
34, 57
41, 49
42, 50
42, 49
42, 50
41, 49
40, 50
39, 51
40, 50
40, 49
40, 49
42, 48
43, 49
44, 49
44, 50
43, 51
42, 50
42, 50
68, 61
68, 62
68, 61
67, 62
68, 61
67, 60
68, 59
68, 59
43, 78
44, 78
43, 79
42, 80
42, 81
42, 80
42, 80
44, 41
43, 41
44, 42
44, 41
45, 41
46, 41
45, 41
46, 40
46, 40
43, 52
42, 52
42, 53
41, 54
40, 53
41, 52
42, 52
42, 51
43, 50
44, 51
44, 51
49, 59
50, 59
49, 60
50, 60
51, 61
52, 61
51, 62
50, 62
50, 62
67, 73
67, 74
66, 74
67, 75
66, 75
65, 75
65, 74
66, 74
65, 73
64, 74
64, 74
35, 61
34, 62
34, 61
33, 60
32, 61
33, 60
33, 60
53, 58
54, 57
55, 58
54, 59
53, 60
52, 61
53, 60
53, 60
57, 61
58, 60
58, 59
58, 60
57, 61
56, 60
57, 59
57, 59
32, 59
32, 58
33, 59
34, 58
35, 57
34, 58
35, 57
36, 57
36, 57
41, 50
42, 49
41, 49
41, 50
40, 51
41, 52
42, 52
41, 51
40, 52
40, 51
40, 51
47, 40
48, 41
49, 41
50, 41
51, 41
51, 41
34, 58
35, 58
34, 57
35, 57
36, 58
36, 58
39, 50
39, 51
40, 51
41, 51
42, 51
43, 52
44, 53
43, 54
44, 54
44, 54
67, 59
67, 58
66, 59
67, 58
68, 57
67, 57
68, 56
69, 56
68, 57
69, 57
69, 57
54, 57
54, 56
53, 55
54, 54
53, 53
54, 53
54, 54
55, 54
55, 53
55, 53
52, 75
52, 76
53, 76
52, 77
53, 77
54, 78
54, 78
55, 58
55, 57
56, 57
55, 56
55, 55
55, 54
54, 53
54, 53
50, 61
50, 62
51, 63
50, 62
51, 61
51, 62
51, 61
50, 61
50, 61
43, 71
42, 70
42, 71
43, 72
44, 73
44, 72
43, 71
42, 71
43, 72
43, 72
53, 63
54, 64
54, 65
55, 66
55, 67
56, 68
56, 68
43, 81
42, 80
43, 80
43, 79
42, 78
43, 79
43, 80
42, 80
42, 80
54, 60
55, 60
54, 61
53, 60
54, 60
55, 60
56, 61
56, 60
56, 60
64, 73
64, 74
63, 73
63, 72
64, 71
64, 72
65, 72
65, 72
47, 51
48, 51
49, 50
48, 49
49, 49
48, 49
48, 50
49, 51
50, 51
50, 51
44, 69
45, 70
45, 71
45, 70
46, 70
45, 70
44, 71
45, 72
46, 71
46, 71
58, 67
58, 68
59, 68
58, 67
58, 66
59, 65
58, 64
59, 64
59, 64
49, 67
49, 68
50, 68
49, 68
48, 69
48, 70
47, 70
47, 70
54, 61
53, 62
53, 63
53, 64
54, 64
54, 64
43, 50
44, 49
43, 48
42, 49
43, 50
43, 49
42, 50
42, 50
57, 44
56, 45
57, 44
56, 44
55, 43
54, 44
55, 45
56, 45
55, 46
54, 45
54, 45
62, 67
61, 68
62, 67
63, 68
63, 67
64, 67
64, 67
35, 50
36, 50
36, 51
36, 52
35, 52
34, 52
33, 52
34, 51
34, 51
51, 62
50, 61
51, 60
52, 59
53, 58
53, 57
53, 57
52, 42
53, 43
52, 44
53, 44
54, 45
54, 44
53, 45
53, 44
54, 44
54, 44
63, 66
63, 65
62, 65
61, 64
60, 65
61, 66
61, 66
55, 53
56, 53
57, 53
58, 54
57, 53
58, 54
58, 55
58, 54
58, 54
42, 79
43, 78
43, 79
44, 80
44, 81
43, 81
43, 80
43, 81
44, 80
44, 81
44, 81
37, 57
36, 57
36, 56
37, 56
37, 55
37, 56
38, 57
38, 57
45, 54
46, 55
47, 56
46, 56
46, 57
47, 57
48, 57
47, 57
47, 57
51, 51
50, 52
51, 51
51, 50
52, 50
51, 51
51, 51
34, 52
34, 53
35, 53
34, 53
35, 54
35, 53
36, 52
36, 52
64, 71
63, 70
63, 69
63, 70
64, 69
64, 70
64, 69
63, 70
63, 70
68, 57
69, 56
68, 57
68, 56
67, 57
66, 56
67, 57
67, 57
48, 69
47, 69
46, 68
47, 68
48, 69
48, 68
47, 69
47, 68
47, 68
44, 71
43, 72
43, 71
43, 70
43, 71
43, 70
43, 70
37, 57
36, 56
37, 55
38, 55
37, 56
37, 57
38, 57
39, 58
38, 58
38, 58
43, 51
42, 51
43, 50
44, 50
43, 51
44, 51
44, 50
44, 50
53, 45
52, 46
51, 46
52, 47
51, 47
50, 46
51, 45
52, 46
53, 47
53, 47
47, 71
46, 72
45, 71
45, 72
46, 71
47, 72
47, 72
56, 69
55, 68
56, 67
55, 67
54, 67
53, 66
52, 65
51, 66
51, 66
55, 78
54, 79
53, 80
54, 81
54, 82
53, 83
53, 83
53, 65
52, 65
53, 65
52, 64
52, 63
52, 63
58, 65
58, 66
57, 67
56, 67
57, 67
58, 67
57, 68
58, 69
58, 69
56, 59
55, 60
54, 60
55, 59
56, 60
57, 59
58, 59
58, 59
39, 50
38, 51
39, 52
40, 52
40, 53
41, 52
41, 52
56, 58
56, 59
55, 59
54, 58
53, 58
53, 58
56, 53
56, 54
57, 53
57, 54
56, 54
57, 53
58, 53
57, 54
57, 53
56, 53
56, 53
55, 54
56, 55
55, 54
56, 53
57, 53
56, 54
57, 55
58, 55
57, 55
57, 56
57, 56
51, 62
52, 62
53, 63
54, 62
53, 61
53, 60
54, 60
53, 61
53, 60
54, 61
54, 61
52, 65
51, 64
50, 65
51, 65
52, 65
52, 66
51, 67
51, 66
51, 66
40, 52
39, 51
39, 50
39, 49
40, 49
39, 49
39, 49
53, 57
52, 56
51, 55
51, 56
50, 56
50, 55
51, 56
50, 57
50, 57
54, 47
54, 48
54, 47
54, 46
55, 46
56, 45
57, 44
58, 44
57, 43
57, 43
67, 56
66, 56
65, 56
64, 57
63, 56
62, 55
63, 56
62, 57
62, 56
62, 56
62, 71
61, 71
62, 72
62, 73
63, 72
63, 71
63, 70
63, 70
55, 44
56, 43
57, 43
56, 42
57, 41
56, 42
56, 43
57, 43
57, 43
52, 58
52, 59
53, 60
54, 60
55, 60
55, 59
54, 58
53, 59
54, 59
55, 58
55, 58
58, 58
58, 57
59, 58
58, 58
59, 59
60, 60
60, 61
60, 61
42, 70
42, 71
41, 70
40, 71
40, 72
41, 72
40, 72
41, 72
42, 72
43, 72
43, 72
61, 67
60, 67
61, 68
60, 68
59, 68
60, 69
60, 70
61, 69
61, 70
61, 70
45, 81
44, 80
43, 81
44, 81
43, 80
42, 79
41, 78
42, 78
41, 78
42, 79
42, 79
37, 58
37, 57
38, 57
39, 56
39, 57
38, 58
39, 58
39, 58
52, 84
51, 85
50, 85
49, 86
50, 86
50, 87
49, 88
50, 87
51, 88
51, 89
51, 89
58, 68
59, 67
60, 68
60, 69
60, 70
61, 71
60, 72
60, 72
39, 57
40, 57
39, 56
38, 55
37, 54
36, 53
35, 53
36, 52
36, 52
48, 57
49, 56
50, 55
49, 54
50, 55
50, 56
50, 56
46, 71
47, 71
46, 72
46, 73
45, 72
45, 72
47, 69
46, 70
46, 71
47, 72
46, 73
47, 72
47, 73
47, 74
46, 75
47, 76
47, 76
58, 55
58, 54
57, 54
56, 55
57, 55
58, 55
57, 55
58, 54
57, 53
57, 53
44, 49
45, 49
44, 49
43, 50
44, 50
43, 49
42, 49
42, 49
50, 51
50, 50
51, 49
52, 50
51, 51
50, 51
51, 52
50, 52
50, 52
36, 53
36, 52
37, 52
37, 53
38, 54
38, 53
37, 53
37, 53
40, 59
39, 60
39, 59
38, 60
39, 59
39, 59
61, 73
62, 72
63, 72
62, 73
61, 73
60, 73
60, 73
61, 71
60, 70
60, 69
60, 70
59, 69
58, 68
59, 67
60, 67
60, 67
38, 52
38, 53
37, 53
38, 53
39, 54
39, 54
61, 57
61, 56
61, 55
62, 54
63, 53
62, 53
62, 53
42, 78
43, 78
42, 79
42, 80
43, 80
43, 79
44, 80
45, 80
45, 81
45, 82
45, 82
44, 72
45, 72
44, 73
44, 74
43, 73
42, 73
43, 73
42, 74
43, 74
42, 73
42, 73
56, 54
55, 55
54, 54
55, 53
56, 53
56, 53
39, 48
39, 47
40, 48
39, 49
38, 48
37, 47
36, 47
37, 48
38, 47
37, 46
37, 46
51, 56
50, 55
51, 56
50, 55
49, 56
49, 56
48, 75
49, 76
48, 77
47, 78
46, 77
45, 78
44, 79
43, 80
43, 80
49, 53
49, 52
50, 51
51, 52
52, 53
53, 54
54, 55
55, 54
55, 53
55, 53
51, 65
50, 64
51, 64
52, 63
53, 64
53, 64
44, 73
45, 74
45, 73
45, 72
45, 73
46, 72
46, 72
53, 62
54, 63
53, 62
53, 61
54, 61
53, 61
54, 61
54, 61
56, 55
57, 54
56, 53
57, 53
56, 53
56, 54
56, 53
56, 53
49, 57
49, 58
50, 57
49, 56
50, 55
49, 56
50, 55
51, 56
51, 55
51, 55
50, 88
49, 88
50, 87
49, 88
48, 88
48, 89
48, 88
49, 88
49, 87
48, 86
48, 86
60, 62
61, 61
60, 62
61, 62
62, 63
62, 62
61, 63
61, 62
61, 63
60, 64
60, 64
35, 51
36, 51
35, 50
35, 49
35, 48
34, 47
34, 47
64, 69
65, 70
66, 69
66, 68
65, 67
66, 68
67, 68
68, 68
67, 68
67, 68
58, 44
57, 43
58, 43
59, 44
59, 43
59, 44
58, 43
59, 43
58, 42
57, 43
57, 43
56, 44
55, 43
54, 44
54, 43
55, 44
55, 45
55, 46
54, 46
53, 47
54, 47
54, 47
55, 57
54, 58
55, 58
55, 59
56, 58
57, 58
58, 57
59, 58
59, 58
43, 48
44, 48
44, 49
44, 50
45, 49
46, 49
47, 49
47, 50
47, 50
52, 63
53, 62
54, 63
55, 62
55, 63
56, 64
56, 65
57, 64
57, 64
54, 53
53, 54
54, 53
55, 53
56, 53
57, 53
57, 53
68, 67
67, 66
67, 67
68, 68
67, 69
68, 68
69, 67
69, 67
43, 73
44, 72
43, 73
44, 72
43, 71
43, 70
43, 70
53, 47
53, 46
52, 47
53, 48
54, 49
54, 49
53, 61
52, 60
51, 60
50, 61
50, 60
51, 60
50, 60
50, 60
60, 68
59, 69
60, 70
60, 69
60, 70
61, 71
60, 71
61, 70
60, 70
60, 70
34, 48
33, 49
34, 49
35, 48
34, 47
34, 48
34, 48
62, 54
63, 54
62, 54
63, 55
63, 54
63, 55
62, 54
63, 54
62, 54
63, 54
63, 54
57, 42
58, 43
59, 43
59, 44
60, 43
59, 42
60, 43
59, 42
58, 42
59, 43
59, 43
42, 79
43, 79
42, 80
42, 81
43, 81
42, 81
42, 80
42, 80
48, 51
47, 52
48, 53
49, 53
48, 54
48, 55
47, 56
47, 56
57, 54
58, 55
57, 54
57, 55
56, 56
57, 57
57, 56
57, 57
57, 57
49, 86
49, 85
49, 84
48, 84
48, 85
47, 86
48, 85
47, 85
48, 86
47, 85
47, 85
51, 54
50, 53
50, 54
49, 53
50, 53
50, 53
56, 54
56, 55
57, 56
56, 56
57, 55
58, 55
58, 54
57, 55
56, 54
57, 55
57, 55
61, 63
60, 62
60, 61
59, 60
60, 61
61, 62
61, 62
59, 74
60, 74
61, 74
62, 74
61, 74
61, 73
61, 74
61, 74
37, 47
37, 48
38, 47
37, 48
36, 49
35, 48
35, 49
36, 49
35, 48
34, 48
34, 48
59, 57
58, 58
57, 57
57, 58
56, 59
55, 59
56, 58
56, 58
45, 72
46, 71
45, 70
45, 71
45, 70
44, 71
45, 72
44, 73
44, 73
50, 56
49, 56
50, 56
49, 55
50, 54
49, 54
50, 55
49, 55
48, 54
49, 55
49, 55
38, 55
38, 56
37, 57
38, 57
37, 57
37, 58
36, 57
36, 57
39, 60
39, 59
38, 58
38, 57
39, 57
39, 57
45, 81
45, 82
45, 83
45, 82
44, 81
44, 82
44, 83
44, 82
44, 82
57, 58
56, 59
55, 60
55, 61
55, 62
56, 63
55, 63
55, 63
36, 58
36, 57
36, 58
35, 57
36, 57
36, 56
36, 56
33, 48
33, 49
33, 48
34, 47
33, 46
34, 45
33, 45
33, 45
56, 59
56, 58
57, 59
56, 60
55, 59
55, 60
55, 60
58, 54
58, 53
57, 53
56, 53
55, 53
56, 53
56, 53
38, 58
37, 57
36, 57
35, 56
34, 57
35, 58
34, 59
35, 58
35, 58
49, 52
49, 51
49, 52
48, 52
47, 53
46, 53
47, 52
48, 52
48, 52
49, 61
50, 61
49, 61
50, 62
51, 63
52, 62
52, 62
47, 86
47, 85
48, 85
49, 84
50, 84
49, 85
50, 85
50, 85
68, 66
67, 66
67, 67
67, 68
68, 68
68, 68
44, 83
45, 82
46, 83
45, 82
44, 81
43, 81
44, 82
44, 82
60, 62
61, 63
60, 63
60, 62
59, 62
60, 63
61, 62
60, 61
60, 61
62, 53
62, 54
63, 55
62, 55
62, 54
61, 55
61, 56
61, 56
62, 74
61, 75
60, 75
59, 76
59, 77
59, 77
56, 53
55, 54
54, 55
55, 55
56, 56
55, 55
56, 56
55, 55
55, 55
49, 56
49, 55
48, 55
48, 56
49, 57
49, 57
59, 44
58, 44
57, 43
56, 44
55, 44
54, 45
54, 46
54, 45
55, 45
55, 45
61, 71
62, 71
63, 72
63, 71
63, 72
64, 72
64, 72
53, 49
52, 48
53, 48
54, 48
53, 49
52, 50
53, 50
53, 51
53, 50
53, 50
43, 69
44, 68
45, 67
44, 66
44, 67
43, 66
42, 67
43, 68
43, 67
44, 68
44, 68
58, 64
58, 65
59, 66
59, 67
58, 68
58, 68
45, 73
45, 72
44, 72
43, 72
43, 73
42, 73
41, 74
42, 73
43, 73
44, 73
44, 73
33, 49
32, 48
33, 49
32, 49
33, 49
34, 49
34, 48
35, 49
35, 49
43, 79
43, 80
42, 79
43, 78
44, 78
43, 79
43, 80
43, 80
48, 56
47, 57
46, 57
46, 56
47, 55
46, 55
46, 55
36, 58
36, 57
35, 57
35, 56
35, 57
34, 56
35, 56
35, 56
34, 46
33, 46
32, 45
33, 46
32, 46
33, 47
33, 48
34, 49
33, 49
33, 48
33, 48
50, 84
51, 83
51, 82
52, 81
52, 82
52, 82
48, 51
47, 50
46, 49
46, 48
45, 49
45, 50
46, 51
45, 51
44, 51
45, 50
45, 50
64, 73
64, 74
65, 75
65, 74
64, 74
64, 75
63, 76
63, 76
46, 54
46, 55
46, 54
47, 55
47, 56
47, 56
60, 78
60, 79
59, 78
58, 78
57, 79
57, 79
44, 79
45, 78
44, 79
43, 79
42, 78
43, 79
44, 79
44, 79
61, 61
61, 62
61, 63
60, 63
61, 62
61, 63
62, 62
61, 63
62, 62
61, 62
61, 62
57, 68
57, 67
57, 66
58, 66
58, 65
57, 65
57, 66
58, 67
59, 68
59, 68
62, 56
61, 57
62, 56
61, 56
62, 55
63, 54
63, 54
35, 48
36, 49
36, 48
37, 48
38, 48
37, 48
37, 48
53, 63
52, 63
52, 62
51, 63
52, 64
51, 64
51, 64
50, 56
49, 57
50, 58
49, 59
50, 59
50, 60
49, 60
49, 60
35, 57
34, 57
35, 56
35, 55
35, 56
36, 57
36, 56
36, 56
55, 56
56, 55
55, 54
56, 53
56, 54
57, 55
58, 54
57, 54
57, 54
44, 69
45, 68
44, 68
45, 68
44, 69
45, 69
45, 69
54, 46
53, 45
52, 44
52, 43
51, 44
51, 44
56, 64
55, 65
54, 64
53, 63
52, 62
51, 61
51, 61
54, 50
53, 51
53, 50
54, 51
54, 50
54, 49
54, 49
45, 73
46, 73
47, 73
47, 72
47, 73
48, 73
48, 73
67, 67
66, 66
65, 65
65, 64
64, 63
64, 63
43, 82
44, 82
45, 82
46, 83
45, 82
46, 83
45, 82
44, 83
44, 83
55, 54
56, 55
57, 54
58, 54
57, 55
56, 56
56, 56
54, 60
53, 59
54, 59
53, 59
53, 60
53, 61
52, 60
52, 60
62, 54
63, 55
63, 54
62, 54
63, 53
64, 54
63, 53
62, 54
62, 54
46, 68
46, 67
47, 68
46, 68
45, 68
45, 67
45, 68
44, 68
44, 68
52, 60
52, 59
52, 58
51, 57
51, 56
51, 56
64, 76
65, 76
64, 75
64, 76
63, 76
63, 75
64, 75
65, 74
65, 74
56, 55
56, 54
57, 54
57, 55
58, 54
58, 54
62, 61
61, 60
62, 59
63, 60
62, 59
61, 58
61, 57
61, 57
34, 55
35, 56
35, 57
36, 56
37, 56
37, 55
38, 54
37, 55
38, 55
39, 54
39, 54
58, 55
58, 54
57, 55
56, 54
55, 53
55, 54
55, 54
63, 64
63, 65
62, 66
61, 67
60, 68
59, 68
60, 69
60, 70
59, 69
59, 69
52, 65
53, 66
53, 65
54, 64
53, 63
52, 62
51, 63
51, 63
34, 47
33, 47
34, 46
35, 45
35, 46
34, 46
33, 45
32, 44
31, 44
31, 44
58, 80
59, 80
58, 79
59, 80
59, 79
59, 79
48, 60
48, 59
49, 60
50, 59
49, 58
49, 58
51, 81
51, 82
51, 81
52, 81
52, 80
51, 80
51, 80
37, 47
38, 47
38, 48
39, 49
38, 50
37, 51
38, 52
38, 53
38, 53
60, 68
60, 67
60, 68
59, 69
59, 70
60, 69
61, 68
61, 68
45, 78
46, 79
46, 78
45, 77
46, 77
47, 77
48, 76
47, 76
46, 77
46, 77
52, 45
51, 46
51, 45
52, 46
52, 45
53, 46
54, 47
55, 46
54, 47
54, 47
48, 56
47, 57
46, 56
46, 57
47, 58
47, 59
48, 58
48, 57
47, 57
47, 57
47, 72
48, 71
47, 71
48, 72
48, 73
47, 72
46, 71
45, 72
45, 72
44, 84
43, 85
43, 84
42, 83
43, 84
42, 83
43, 84
43, 84
51, 60
50, 59
49, 60
50, 61
50, 60
51, 60
51, 59
51, 59
44, 51
44, 52
43, 51
43, 50
42, 50
43, 51
44, 52
44, 53
44, 53
37, 56
38, 57
37, 57
38, 58
37, 57
36, 56
36, 56
54, 50
53, 50
54, 49
55, 50
54, 51
53, 50
52, 49
52, 49
38, 54
38, 53
39, 52
38, 52
38, 51
39, 50
39, 51
39, 51
44, 54
43, 55
43, 56
43, 55
44, 54
44, 55
44, 55
43, 85
43, 84
43, 85
44, 85
43, 85
44, 84
44, 84
37, 53
36, 52
35, 52
34, 52
33, 52
33, 52
63, 55
63, 54
62, 53
63, 54
62, 55
61, 55
62, 56
63, 57
62, 56
63, 55
63, 55
30, 43
29, 43
28, 44
27, 45
26, 45
26, 46
25, 46
26, 45
26, 45
54, 46
55, 46
54, 46
55, 45
55, 46
55, 46
62, 56
62, 55
63, 55
63, 56
63, 55
62, 55
63, 56
62, 57
62, 58
62, 58
36, 57
35, 57
35, 58
34, 59
35, 60
34, 60
34, 60
45, 76
44, 76
44, 77
43, 78
44, 77
45, 76
46, 76
46, 76
60, 78
61, 79
62, 78
62, 77
61, 76
60, 75
59, 76
59, 77
58, 76
58, 76
58, 70
59, 71
59, 72
58, 71
58, 72
59, 73
58, 73
58, 72
58, 72
52, 81
52, 82
53, 81
52, 82
51, 83
51, 82
52, 81
52, 81
46, 73
47, 72
48, 73
48, 74
47, 75
48, 74
48, 74
52, 48
52, 49
52, 48
51, 49
50, 49
50, 50
51, 51
52, 50
52, 50
45, 68
44, 67
45, 67
44, 66
44, 67
43, 67
43, 68
43, 69
42, 70
42, 70
58, 55
57, 56
58, 56
57, 57
58, 58
59, 58
59, 58
64, 73
63, 72
63, 73
62, 74
63, 74
64, 73
64, 72
63, 71
64, 70
64, 70
46, 56
46, 55
47, 54
46, 55
47, 54
47, 53
46, 52
45, 53
46, 54
45, 54
45, 54
56, 53
57, 53
58, 54
57, 53
58, 53
58, 53
52, 60
53, 60
53, 61
52, 61
51, 62
52, 63
52, 63
50, 57
51, 57
50, 56
50, 57
51, 57
52, 58
53, 59
54, 58
55, 58
55, 58
60, 69
59, 70
60, 70
60, 69
61, 70
61, 71
60, 70
59, 71
59, 70
59, 70
50, 59
50, 58
51, 58
52, 59
53, 60
53, 61
54, 62
55, 63
55, 63
50, 62
51, 62
51, 63
52, 63
51, 64
51, 65
52, 65
52, 64
51, 65
51, 65
56, 59
56, 60
55, 60
56, 60
55, 60
54, 59
54, 58
53, 59
54, 58
54, 58
52, 51
53, 51
53, 52
53, 53
53, 52
53, 52
58, 75
59, 75
60, 74
61, 74
61, 75
60, 74
61, 75
61, 75
45, 53
44, 52
43, 53
44, 52
43, 53
42, 53
43, 53
42, 53
42, 53
60, 58
60, 59
59, 59
58, 58
59, 57
59, 57
25, 44
24, 43
24, 42
23, 42
22, 41
23, 40
24, 39
25, 40
25, 40
64, 69
63, 68
63, 69
63, 70
62, 69
63, 69
63, 70
62, 71
62, 71
61, 57
60, 58
59, 59
58, 58
57, 57
57, 57
59, 71
58, 72
58, 73
57, 74
57, 75
56, 74
55, 74
55, 74
38, 51
38, 50
37, 49
37, 48
38, 49
38, 49
56, 46
57, 45
57, 44
58, 44
59, 44
58, 44
59, 44
58, 43
57, 43
57, 43
47, 75
47, 76
48, 77
48, 76
48, 75
48, 76
47, 76
46, 76
45, 76
45, 76
34, 52
34, 53
33, 52
32, 51
31, 50
32, 49
32, 50
31, 49
30, 50
30, 50
47, 74
48, 74
49, 75
50, 74
49, 73
50, 72
49, 73
48, 74
48, 74
41, 71
40, 72
41, 72
42, 73
43, 74
44, 74
45, 74
45, 75
44, 75
44, 75
57, 54
58, 55
58, 56
59, 57
58, 56
59, 57
59, 57
54, 63
55, 63
54, 62
53, 63
52, 63
52, 62
52, 62
43, 85
44, 85
45, 85
44, 85
43, 85
43, 84
42, 83
43, 83
43, 84
44, 85
44, 85
33, 59
34, 59
35, 60
35, 59
34, 59
34, 59
60, 70
61, 69
60, 69
61, 68
62, 67
62, 67
53, 62
54, 61
55, 60
56, 59
55, 60
55, 59
56, 58
55, 58
55, 59
54, 60
54, 60
51, 81
52, 80
53, 80
52, 81
52, 82
52, 82
44, 54
45, 54
44, 54
45, 53
46, 52
47, 51
46, 52
45, 52
45, 51
45, 51
52, 64
51, 63
50, 62
51, 62
50, 61
51, 62
50, 62
50, 61
50, 61
62, 56
61, 55
62, 54
63, 55
64, 54
63, 55
63, 55
49, 61
50, 60
51, 59
51, 60
52, 59
53, 60
52, 60
52, 61
52, 61
53, 59
52, 60
53, 59
52, 60
53, 60
53, 61
53, 61
54, 59
53, 59
54, 59
54, 58
55, 57
56, 56
55, 56
55, 56
45, 50
44, 50
44, 49
45, 49
44, 49
44, 50
43, 49
44, 50
44, 50
57, 56
56, 55
55, 56
55, 57
56, 57
55, 57
55, 57
58, 44
57, 45
56, 44
55, 43
54, 43
54, 44
54, 44
35, 60
36, 60
35, 59
34, 58
35, 59
35, 60
34, 59
34, 59
59, 58
60, 59
60, 60
61, 61
60, 61
60, 62
59, 63
59, 64
59, 64
53, 63
53, 64
53, 63
52, 62
53, 61
53, 60
53, 60
43, 75
44, 74
43, 73
43, 74
42, 75
42, 74
42, 74
63, 54
62, 55
63, 55
63, 56
62, 55
61, 56
61, 56
45, 75
44, 75
44, 74
43, 75
42, 74
42, 73
41, 72
42, 72
42, 73
41, 72
41, 72
61, 72
60, 72
60, 73
59, 73
59, 72
59, 73
60, 74
61, 75
61, 74
62, 75
62, 75
43, 54
43, 53
42, 52
43, 51
43, 50
43, 51
42, 51
42, 51
24, 40
24, 39
24, 40
23, 41
24, 41
24, 41
39, 48
40, 47
40, 48
41, 48
40, 48
41, 49
40, 49
40, 50
39, 49
39, 49
53, 83
52, 82
51, 81
52, 82
51, 81
52, 80
51, 80
52, 81
52, 82
51, 81
51, 81
62, 66
62, 67
61, 67
62, 67
63, 67
64, 67
64, 67
30, 49
29, 50
30, 49
29, 50
28, 50
28, 50
47, 74
48, 75
49, 76
48, 76
47, 75
46, 75
46, 75
54, 75
53, 76
53, 75
53, 74
52, 74
53, 75
54, 75
54, 74
53, 73
53, 73
44, 84
43, 85
43, 84
42, 83
43, 83
43, 83
60, 74
59, 75
60, 75
59, 75
60, 75
60, 75
52, 51
52, 50
53, 51
54, 50
54, 51
53, 51
53, 52
54, 53
55, 53
56, 53
56, 53
58, 56
59, 57
58, 58
59, 59
58, 59
59, 59
58, 59
57, 58
57, 57
58, 56
58, 56
54, 43
54, 42
53, 41
52, 41
52, 42
52, 43
52, 43
54, 57
55, 58
55, 57
54, 56
55, 55
54, 54
55, 53
55, 54
55, 55
55, 55
53, 62
54, 62
54, 61
55, 62
56, 61
56, 61
57, 54
58, 53
57, 54
58, 53
57, 54
56, 54
56, 54
58, 63
57, 62
58, 63
58, 64
59, 65
59, 66
58, 65
57, 65
56, 66
56, 66
44, 49
45, 48
44, 48
45, 49
45, 48
45, 47
45, 47
29, 49
28, 50
27, 50
26, 49
27, 48
27, 48
40, 73
40, 74
41, 73
40, 74
41, 74
41, 74
62, 76
61, 77
60, 77
61, 78
61, 77
62, 78
63, 79
64, 79
64, 79
60, 74
59, 73
58, 74
59, 75
60, 74
59, 75
60, 76
61, 77
61, 77
42, 82
42, 83
43, 84
44, 85
44, 85
40, 48
39, 49
40, 49
41, 49
42, 50
41, 50
42, 51
41, 52
42, 51
42, 51
54, 56
53, 55
54, 56
54, 57
53, 57
54, 57
54, 57
62, 56
63, 56
63, 57
62, 57
62, 56
62, 55
62, 56
62, 55
62, 55
51, 82
50, 82
49, 83
49, 84
48, 85
49, 85
49, 84
48, 83
48, 83
63, 67
63, 66
63, 67
63, 66
64, 67
64, 66
65, 67
64, 67
64, 67
54, 74
53, 75
53, 76
52, 76
51, 75
50, 75
50, 75
35, 60
34, 59
34, 60
34, 61
35, 62
34, 61
33, 62
33, 62
41, 74
41, 73
41, 72
40, 71
40, 72
39, 72
39, 71
40, 71
40, 72
40, 72
54, 60
54, 61
53, 61
54, 62
53, 62
54, 62
54, 62
52, 59
51, 60
51, 59
52, 58
51, 59
52, 58
52, 59
52, 59
59, 57
58, 56
59, 57
60, 58
61, 57
62, 57
63, 57
64, 58
64, 58
41, 50
41, 49
41, 48
41, 49
42, 49
41, 50
42, 49
42, 49
24, 40
23, 41
23, 42
23, 43
22, 42
22, 42
47, 74
47, 73
47, 72
47, 71
47, 70
48, 70
49, 70
49, 69
48, 70
47, 70
47, 70
62, 77
61, 77
61, 78
60, 78
59, 77
59, 78
58, 77
58, 77
43, 48
44, 49
44, 50
45, 49
44, 49
45, 48
46, 49
47, 48
47, 47
48, 46
48, 46
34, 62
35, 61
35, 62
35, 63
35, 62
35, 61
34, 61
34, 60
35, 59
35, 59
49, 82
49, 83
50, 84
51, 85
52, 84
51, 83
51, 83
53, 58
54, 57
53, 58
53, 59
53, 58
53, 58
39, 71
38, 70
39, 69
38, 69
37, 69
37, 70
36, 70
36, 70
63, 78
63, 79
62, 78
63, 79
64, 78
64, 78
55, 53
56, 54
57, 54
58, 53
57, 54
57, 54
41, 52
42, 52
41, 51
41, 52
42, 52
41, 51
40, 52
41, 53
40, 53
40, 53
27, 49
27, 50
28, 51
29, 50
29, 51
30, 52
29, 52
28, 53
27, 54
26, 55
26, 55
53, 44
52, 43
51, 43
51, 44
51, 45
51, 44
50, 43
50, 43
54, 55
54, 54
55, 55
54, 54
55, 55
55, 55
63, 56
62, 56
62, 55
61, 56
60, 57
59, 57
59, 58
59, 59
59, 59
56, 67
55, 68
54, 67
53, 68
54, 67
53, 67
52, 67
53, 68
54, 68
53, 69
53, 69
43, 84
42, 83
43, 84
44, 84
43, 84
43, 84
40, 75
39, 75
40, 75
40, 76
39, 75
38, 76
38, 76
51, 75
52, 76
53, 75
52, 75
51, 76
50, 77
49, 78
49, 77
49, 77
23, 42
23, 41
24, 42
23, 43
22, 42
23, 41
22, 42
23, 43
24, 44
24, 44
47, 71
47, 72
48, 71
49, 70
48, 71
48, 71
53, 62
54, 62
54, 63
54, 64
54, 63
53, 64
54, 64
54, 64
64, 66
65, 67
64, 68
64, 69
65, 68
66, 68
65, 69
64, 69
64, 69
55, 61
54, 62
53, 62
53, 63
53, 62
52, 61
52, 61
44, 48
45, 49
45, 48
44, 49
45, 48
44, 49
44, 49
53, 60
53, 59
54, 58
55, 59
54, 60
55, 60
55, 60
65, 57
66, 57
65, 56
66, 57
66, 58
67, 58
67, 58
56, 56
55, 56
54, 55
54, 54
54, 55
54, 56
53, 57
53, 57
63, 69
63, 70
64, 70
65, 71
64, 71
63, 72
62, 73
62, 74
62, 74
53, 59
54, 59
55, 58
55, 57
56, 57
55, 57
55, 56
56, 55
56, 55
35, 58
36, 57
35, 58
36, 58
35, 57
35, 58
35, 59
36, 58
36, 58
48, 70
49, 70
48, 71
47, 72
48, 71
48, 72
47, 71
47, 71
25, 45
26, 44
27, 43
28, 43
29, 44
29, 45
28, 45
28, 45
58, 53
57, 53
57, 54
58, 55
57, 55
58, 54
57, 55
56, 55
56, 56
55, 57
55, 57
64, 79
65, 79
64, 79
63, 80
63, 79
63, 79
50, 77
49, 77
49, 76
50, 75
49, 76
50, 77
50, 78
49, 79
49, 79
43, 48
42, 49
42, 50
42, 49
41, 50
42, 50
43, 49
44, 49
44, 49
38, 75
38, 76
39, 75
39, 76
38, 75
39, 75
38, 75
39, 74
39, 73
39, 73
60, 59
59, 59
60, 58
61, 58
62, 57
63, 56
62, 56
62, 57
62, 57
27, 56
27, 57
26, 58
26, 59
25, 59
25, 60
26, 61
25, 60
24, 59
25, 58
25, 58
52, 69
53, 69
53, 70
52, 69
53, 68
52, 69
51, 68
50, 67
49, 67
49, 68
49, 68
40, 54
39, 55
39, 54
39, 55
40, 56
40, 55
39, 54
39, 54
55, 63
54, 64
54, 65
55, 65
55, 64
54, 63
55, 63
55, 62
55, 62
54, 59
54, 60
54, 61
54, 60
53, 60
53, 59
53, 58
53, 58
44, 84
45, 85
46, 85
47, 84
46, 83
47, 84
48, 85
47, 84
46, 84
46, 84
48, 45
47, 45
46, 44
45, 45
46, 45
45, 45
46, 44
46, 43
46, 43
59, 78
59, 79
58, 79
57, 79
57, 80
58, 81
57, 82
58, 82
59, 81
58, 80
58, 80
37, 70
37, 71
36, 70
36, 71
35, 72
34, 73
33, 73
33, 72
33, 72
67, 57
66, 56
65, 56
66, 57
66, 58
67, 57
66, 56
65, 57
66, 56
66, 56
50, 44
50, 43
51, 42
51, 41
50, 42
49, 42
48, 43
49, 42
49, 42
51, 84
52, 85
51, 85
51, 84
52, 84
53, 83
53, 84
53, 85
52, 85
52, 85
52, 62
51, 63
50, 62
51, 62
52, 61
51, 62
51, 62
52, 59
51, 59
52, 60
53, 60
54, 59
53, 59
54, 60
53, 61
53, 62
53, 62
48, 43
49, 44
50, 44
49, 45
48, 46
48, 45
48, 44
47, 45
47, 44
46, 43
46, 43
26, 59
25, 60
26, 61
27, 62
26, 61
26, 60
26, 60
52, 57
53, 56
54, 56
53, 56
52, 57
51, 58
51, 58
46, 83
47, 84
48, 83
47, 84
46, 83
47, 84
48, 83
48, 84
48, 84
37, 58
38, 59
39, 59
40, 60
40, 59
41, 60
41, 60
53, 84
53, 83
54, 83
55, 83
54, 83
54, 83
47, 44
48, 45
48, 46
47, 47
46, 46
47, 47
47, 47
65, 57
65, 58
65, 59
65, 60
66, 59
66, 60
65, 59
64, 58
64, 58
48, 78
47, 78
48, 77
49, 77
50, 78
49, 78
48, 77
47, 77
47, 77
58, 81
59, 80
60, 80
61, 81
62, 80
62, 79
63, 79
62, 79
63, 79
64, 78
64, 78
38, 72
38, 73
39, 72
39, 71
39, 70
38, 70
39, 70
38, 70
39, 70
39, 70
55, 58
54, 58
55, 57
56, 57
57, 58
57, 58
46, 72
46, 73
47, 72
46, 71
47, 72
48, 71
48, 72
49, 72
49, 73
48, 72
48, 72
44, 50
43, 51
43, 50
44, 49
45, 48
45, 49
46, 50
47, 50
47, 51
46, 50
46, 50
38, 55
38, 56
37, 56
37, 55
37, 54
36, 53
36, 52
35, 52
35, 52
61, 74
62, 75
62, 74
61, 73
61, 74
61, 75
60, 76
60, 77
60, 77
34, 73
34, 74
35, 74
36, 75
35, 75
36, 75
35, 76
35, 76
51, 61
50, 60
49, 59
50, 60
50, 59
51, 58
51, 58
29, 46
28, 45
27, 45
26, 45
26, 44
27, 45
27, 45
54, 63
53, 62
54, 63
54, 62
54, 63
54, 62
55, 61
55, 61
62, 58
63, 59
62, 58
63, 59
63, 60
63, 60
62, 78
62, 79
61, 80
62, 81
63, 82
62, 82
62, 81
63, 80
62, 80
62, 80
50, 69
50, 70
51, 69
50, 69
51, 69
51, 68
51, 68
57, 56
56, 57
56, 56
55, 56
56, 55
55, 55
55, 55
35, 53
34, 52
34, 53
35, 52
34, 53
33, 52
32, 52
31, 53
31, 52
30, 53
30, 53
47, 71
47, 72
47, 73
46, 74
45, 75
46, 74
46, 75
46, 75
47, 50
48, 50
47, 50
48, 50
47, 49
48, 50
47, 51
47, 52
48, 52
48, 52
62, 59
61, 59
60, 60
59, 59
58, 60
59, 60
60, 61
60, 61
56, 57
57, 57
56, 58
55, 57
55, 56
55, 55
54, 56
53, 55
52, 56
52, 56
60, 78
59, 78
60, 78
61, 79
60, 80
61, 79
62, 80
62, 81
62, 81
51, 67
50, 66
49, 66
50, 65
50, 64
50, 64
46, 44
46, 43
45, 44
46, 43
46, 44
45, 45
44, 44
44, 44
47, 84
47, 83
48, 84
48, 83
49, 83
49, 83
51, 57
52, 57
53, 58
52, 59
53, 58
52, 58
51, 59
52, 60
53, 60
52, 61
52, 61
65, 79
64, 78
65, 79
66, 78
67, 78
67, 78
47, 76
47, 77
46, 78
47, 78
47, 79
47, 78
47, 77
47, 77
52, 62
52, 63
53, 63
54, 64
54, 63
53, 63
53, 63
34, 75
35, 75
34, 76
35, 76
34, 77
33, 78
34, 77
34, 77
63, 58
62, 59
63, 59
62, 58
61, 58
62, 58
63, 59
64, 59
63, 60
63, 60
27, 61
26, 60
27, 61
26, 62
25, 61
24, 62
25, 61
24, 60
24, 60
62, 81
63, 82
63, 83
64, 83
65, 83
66, 82
67, 83
68, 82
67, 81
67, 81
39, 71
38, 72
39, 73
40, 73
39, 72
38, 72
38, 72
50, 57
51, 57
51, 56
50, 55
49, 55
50, 54
50, 54
54, 55
55, 56
56, 55
57, 55
57, 54
57, 53
56, 54
55, 55
56, 56
55, 57
55, 57
55, 60
55, 59
54, 60
53, 59
54, 58
53, 57
53, 57
42, 59
41, 60
40, 61
41, 61
40, 62
39, 62
39, 62
48, 47
49, 48
48, 47
47, 48
46, 47
47, 47
48, 47
48, 47
26, 46
27, 46
27, 47
28, 48
27, 47
28, 48
29, 47
29, 48
30, 48
30, 48
53, 84
54, 84
53, 84
54, 83
54, 82
53, 83
53, 83
54, 57
54, 58
54, 59
55, 59
56, 58
57, 57
57, 57
52, 55
51, 54
52, 54
53, 55
54, 55
55, 56
55, 57
55, 56
55, 56
38, 63
37, 62
36, 63
37, 64
37, 63
37, 63
23, 61
22, 61
22, 62
23, 63
24, 63
24, 63
56, 56
57, 55
58, 54
58, 53
57, 54
57, 54
61, 80
62, 81
62, 80
63, 80
62, 79
63, 80
62, 79
61, 79
62, 79
62, 80
62, 80
31, 52
31, 51
32, 50
31, 51
31, 50
30, 51
30, 52
31, 53
31, 52
31, 52
61, 60
62, 59
63, 60
64, 59
63, 59
63, 60
64, 59
65, 59
66, 60
66, 60
38, 73
39, 73
39, 74
39, 73
38, 73
37, 74
38, 74
39, 73
39, 73
46, 76
47, 75
48, 76
49, 75
48, 76
49, 77
49, 78
49, 77
50, 78
50, 78
62, 61
61, 61
60, 60
60, 59
59, 58
60, 57
60, 57
53, 62
54, 62
54, 61
55, 62
55, 63
56, 64
56, 65
55, 65
54, 64
53, 64
53, 64
33, 78
32, 78
31, 78
32, 78
33, 78
32, 78
33, 78
33, 78
68, 82
69, 83
70, 83
69, 82
70, 83
69, 83
69, 84
69, 85
69, 85
49, 65
48, 65
47, 64
47, 63
46, 63
45, 64
45, 65
44, 64
44, 65
43, 66
43, 66
29, 47
29, 48
28, 48
28, 47
28, 46
28, 46
47, 78
46, 79
47, 78
46, 79
47, 78
46, 78
47, 79
47, 79
53, 82
52, 83
51, 84
51, 85
50, 84
49, 83
49, 82
48, 82
47, 82
47, 82
49, 53
49, 54
49, 55
48, 54
48, 55
49, 55
49, 55
48, 83
48, 84
48, 83
49, 84
48, 84
49, 84
49, 84
52, 60
53, 61
54, 62
53, 63
53, 62
53, 63
54, 64
55, 65
56, 66
56, 67
56, 67
51, 55
50, 54
50, 53
51, 54
51, 55
51, 55
66, 79
67, 78
67, 77
68, 76
67, 75
67, 74
68, 74
69, 75
69, 74
69, 74
44, 45
45, 44
44, 44
43, 43
44, 43
44, 43
48, 48
49, 48
49, 47
50, 47
49, 46
49, 47
48, 47
48, 47
32, 52
33, 53
32, 52
31, 52
32, 51
33, 52
33, 52
51, 78
52, 78
52, 77
53, 76
53, 75
53, 74
52, 74
52, 73
52, 73
58, 54
57, 54
58, 55
58, 56
58, 55
57, 56
56, 57
56, 58
55, 58
56, 59
56, 59
40, 74
40, 75
40, 76
39, 77
38, 76
39, 77
40, 77
41, 78
42, 78
42, 78
48, 78
49, 77
48, 78
47, 77
46, 78
46, 78
47, 81
48, 80
48, 79
47, 78
46, 79
45, 78
45, 78
56, 56
57, 55
57, 56
58, 57
58, 58
58, 58
48, 56
47, 55
47, 56
47, 57
48, 58
47, 59
47, 58
47, 58
70, 73
69, 74
68, 73
68, 74
69, 74
68, 75
68, 75
32, 78
32, 77
32, 78
31, 78
31, 77
31, 78
31, 78
56, 68
56, 69
55, 70
54, 71
55, 71
55, 71
48, 48
49, 49
50, 50
49, 51
49, 50
48, 49
47, 50
47, 50
42, 65
41, 65
41, 66
41, 67
40, 68
41, 68
40, 67
40, 67
23, 63
22, 63
21, 63
20, 62
19, 62
19, 63
20, 63
21, 62
21, 61
20, 61
20, 61
65, 59
64, 59
63, 58
64, 58
63, 58
63, 58
70, 86
69, 85
69, 84
70, 83
70, 84
69, 83
69, 84
70, 85
71, 85
71, 84
71, 84
61, 57
61, 58
61, 57
62, 56
62, 57
61, 58
60, 57
60, 57
37, 62
36, 63
35, 63
35, 64
35, 63
36, 64
35, 64
35, 65
36, 64
36, 64
51, 56
51, 55
50, 55
49, 55
50, 55
51, 55
52, 55
51, 55
51, 55
50, 84
49, 84
49, 85
49, 86
48, 86
49, 86
48, 87
48, 87
45, 44
45, 45
46, 44
45, 44
44, 43
44, 44
44, 44
54, 56
55, 57
54, 57
53, 57
52, 56
53, 55
53, 55
52, 64
53, 65
54, 66
53, 65
54, 64
55, 63
54, 64
55, 65
54, 64
54, 64
29, 47
30, 47
30, 46
29, 45
29, 46
30, 46
31, 47
31, 47
61, 79
62, 80
63, 79
63, 80
64, 79
65, 79
66, 78
65, 77
65, 77
32, 47
31, 47
32, 47
31, 48
30, 48
30, 48
57, 57
57, 56
58, 57
58, 56
59, 57
59, 58
59, 58
49, 88
50, 88
51, 88
50, 88
49, 88
49, 88
52, 55
51, 56
51, 55
50, 54
50, 53
50, 53
55, 70
56, 71
57, 72
56, 71
56, 70
57, 69
56, 68
56, 68
35, 63
34, 64
34, 63
33, 63
34, 64
35, 63
35, 63
67, 76
67, 75
66, 74
65, 75
64, 74
65, 75
66, 74
66, 75
66, 75
41, 68
42, 69
42, 68
43, 68
43, 67
44, 67
45, 67
46, 67
47, 68
47, 69
47, 69
45, 45
44, 44
45, 44
44, 43
44, 44
44, 43
44, 43
33, 53
33, 52
33, 53
33, 52
34, 53
34, 52
35, 52
35, 52
55, 63
54, 64
54, 65
55, 65
54, 65
54, 66
55, 66
56, 66
57, 66
57, 66
45, 78
46, 78
47, 77
47, 76
46, 75
46, 75
43, 77
44, 77
43, 76
44, 76
43, 76
44, 75
43, 75
43, 76
42, 75
42, 75
62, 59
61, 60
60, 60
60, 61
60, 60
61, 60
60, 59
60, 59
61, 56
62, 57
61, 56
61, 55
62, 54
62, 55
62, 55
52, 54
51, 54
51, 53
52, 52
53, 51
53, 51
70, 83
70, 82
69, 82
68, 81
69, 80
70, 81
71, 80
70, 81
70, 81
32, 77
33, 76
32, 77
31, 77
30, 77
29, 77
30, 78
30, 77
31, 77
31, 77
19, 60
19, 59
19, 58
19, 57
18, 57
19, 57
18, 57
18, 57
55, 58
54, 59
54, 60
53, 60
53, 59
52, 59
53, 59
54, 60
54, 61
55, 60
55, 60
52, 72
51, 72
51, 71
51, 72
50, 73
49, 72
49, 72
44, 78
45, 77
44, 76
43, 77
43, 78
44, 77
43, 78
42, 78
43, 77
43, 78
43, 78
64, 76
65, 76
65, 77
66, 77
66, 76
65, 76
66, 75
66, 75
48, 58
47, 57
47, 58
48, 57
47, 58
47, 59
47, 58
47, 59
48, 58
49, 59
49, 59
46, 49
47, 50
47, 49
46, 50
47, 51
47, 51
57, 69
57, 70
57, 70
58, 71
59, 72
59, 73
59, 74
59, 74
59, 75
58, 76
58, 76
59, 77
59, 77
48, 70
49, 71
50, 71
51, 71
52, 71
53, 71
53, 71
44, 79
44, 78
44, 78
45, 79
45, 78
45, 78
46, 79
47, 80
48, 81
48, 81
45, 44
46, 45
47, 46
48, 47
49, 48
50, 49
51, 49
51, 49
52, 50
53, 51
53, 51
56, 61
57, 62
58, 63
59, 64
60, 65
61, 65
61, 65
62, 66
62, 66
32, 76
33, 75
34, 74
33, 74
33, 74
34, 73
35, 72
36, 72
36, 72
31, 49
32, 50
33, 51
34, 52
35, 53
36, 54
37, 55
38, 56
38, 56
47, 76
47, 76
46, 76
46, 76
46, 77
46, 77
46, 76
46, 76
47, 77
48, 78
49, 79
49, 79
61, 56
60, 57
59, 58
58, 59
57, 60
56, 61
56, 61
52, 52
52, 53
52, 54
52, 55
52, 56
52, 57
52, 58
52, 59
52, 59
50, 73
51, 74
52, 75
52, 76
52, 76
52, 76
52, 76
52, 76
52, 76
43, 74
44, 73
45, 73
46, 73
45, 73
45, 73
45, 73
47, 50
47, 50
48, 51
49, 52
50, 53
51, 54
52, 55
53, 56
54, 57
55, 58
55, 58
65, 76
64, 77
63, 78
62, 79
61, 80
61, 80
61, 60
62, 61
63, 62
64, 63
64, 64
64, 64
56, 67
55, 68
54, 69
54, 70
54, 71
54, 72
54, 73
54, 74
54, 75
54, 75
36, 53
37, 54
38, 55
39, 56
39, 55
39, 55
40, 56
41, 57
43, 59
44, 60
45, 61
46, 62
47, 63
48, 64
49, 65
50, 66
50, 66
69, 80
68, 79
67, 78
66, 77
65, 76
64, 75
63, 75
63, 75
65, 76
64, 77
65, 76
65, 76
64, 77
63, 78
63, 79
63, 80
63, 81
63, 82
63, 82
50, 87
49, 86
49, 86
50, 85
51, 84
52, 83
53, 82
54, 81
55, 80
55, 80
60, 59
61, 60
62, 61
62, 62
62, 63
62, 63
50, 54
50, 55
50, 56
50, 57
50, 58
50, 59
50, 60
50, 60
36, 64
37, 65
38, 66
39, 67
40, 68
41, 69
42, 70
41, 70
41, 70
42, 71
42, 71
50, 60
51, 61
52, 62
53, 63
54, 64
54, 65
54, 66
54, 67
54, 67
19, 58
20, 59
22, 61
23, 62
24, 63
25, 64
26, 65
27, 66
28, 67
29, 68
30, 69
31, 68
31, 68
31, 68
63, 67
64, 66
64, 66
65, 67
66, 68
65, 69
65, 69
66, 70
67, 71
68, 72
69, 73
69, 73
36, 71
36, 71
37, 72
38, 73
37, 74
37, 74
38, 75
39, 76
40, 77
40, 76
40, 76
39, 75
39, 75
39, 75
53, 77
54, 78
55, 79
56, 80
57, 81
58, 82
59, 83
60, 84
61, 83
61, 83
62, 84
62, 84
51, 67
52, 68
53, 68
53, 68
54, 69
55, 70
55, 70
57, 62
58, 63
59, 64
60, 65
61, 66
62, 67
62, 67
62, 82
62, 82
61, 83
60, 84
59, 85
58, 85
58, 85
56, 79
57, 78
56, 77
56, 77
57, 76
58, 75
59, 74
59, 74
32, 69
33, 70
34, 71
35, 71
36, 71
36, 71
54, 72
55, 71
55, 71
55, 72
55, 73
55, 74
55, 75
55, 76
55, 77
55, 78
55, 78
53, 60
54, 61
54, 62
54, 63
54, 64
55, 65
55, 65
56, 66
56, 66
55, 67
54, 68
54, 69
54, 69
55, 76
56, 77
55, 78
55, 78
56, 79
57, 79
57, 79
57, 79
60, 76
61, 75
60, 75
60, 75
61, 74
61, 73
61, 72
60, 72
60, 72
61, 71
61, 71
63, 64
63, 65
63, 66
63, 67
63, 68
63, 69
63, 70
63, 71
63, 72
63, 72
50, 78
51, 77
52, 76
51, 77
51, 77
52, 76
53, 76
54, 76
54, 76
39, 57
39, 58
39, 58
40, 59
41, 60
42, 61
42, 61
44, 63
45, 64
46, 65
47, 66
48, 67
49, 68
50, 69
51, 70
52, 71
53, 72
54, 73
54, 74
54, 74
54, 74
46, 74
47, 75
48, 76
49, 77
50, 77
50, 77
50, 78
50, 78
51, 79
52, 80
53, 81
54, 82
54, 82
49, 82
50, 83
51, 83
52, 83
51, 83
51, 83
52, 83
53, 83
54, 83
54, 83
50, 59
50, 59
51, 60
52, 59
52, 59
53, 60
52, 61
52, 61
53, 62
52, 62
52, 62
52, 62
43, 72
44, 73
45, 74
46, 75
45, 74
45, 74
45, 74
64, 76
64, 77
64, 78
64, 78
64, 78
65, 78
65, 78
64, 78
64, 78
64, 78
64, 78
64, 78
65, 65
65, 66
65, 66
66, 67
65, 67
65, 67
66, 68
67, 67
67, 67
67, 67
54, 50
54, 50
56, 52
57, 53
58, 54
59, 55
60, 56
61, 57
62, 58
63, 59
64, 60
65, 61
66, 62
67, 64
67, 65
67, 66
67, 67
67, 68
67, 69
67, 70
67, 71
67, 72
67, 73
67, 74
67, 75
67, 76
67, 76
53, 68
53, 69
53, 70
53, 71
53, 72
53, 72
62, 81
63, 82
64, 83
65, 82
65, 82
66, 83
66, 83
66, 83
56, 59
57, 60
58, 61
58, 62
58, 63
58, 64
58, 65
58, 66
57, 67
57, 67
56, 68
56, 68
56, 68
60, 72
59, 73
58, 74
57, 75
56, 76
56, 76
55, 81
56, 80
57, 79
58, 78
59, 77
60, 76
61, 75
62, 74
61, 74
61, 74
62, 73
62, 73
56, 79
55, 79
55, 79
56, 80
57, 81
58, 82
57, 83
57, 83
58, 84
59, 85
59, 84
59, 84
59, 84
61, 83
60, 82
59, 81
58, 80
57, 79
56, 79
56, 79
54, 73
55, 74
54, 73
54, 73
55, 74
55, 75
56, 76
56, 76
55, 76
55, 77
55, 77
55, 77
35, 71
35, 71
34, 71
34, 71
35, 72
36, 73
37, 74
38, 75
38, 75
55, 77
56, 78
55, 79
55, 79
56, 80
57, 80
58, 80
59, 80
60, 80
60, 80
58, 80
59, 81
60, 82
61, 81
61, 81
61, 82
61, 82
62, 82
62, 82
62, 82
58, 73
58, 73
59, 74
60, 75
61, 76
62, 77
63, 78
64, 79
65, 80
66, 81
67, 82
67, 82
66, 77
65, 78
64, 78
64, 78
64, 78
64, 78
64, 78
64, 78
64, 78
64, 73
65, 74
65, 75
65, 76
65, 77
65, 78
65, 78
65, 78
65, 78
66, 68
65, 69
64, 70
63, 70
63, 70
63, 71
63, 72
63, 73
63, 72
63, 72
64, 72
64, 72
65, 71
65, 71
65, 71
63, 68
64, 69
64, 70
64, 71
64, 72
64, 73
64, 74
64, 75
64, 76
64, 77
64, 77
56, 69
56, 69
57, 70
58, 70
59, 70
60, 70
61, 70
60, 69
60, 69
61, 70
61, 70
61, 70
40, 74
41, 73
42, 72
43, 72
43, 72
43, 73
43, 73
42, 72
42, 72
43, 71
44, 70
44, 70
68, 74
67, 75
66, 76
65, 77
65, 78
65, 78
57, 69
57, 68
57, 68
58, 68
58, 68
59, 69
60, 70
60, 70
63, 78
62, 78
61, 78
60, 78
61, 79
61, 79
60, 78
59, 78
58, 79
58, 79
58, 79
55, 75
54, 74
54, 74
55, 75
54, 74
54, 74
55, 75
56, 76
55, 75
55, 75
56, 76
57, 77
57, 77
65, 84
64, 85
64, 86
64, 86
63, 87
63, 87
63, 88
63, 88
62, 89
61, 90
60, 90
61, 91
61, 91
61, 91
53, 84
52, 85
52, 85
52, 85
51, 85
51, 85
52, 85
52, 85
53, 68
53, 68
54, 69
55, 70
56, 71
56, 70
56, 70
57, 71
57, 71
46, 73
47, 72
48, 71
49, 71
50, 71
51, 71
52, 71
53, 71
54, 71
54, 71
59, 84
60, 83
61, 82
62, 81
63, 80
63, 80
64, 79
64, 79
51, 63
50, 64
50, 65
50, 66
51, 67
51, 67
50, 68
50, 69
50, 69
50, 69
62, 71
63, 72
62, 71
62, 71
62, 70
62, 70
63, 71
64, 72
63, 71
63, 71
64, 72
65, 73
65, 73
55, 72
56, 73
57, 74
58, 75
59, 76
59, 76
57, 72
57, 73
57, 74
57, 75
57, 76
57, 76
65, 76
66, 75
67, 75
67, 75
68, 74
69, 73
70, 73
70, 74
70, 74
70, 74
55, 75
55, 75
56, 75
57, 76
57, 76
58, 75
59, 75
60, 75
60, 75
60, 75
53, 84
54, 83
54, 82
54, 82
55, 81
56, 80
57, 79
58, 78
59, 77
59, 77
62, 90
63, 89
63, 89
64, 88
65, 87
65, 86
65, 85
65, 84
65, 83
65, 82
65, 81
65, 81
58, 78
59, 79
60, 80
60, 81
60, 82
60, 82
65, 80
65, 81
65, 82
65, 82
65, 82
65, 82
64, 83
64, 83
64, 83
59, 81
58, 82
58, 83
59, 83
59, 83
58, 84
59, 84
59, 84
58, 85
58, 85
39, 76
40, 77
41, 78
42, 79
43, 80
43, 80
56, 78
57, 79
58, 80
58, 81
58, 82
58, 83
58, 83
55, 78
54, 77
53, 76
52, 76
52, 76
51, 75
51, 75
65, 77
65, 77
64, 78
63, 79
63, 79
62, 80
62, 80
63, 79
63, 79
51, 70
52, 71
53, 72
53, 73
53, 74
53, 75
53, 76
53, 76
61, 74
60, 75
59, 74
59, 74
58, 75
57, 76
57, 77
58, 78
58, 78
57, 79
57, 80
57, 81
57, 81
65, 72
65, 72
64, 73
63, 74
63, 75
63, 75
62, 76
62, 75
62, 75
61, 76
60, 77
59, 78
59, 78
43, 70
43, 70
44, 71
45, 72
46, 73
45, 73
45, 73
46, 74
47, 74
48, 74
48, 74
66, 82
66, 82
65, 81
64, 80
64, 81
64, 81
63, 80
62, 81
62, 81
61, 80
61, 80
61, 81
60, 80
59, 79
59, 78
59, 77
59, 76
59, 75
59, 74
59, 73
59, 72
59, 72
59, 78
59, 77
59, 77
60, 76
61, 76
62, 76
63, 75
63, 75
64, 76
65, 76
66, 76
67, 76
67, 76
60, 83
59, 84
59, 84
60, 83
59, 84
59, 84
60, 83
61, 82
61, 82
64, 79
63, 80
63, 79
63, 79
62, 80
61, 81
61, 81
60, 82
59, 82
58, 82
57, 82
56, 81
56, 81
56, 81
63, 79
62, 80
63, 80
63, 80
64, 81
64, 81
63, 82
62, 82
61, 82
60, 82
60, 82
59, 71
59, 72
59, 73
59, 74
59, 75
59, 76
58, 77
58, 77
57, 76
57, 76
57, 76
62, 79
63, 78
64, 77
65, 77
65, 77
66, 76
67, 77
67, 77
68, 76
68, 76
69, 75
68, 76
68, 77
68, 77
67, 78
66, 78
65, 78
64, 78
63, 78
62, 78
62, 78
59, 82
60, 81
59, 80
59, 80
60, 79
61, 78
62, 77
62, 77
63, 76
64, 75
65, 75
65, 75
60, 79
61, 80
62, 81
62, 80
62, 80
63, 81
63, 81
62, 82
63, 82
64, 82
65, 82
65, 82
65, 82
64, 83
64, 83
65, 82
65, 82
65, 82
66, 81
66, 81
66, 81
57, 84
57, 83
57, 83
56, 82
56, 81
56, 80
56, 79
56, 79
56, 79
58, 76
57, 76
56, 76
55, 76
56, 76
56, 76
55, 76
55, 75
55, 75
55, 75
58, 82
59, 83
58, 84
58, 84
59, 85
60, 86
61, 87
62, 88
62, 88
62, 88
62, 88
62, 88
44, 79
44, 80
44, 80
43, 79
43, 79
44, 78
45, 77
45, 77
64, 74
63, 75
62, 76
61, 76
61, 76
60, 77
59, 78
59, 78
59, 77
59, 77
59, 78
59, 79
59, 80
59, 80
66, 77
66, 78
66, 79
66, 79
65, 78
65, 78
64, 78
64, 78
63, 78
63, 78
63, 77
63, 77
64, 78
64, 78
58, 77
59, 78
58, 77
58, 77
59, 78
60, 79
61, 80
62, 81
62, 81
60, 76
61, 76
61, 76
60, 77
60, 78
60, 79
60, 80
60, 81
61, 80
61, 80
61, 80
58, 77
57, 76
57, 76
58, 77
59, 78
60, 79
61, 80
62, 81
63, 82
63, 82
64, 82
64, 82
64, 82
60, 73
61, 74
62, 75
62, 76
62, 77
62, 77
64, 82
63, 82
62, 82
61, 82
60, 82
59, 82
58, 82
57, 82
57, 82
54, 77
55, 78
56, 79
57, 80
58, 81
59, 82
59, 83
59, 84
59, 85
60, 84
60, 84
60, 84
52, 76
53, 76
54, 76
55, 76
55, 75
55, 75
56, 76
57, 76
58, 76
58, 76
59, 75
59, 75
60, 76
60, 76
59, 81
59, 81
58, 80
57, 79
57, 79
56, 79
55, 79
54, 79
53, 79
53, 79
53, 79
49, 75
50, 76
51, 76
52, 76
52, 76
51, 76
51, 76
52, 76
53, 76
53, 76
57, 82
58, 83
58, 82
58, 82
59, 83
60, 83
61, 83
62, 83
63, 83
64, 83
65, 83
65, 83
58, 77
57, 78
57, 79
57, 80
57, 81
57, 82
56, 82
56, 82
57, 83
58, 84
58, 84
58, 84
62, 78
61, 77
60, 76
61, 75
61, 75
60, 74
60, 74
59, 83
58, 84
57, 85
58, 84
58, 84
57, 85
57, 84
57, 84
56, 85
56, 85
56, 85
56, 85
65, 82
66, 82
67, 82
67, 82
66, 81
66, 81
65, 80
65, 80
66, 81
67, 82
68, 83
68, 83
68, 83
63, 76
63, 76
62, 77
61, 78
60, 78
59, 78
58, 78
58, 78
67, 82
66, 81
65, 80
65, 80
65, 80
65, 80
65, 80
65, 80
65, 80
61, 79
60, 80
59, 81
59, 82
59, 83
59, 84
59, 85
59, 85
57, 84
58, 83
59, 82
58, 83
58, 83
59, 83
59, 83
60, 82
61, 83
61, 83
62, 82
62, 81
62, 81
62, 81
63, 80
64, 79
65, 78
66, 77
67, 76
68, 75
68, 74
68, 74
67, 73
67, 73
68, 73
68, 73
69, 73
69, 73
62, 79
63, 78
64, 77
65, 76
66, 75
66, 74
67, 73
67, 73
67, 73
46, 78
47, 78
48, 78
49, 78
50, 78
51, 78
52, 78
52, 78
52, 78
67, 75
67, 74
66, 75
66, 75
67, 74
68, 73
68, 73
68, 73
61, 75
62, 76
63, 77
64, 78
65, 79
65, 79
53, 78
53, 77
53, 76
53, 76
53, 76
53, 76
52, 77
52, 77
53, 76
53, 76
54, 77
55, 78
54, 77
54, 77
55, 78
56, 79
57, 80
58, 81
57, 82
57, 82
56, 83
56, 83
56, 83
67, 82
67, 82
67, 82
67, 82
66, 81
66, 81
67, 82
67, 82
59, 83
59, 82
59, 81
59, 80
59, 79
58, 79
58, 79
59, 78
59, 77
59, 76
58, 75
58, 75
58, 75
64, 74
63, 73
62, 72
61, 72
61, 72
61, 72
61, 72
61, 72
61, 72
61, 77
61, 78
61, 79
61, 79
61, 79
61, 79
57, 80
58, 81
59, 82
60, 83
59, 84
59, 84
60, 85
60, 85
65, 79
65, 80
65, 81
65, 82
65, 83
65, 84
65, 85
65, 85
65, 84
65, 84
65, 84
64, 82
63, 81
62, 80
61, 79
60, 78
60, 78
61, 87
60, 86
60, 85
60, 84
60, 84
60, 84
60, 84
60, 84
63, 83
63, 82
63, 82
63, 83
63, 84
62, 85
62, 85
63, 86
63, 87
63, 88
63, 88
58, 81
59, 80
59, 80
59, 80
59, 79
59, 79
59, 80
58, 80
58, 80
59, 80
59, 80
62, 80
61, 79
60, 79
60, 79
59, 78
58, 77
58, 77
56, 76
57, 76
58, 76
59, 76
60, 76
61, 76
61, 76
62, 76
63, 76
64, 76
65, 76
65, 76
57, 84
57, 84
58, 83
59, 84
59, 84
60, 83
60, 84
60, 84
61, 83
62, 82
63, 82
64, 82
64, 82
60, 79
61, 78
62, 78
63, 78
64, 78
65, 78
65, 78
65, 78
59, 79
59, 79
58, 78
58, 78
57, 79
56, 80
56, 80
55, 81
55, 81
54, 77
55, 78
56, 79
57, 80
56, 79
56, 79
57, 80
58, 81
58, 81
67, 74
66, 75
65, 75
65, 75
64, 76
63, 77
62, 78
61, 78
61, 78
60, 79
59, 80
59, 80
59, 86
58, 87
57, 88
56, 89
55, 89
54, 89
53, 89
53, 89
53, 89
53, 89
53, 89
60, 84
61, 83
61, 84
61, 84
61, 83
61, 82
61, 82
60, 79
59, 79
58, 79
57, 79
57, 79
56, 79
55, 79
54, 79
54, 79
55, 79
55, 79
60, 73
59, 74
58, 75
57, 76
56, 76
56, 76
55, 77
55, 78
55, 79
55, 79
66, 79
66, 79
65, 78
64, 77
63, 76
62, 75
62, 74
62, 73
62, 73
62, 73
60, 83
60, 83
61, 84
61, 84
62, 83
63, 82
64, 81
65, 80
66, 79
67, 78
67, 78
59, 76
60, 77
61, 78
62, 79
62, 80
62, 81
62, 82
62, 82
62, 82
64, 81
63, 82
62, 83
61, 84
60, 85
60, 85
59, 77
58, 76
57, 75
56, 74
56, 73
56, 73
57, 74
57, 74
56, 74
56, 74
64, 83
63, 82
62, 81
62, 80
62, 80
61, 79
60, 78
59, 77
58, 76
57, 76
57, 76
57, 76
57, 79
56, 80
56, 81
56, 81
55, 82
55, 83
55, 84
55, 85
55, 86
55, 87
55, 87
64, 75
63, 75
63, 75
62, 74
61, 74
60, 74
60, 74
53, 79
53, 78
53, 78
54, 79
55, 80
55, 81
55, 81
55, 81
66, 74
65, 75
64, 76
63, 77
62, 78
61, 79
60, 80
59, 80
59, 80
68, 72
68, 72
67, 73
66, 74
65, 75
66, 76
66, 76
65, 77
64, 77
64, 77
65, 81
66, 80
67, 79
68, 78
69, 77
70, 76
70, 75
70, 74
69, 74
69, 74
70, 73
70, 73
67, 81
67, 80
67, 79
67, 79
67, 79
67, 79
67, 79
67, 79
67, 79
67, 79
67, 79
57, 82
58, 81
59, 80
60, 79
61, 78
61, 78
62, 87
61, 87
60, 87
61, 87
61, 87
60, 87
59, 87
59, 87
57, 78
56, 79
55, 80
55, 80
54, 81
53, 82
53, 82
53, 82
65, 79
65, 79
64, 80
65, 80
65, 80
64, 81
63, 82
62, 82
61, 82
61, 82
61, 82
60, 83
59, 84
58, 85
57, 86
56, 86
55, 86
54, 86
54, 86
54, 86
54, 86
62, 81
61, 82
61, 82
61, 81
61, 81
62, 80
63, 80
64, 80
65, 80
66, 80
67, 80
67, 80
56, 77
56, 78
56, 79
56, 78
56, 78
56, 79
57, 79
57, 79
56, 80
56, 80
56, 80
57, 80
58, 80
59, 80
59, 80
60, 80
61, 80
61, 81
61, 81
62, 80
63, 80
63, 80
61, 83
60, 84
59, 85
58, 86
57, 86
56, 86
55, 86
55, 86
55, 86
55, 86
55, 86
63, 76
62, 75
61, 74
61, 73
61, 73
61, 73
55, 88
55, 88
55, 89
55, 89
56, 88
57, 87
58, 86
59, 85
59, 84
59, 84
57, 73
57, 72
57, 72
58, 71
58, 70
58, 70
59, 71
59, 72
59, 72
60, 71
61, 71
60, 70
60, 70
61, 71
61, 71
60, 80
61, 80
62, 80
63, 80
63, 81
63, 81
64, 80
64, 80
62, 81
63, 80
64, 79
65, 79
66, 78
66, 78
66, 79
66, 79
67, 80
67, 80
67, 80
52, 82
52, 82
52, 82
52, 82
52, 82
52, 82
61, 75
62, 76
63, 77
63, 78
64, 77
64, 77
64, 78
64, 78
63, 79
63, 79
60, 84
59, 84
59, 84
60, 83
60, 82
60, 82
60, 82
60, 82
60, 82
60, 81
60, 81
60, 82
60, 82
55, 85
56, 84
57, 83
57, 82
57, 82
57, 82
66, 77
67, 78
67, 78
66, 78
66, 78
65, 77
64, 77
65, 78
65, 78
65, 79
65, 79
64, 78
64, 78
56, 80
56, 80
55, 81
55, 81
54, 82
54, 82
55, 82
55, 82
56, 82
56, 82
57, 81
58, 80
59, 79
60, 78
61, 78
61, 78
61, 78
60, 81
61, 82
60, 81
60, 81
61, 82
62, 83
63, 84
64, 85
64, 85
70, 74
69, 75
69, 75
70, 76
71, 76
71, 76
70, 76
70, 76
70, 76
70, 76
54, 88
55, 87
56, 86
55, 87
55, 87
54, 86
54, 86
54, 86
56, 80
57, 79
58, 78
59, 78
60, 78
61, 78
62, 78
61, 78
61, 78
62, 78
62, 78
62, 78
66, 80
65, 81
64, 82
63, 83
62, 84
62, 84
56, 82
57, 81
57, 81
56, 82
57, 83
57, 83
56, 84
56, 85
56, 86
56, 87
56, 87
58, 88
58, 88
57, 88
57, 88
56, 87
55, 86
54, 85
53, 85
53, 85
53, 85
53, 85
60, 78
59, 78
58, 78
57, 78
58, 77
58, 77
58, 77
63, 74
63, 74
62, 75
62, 75
63, 74
64, 73
65, 73
65, 73
66, 72
67, 72
67, 72
68, 72
68, 72
68, 72
68, 72
59, 81
59, 81
60, 81
60, 81
61, 80
61, 80
60, 79
59, 78
58, 77
57, 76
57, 76
63, 79
64, 80
64, 79
65, 79
65, 78
66, 77
65, 76
65, 77
66, 78
66, 77
66, 77
67, 71
66, 70
66, 71
67, 72
66, 71
65, 70
66, 70
67, 70
67, 71
67, 71
56, 81
56, 80
56, 79
55, 78
54, 77
54, 77
58, 84
59, 84
59, 85
58, 86
58, 85
58, 86
58, 85
58, 84
59, 84
58, 84
58, 84
62, 72
63, 72
64, 72
65, 72
64, 71
65, 71
66, 72
66, 71
66, 71
53, 86
54, 87
54, 88
55, 88
54, 87
53, 88
54, 89
54, 90
54, 90
63, 79
64, 79
63, 80
63, 79
63, 80
63, 79
63, 79
56, 87
55, 87
56, 86
56, 87
56, 88
55, 88
56, 87
57, 88
57, 87
56, 88
56, 88
61, 83
61, 82
60, 81
61, 82
62, 81
62, 80
63, 81
62, 80
62, 79
61, 80
61, 80
63, 77
64, 76
63, 77
62, 78
62, 77
63, 77
62, 76
61, 77
61, 77
53, 83
54, 83
55, 84
54, 84
55, 85
55, 85
62, 77
62, 78
63, 77
64, 77
64, 76
64, 76
61, 81
62, 82
63, 82
62, 81
61, 80
62, 81
62, 81
52, 84
51, 84
50, 83
50, 84
50, 83
49, 82
50, 82
50, 83
50, 84
49, 85
49, 85
65, 84
65, 85
65, 84
64, 85
63, 86
64, 85
65, 84
66, 85
66, 84
66, 83
66, 83
59, 78
58, 77
58, 76
57, 76
58, 77
59, 78
58, 78
58, 77
58, 77
68, 79
67, 79
68, 79
68, 80
69, 80
69, 80
57, 87
58, 87
57, 87
56, 88
56, 87
56, 87
67, 81
68, 82
69, 81
69, 82
70, 81
70, 82
69, 81
70, 82
70, 81
70, 81
62, 78
63, 78
64, 78
65, 78
65, 77
64, 77
65, 77
66, 77
66, 77
69, 77
70, 78
70, 79
70, 78
71, 77
71, 78
71, 78
58, 77
58, 78
58, 77
57, 76
57, 75
58, 76
57, 76
58, 77
57, 76
57, 77
57, 77
60, 74
59, 75
60, 74
59, 75
59, 74
59, 74
57, 79
57, 78
57, 77
58, 78
59, 77
59, 78
60, 77
59, 77
60, 77
60, 78
60, 78
63, 79
64, 78
63, 77
63, 78
62, 79
63, 78
62, 78
62, 77
63, 78
63, 78
67, 83
67, 82
66, 81
66, 82
66, 81
66, 81
69, 81
68, 80
69, 79
70, 79
70, 80
69, 81
69, 81
55, 86
55, 87
54, 87
53, 86
54, 87
54, 88
55, 89
56, 88
55, 87
56, 88
56, 88
62, 78
61, 79
61, 78
61, 79
61, 78
61, 77
60, 78
59, 79
59, 79
48, 84
48, 83
49, 83
50, 83
50, 84
49, 85
50, 84
50, 84
58, 76
57, 75
56, 76
56, 75
57, 76
56, 76
57, 75
57, 75
70, 80
69, 81
70, 80
71, 79
70, 79
69, 78
69, 78
60, 76
60, 75
61, 75
60, 76
60, 75
60, 76
59, 77
58, 76
59, 75
58, 74
58, 74
55, 91
54, 90
54, 91
53, 90
54, 91
54, 91
62, 78
62, 79
63, 80
62, 81
62, 80
61, 81
60, 80
61, 80
61, 80
57, 85
58, 84
59, 85
58, 86
59, 87
58, 87
57, 88
57, 88
62, 80
62, 81
63, 81
63, 82
63, 83
62, 82
63, 82
63, 82
67, 72
67, 71
67, 70
66, 69
66, 70
67, 70
67, 70
65, 77
66, 78
65, 78
66, 77
65, 76
66, 75
66, 74
66, 74
57, 88
57, 87
58, 87
58, 86
57, 87
56, 88
55, 89
54, 88
53, 87
53, 86
53, 86
65, 77
64, 77
64, 76
65, 75
66, 76
66, 76
56, 76
57, 77
57, 78
56, 79
57, 79
57, 78
56, 79
55, 80
55, 80
60, 77
59, 76
59, 77
60, 77
61, 76
61, 77
61, 76
61, 75
62, 74
61, 73
61, 73
63, 81
63, 82
63, 83
64, 83
64, 82
65, 81
64, 80
63, 79
63, 79
72, 79
72, 80
73, 81
72, 81
71, 81
71, 82
70, 81
71, 82
71, 81
72, 80
72, 80
55, 88
56, 87
57, 87
57, 86
58, 86
58, 86
59, 75
59, 76
59, 77
60, 76
61, 76
60, 76
61, 75
60, 75
59, 76
60, 75
60, 75
65, 76
64, 76
63, 77
62, 76
61, 75
62, 74
62, 74
68, 70
68, 71
68, 70
67, 70
68, 69
69, 69
68, 70
69, 71
68, 70
68, 70
53, 78
54, 77
54, 78
54, 79
53, 78
53, 77
53, 78
54, 77
54, 76
53, 77
53, 77
52, 87
52, 87
51, 88
50, 89
50, 89
50, 89
50, 89
50, 89
50, 89
50, 89
50, 89
63, 82
62, 81
61, 80
61, 80
61, 80
60, 79
60, 79
54, 91
53, 90
51, 88
50, 87
50, 86
50, 85
50, 84
50, 83
50, 82
50, 81
50, 80
50, 79
49, 78
48, 77
47, 76
46, 75
45, 74
44, 74
43, 74
43, 74
63, 79
62, 78
62, 78
61, 77
61, 77
60, 76
60, 76
59, 75
59, 74
59, 74
59, 74
61, 73
60, 72
60, 72
59, 71
58, 70
58, 70
57, 69
56, 68
56, 68
55, 80
55, 80
54, 79
53, 78
53, 78
52, 77
51, 76
50, 75
50, 74
50, 73
50, 73
58, 78
58, 78
57, 77
56, 76
55, 75
54, 74
53, 73
53, 73
66, 76
65, 75
64, 74
63, 73
62, 72
61, 71
60, 70
59, 69
58, 68
58, 68
51, 83
52, 82
53, 81
54, 80
55, 79
56, 78
56, 78
61, 80
60, 79
59, 78
59, 78
58, 77
57, 76
56, 75
55, 74
55, 74
66, 69
65, 68
64, 67
63, 66
63, 66
62, 65
61, 64
60, 63
59, 62
59, 62
68, 77
67, 76
67, 76
66, 75
65, 74
64, 73
63, 72
62, 71
62, 71
61, 70
61, 70
71, 79
70, 78
69, 77
68, 76
68, 76
67, 75
66, 74
65, 73
64, 72
63, 71
63, 71
61, 73
62, 73
62, 73
62, 73
63, 73
63, 73
64, 73
65, 73
66, 73
67, 73
67, 73
68, 80
67, 79
66, 78
65, 77
65, 77
64, 76
63, 75
62, 74
62, 74
61, 73
61, 73
67, 73
68, 72
69, 71
69, 70
69, 70
69, 70
55, 87
54, 86
53, 85
52, 84
52, 84
52, 84
51, 83
51, 83
57, 75
56, 76
56, 76
55, 76
54, 76
54, 76
52, 76
51, 75
50, 74
49, 73
49, 73
48, 72
48, 72
56, 87
55, 86
54, 85
53, 84
52, 83
51, 82
50, 81
49, 80
48, 79
48, 79
67, 71
66, 72
65, 73
64, 74
63, 75
63, 75
62, 75
62, 75
61, 75
60, 75
60, 75
57, 85
56, 84
55, 83
54, 82
53, 81
53, 81
65, 82
64, 82
63, 82
63, 82
62, 82
61, 82
60, 82
59, 82
59, 82
58, 82
58, 82
59, 74
58, 73
57, 72
57, 71
57, 71
57, 70
57, 70
57, 75
57, 75
56, 74
55, 73
54, 72
53, 71
53, 71
60, 75
61, 76
62, 77
63, 78
63, 78
63, 79
63, 79
63, 80
63, 81
63, 82
63, 82
58, 69
59, 68
60, 67
61, 66
62, 65
62, 64
62, 63
62, 62
62, 62
51, 74
51, 74
52, 75
53, 76
53, 77
53, 77
53, 77
53, 77
58, 61
57, 60
56, 59
55, 58
55, 58
54, 57
53, 56
52, 55
51, 54
50, 53
50, 53
49, 78
50, 77
51, 76
51, 76
51, 76
51, 76
51, 76
52, 70
51, 69
50, 68
49, 67
48, 66
47, 65
46, 64
45, 63
45, 63
68, 71
67, 72
66, 73
65, 73
64, 73
63, 73
62, 73
62, 73
57, 79
58, 80
58, 80
58, 81
58, 82
58, 83
58, 84
58, 85
58, 86
58, 86
56, 68
56, 68
55, 69
54, 70
53, 71
52, 71
51, 71
51, 71
50, 82
49, 81
48, 80
48, 80
47, 79
47, 79
57, 67
56, 66
55, 65
54, 64
54, 64
54, 64
53, 75
52, 74
51, 73
50, 72
49, 71
49, 71
49, 71
49, 71
49, 71
42, 73
41, 72
41, 72
40, 71
39, 70
39, 70
53, 81
54, 82
55, 83
56, 84
56, 84
56, 84
54, 74
54, 74
55, 75
55, 76
55, 77
55, 78
55, 79
55, 79
59, 74
59, 74
58, 73
57, 72
56, 71
56, 71
63, 71
62, 72
62, 73
62, 74
62, 75
62, 76
62, 77
62, 78
62, 79
62, 79
61, 73
60, 72
59, 71
58, 70
57, 69
56, 68
55, 67
54, 66
53, 65
53, 65
57, 81
56, 80
55, 79
55, 79
54, 78
53, 77
53, 77
54, 75
53, 75
52, 75
51, 75
50, 75
49, 75
49, 75
66, 72
65, 71
65, 71
64, 70
63, 69
63, 69
62, 69
63, 68
64, 67
64, 67
64, 67
65, 66
66, 65
66, 65
49, 73
50, 74
50, 74
50, 74
50, 74
51, 75
52, 76
53, 77
54, 78
54, 78
49, 88
48, 87
47, 86
46, 85
45, 84
44, 83
44, 83
43, 82
42, 81
42, 81
42, 81
60, 79
59, 78
58, 77
58, 77
57, 76
56, 75
55, 74
54, 73
54, 73
54, 73
55, 83
54, 82
53, 81
53, 81
52, 80
51, 79
51, 79
62, 81
61, 80
61, 80
60, 79
60, 79
59, 78
58, 77
57, 76
57, 76
57, 76
49, 52
49, 52
48, 51
48, 51
47, 50
46, 49
45, 48
44, 47
43, 46
43, 46
48, 80
49, 81
50, 82
51, 83
52, 84
52, 84
53, 85
54, 86
54, 86
62, 68
61, 67
60, 66
59, 65
58, 64
57, 63
57, 63
57, 63
65, 64
64, 63
63, 62
63, 62
63, 62
62, 61
61, 60
60, 59
60, 59
57, 85
56, 84
55, 83
54, 82
54, 82
54, 82
52, 76
52, 75
52, 74
52, 73
52, 72
52, 71
52, 70
52, 69
52, 69
54, 78
53, 77
52, 76
51, 75
50, 75
49, 75
48, 75
47, 75
47, 75
52, 70
53, 69
54, 68
55, 67
56, 66
56, 66
61, 78
60, 77
59, 76
58, 75
57, 74
57, 74
61, 72
60, 71
59, 71
58, 71
58, 71
58, 71
58, 71
58, 71
57, 71
56, 71
56, 71
55, 72
56, 71
56, 71
57, 70
58, 69
59, 68
59, 68
41, 80
41, 80
41, 80
40, 79
39, 78
38, 77
37, 76
36, 75
35, 74
34, 73
34, 73
55, 79
55, 79
54, 80
54, 80
53, 80
53, 80
62, 62
62, 62
62, 62
61, 63
60, 64
59, 65
58, 66
58, 66
57, 67
57, 67
57, 67
46, 62
48, 60
49, 59
50, 58
50, 57
50, 56
50, 55
50, 54
49, 53
49, 53
49, 53
49, 53
49, 53
40, 71
40, 71
41, 72
42, 73
43, 74
44, 75
44, 75
50, 75
49, 74
48, 73
47, 72
46, 71
45, 71
44, 71
43, 71
43, 71
55, 70
54, 69
53, 68
52, 67
52, 67
51, 66
50, 65
50, 65
53, 64
53, 63
53, 62
53, 62
53, 61
53, 61
53, 61
53, 61
48, 70
47, 69
46, 68
46, 68
45, 67
44, 66
44, 66
44, 66
50, 74
50, 74
51, 73
51, 73
52, 72
53, 71
54, 70
54, 70
55, 69
55, 69
53, 63
52, 62
51, 61
51, 61
51, 61
50, 60
49, 59
48, 58
47, 57
46, 56
46, 56
53, 77
54, 76
55, 75
56, 74
56, 74
57, 73
58, 72
59, 71
60, 70
60, 70
60, 70
44, 72
44, 72
45, 73
46, 74
47, 75
48, 76
48, 76
55, 70
54, 69
53, 68
52, 67
51, 66
51, 66
46, 74
46, 74
45, 73
44, 72
43, 71
42, 70
41, 69
40, 68
39, 67
38, 66
38, 66
57, 76
58, 75
59, 74
59, 74
59, 74
60, 73
60, 73
60, 73
43, 65
42, 64
41, 63
40, 62
39, 61
39, 61
54, 62
55, 63
56, 64
56, 64
57, 65
58, 66
58, 66
59, 67
59, 67
50, 78
49, 77
48, 76
47, 75
46, 74
45, 73
44, 72
43, 71
42, 70
42, 70
56, 73
55, 72
54, 71
53, 70
53, 69
53, 69
57, 67
57, 67
58, 68
58, 68
58, 68
58, 68
58, 68
58, 68
58, 68
51, 68
50, 67
50, 67
49, 66
48, 65
47, 64
46, 63
45, 62
45, 62
49, 64
48, 63
48, 61
49, 60
50, 59
50, 58
50, 57
50, 57
49, 56
48, 55
47, 54
47, 54
53, 85
52, 84
51, 83
50, 82
49, 81
48, 80
48, 80
47, 79
47, 79
56, 64
55, 65
54, 66
53, 67
52, 68
51, 69
51, 69
46, 54
47, 53
48, 52
49, 51
50, 50
50, 50
49, 49
48, 48
48, 48
47, 48
46, 48
45, 48
44, 48
43, 48
43, 48
43, 48
35, 74
35, 74
36, 75
36, 75
36, 75
37, 76
38, 77
39, 78
39, 78
40, 79
40, 79
55, 81
56, 80
57, 79
58, 78
59, 77
59, 77
59, 58
59, 58
59, 58
58, 57
58, 57
57, 56
56, 55
55, 55
55, 55
42, 47
41, 48
41, 49
41, 50
41, 51
41, 51
48, 52
48, 52
47, 51
46, 50
45, 49
44, 48
44, 48
44, 48
52, 79
51, 78
50, 77
49, 76
48, 75
47, 74
46, 73
46, 73
45, 72
44, 71
44, 71
58, 67
57, 66
56, 65
56, 65
55, 64
54, 63
53, 62
52, 61
52, 61
51, 60
51, 60
56, 66
56, 66
55, 65
55, 65
54, 64
54, 64
59, 69
59, 69
58, 68
57, 67
56, 66
56, 66
55, 65
55, 65
54, 64
53, 63
53, 63
43, 74
42, 73
42, 73
42, 73
41, 72
40, 71
39, 70
38, 69
38, 69
38, 69
54, 70
53, 71
52, 72
51, 73
51, 74
51, 75
51, 76
51, 76
39, 67
40, 68
41, 69
41, 69
41, 69
42, 70
42, 70
57, 69
56, 70
55, 71
54, 72
53, 73
53, 73
52, 74
51, 75
50, 76
50, 76
40, 60
41, 59
43, 57
44, 56
45, 55
46, 54
47, 53
48, 52
49, 51
49, 51
48, 50
48, 50
48, 55
48, 55
48, 55
49, 56
50, 57
51, 58
52, 59
53, 60
54, 61
55, 62
55, 62
50, 59
49, 58
48, 57
47, 56
46, 55
45, 54
45, 54
45, 54
45, 54
54, 68
55, 67
56, 66
57, 65
57, 65
58, 64
59, 63
59, 63
50, 75
49, 74
48, 73
47, 72
47, 72
46, 71
46, 71
55, 65
56, 66
57, 67
57, 67
57, 67
58, 68
59, 69
59, 69
60, 70
60, 70
58, 76
57, 75
56, 74
55, 73
54, 72
53, 71
53, 71
58, 66
57, 65
56, 64
55, 64
54, 64
53, 64
52, 64
52, 64
51, 64
50, 64
50, 64
43, 69
44, 68
44, 68
44, 67
44, 66
44, 66
44, 66
48, 78
48, 78
48, 78
49, 77
49, 76
49, 75
49, 74
49, 73
49, 72
49, 71
49, 71
47, 75
46, 74
45, 73
44, 72
43, 71
42, 70
41, 69
41, 69
40, 68
39, 67
39, 67
45, 70
45, 70
47, 68
48, 67
49, 66
50, 65
50, 64
51, 63
52, 62
52, 62
52, 62
52, 65
53, 64
53, 64
54, 63
55, 63
55, 63
45, 49
46, 50
47, 51
48, 52
49, 53
50, 54
50, 55
50, 56
50, 57
50, 57
60, 73
59, 74
58, 75
57, 76
56, 77
55, 78
54, 79
53, 80
53, 80
39, 70
40, 71
40, 71
41, 72
42, 72
43, 72
43, 72
50, 70
49, 71
48, 72
48, 72
47, 73
46, 73
45, 73
44, 73
43, 73
43, 73
46, 63
46, 63
47, 64
48, 65
49, 66
50, 67
50, 67
42, 47
42, 47
43, 48
44, 49
45, 50
46, 50
47, 50
48, 50
49, 50
49, 50
49, 50
48, 49
48, 49
47, 48
46, 47
45, 46
44, 45
44, 45
42, 52
43, 53
43, 53
44, 54
46, 54
47, 53
48, 52
49, 51
50, 50
50, 50
50, 50
50, 50
50, 50
51, 51
52, 52
52, 52
52, 52
52, 52
54, 56
53, 57
52, 57
51, 57
50, 57
50, 57
50, 57
49, 57
49, 57
41, 80
42, 81
43, 82
44, 83
45, 84
46, 85
46, 85
54, 62
54, 61
54, 60
54, 59
54, 58
54, 57
54, 56
54, 56
54, 61
53, 60
53, 59
53, 58
53, 58
53, 57
53, 57
44, 71
45, 70
47, 68
48, 67
49, 66
50, 65
50, 64
50, 63
50, 62
50, 61
50, 60
50, 59
51, 58
52, 57
52, 57
49, 66
48, 65
48, 65
47, 64
46, 63
46, 63
45, 62
45, 62
45, 62
45, 60
46, 59
47, 58
48, 57
49, 56
50, 55
50, 55
52, 62
51, 61
50, 60
49, 59
48, 58
48, 58
52, 72
51, 73
50, 74
49, 75
48, 76
48, 76
47, 77
47, 77
44, 66
45, 67
46, 67
47, 67
48, 67
48, 67
55, 57
56, 58
57, 59
58, 60
59, 61
59, 61
44, 72
45, 71
45, 71
46, 70
46, 70
46, 70
46, 85
47, 84
48, 84
49, 84
50, 84
51, 84
51, 84
52, 84
52, 84
54, 79
55, 78
56, 77
57, 76
57, 76
58, 75
59, 74
59, 74
60, 70
59, 69
58, 68
57, 67
56, 66
55, 65
55, 65
45, 44
45, 43
45, 43
45, 42
45, 41
45, 40
45, 39
45, 38
45, 38
48, 56
47, 55
47, 55
46, 54
45, 53
44, 52
44, 52
58, 62
57, 61
56, 60
55, 59
54, 58
54, 58
53, 57
52, 56
52, 56
52, 56
52, 56
50, 76
49, 75
48, 74
47, 73
46, 72
46, 72
47, 70
48, 69
49, 68
50, 67
50, 66
50, 66
48, 70
48, 69
48, 69
48, 68
48, 67
48, 66
48, 66
47, 49
47, 49
47, 49
46, 48
45, 47
45, 47
46, 53
46, 52
46, 51
46, 50
46, 49
46, 49
51, 65
52, 66
53, 67
54, 68
55, 69
55, 69
38, 66
37, 65
37, 65
36, 64
35, 63
35, 63
34, 62
34, 62
52, 52
52, 52
53, 53
54, 54
55, 55
56, 56
57, 57
58, 58
59, 59
60, 60
60, 60
51, 58
52, 59
53, 60
54, 61
55, 62
56, 63
56, 63
55, 63
56, 64
57, 65
58, 66
59, 67
60, 68
60, 68
60, 68
61, 69
62, 70
62, 70
41, 69
40, 68
40, 67
40, 66
40, 65
40, 64
41, 62
42, 61
43, 60
44, 59
45, 58
46, 57
46, 57
46, 55
47, 54
48, 53
49, 52
50, 51
50, 51
47, 67
46, 68
45, 69
44, 70
43, 71
42, 72
42, 72
51, 52
52, 53
53, 54
53, 54
53, 55
53, 56
53, 56
53, 56
49, 67
48, 68
47, 68
47, 68
47, 68
46, 68
45, 68
44, 68
44, 68
58, 73
58, 73
57, 72
56, 71
55, 70
55, 70
54, 69
54, 69
44, 48
44, 48
43, 49
43, 49
42, 50
42, 50
47, 73
48, 74
49, 75
50, 76
51, 77
52, 78
52, 78
53, 79
53, 79
51, 55
50, 54
49, 53
48, 52
47, 51
46, 50
45, 49
45, 49
53, 57
54, 58
55, 59
56, 60
57, 61
58, 62
59, 63
59, 63
56, 63
55, 62
54, 61
53, 60
52, 59
51, 58
50, 57
50, 57
48, 67
48, 67
49, 68
50, 69
50, 70
50, 70
35, 61
36, 60
37, 59
37, 59
38, 58
38, 58
38, 58
49, 59
50, 60
51, 61
51, 61
52, 62
53, 63
54, 64
55, 65
56, 66
57, 67
57, 67
52, 57
51, 56
51, 56
51, 56
51, 56
50, 55
49, 54
48, 53
47, 52
47, 52
63, 69
64, 68
65, 67
66, 66
67, 66
67, 66
68, 66
68, 66
59, 61
58, 60
58, 60
57, 59
57, 59
57, 59
56, 58
55, 57
55, 57
49, 56
48, 57
47, 57
46, 57
46, 56
47, 55
48, 54
49, 53
50, 52
50, 51
50, 50
50, 50
50, 50
45, 69
44, 68
43, 67
42, 66
41, 65
40, 64
39, 63
39, 63
38, 62
38, 62
46, 39
47, 40
48, 41
48, 41
48, 41
48, 41
54, 70
53, 71
52, 71
51, 71
50, 71
50, 71
49, 71
49, 71
56, 64
57, 63
58, 62
59, 61
60, 60
60, 60
48, 76
49, 75
50, 74
51, 73
51, 73
51, 73
51, 83
50, 82
49, 81
49, 81
48, 80
47, 79
46, 78
45, 77
45, 77
46, 49
47, 50
48, 51
49, 52
50, 53
50, 54
50, 54
50, 54
43, 51
42, 50
41, 49
40, 48
39, 47
38, 46
38, 46
39, 47
40, 48
41, 49
42, 50
43, 50
42, 49
41, 48
41, 48
59, 61
58, 62
57, 63
57, 63
57, 63
57, 63
43, 68
42, 69
41, 69
42, 68
43, 69
44, 69
44, 68
45, 68
44, 69
44, 68
44, 68
41, 49
42, 50
43, 50
43, 49
42, 49
41, 50
40, 49
41, 48
41, 48
59, 60
60, 60
60, 59
61, 58
60, 57
60, 58
59, 59
60, 58
61, 59
60, 58
60, 58
54, 68
55, 67
56, 67
57, 68
58, 69
58, 68
57, 67
57, 66
58, 66
58, 66
54, 57
55, 57
54, 56
53, 57
53, 56
54, 57
55, 56
55, 55
55, 55
57, 66
57, 67
58, 67
59, 68
58, 69
58, 68
58, 67
58, 67
48, 53
49, 53
49, 52
50, 51
51, 51
50, 50
49, 51
49, 51
49, 70
50, 69
51, 69
52, 68
51, 69
52, 68
53, 68
53, 68
37, 63
37, 64
36, 65
36, 66
37, 67
37, 67
49, 42
48, 43
49, 43
50, 43
50, 42
51, 43
52, 42
51, 41
52, 40
52, 39
52, 39
67, 65
66, 65
65, 66
64, 66
63, 66
63, 67
63, 67
60, 64
59, 64
60, 65
61, 66
62, 65
62, 65
51, 70
52, 70
51, 70
51, 69
50, 70
51, 70
51, 71
51, 70
52, 70
52, 70
42, 48
41, 47
41, 48
41, 49
41, 50
41, 50
38, 57
39, 56
39, 55
38, 56
39, 55
39, 55
52, 78
51, 77
50, 78
50, 79
51, 78
52, 77
51, 77
50, 76
49, 77
49, 77
57, 62
56, 61
57, 60
56, 61
57, 60
57, 60
45, 78
46, 79
46, 78
47, 78
46, 77
46, 76
47, 75
47, 75
41, 73
40, 72
39, 71
39, 70
39, 69
39, 69
50, 58
50, 57
49, 57
50, 57
49, 57
49, 58
49, 59
50, 58
50, 58
49, 49
50, 48
49, 48
48, 48
47, 49
47, 48
46, 48
47, 48
48, 47
49, 47
49, 47
44, 50
45, 49
46, 49
45, 50
46, 51
46, 52
47, 51
46, 51
46, 51
51, 54
50, 55
51, 54
50, 54
51, 55
52, 56
52, 57
53, 58
53, 59
53, 59
52, 74
51, 73
51, 74
51, 73
50, 72
49, 73
48, 74
49, 75
48, 74
48, 74
55, 58
56, 59
57, 60
58, 60
58, 59
58, 60
57, 61
57, 61
56, 61
57, 61
58, 61
59, 60
60, 61
61, 60
60, 61
61, 60
61, 60
41, 49
42, 50
41, 49
42, 48
41, 49
41, 48
42, 47
41, 48
41, 48
50, 48
49, 49
49, 48
49, 49
48, 48
48, 48
40, 47
40, 48
40, 49
40, 50
40, 49
41, 49
40, 49
41, 48
42, 47
42, 47
49, 59
48, 60
48, 59
48, 60
48, 59
48, 60
48, 60
58, 65
59, 66
59, 65
58, 64
57, 64
58, 65
57, 64
58, 63
59, 63
59, 63
48, 74
49, 75
49, 74
49, 75
50, 75
51, 76
51, 77
51, 77
44, 67
43, 68
44, 69
45, 70
45, 71
44, 70
44, 69
43, 69
43, 68
43, 69
43, 69
54, 55
53, 55
54, 55
54, 54
54, 53
53, 52
52, 53
51, 53
51, 53
59, 67
58, 67
59, 66
59, 67
59, 66
58, 65
58, 66
59, 65
59, 64
58, 64
58, 64
47, 75
47, 74
46, 73
46, 74
47, 73
46, 72
46, 73
46, 73
52, 71
51, 70
52, 70
52, 69
51, 69
51, 69
40, 54
39, 53
39, 54
38, 54
37, 53
38, 52
38, 52
38, 68
37, 68
37, 69
36, 68
35, 69
35, 69
52, 59
53, 59
54, 58
54, 59
55, 60
56, 59
55, 59
55, 59
52, 69
52, 70
52, 71
53, 70
52, 71
52, 72
51, 71
50, 70
50, 70
60, 57
61, 57
62, 58
63, 57
64, 58
63, 58
63, 58
49, 78
49, 77
50, 78
50, 77
50, 76
50, 76
51, 40
51, 41
52, 42
52, 41
52, 42
52, 43
52, 44
51, 43
51, 43
45, 52
45, 51
44, 50
43, 51
42, 51
41, 51
42, 50
41, 51
42, 51
42, 51
39, 68
40, 69
41, 68
40, 69
39, 68
39, 67
38, 67
37, 68
37, 68
64, 66
64, 65
64, 66
64, 65
63, 66
64, 66
64, 65
65, 66
65, 66
61, 66
62, 67
63, 67
64, 67
63, 68
62, 68
62, 68
48, 52
47, 51
48, 50
48, 49
49, 48
49, 48
56, 60
57, 59
57, 60
56, 61
56, 60
56, 59
56, 59
49, 61
50, 61
50, 62
51, 62
50, 62
50, 61
50, 60
49, 60
49, 60
66, 67
67, 67
66, 67
66, 68
65, 69
64, 68
64, 68
41, 47
42, 47
43, 48
42, 48
41, 49
42, 50
43, 49
44, 49
44, 50
44, 50
52, 68
51, 67
51, 66
50, 65
51, 64
51, 63
51, 62
50, 61
50, 61
59, 64
60, 65
61, 66
60, 66
59, 66
59, 66
40, 49
41, 49
42, 50
42, 49
41, 50
40, 51
41, 51
40, 51
40, 51
42, 69
43, 69
44, 70
44, 69
44, 68
45, 69
46, 70
47, 70
46, 71
46, 71
62, 69
63, 68
64, 69
63, 68
63, 67
63, 68
63, 69
64, 68
64, 67
64, 67
49, 69
48, 69
49, 69
48, 70
47, 69
46, 68
47, 68
47, 69
47, 69
55, 60
54, 61
53, 60
54, 59
55, 59
56, 60
55, 61
55, 61
60, 62
61, 61
61, 60
62, 60
61, 59
62, 59
62, 60
62, 59
62, 59
45, 74
44, 74
43, 74
42, 74
41, 73
40, 73
41, 74
41, 74
52, 77
51, 78
50, 77
50, 76
50, 75
51, 75
51, 75
61, 61
62, 62
61, 62
62, 62
62, 61
63, 62
64, 61
65, 62
66, 63
66, 63
56, 58
55, 59
56, 59
57, 58
58, 58
59, 59
58, 59
58, 60
57, 60
57, 60
51, 42
52, 43
52, 44
52, 45
53, 44
52, 44
51, 44
52, 43
51, 42
51, 42
36, 68
35, 69
35, 70
34, 71
34, 72
34, 73
34, 73
38, 53
38, 54
39, 54
38, 55
38, 56
38, 55
39, 56
39, 56
52, 52
51, 51
50, 51
51, 50
52, 49
52, 49
35, 68
35, 67
36, 67
37, 66
38, 65
39, 65
38, 66
37, 66
37, 66
49, 77
48, 77
47, 77
48, 76
49, 75
48, 75
49, 76
48, 75
48, 75
50, 48
51, 49
50, 50
49, 50
50, 51
50, 52
51, 53
50, 53
51, 53
51, 54
51, 54
64, 58
65, 57
66, 56
67, 57
67, 58
67, 58
47, 49
47, 50
48, 50
48, 51
48, 50
48, 50
41, 50
41, 51
40, 50
39, 50
39, 51
40, 52
40, 52
48, 51
49, 50
49, 51
48, 52
47, 53
47, 53
50, 53
50, 54
51, 53
51, 54
52, 55
51, 55
50, 54
51, 53
52, 54
52, 54
68, 59
68, 58
67, 59
66, 58
67, 59
67, 58
68, 57
69, 58
69, 59
69, 59
61, 60
62, 60
62, 59
63, 60
62, 61
61, 60
61, 60
39, 51
39, 50
39, 49
38, 49
39, 48
40, 49
40, 50
39, 49
39, 49
58, 61
59, 61
58, 62
58, 63
57, 63
57, 64
58, 65
58, 65
49, 60
48, 60
49, 59
50, 60
49, 59
49, 59
40, 73
40, 72
41, 72
40, 71
41, 70
41, 69
40, 68
40, 68
50, 61
51, 62
50, 62
51, 63
52, 63
52, 62
53, 63
53, 63
46, 70
46, 71
46, 72
45, 72
45, 73
45, 72
44, 71
45, 71
46, 71
46, 72
46, 72
40, 56
39, 55
38, 56
39, 57
38, 58
37, 58
36, 57
37, 56
36, 57
36, 57
67, 62
67, 61
66, 60
65, 61
65, 60
65, 60
51, 49
50, 49
51, 49
52, 48
53, 48
52, 49
52, 48
51, 47
52, 47
53, 46
53, 46
41, 51
42, 52
43, 53
43, 52
42, 53
42, 53
47, 72
48, 71
49, 70
48, 71
48, 72
47, 71
46, 71
45, 70
45, 70
52, 41
53, 42
54, 42
55, 41
54, 42
54, 42
65, 66
64, 67
63, 68
64, 69
63, 69
62, 68
62, 69
61, 68
62, 67
62, 67
65, 67
65, 68
66, 67
66, 68
66, 67
67, 67
67, 67
49, 76
50, 75
50, 76
51, 75
50, 74
49, 74
50, 74
50, 75
49, 76
48, 75
48, 75
43, 50
43, 51
44, 50
43, 50
44, 50
45, 50
44, 49
44, 48
44, 47
44, 47
55, 60
56, 60
55, 59
56, 58
55, 57
56, 57
55, 56
56, 55
56, 54
57, 55
57, 55
58, 66
57, 66
56, 65
56, 64
56, 65
57, 66
57, 66
38, 67
38, 68
39, 68
40, 69
39, 68
39, 67
40, 66
39, 67
39, 67
34, 72
33, 72
34, 72
33, 72
32, 72
31, 71
32, 72
32, 72
50, 76
51, 76
50, 77
51, 77
50, 78
49, 77
49, 77
62, 61
63, 62
64, 61
63, 60
64, 59
63, 58
64, 58
63, 57
63, 56
63, 56
53, 54
52, 53
51, 53
50, 53
50, 52
49, 52
48, 53
47, 52
46, 51
46, 51
47, 52
48, 53
49, 52
48, 51
47, 52
46, 51
47, 50
47, 49
47, 49
46, 71
45, 71
46, 72
46, 71
45, 72
46, 73
45, 74
45, 73
45, 73
61, 66
60, 66
61, 67
60, 66
59, 67
60, 68
60, 68
50, 60
49, 59
48, 60
49, 61
49, 60
49, 60
65, 59
65, 58
64, 58
64, 59
65, 60
64, 61
65, 60
65, 59
65, 59
57, 56
56, 56
57, 55
56, 56
56, 55
56, 56
55, 55
55, 55
68, 68
69, 67
70, 66
69, 66
68, 67
67, 68
68, 68
68, 67
67, 66
67, 65
67, 65
36, 56
37, 55
38, 56
39, 57
38, 57
37, 57
37, 57
54, 63
55, 64
56, 63
56, 64
55, 65
54, 64
55, 65
56, 64
56, 64
59, 65
59, 66
58, 66
57, 67
56, 66
55, 67
56, 66
57, 66
56, 65
56, 65
43, 48
44, 48
45, 47
45, 48
44, 47
43, 46
43, 47
42, 47
43, 46
43, 46
53, 47
54, 48
54, 47
55, 46
55, 45
55, 44
55, 43
55, 44
56, 45
56, 46
56, 46
49, 76
48, 77
49, 78
50, 79
51, 78
51, 78
40, 67
39, 67
40, 68
39, 67
38, 67
38, 66
37, 67
36, 66
35, 67
35, 68
35, 68
68, 60
67, 60
66, 61
65, 62
65, 61
66, 62
65, 61
65, 61
31, 71
31, 72
32, 71
33, 72
32, 71
33, 71
33, 70
34, 69
33, 69
33, 69
43, 52
44, 51
43, 50
42, 51
43, 52
43, 53
43, 52
43, 52
39, 66
39, 67
39, 66
38, 66
37, 66
38, 65
39, 65
39, 65
53, 43
52, 43
53, 43
54, 43
53, 44
52, 45
53, 45
54, 46
54, 45
54, 45
46, 71
46, 72
47, 71
46, 72
47, 73
48, 73
47, 74
47, 75
46, 76
46, 76
47, 74
48, 73
47, 73
48, 73
47, 72
47, 73
47, 73
38, 50
38, 49
37, 48
37, 47
38, 48
37, 47
37, 46
38, 46
38, 46
58, 67
57, 66
58, 67
57, 66
57, 65
56, 66
56, 65
55, 65
56, 66
56, 66
48, 60
47, 59
48, 59
48, 58
47, 59
48, 59
47, 58
47, 58
44, 53
44, 52
44, 51
44, 52
44, 51
44, 52
45, 53
44, 53
44, 52
45, 52
45, 52
37, 46
37, 47
36, 48
36, 49
35, 48
36, 47
36, 46
35, 47
36, 47
35, 46
35, 46
62, 56
61, 56
61, 57
62, 57
63, 57
63, 58
62, 57
62, 57
48, 74
47, 73
47, 72
47, 73
48, 73
49, 74
48, 75
48, 74
49, 74
49, 74
55, 64
54, 65
54, 64
54, 65
55, 65
54, 64
54, 64
59, 67
60, 66
59, 66
58, 67
59, 68
59, 69
59, 70
59, 69
59, 70
58, 71
58, 71
55, 56
54, 56
53, 57
54, 56
53, 57
54, 58
55, 59
55, 59
52, 78
51, 78
52, 78
51, 79
52, 78
53, 77
54, 76
55, 77
54, 78
54, 77
54, 77
40, 65
41, 64
41, 63
41, 64
41, 65
42, 66
43, 66
43, 66
36, 58
35, 57
34, 57
33, 58
34, 57
33, 56
34, 57
34, 57
57, 45
57, 44
58, 43
59, 44
58, 44
59, 43
58, 42
59, 41
58, 40
58, 40
44, 46
43, 46
44, 47
43, 48
43, 49
42, 48
43, 47
43, 46
43, 47
44, 46
44, 46
36, 67
35, 66
35, 65
35, 64
36, 65
37, 65
36, 66
36, 66
45, 74
44, 75
44, 74
45, 73
44, 72
45, 72
46, 72
46, 72
32, 70
33, 70
32, 70
33, 71
32, 72
31, 73
31, 74
31, 75
31, 75
64, 60
65, 59
64, 59
63, 58
64, 58
63, 59
62, 58
62, 59
61, 60
61, 60
46, 52
45, 53
44, 54
45, 54
46, 55
46, 55
46, 50
46, 49
47, 50
46, 51
47, 50
48, 51
49, 50
49, 49
50, 50
50, 50
57, 66
58, 67
58, 68
59, 67
58, 66
57, 65
57, 65
46, 75
46, 74
45, 75
45, 76
44, 75
45, 74
46, 74
45, 73
46, 72
45, 71
45, 71
55, 64
56, 64
57, 65
57, 66
58, 65
59, 66
58, 66
58, 65
58, 65
53, 45
54, 46
54, 45
53, 45
54, 46
54, 46
66, 66
67, 65
68, 66
67, 66
67, 65
67, 66
68, 67
68, 67
64, 59
65, 60
65, 61
65, 62
64, 61
63, 62
62, 62
61, 61
61, 61
57, 66
58, 66
59, 67
59, 68
60, 68
61, 68
61, 67
62, 68
63, 67
62, 68
62, 68
48, 57
49, 56
48, 56
48, 57
47, 57
47, 57
58, 65
59, 64
60, 63
59, 62
59, 63
60, 62
59, 63
60, 64
61, 64
61, 64
51, 49
51, 50
51, 51
52, 52
51, 52
51, 51
51, 51
44, 52
45, 51
44, 50
44, 51
44, 50
44, 49
44, 48
44, 48
32, 76
33, 75
32, 74
33, 75
33, 74
33, 73
34, 72
34, 73
34, 73
35, 56
34, 57
33, 58
32, 57
31, 57
32, 58
33, 58
34, 58
35, 59
35, 59
47, 54
48, 53
47, 52
48, 53
49, 52
48, 51
49, 51
50, 50
50, 50
35, 45
35, 44
36, 43
35, 42
34, 41
34, 41
57, 39
56, 39
56, 38
56, 39
57, 39
56, 39
55, 38
56, 37
55, 37
55, 37
44, 71
45, 70
46, 70
46, 71
47, 72
48, 71
47, 72
48, 73
49, 74
48, 74
48, 74
61, 56
60, 57
59, 57
58, 57
57, 56
57, 56
50, 75
50, 76
51, 76
50, 76
51, 75
51, 76
51, 76
54, 65
55, 64
55, 65
55, 64
56, 65
56, 65
55, 58
56, 58
55, 59
54, 58
53, 59
54, 58
53, 57
53, 57
68, 68
67, 69
68, 69
69, 68
68, 69
69, 70
70, 69
70, 70
69, 69
69, 69
43, 47
44, 46
43, 46
44, 45
45, 45
45, 45
43, 65
44, 66
45, 65
46, 66
47, 67
48, 67
49, 68
50, 68
50, 68
60, 60
61, 60
60, 59
60, 58
61, 57
62, 57
61, 58
60, 59
61, 58
61, 58
53, 47
52, 46
51, 47
52, 48
51, 48
50, 48
50, 48
35, 66
36, 67
35, 68
34, 69
33, 68
32, 68
33, 67
32, 67
32, 67
45, 72
45, 71
45, 70
44, 69
44, 68
44, 67
43, 67
43, 68
44, 67
44, 68
44, 68
57, 71
56, 70
57, 70
58, 71
59, 71
58, 71
57, 71
57, 71
53, 78
52, 79
53, 80
52, 79
51, 78
52, 79
53, 78
52, 77
53, 76
53, 77
53, 77
60, 61
60, 60
60, 59
61, 58
62, 57
62, 57
33, 40
33, 41
33, 42
34, 42
35, 43
34, 44
35, 45
36, 44
35, 45
34, 46
34, 46
31, 66
31, 67
31, 66
30, 65
29, 64
29, 63
30, 63
29, 64
29, 64
54, 36
55, 36
56, 35
56, 34
57, 33
57, 34
57, 35
58, 34
59, 33
59, 33
56, 57
55, 58
54, 58
53, 59
53, 58
53, 57
54, 57
55, 56
56, 55
56, 55
51, 49
50, 50
51, 51
50, 50
50, 49
51, 48
51, 48
57, 65
57, 64
56, 64
57, 64
57, 63
57, 63
56, 71
57, 70
56, 71
57, 71
56, 70
56, 70
34, 59
33, 58
32, 58
31, 59
30, 58
29, 57
30, 58
30, 57
29, 57
28, 57
28, 57
35, 73
36, 72
35, 71
34, 71
33, 70
33, 70
51, 68
51, 67
50, 68
49, 68
48, 67
48, 67
51, 50
50, 50
51, 51
52, 52
51, 52
51, 52
52, 78
51, 78
52, 78
51, 78
51, 79
51, 79
43, 67
42, 66
41, 65
41, 64
41, 65
40, 65
39, 65
40, 65
41, 66
41, 66
50, 47
49, 48
48, 47
49, 46
50, 45
49, 44
49, 44
43, 47
44, 48
43, 49
42, 48
41, 49
40, 48
41, 48
40, 48
40, 48
68, 70
67, 71
67, 72
67, 73
67, 74
67, 73
67, 72
67, 71
67, 70
67, 70
60, 57
61, 58
62, 58
61, 58
60, 57
60, 57
47, 56
47, 55
48, 54
49, 54
48, 55
47, 56
48, 56
49, 57
49, 57
61, 69
60, 68
61, 68
60, 67
61, 68
61, 69
61, 69
54, 58
53, 57
52, 58
51, 57
51, 58
50, 57
51, 58
51, 58
48, 75
48, 74
48, 73
49, 74
48, 74
48, 75
48, 74
48, 74
63, 56
62, 55
63, 54
62, 55
63, 56
64, 57
63, 57
62, 57
63, 56
62, 55
62, 55
62, 65
62, 66
61, 67
62, 67
63, 68
62, 69
62, 68
62, 69
61, 68
62, 67
62, 67
45, 44
45, 45
46, 46
47, 47
48, 46
48, 46
50, 77
51, 76
50, 76
49, 77
50, 77
50, 78
51, 79
52, 80
53, 81
52, 80
52, 80
32, 70
33, 70
34, 70
35, 69
36, 70
36, 71
37, 72
37, 72
52, 57
51, 56
51, 55
52, 55
53, 55
54, 55
53, 55
52, 56
51, 57
51, 57
57, 64
56, 65
57, 65
56, 64
57, 65
56, 64
57, 63
57, 62
57, 63
57, 63
60, 33
61, 33
60, 34
61, 35
60, 36
60, 37
60, 37
41, 49
40, 49
40, 50
41, 50
40, 51
40, 51
28, 63
27, 64
26, 65
25, 65
26, 64
25, 63
24, 62
23, 63
23, 63
55, 70
56, 71
57, 71
57, 72
58, 71
57, 72
56, 71
57, 72
57, 71
57, 72
57, 72
62, 56
63, 55
63, 56
62, 57
63, 58
64, 58
65, 59
65, 60
64, 60
63, 59
63, 59
29, 57
29, 56
30, 55
29, 55
29, 54
29, 54
57, 56
57, 57
57, 58
58, 57
59, 57
60, 57
59, 57
59, 58
58, 59
59, 60
59, 60
50, 45
51, 44
52, 43
52, 44
53, 45
53, 46
54, 46
53, 45
52, 46
52, 45
52, 45
48, 75
47, 75
48, 76
49, 75
48, 75
49, 76
48, 76
47, 77
46, 76
47, 77
47, 77
40, 67
41, 68
42, 69
41, 68
40, 68
40, 68
67, 69
66, 69
67, 69
66, 68
67, 67
66, 67
67, 68
67, 68
50, 53
49, 53
49, 54
50, 53
50, 54
51, 53
52, 54
53, 54
53, 54
51, 78
50, 77
50, 78
49, 77
50, 76
51, 76
52, 76
51, 75
52, 76
52, 76
63, 66
63, 65
64, 65
64, 66
63, 66
63, 67
64, 66
63, 65
63, 65
49, 47
50, 47
51, 48
50, 49
49, 48
50, 49
51, 49
50, 48
50, 48
61, 57
62, 56
61, 55
61, 56
62, 55
62, 56
63, 57
63, 58
63, 58
53, 80
52, 79
53, 80
54, 79
55, 79
55, 80
56, 79
55, 79
56, 80
56, 80
60, 70
59, 71
58, 70
57, 71
58, 72
58, 73
58, 73
33, 45
32, 44
31, 44
32, 45
31, 45
32, 44
31, 44
31, 44
48, 57
47, 58
48, 59
49, 58
48, 58
48, 58
51, 49
50, 48
49, 48
48, 47
49, 48
49, 48
49, 67
48, 67
47, 67
48, 67
47, 68
46, 68
46, 68
62, 59
61, 59
62, 60
62, 61
61, 60
60, 59
60, 59
22, 64
21, 65
21, 64
21, 63
21, 64
20, 65
20, 65
39, 67
39, 68
40, 67
39, 66
38, 66
39, 65
38, 64
39, 64
40, 65
39, 66
39, 66
49, 57
48, 57
49, 58
50, 58
50, 57
50, 56
50, 57
51, 58
51, 58
31, 43
32, 44
32, 45
33, 45
32, 44
33, 45
33, 46
33, 46
52, 57
51, 57
52, 56
51, 55
50, 54
50, 55
49, 56
49, 56
58, 63
58, 64
57, 64
57, 63
57, 62
57, 62
66, 67
67, 67
68, 68
69, 68
68, 69
69, 68
69, 67
69, 66
70, 67
69, 68
69, 68
60, 59
61, 59
62, 60
61, 60
62, 61
61, 60
62, 59
61, 59
61, 59
51, 76
52, 77
53, 76
52, 75
53, 76
52, 77
53, 78
52, 77
53, 77
53, 78
53, 78
52, 54
53, 53
54, 54
53, 55
54, 54
54, 53
54, 54
55, 55
54, 56
54, 56
61, 37
61, 36
62, 35
61, 36
60, 37
60, 37
39, 50
40, 50
41, 51
42, 50
41, 49
40, 50
41, 51
40, 50
41, 49
41, 49
56, 72
56, 73
55, 73
56, 73
55, 72
56, 73
55, 74
55, 73
55, 73
62, 59
62, 58
61, 58
62, 59
63, 59
63, 58
63, 59
63, 59
38, 72
39, 71
40, 71
39, 72
40, 73
39, 72
40, 72
41, 73
42, 74
42, 74
64, 66
63, 65
62, 65
61, 65
60, 65
59, 66
60, 67
59, 68
58, 68
59, 69
59, 69
29, 55
30, 54
29, 53
29, 54
28, 54
28, 53
27, 52
28, 51
28, 50
27, 50
27, 50
45, 68
44, 68
43, 67
42, 67
43, 66
43, 67
43, 67
48, 77
49, 76
50, 75
49, 74
50, 73
50, 74
51, 73
50, 72
51, 72
52, 73
52, 73
49, 47
50, 47
49, 48
48, 47
49, 48
49, 49
49, 50
48, 51
48, 51
59, 73
60, 74
61, 75
60, 75
59, 76
60, 76
60, 76
50, 47
51, 48
52, 48
53, 47
54, 46
53, 45
52, 46
52, 46
51, 45
51, 46
51, 45
52, 45
52, 44
51, 44
50, 43
51, 42
52, 43
52, 43
55, 79
56, 79
56, 80
55, 80
54, 80
55, 81
54, 80
54, 79
54, 79
43, 74
44, 73
43, 72
44, 71
43, 70
43, 70
19, 65
20, 64
20, 65
19, 65
20, 65
19, 64
18, 63
19, 62
18, 63
18, 63
52, 78
53, 79
54, 79
54, 78
53, 78
52, 77
53, 77
53, 77
50, 55
50, 56
49, 55
50, 54
49, 53
48, 54
48, 53
47, 54
46, 55
46, 55
54, 80
54, 81
55, 81
56, 81
55, 82
55, 83
54, 83
55, 84
55, 85
55, 85
59, 75
59, 76
60, 75
59, 75
58, 74
57, 74
57, 74
54, 73
53, 72
52, 73
53, 74
53, 75
52, 74
51, 74
51, 75
50, 75
49, 75
49, 75
61, 58
61, 57
60, 58
59, 57
58, 58
58, 58
52, 59
51, 60
50, 60
51, 61
52, 60
53, 59
52, 60
53, 61
54, 62
54, 62
43, 68
44, 69
44, 70
45, 69
44, 70
45, 71
46, 70
46, 70
55, 57
55, 58
54, 57
54, 56
55, 56
56, 57
56, 58
56, 58
28, 49
28, 50
28, 51
28, 50
29, 49
29, 48
28, 48
28, 48
52, 74
52, 73
51, 72
51, 71
52, 72
51, 71
50, 72
50, 72
34, 45
33, 44
32, 45
31, 44
30, 43
29, 42
29, 43
28, 44
28, 43
29, 43
29, 43
38, 65
37, 65
38, 64
38, 65
37, 65
37, 66
36, 65
36, 65
60, 38
60, 37
59, 38
59, 37
58, 38
57, 39
56, 40
55, 40
55, 39
55, 38
55, 38
53, 45
54, 45
55, 45
56, 44
55, 43
54, 44
55, 43
56, 43
56, 44
56, 44
52, 44
51, 43
52, 44
51, 44
51, 43
50, 44
49, 43
49, 43
62, 58
63, 59
62, 60
62, 59
62, 58
63, 59
63, 59
47, 52
47, 51
47, 50
48, 50
48, 49
47, 49
46, 48
45, 48
45, 48
60, 70
61, 71
62, 70
63, 71
62, 70
61, 69
62, 68
62, 69
62, 68
62, 68
68, 69
69, 68
69, 67
68, 67
68, 66
68, 67
67, 68
66, 67
66, 67
56, 61
55, 62
56, 61
57, 60
56, 59
55, 59
56, 58
56, 58
40, 49
41, 50
40, 49
39, 49
38, 50
38, 50
61, 60
60, 60
61, 59
62, 58
62, 59
63, 58
63, 58
51, 71
50, 70
51, 71
52, 72
51, 72
51, 72
50, 43
51, 44
50, 45
50, 44
49, 43
48, 42
49, 42
49, 42
58, 73
59, 74
59, 73
58, 72
57, 71
56, 72
56, 71
56, 71
27, 49
26, 48
26, 47
25, 48
25, 47
24, 47
25, 47
25, 48
25, 48
67, 67
66, 66
66, 67
65, 67
66, 66
66, 66
28, 42
27, 41
28, 41
27, 41
28, 40
27, 41
27, 42
26, 41
26, 41
62, 58
63, 59
62, 60
62, 61
63, 61
64, 62
64, 62
53, 76
54, 75
54, 74
55, 73
55, 74
56, 75
55, 75
55, 75
63, 69
63, 70
62, 69
63, 70
63, 69
64, 69
63, 70
62, 71
62, 71
55, 58
54, 57
53, 58
52, 58
51, 57
50, 56
50, 56
57, 58
56, 58
55, 58
54, 59
53, 60
54, 61
55, 60
56, 61
57, 62
57, 62
49, 76
49, 77
50, 76
49, 76
48, 76
48, 76
46, 47
47, 46
48, 46
47, 46
47, 45
48, 46
48, 47
47, 48
48, 47
48, 47
47, 55
48, 54
48, 53
48, 54
48, 55
47, 55
46, 54
45, 54
44, 55
44, 56
44, 56
39, 49
38, 49
39, 49
39, 48
38, 47
38, 48
38, 49
38, 48
37, 48
37, 48
54, 85
55, 85
56, 85
55, 84
55, 83
55, 83
44, 70
43, 70
44, 70
43, 70
43, 71
42, 72
41, 71
41, 71
63, 58
64, 58
64, 59
64, 60
65, 60
66, 59
65, 60
65, 61
65, 60
65, 59
65, 59
55, 62
54, 62
53, 62
54, 62
53, 62
54, 62
54, 62
45, 71
46, 72
46, 71
47, 70
46, 71
47, 70
47, 70
59, 58
58, 59
59, 60
60, 59
59, 60
60, 59
61, 59
60, 59
60, 59
54, 37
55, 38
56, 37
57, 37
56, 36
57, 37
58, 36
57, 36
57, 36
35, 64
36, 65
36, 66
36, 67
35, 67
35, 68
35, 68
17, 63
18, 63
17, 63
18, 62
17, 63
17, 63
55, 44
54, 44
55, 45
54, 46
55, 46
55, 45
54, 44
53, 45
54, 44
55, 43
55, 43
54, 61
53, 61
54, 60
55, 60
54, 61
54, 62
54, 63
53, 63
53, 64
53, 64
56, 37
57, 37
56, 36
55, 35
56, 34
57, 35
57, 35
55, 42
56, 42
55, 42
56, 42
57, 43
58, 44
58, 44
40, 70
41, 70
41, 69
42, 68
43, 67
43, 66
43, 65
44, 64
45, 64
45, 64
49, 46
48, 46
47, 45
46, 46
45, 45
45, 46
44, 46
45, 45
46, 46
45, 47
45, 47
47, 69
48, 68
48, 67
47, 66
46, 66
47, 66
46, 67
47, 67
47, 68
46, 68
46, 68
56, 62
57, 61
57, 60
56, 59
56, 58
56, 58
55, 71
56, 71
55, 70
56, 69
55, 69
54, 70
54, 71
54, 70
55, 70
54, 70
54, 70
26, 40
27, 41
26, 40
25, 39
24, 40
24, 40
24, 47
24, 48
23, 47
22, 48
22, 49
22, 50
23, 51
23, 51
61, 59
61, 58
62, 57
61, 58
62, 59
62, 59
56, 83
55, 83
56, 82
56, 83
57, 84
58, 85
57, 84
56, 83
56, 82
56, 83
56, 83
35, 67
35, 66
35, 65
35, 64
36, 64
37, 63
38, 62
39, 62
39, 63
39, 64
39, 64
61, 70
60, 69
59, 70
58, 69
59, 68
60, 67
59, 67
59, 67
63, 62
62, 62
62, 63
63, 64
62, 65
63, 66
63, 67
62, 66
62, 65
62, 65
50, 57
49, 56
48, 55
48, 54
47, 54
47, 55
46, 55
47, 54
47, 54
44, 55
43, 55
42, 54
42, 53
43, 54
43, 54
38, 49
37, 49
37, 48
36, 48
37, 49
36, 49
36, 49
18, 63
19, 62
18, 62
18, 63
17, 63
18, 63
17, 63
18, 62
18, 62
48, 77
47, 78
46, 78
47, 77
46, 78
45, 78
44, 78
43, 79
43, 79
65, 60
66, 61
65, 62
64, 63
64, 64
63, 65
62, 65
62, 66
61, 66
61, 66
50, 42
49, 42
50, 43
51, 42
50, 42
50, 41
51, 40
51, 40
54, 74
55, 73
55, 72
56, 73
55, 73
54, 74
54, 73
55, 74
54, 74
54, 74
67, 67
68, 68
69, 69
70, 68
69, 69
69, 70
68, 69
69, 70
68, 70
68, 70
50, 73
49, 72
48, 71
48, 72
47, 71
46, 70
45, 70
45, 70
62, 67
61, 67
61, 67
62, 68
63, 69
64, 70
64, 70
24, 39
24, 39
25, 39
25, 39
26, 40
27, 41
27, 41
28, 40
28, 40
29, 41
30, 42
30, 42
37, 50
38, 51
37, 51
37, 51
38, 52
39, 53
40, 54
41, 55
42, 56
43, 57
43, 57
24, 52
25, 53
26, 54
27, 55
28, 56
29, 56
29, 56
30, 57
31, 58
32, 59
33, 60
33, 60
52, 41
53, 42
54, 43
55, 44
56, 45
56, 45
55, 73
55, 73
56, 74
57, 75
58, 76
59, 77
60, 78
61, 79
62, 80
62, 80
54, 65
55, 66
56, 67
57, 68
57, 69
57, 69
44, 78
45, 77
46, 76
47, 75
48, 75
49, 75
50, 75
51, 75
52, 75
52, 75
40, 65
41, 66
42, 67
43, 68
44, 69
45, 70
46, 71
47, 72
47, 72
48, 73
48, 73
55, 59
55, 60
55, 61
55, 62
55, 63
55, 64
55, 65
55, 66
55, 66
47, 69
46, 70
46, 70
47, 71
48, 72
49, 73
49, 73
50, 74
51, 75
52, 76
53, 77
54, 78
54, 78
54, 78
63, 66
64, 67
65, 68
66, 69
66, 69
66, 70
66, 70
66, 70
66, 70
66, 70
66, 70
46, 48
46, 49
46, 49
47, 50
48, 51
49, 52
50, 53
51, 54
51, 54
48, 55
49, 56
50, 57
51, 58
52, 59
52, 59
46, 71
47, 72
46, 72
46, 72
47, 73
48, 74
49, 75
49, 75
55, 71
56, 72
57, 73
58, 74
59, 75
60, 75
60, 75
60, 75
44, 55
43, 56
43, 56
45, 58
46, 59
47, 60
48, 61
49, 62
50, 63
51, 64
52, 65
52, 65
53, 66
54, 67
54, 67
19, 62
19, 62
20, 63
21, 64
22, 65
24, 67
25, 68
26, 69
27, 70
28, 70
29, 70
30, 70
31, 70
32, 70
33, 70
34, 70
35, 70
35, 70
55, 82
54, 81
54, 80
54, 80
53, 79
52, 78
51, 77
51, 77
44, 64
44, 64
45, 65
46, 66
47, 67
48, 68
48, 68
57, 36
57, 35
57, 35
57, 36
58, 35
58, 35
57, 36
57, 37
57, 38
57, 39
57, 40
57, 40
61, 58
61, 58
62, 59
62, 60
62, 61
62, 62
62, 63
62, 64
62, 65
62, 66
62, 67
62, 67
60, 68
61, 68
61, 68
62, 69
63, 70
64, 71
65, 72
66, 73
67, 72
67, 72
67, 72
60, 46
60, 47
60, 48
60, 49
60, 50
60, 51
60, 52
60, 54
60, 55
60, 56
60, 57
60, 58
60, 59
60, 60
60, 61
60, 62
60, 63
59, 62
59, 62
60, 63
59, 64
59, 64
60, 65
61, 65
61, 65
60, 66
60, 67
60, 68
60, 68
67, 71
66, 72
65, 73
64, 74
64, 73
64, 73
63, 74
62, 75
62, 75
55, 68
56, 69
57, 70
58, 71
58, 71
58, 70
58, 70
59, 71
59, 71
65, 71
64, 72
63, 72
62, 72
61, 72
60, 72
59, 72
58, 72
57, 72
57, 72
53, 76
54, 77
54, 78
54, 79
54, 80
54, 80
61, 66
61, 66
62, 67
63, 68
63, 68
62, 69
62, 70
62, 71
62, 72
62, 73
62, 73
63, 74
64, 73
65, 72
66, 71
67, 71
67, 71
68, 71
69, 71
69, 71
49, 74
49, 75
49, 75
50, 76
51, 77
52, 78
53, 77
53, 77
54, 78
54, 78
68, 73
68, 73
67, 74
66, 75
65, 76
64, 77
63, 78
63, 78
49, 69
50, 70
51, 71
52, 72
53, 73
54, 74
55, 75
56, 75
56, 75
56, 75
31, 43
30, 42
30, 42
31, 43
32, 44
33, 45
34, 46
34, 46
50, 55
50, 54
50, 54
49, 54
49, 54
50, 55
50, 56
50, 57
50, 57
52, 78
53, 79
54, 80
55, 81
56, 82
57, 83
58, 84
59, 85
60, 85
61, 85
61, 85
63, 71
62, 72
61, 73
61, 72
61, 72
61, 73
61, 73
61, 79
60, 78
61, 77
61, 77
60, 76
61, 77
61, 77
60, 76
59, 75
58, 75
57, 75
56, 75
56, 75
34, 60
34, 60
35, 61
36, 62
37, 63
38, 64
39, 65
39, 65
59, 76
58, 77
57, 78
57, 77
57, 77
57, 76
57, 76
56, 77
55, 78
54, 79
53, 80
53, 80
50, 76
49, 77
49, 77
50, 77
51, 77
52, 77
52, 77
58, 41
59, 42
60, 43
59, 43
59, 43
61, 45
61, 46
61, 47
61, 48
61, 49
61, 51
61, 52
61, 53
61, 54
61, 55
61, 56
61, 57
61, 58
61, 59
61, 59
61, 69
62, 70
63, 69
63, 69
64, 70
65, 71
65, 71
36, 71
36, 70
36, 70
37, 71
38, 72
39, 73
40, 74
41, 74
41, 74
42, 75
43, 76
44, 76
44, 76
58, 70
59, 71
58, 71
58, 71
59, 72
60, 73
61, 74
61, 74
55, 77
56, 76
57, 75
58, 74
58, 73
58, 73
58, 73
58, 74
58, 74
58, 73
58, 73
58, 73
55, 46
54, 47
54, 48
54, 48
53, 49
53, 50
53, 51
53, 52
53, 53
53, 53
56, 67
57, 68
58, 69
59, 70
60, 71
61, 70
61, 70
61, 70
45, 59
46, 60
47, 61
48, 62
49, 63
50, 64
51, 65
52, 66
53, 67
54, 68
55, 69
55, 70
56, 71
56, 71
55, 72
55, 72
53, 60
54, 61
55, 62
56, 63
57, 64
57, 64
53, 77
53, 77
54, 76
55, 75
56, 74
57, 74
58, 74
59, 74
60, 74
60, 74
54, 81
55, 82
55, 83
55, 83
56, 84
57, 85
57, 86
57, 87
57, 87
57, 87
57, 87
60, 72
61, 73
62, 74
63, 75
64, 76
64, 76
35, 47
36, 48
37, 49
38, 50
37, 51
37, 51
38, 52
39, 53
40, 54
41, 55
41, 55
41, 55
53, 79
52, 80
51, 81
50, 82
50, 83
50, 84
49, 85
49, 85
50, 86
50, 86
50, 87
50, 87
50, 87
60, 60
60, 61
59, 60
59, 60
60, 61
60, 62
60, 63
60, 64
60, 64
61, 74
61, 74
60, 74
59, 74
58, 74
59, 75
59, 75
58, 74
57, 74
56, 74
56, 74
64, 77
65, 76
66, 75
66, 74
66, 73
67, 73
67, 73
66, 72
66, 72
66, 72
66, 72
66, 72
63, 74
64, 75
65, 76
64, 76
64, 76
65, 77
65, 77
55, 71
55, 71
56, 72
57, 73
58, 72
58, 72
57, 72
57, 72
58, 73
59, 74
60, 75
61, 76
61, 76
51, 58
52, 59
53, 60
54, 61
55, 62
56, 63
57, 64
58, 65
58, 66
58, 66
58, 66
60, 71
60, 72
60, 72
59, 73
58, 74
57, 75
56, 76
56, 76
57, 77
57, 77
40, 66
41, 65
41, 65
42, 66
43, 67
44, 68
45, 69
46, 68
46, 68
47, 67
47, 67
48, 68
48, 68
54, 54
55, 55
56, 56
57, 57
58, 58
58, 58
56, 73
57, 73
57, 73
56, 74
55, 75
54, 76
54, 77
54, 78
54, 79
54, 80
54, 79
54, 79
54, 79
55, 76
54, 77
54, 78
54, 78
54, 78
54, 78
55, 78
55, 78
54, 78
54, 78
54, 78
64, 72
65, 73
65, 73
64, 72
64, 72
63, 73
63, 74
64, 75
64, 75
64, 75
56, 65
55, 66
55, 67
55, 68
55, 69
55, 70
55, 71
55, 72
55, 73
55, 74
55, 74
70, 72
70, 73
70, 74
70, 74
70, 74
69, 74
69, 74
70, 74
69, 73
69, 73
69, 74
69, 74
69, 74
57, 75
57, 75
58, 74
59, 74
59, 74
60, 73
61, 72
61, 72
54, 79
54, 79
55, 78
56, 77
57, 76
58, 75
58, 75
62, 84
62, 83
62, 82
62, 81
62, 80
62, 80
60, 75
59, 76
58, 76
57, 76
57, 76
57, 77
57, 77
57, 77
43, 76
43, 76
44, 75
44, 76
44, 76
45, 75
46, 75
46, 75
47, 74
48, 74
49, 74
49, 74
59, 74
59, 74
59, 74
59, 74
60, 74
60, 74
59, 74
58, 73
58, 73
59, 74
59, 75
59, 75
59, 75
60, 77
60, 78
60, 79
60, 80
60, 81
60, 81
57, 73
58, 72
58, 72
59, 71
60, 70
61, 70
62, 70
62, 71
62, 71
63, 70
63, 70
59, 76
60, 77
61, 77
62, 77
63, 77
64, 77
64, 78
64, 78
65, 77
65, 77
65, 77
60, 73
59, 74
58, 75
57, 76
56, 77
55, 78
54, 79
53, 80
52, 81
51, 82
51, 82
56, 86
55, 85
54, 84
53, 83
53, 82
53, 81
53, 80
53, 79
52, 78
52, 78
53, 77
53, 77
55, 80
56, 81
57, 82
57, 83
57, 83
57, 84
57, 85
57, 85
63, 74
64, 73
64, 73
63, 73
63, 73
62, 74
62, 74
61, 74
61, 74
61, 73
61, 73
61, 72
61, 72
61, 73
61, 74
61, 74
61, 74
61, 81
60, 82
60, 81
60, 81
59, 82
58, 83
57, 83
56, 83
56, 83
50, 75
51, 76
52, 77
53, 78
54, 79
55, 80
56, 81
55, 81
55, 81
56, 82
56, 82
59, 67
59, 68
59, 69
59, 70
59, 71
59, 70
59, 70
59, 71
59, 72
59, 73
59, 74
59, 74
56, 75
57, 76
58, 77
59, 78
60, 79
61, 80
62, 79
62, 79
62, 79
53, 77
53, 77
54, 78
54, 79
54, 79
55, 79
55, 79
54, 80
54, 81
54, 81
59, 75
59, 76
59, 77
59, 78
59, 79
59, 79
66, 76
67, 76
67, 76
68, 75
68, 74
68, 73
69, 74
69, 74
68, 73
68, 72
67, 72
67, 72
68, 72
68, 72
63, 77
62, 78
61, 79
60, 80
59, 81
58, 82
58, 82
58, 76
57, 77
58, 77
58, 77
57, 78
57, 79
57, 79
42, 56
43, 57
45, 59
46, 60
47, 61
48, 62
49, 63
50, 64
51, 65
52, 66
52, 67
52, 67
53, 68
54, 69
54, 69
61, 65
62, 66
63, 67
62, 68
62, 68
61, 69
61, 69
62, 70
63, 71
63, 71
68, 73
67, 72
66, 71
66, 71
65, 70
64, 70
63, 70
63, 70
58, 76
58, 76
57, 75
57, 75
58, 74
58, 75
58, 75
58, 74
58, 73
59, 72
59, 72
60, 71
60, 71
59, 72
58, 72
58, 72
58, 76
59, 75
60, 74
61, 75
61, 75
62, 74
63, 73
64, 73
65, 73
65, 73
65, 73
49, 69
50, 70
51, 71
52, 72
53, 73
53, 73
53, 73
54, 72
54, 72
54, 72
65, 73
66, 74
66, 74
65, 75
64, 76
63, 77
62, 78
61, 78
60, 78
59, 78
59, 78
51, 86
52, 85
52, 84
52, 84
53, 83
54, 82
54, 83
54, 83
55, 82
56, 82
56, 82
59, 59
60, 60
60, 61
60, 62
60, 63
60, 64
60, 64
58, 81
58, 80
59, 79
59, 79
58, 78
58, 77
58, 76
58, 76
53, 72
53, 72
54, 73
55, 74
56, 75
57, 76
56, 75
56, 75
57, 76
58, 77
59, 78
60, 79
60, 79
58, 79
58, 79
59, 78
60, 77
61, 76
62, 75
62, 76
62, 76
62, 76
62, 78
62, 77
63, 78
63, 78
62, 77
62, 76
62, 75
62, 74
62, 73
62, 73
66, 78
67, 79
66, 79
66, 79
67, 80
67, 80
68, 79
69, 79
69, 79
58, 79
57, 80
56, 81
55, 82
55, 81
55, 81
55, 81
57, 81
57, 80
56, 80
56, 80
57, 79
57, 79
56, 80
56, 80
57, 79
57, 79
54, 78
54, 79
54, 79
55, 80
56, 81
57, 82
58, 83
59, 84
59, 85
59, 85
59, 85
64, 74
63, 75
62, 76
61, 75
61, 75
62, 74
62, 74
62, 74
60, 75
59, 76
58, 77
57, 78
56, 79
57, 80
57, 80
56, 79
55, 79
54, 79
54, 79
56, 84
55, 83
54, 82
53, 81
52, 80
51, 79
51, 79
51, 79
62, 72
61, 73
61, 74
61, 74
60, 74
60, 74
59, 75
58, 76
59, 76
59, 76
58, 77
57, 78
56, 79
56, 79
62, 71
61, 72
60, 73
59, 72
59, 72
58, 73
57, 73
56, 73
55, 73
54, 73
54, 73
57, 81
58, 80
59, 79
60, 79
61, 79
62, 79
62, 78
62, 78
61, 78
61, 78
62, 79
63, 79
63, 79
60, 75
61, 76
61, 77
61, 77
62, 76
62, 76
61, 76
61, 76
61, 76
62, 76
62, 76
63, 77
63, 77
62, 76
62, 76
59, 80
59, 80
58, 79
57, 78
57, 78
58, 79
58, 79
57, 78
56, 77
57, 77
57, 77
56, 77
56, 77
55, 76
55, 76
62, 69
62, 69
61, 70
62, 70
62, 70
61, 71
60, 72
59, 73
58, 72
58, 72
58, 72
59, 73
60, 74
60, 74
61, 74
62, 74
63, 74
64, 74
63, 75
63, 75
63, 74
63, 74
64, 74
64, 74
65, 74
65, 74
55, 70
54, 70
54, 70
55, 71
56, 72
57, 73
57, 73
60, 80
60, 80
61, 81
61, 81
60, 81
59, 81
58, 81
57, 81
56, 81
55, 81
54, 81
54, 81
59, 65
58, 66
58, 65
58, 65
58, 66
58, 67
58, 67
55, 80
56, 81
56, 81
57, 80
58, 79
59, 78
59, 79
59, 79
60, 78
61, 78
62, 78
62, 78
57, 83
58, 83
59, 83
60, 83
60, 83
61, 83
62, 83
62, 83
52, 81
52, 81
53, 82
54, 82
54, 82
55, 83
54, 83
54, 83
55, 84
55, 84
67, 73
66, 74
65, 75
64, 76
64, 75
64, 75
64, 75
59, 78
58, 79
58, 79
57, 78
56, 77
55, 76
56, 75
56, 75
56, 75
57, 74
57, 75
56, 76
56, 76
57, 77
57, 78
58, 78
58, 78
57, 79
57, 80
57, 81
57, 81
56, 83
57, 83
58, 83
58, 84
58, 84
59, 83
60, 83
60, 84
60, 84
61, 83
62, 84
62, 84
62, 84
59, 77
60, 78
61, 79
61, 78
61, 78
62, 79
63, 80
64, 81
64, 81
65, 82
65, 82
56, 80
57, 79
58, 78
59, 77
59, 77
60, 78
61, 78
62, 79
62, 79
62, 78
62, 78
62, 78
54, 78
54, 78
55, 77
56, 76
57, 75
58, 74
59, 74
60, 74
61, 74
61, 74
62, 74
63, 74
63, 74
61, 75
60, 74
60, 73
60, 72
60, 73
60, 73
60, 72
60, 71
59, 71
59, 71
58, 72
58, 72
58, 72
58, 78
57, 78
57, 78
57, 77
57, 77
58, 76
59, 75
60, 75
61, 75
61, 74
61, 74
61, 74
63, 74
62, 73
61, 73
60, 73
60, 73
60, 73
60, 73
60, 73
55, 80
56, 79
57, 80
57, 80
58, 79
59, 78
59, 79
59, 79
60, 79
60, 79
61, 78
62, 78
62, 78
62, 78
66, 75
65, 74
65, 74
66, 75
65, 74
65, 74
66, 75
66, 76
66, 77
66, 78
66, 79
66, 79
63, 75
64, 75
65, 75
65, 75
65, 75
66, 76
66, 76
65, 75
65, 75
66, 75
66, 75
65, 75
65, 75
58, 68
58, 69
58, 70
58, 71
58, 72
58, 73
58, 74
58, 74
56, 77
57, 78
56, 79
56, 79
57, 78
58, 78
59, 78
60, 78
61, 78
61, 78
62, 79
62, 79
62, 79
70, 78
70, 77
70, 76
70, 75
70, 74
70, 73
70, 73
55, 78
54, 77
55, 76
55, 76
54, 75
54, 74
54, 73
54, 73
54, 73
54, 73
61, 74
60, 75
60, 76
60, 77
60, 77
61, 77
61, 77
60, 78
60, 79
60, 80
60, 80
60, 86
60, 86
60, 85
60, 84
61, 85
61, 85
60, 84
60, 83
60, 82
60, 81
60, 81
64, 74
64, 73
64, 73
64, 72
64, 71
65, 71
65, 71
65, 71
61, 83
61, 83
60, 82
60, 81
60, 81
60, 80
59, 80
59, 80
60, 79
59, 78
59, 78
60, 78
60, 78
60, 78
55, 74
56, 75
57, 76
58, 76
59, 76
59, 76
59, 76
59, 76
59, 76
59, 76
52, 78
53, 77
52, 77
52, 77
53, 76
54, 75
55, 75
55, 75
56, 74
57, 73
57, 73
59, 73
59, 74
59, 75
59, 76
60, 77
60, 77
59, 77
58, 76
58, 76
59, 77
59, 77
59, 77
61, 77
60, 76
59, 75
59, 76
59, 76
58, 75
58, 74
58, 73
58, 72
58, 72
63, 77
63, 77
62, 78
61, 79
60, 80
59, 81
58, 82
57, 82
56, 82
56, 82
55, 82
55, 82
62, 78
61, 77
60, 76
59, 75
58, 74
58, 74
58, 74
63, 79
64, 80
65, 81
66, 82
67, 83
68, 84
69, 85
70, 85
70, 85
60, 75
61, 74
61, 74
60, 75
59, 76
58, 77
57, 78
56, 78
56, 78
55, 79
54, 80
54, 80
59, 72
60, 72
61, 72
62, 72
63, 72
62, 73
62, 73
63, 72
63, 72
62, 74
62, 74
61, 74
61, 74
60, 75
59, 76
58, 77
57, 78
57, 78
61, 85
60, 86
59, 85
59, 85
58, 86
57, 87
56, 88
55, 89
54, 89
54, 89
57, 74
56, 74
55, 74
56, 74
56, 74
55, 74
54, 74
53, 74
53, 74
53, 74
53, 74
69, 74
68, 75
67, 76
66, 77
65, 77
64, 77
63, 78
63, 78
62, 77
61, 77
61, 77
59, 74
58, 75
58, 75
57, 76
56, 76
55, 76
55, 76
55, 77
55, 77
54, 76
53, 76
52, 76
52, 76
66, 74
66, 74
67, 75
68, 76
68, 77
68, 78
68, 78
68, 78
60, 77
60, 76
60, 76
60, 75
60, 75
60, 76
60, 77
61, 78
61, 78
60, 79
60, 80
60, 81
60, 81
53, 72
53, 72
53, 73
53, 74
53, 75
53, 76
52, 76
52, 76
53, 77
53, 78
53, 79
53, 80
53, 80
58, 82
58, 83
58, 84
57, 84
57, 84
58, 85
58, 86
58, 87
58, 88
58, 88
58, 78
57, 79
56, 80
55, 81
54, 82
54, 82
54, 82
54, 82
54, 82
59, 73
60, 73
60, 73
59, 72
59, 72
59, 72
58, 73
58, 73
59, 72
59, 72
59, 72
61, 79
61, 79
60, 78
61, 79
61, 79
60, 78
59, 77
59, 77
64, 83
63, 84
64, 85
64, 85
63, 86
62, 86
61, 86
60, 86
60, 86
60, 86
60, 86
61, 77
62, 76
63, 75
64, 74
65, 73
65, 72
65, 72
65, 72
65, 72
64, 71
63, 71
62, 71
61, 71
60, 71
60, 71
55, 74
55, 74
56, 75
57, 76
58, 77
59, 77
59, 77
58, 74
59, 75
59, 76
59, 77
58, 76
58, 76
59, 77
59, 78
59, 79
59, 80
59, 80
60, 80
60, 80
61, 79
61, 78
61, 77
61, 76
61, 75
61, 76
61, 76
61, 75
61, 74
61, 74
59, 81
58, 81
57, 81
56, 81
55, 81
54, 81
54, 81
61, 79
60, 80
59, 81
59, 80
59, 80
58, 81
57, 80
57, 80
56, 81
55, 81
55, 81
55, 81
54, 81
54, 81
54, 80
54, 79
54, 78
54, 77
54, 77
54, 78
54, 78
54, 78
54, 78
58, 71
58, 71
57, 72
56, 73
55, 74
56, 74
56, 74
56, 74
65, 78
64, 77
64, 76
64, 76
63, 75
62, 74
61, 73
60, 72
59, 71
59, 71
54, 81
53, 81
52, 81
51, 81
52, 80
52, 80
51, 81
51, 81
62, 78
63, 79
63, 80
63, 81
63, 82
63, 83
63, 84
63, 85
63, 85
63, 85
63, 85
64, 73
63, 74
62, 75
61, 76
61, 77
60, 77
60, 77
61, 78
61, 79
61, 79
60, 81
61, 82
62, 83
62, 84
61, 83
61, 83
62, 84
63, 84
63, 84
62, 85
62, 86
62, 86
62, 86
67, 79
66, 80
65, 81
65, 81
64, 80
63, 80
63, 80
62, 75
63, 76
63, 77
63, 78
63, 79
63, 80
63, 80
57, 75
56, 75
56, 75
57, 76
57, 76
58, 77
58, 77
58, 77
58, 77
58, 77
58, 77
58, 77
58, 77
69, 86
69, 86
68, 85
67, 84
66, 83
65, 82
64, 81
65, 81
65, 81
64, 80
63, 79
63, 78
63, 78
54, 73
55, 74
55, 74
56, 73
57, 74
57, 74
58, 73
58, 73
53, 77
52, 76
52, 75
52, 74
52, 73
52, 72
52, 72
59, 82
58, 83
57, 84
57, 84
57, 84
57, 84
58, 85
58, 85
57, 84
57, 84
57, 84
58, 78
57, 79
56, 80
55, 81
54, 82
54, 82
64, 73
65, 72
65, 72
65, 71
65, 71
66, 70
66, 70
65, 71
65, 71
66, 72
66, 72
61, 85
62, 84
61, 84
61, 84
62, 83
61, 84
61, 84
62, 83
63, 82
64, 81
63, 82
63, 82
62, 81
62, 81
62, 81
55, 88
56, 87
57, 86
57, 86
58, 85
59, 85
60, 85
60, 85
53, 75
52, 76
52, 76
53, 75
54, 75
55, 75
56, 74
56, 74
56, 74
58, 70
58, 70
57, 69
57, 69
56, 70
56, 71
56, 72
56, 73
56, 74
56, 75
56, 75
56, 75
56, 75
53, 79
53, 79
54, 78
55, 77
56, 76
57, 75
58, 74
58, 73
58, 73
59, 74
59, 74
55, 81
54, 82
54, 82
55, 81
56, 80
56, 80
57, 80
57, 80
56, 79
56, 80
55, 81
55, 81
56, 82
56, 83
56, 84
56, 84
56, 85
56, 85
55, 82
56, 83
57, 84
58, 85
59, 86
59, 86
54, 79
54, 79
55, 80
56, 81
57, 82
58, 83
58, 83
61, 72
62, 73
63, 74
64, 74
65, 74
66, 74
66, 74
66, 74
58, 76
57, 75
56, 74
55, 73
54, 72
53, 71
53, 71
52, 71
51, 71
51, 71
59, 87
60, 86
60, 85
60, 84
60, 83
60, 83
60, 73
60, 74
60, 74
61, 75
62, 76
63, 77
64, 78
65, 79
66, 80
66, 80
59, 78
58, 77
57, 76
56, 77
56, 76
55, 76
55, 76
59, 85
59, 84
60, 85
61, 84
60, 83
61, 83
62, 83
61, 84
62, 83
62, 83
58, 80
57, 81
56, 81
55, 80
54, 80
55, 80
56, 79
56, 78
56, 78
63, 81
64, 80
65, 80
65, 81
64, 82
65, 81
64, 80
63, 81
62, 82
63, 82
63, 82
59, 84
60, 83
59, 82
58, 82
59, 83
60, 84
59, 85
60, 84
60, 84
66, 71
66, 72
65, 73
66, 72
66, 73
67, 72
67, 72
62, 79
61, 79
60, 78
61, 78
61, 79
60, 79
61, 80
60, 79
60, 79
54, 81
54, 80
53, 79
52, 79
52, 78
53, 78
53, 77
54, 77
55, 77
56, 78
56, 78
61, 80
62, 80
61, 80
61, 79
62, 79
62, 80
61, 80
60, 80
59, 81
59, 81
53, 72
52, 72
52, 71
51, 72
50, 72
49, 71
49, 72
49, 73
50, 74
49, 74
49, 74
60, 73
60, 74
61, 75
60, 76
60, 77
60, 77
51, 82
50, 82
51, 83
52, 82
53, 81
52, 80
52, 81
52, 82
51, 82
50, 82
50, 82
65, 80
64, 79
63, 78
64, 78
64, 77
63, 76
62, 77
61, 78
61, 78
57, 74
56, 73
56, 74
57, 75
56, 75
57, 74
56, 73
55, 72
54, 72
54, 72
67, 73
67, 74
68, 74
69, 73
68, 72
68, 73
67, 73
68, 73
68, 73
57, 83
57, 84
58, 84
59, 83
59, 82
60, 81
60, 81
64, 78
63, 77
63, 76
62, 77
61, 77
62, 78
63, 79
62, 78
61, 78
61, 78
63, 80
62, 79
61, 80
60, 81
61, 81
60, 82
61, 81
60, 80
59, 79
60, 79
60, 79
52, 70
53, 71
53, 70
53, 71
54, 72
53, 73
54, 74
55, 75
56, 75
55, 75
55, 75
57, 83
56, 83
55, 83
55, 82
56, 82
55, 83
54, 84
53, 83
52, 82
52, 82
57, 74
58, 74
57, 74
57, 75
56, 75
55, 74
54, 75
53, 74
54, 75
54, 75
63, 87
62, 86
63, 85
63, 84
62, 84
63, 84
62, 83
62, 83
57, 73
58, 72
59, 71
58, 71
58, 72
58, 72
59, 85
58, 86
57, 87
58, 87
57, 86
56, 86
56, 85
57, 84
56, 85
56, 85
55, 86
54, 87
55, 87
54, 86
53, 87
53, 86
52, 87
51, 87
51, 87
63, 84
64, 84
65, 84
64, 83
65, 82
66, 81
66, 81
56, 77
55, 77
54, 77
55, 76
54, 75
55, 75
54, 75
54, 75
55, 75
54, 74
54, 73
55, 72
56, 71
56, 71
68, 74
67, 75
66, 75
67, 75
66, 76
65, 75
65, 75
53, 73
53, 74
52, 75
51, 76
50, 76
50, 77
49, 76
50, 75
50, 74
51, 75
51, 75
51, 83
51, 84
50, 83
51, 83
52, 82
53, 82
52, 82
52, 82
60, 82
59, 83
59, 82
58, 83
59, 84
60, 85
61, 85
60, 86
60, 86
63, 82
63, 83
62, 84
61, 84
62, 84
63, 84
62, 85
63, 85
63, 85
60, 80
59, 81
58, 81
57, 82
58, 82
58, 82
51, 88
52, 87
53, 87
53, 86
54, 85
53, 86
54, 86
54, 87
55, 86
54, 87
54, 87
60, 83
61, 82
60, 83
61, 84
62, 83
61, 84
60, 84
60, 84
55, 75
56, 76
55, 76
55, 77
55, 76
54, 77
53, 76
54, 76
53, 75
54, 75
54, 75
62, 78
63, 78
64, 79
64, 78
65, 77
65, 76
65, 75
65, 75
54, 76
53, 75
52, 75
53, 75
52, 76
52, 76
64, 83
65, 84
65, 85
66, 85
65, 86
64, 86
64, 87
65, 86
66, 87
66, 87
61, 78
61, 79
60, 80
61, 80
61, 79
60, 78
60, 79
61, 79
61, 79
56, 84
57, 83
58, 84
58, 85
57, 86
56, 87
55, 86
54, 86
53, 85
53, 86
53, 86
66, 80
67, 80
67, 79
66, 78
67, 78
66, 79
65, 79
65, 78
66, 78
66, 79
66, 79
58, 71
57, 71
57, 72
56, 73
55, 74
55, 74
49, 75
48, 74
47, 75
48, 76
47, 76
46, 76
47, 75
47, 76
47, 76
60, 80
61, 79
60, 80
59, 81
58, 80
58, 80
49, 82
50, 83
51, 83
52, 83
51, 84
51, 85
50, 84
49, 84
49, 84
56, 77
57, 77
57, 78
56, 79
57, 80
58, 80
59, 81
58, 81
58, 81
62, 79
63, 78
64, 79
64, 78
63, 79
62, 78
63, 79
63, 80
62, 79
62, 79
60, 78
60, 77
61, 76
62, 75
63, 76
64, 77
65, 77
64, 76
64, 76
68, 71
69, 72
69, 73
68, 72
69, 72
70, 72
69, 72
69, 72
63, 83
62, 83
63, 82
63, 83
63, 84
63, 84
54, 75
55, 74
55, 74
55, 74
55, 74
56, 73
56, 73
57, 72
57, 72
57, 72
64, 74
64, 74
64, 74
63, 73
62, 72
61, 71
60, 70
59, 69
58, 68
58, 68
51, 81
50, 80
49, 79
48, 78
47, 77
47, 77
66, 79
66, 79
66, 80
66, 80
66, 80
66, 80
58, 81
58, 81
57, 80
56, 79
56, 79
55, 78
55, 78
53, 74
52, 73
51, 72
50, 71
50, 71
50, 71
62, 84
61, 83
60, 82
59, 81
58, 80
57, 79
56, 79
55, 79
55, 79
55, 79
55, 79
58, 79
58, 78
58, 77
58, 76
58, 75
58, 74
58, 73
58, 73
59, 85
58, 84
57, 83
56, 82
55, 81
54, 80
53, 79
52, 78
51, 77
51, 77
51, 77
53, 75
54, 74
54, 74
55, 73
56, 72
57, 71
58, 70
59, 69
59, 68
59, 68
68, 71
67, 70
66, 69
65, 68
64, 67
64, 67
54, 73
54, 73
53, 72
52, 71
51, 70
51, 70
64, 74
63, 73
62, 72
62, 72
61, 71
60, 70
60, 70
59, 69
59, 69
58, 82
57, 81
56, 80
55, 79
54, 78
53, 77
52, 76
51, 75
51, 75
48, 83
47, 82
47, 82
46, 81
46, 81
46, 81
62, 79
61, 78
60, 77
59, 76
59, 76
58, 75
58, 75
60, 78
59, 77
58, 76
57, 75
56, 74
55, 73
54, 72
54, 72
54, 72
54, 72
53, 86
52, 85
51, 84
51, 84
50, 83
49, 82
49, 82
49, 82
48, 75
49, 74
50, 73
51, 72
52, 71
53, 70
54, 69
54, 69
55, 68
56, 67
56, 67
60, 84
61, 83
62, 82
63, 81
64, 80
65, 79
65, 79
65, 86
64, 85
63, 84
63, 84
62, 83
61, 82
60, 81
59, 80
58, 79
57, 78
57, 78
65, 77
65, 77
65, 77
66, 78
67, 79
68, 80
69, 81
70, 82
70, 82
55, 70
54, 69
53, 68
52, 67
51, 66
50, 65
49, 64
48, 63
48, 61
49, 60
50, 59
50, 58
50, 57
50, 56
50, 55
50, 55
62, 83
61, 82
60, 81
59, 80
58, 79
57, 78
56, 77
56, 77
53, 85
53, 84
53, 84
53, 83
53, 82
53, 81
53, 80
53, 79
53, 78
53, 78
51, 75
50, 74
49, 73
48, 72
47, 71
46, 70
46, 70
50, 76
49, 75
49, 75
48, 74
47, 73
46, 72
45, 71
44, 70
44, 70
44, 70
44, 70
47, 77
48, 78
49, 79
50, 79
51, 79
52, 79
52, 79
51, 75
51, 76
51, 77
51, 78
51, 79
51, 79
58, 67
57, 66
57, 66
57, 66
56, 65
55, 64
54, 63
53, 62
53, 62
53, 62
51, 56
52, 57
52, 57
53, 58
54, 59
55, 60
55, 60
47, 69
47, 69
48, 68
48, 68
48, 68
48, 68
55, 76
54, 75
53, 74
52, 73
51, 72
50, 71
50, 71
57, 69
56, 70
56, 70
55, 71
54, 72
54, 72
53, 73
53, 73
58, 68
57, 67
56, 66
55, 65
54, 64
53, 63
52, 62
52, 62
52, 77
51, 76
50, 75
50, 75
49, 74
48, 73
48, 73
55, 79
56, 78
57, 77
58, 76
59, 75
60, 74
61, 73
61, 73
62, 72
63, 71
63, 71
49, 72
49, 72
48, 72
47, 72
46, 72
45, 72
44, 72
44, 72
65, 79
64, 78
63, 77
63, 77
62, 76
61, 75
61, 75
57, 74
56, 73
55, 72
54, 71
53, 70
52, 69
51, 68
50, 67
50, 67
49, 66
49, 66
57, 77
57, 76
57, 75
57, 75
57, 74
57, 73
57, 73
66, 78
67, 77
68, 76
69, 75
70, 74
71, 73
72, 72
72, 72
72, 71
72, 71
53, 73
52, 74
52, 75
52, 76
52, 76
52, 76
52, 76
52, 76
52, 76
52, 76
52, 76
50, 69
49, 68
48, 67
47, 66
46, 65
46, 65
56, 67
55, 66
55, 66
54, 65
53, 64
52, 63
52, 63
52, 62
52, 61
52, 60
52, 60
46, 81
47, 82
48, 83
48, 83
49, 84
50, 85
50, 85
50, 83
51, 84
52, 85
53, 86
53, 86
53, 86
55, 78
55, 78
54, 77
53, 76
52, 75
51, 74
50, 73
50, 73
69, 81
68, 80
67, 79
66, 78
66, 78
65, 77
64, 76
63, 75
63, 75
63, 75
58, 73
57, 72
56, 71
55, 70
55, 70
55, 70
54, 69
53, 68
53, 68
57, 72
56, 71
55, 70
54, 69
53, 68
52, 67
51, 66
51, 66
63, 66
62, 65
62, 65
62, 65
61, 64
60, 63
59, 62
58, 61
57, 60
57, 60
51, 78
50, 77
49, 76
48, 75
47, 74
46, 73
45, 72
44, 71
44, 71
43, 70
43, 70
49, 74
50, 75
51, 75
51, 75
51, 75
52, 75
53, 75
53, 75
51, 59
51, 59
50, 58
49, 57
48, 56
47, 55
46, 54
45, 53
44, 52
44, 52
44, 52
51, 75
50, 74
49, 73
49, 73
48, 72
47, 71
46, 70
46, 70
46, 70
62, 74
61, 73
60, 72
60, 72
59, 71
58, 70
57, 69
57, 69
53, 62
53, 62
54, 63
54, 63
55, 64
56, 65
56, 65
56, 65
43, 71
43, 71
42, 70
41, 69
40, 68
39, 67
38, 66
38, 66
45, 64
45, 64
44, 63
44, 61
45, 60
46, 59
47, 58
48, 57
49, 56
48, 55
47, 54
46, 53
45, 52
44, 51
43, 50
43, 50
53, 61
54, 60
55, 59
56, 58
57, 57
57, 57
58, 56
58, 54
57, 53
56, 52
55, 51
54, 50
53, 50
52, 50
51, 50
50, 50
50, 50
51, 49
52, 48
52, 48
72, 71
72, 71
72, 71
71, 70
71, 70
70, 69
69, 68
69, 68
69, 68
60, 74
59, 74
58, 74
57, 74
56, 74
55, 74
54, 74
53, 74
53, 74
52, 72
51, 71
50, 70
49, 69
48, 68
47, 67
46, 66
45, 65
45, 65
56, 61
55, 62
54, 63
53, 64
52, 65
51, 66
50, 67
50, 67
57, 73
57, 73
56, 72
55, 71
54, 70
53, 69
52, 68
51, 67
50, 66
49, 65
49, 65
44, 70
43, 71
42, 72
41, 73
40, 74
39, 75
38, 76
37, 77
36, 78
35, 78
35, 78
62, 70
61, 69
60, 68
59, 67
58, 66
57, 65
57, 65
52, 85
52, 85
51, 84
50, 83
50, 83
50, 83
51, 70
52, 69
52, 69
53, 68
54, 67
54, 67
55, 66
56, 65
56, 65
52, 78
52, 78
53, 77
54, 76
55, 75
56, 74
57, 73
58, 72
59, 71
59, 71
54, 61
54, 62
54, 62
54, 63
54, 64
54, 65
54, 65
48, 65
47, 64
47, 64
46, 63
45, 62
45, 60
46, 59
47, 58
48, 57
49, 56
50, 55
50, 54
50, 53
49, 52
48, 51
47, 50
46, 49
46, 49
52, 65
53, 65
54, 65
55, 65
55, 65
55, 65
55, 65
52, 67
51, 66
50, 65
49, 64
48, 63
48, 63
49, 84
48, 83
48, 83
47, 82
46, 81
46, 81
45, 80
44, 79
43, 78
42, 77
42, 77
51, 72
52, 71
53, 71
53, 71
53, 71
53, 71
53, 71
53, 71
48, 68
47, 69
46, 70
45, 71
44, 72
44, 72
44, 51
45, 52
46, 53
47, 54
47, 54
48, 55
49, 56
49, 56
45, 50
44, 51
43, 52
43, 52
42, 53
41, 54
40, 55
40, 55
51, 68
52, 69
53, 70
53, 70
53, 71
53, 71
53, 72
53, 72
51, 47
50, 46
49, 45
49, 45
48, 44
47, 43
46, 42
46, 42
46, 42
45, 41
45, 41
56, 66
57, 67
58, 68
59, 69
60, 70
60, 70
47, 69
48, 68
49, 67
50, 66
50, 66
51, 65
51, 65
52, 64
53, 63
54, 62
54, 62
50, 64
51, 63
52, 62
53, 61
54, 60
55, 60
56, 60
57, 60
57, 60
58, 60
58, 60
55, 64
54, 63
53, 62
52, 61
51, 60
50, 59
49, 58
48, 57
48, 57
37, 65
36, 64
35, 63
34, 62
33, 61
32, 60
31, 59
30, 58
29, 57
29, 57
48, 63
47, 64
46, 65
46, 65
46, 65
46, 65
58, 70
57, 69
57, 69
56, 68
55, 67
54, 66
53, 65
52, 64
52, 64
44, 64
43, 63
43, 61
44, 60
45, 59
46, 58
47, 57
46, 57
46, 56
47, 55
48, 54
49, 53
50, 52
50, 51
50, 50
49, 51
48, 52
47, 53
47, 53
45, 71
46, 70
47, 70
48, 70
49, 70
50, 70
50, 70
44, 52
45, 53
45, 53
45, 53
46, 54
47, 55
47, 55
54, 65
53, 64
52, 63
51, 62
50, 61
50, 61
68, 67
67, 66
67, 66
66, 65
65, 64
64, 63
63, 62
62, 61
61, 61
61, 61
61, 61
53, 71
54, 72
55, 73
56, 74
57, 75
57, 75
58, 76
59, 77
60, 78
60, 78
52, 73
51, 72
50, 71
49, 70
48, 69
47, 68
46, 67
45, 66
45, 66
43, 76
43, 76
44, 75
45, 74
46, 73
47, 72
47, 72
48, 71
48, 71
42, 71
41, 72
40, 72
39, 72
38, 72
37, 72
37, 72
36, 77
37, 76
38, 75
39, 74
40, 73
40, 73
41, 72
42, 71
42, 71
56, 68
55, 67
54, 66
53, 65
52, 64
52, 64
52, 64
56, 64
55, 63
54, 62
53, 61
52, 60
51, 59
50, 58
49, 57
49, 57
50, 83
49, 82
48, 81
47, 80
47, 80
46, 79
45, 78
44, 77
44, 77
52, 74
52, 74
51, 73
50, 72
50, 72
49, 71
49, 71
55, 65
54, 65
54, 65
53, 65
52, 65
52, 65
51, 65
50, 65
49, 65
49, 65
50, 70
50, 69
50, 69
50, 69
50, 69
50, 69
53, 65
53, 65
53, 65
54, 66
55, 67
56, 68
56, 68
43, 72
44, 73
45, 74
46, 75
47, 76
47, 76
57, 59
56, 58
55, 57
54, 56
54, 56
53, 55
52, 54
51, 53
51, 53
51, 53
51, 53
47, 70
47, 68
48, 67
49, 66
50, 65
50, 64
50, 63
50, 61
50, 60
50, 59
50, 58
50, 57
50, 57
49, 56
48, 55
47, 54
47, 54
30, 58
30, 58
31, 59
32, 60
33, 60
34, 60
34, 60
61, 69
61, 69
62, 68
63, 67
64, 66
64, 66
53, 72
52, 71
52, 71
52, 71
51, 70
50, 69
49, 68
48, 67
48, 66
48, 66
49, 65
48, 66
47, 67
46, 68
46, 68
45, 69
44, 70
44, 70
45, 76
46, 75
47, 74
48, 73
49, 72
50, 72
51, 72
52, 72
53, 72
53, 72
53, 65
54, 66
55, 67
55, 68
55, 69
55, 69
48, 56
48, 56
48, 56
49, 57
50, 58
50, 58
51, 58
52, 58
53, 58
53, 58
44, 65
44, 65
44, 65
43, 64
42, 63
41, 62
40, 61
39, 60
38, 59
38, 59
46, 42
46, 42
47, 43
47, 44
47, 45
47, 46
47, 47
47, 48
47, 49
47, 49
51, 60
52, 59
53, 58
54, 57
54, 57
54, 57
55, 56
55, 56
49, 56
48, 55
47, 54
46, 53
46, 53
45, 52
44, 51
43, 50
42, 49
42, 49
53, 63
52, 64
51, 65
50, 66
49, 67
49, 68
49, 69
49, 70
49, 71
49, 71
46, 65
45, 64
45, 64
44, 63
44, 61
45, 60
46, 59
47, 58
48, 57
47, 56
46, 55
46, 55
41, 54
42, 53
43, 52
43, 52
44, 51
44, 51
44, 51
45, 50
45, 50
48, 70
47, 69
46, 68
45, 67
44, 66
43, 65
43, 65
59, 77
59, 77
59, 77
59, 77
59, 77
58, 77
58, 77
49, 58
49, 58
50, 59
51, 60
52, 61
53, 61
54, 61
54, 61
36, 71
35, 70
34, 69
33, 68
33, 68
33, 68
32, 67
32, 67
31, 66
30, 65
30, 65
60, 62
59, 63
58, 64
58, 64
58, 65
58, 65
58, 66
58, 66
48, 56
47, 55
46, 54
46, 54
45, 53
45, 53
44, 52
43, 51
42, 50
41, 49
41, 49
47, 53
46, 54
46, 54
47, 53
48, 52
49, 51
50, 50
49, 51
48, 52
48, 52
48, 70
47, 69
46, 68
45, 67
44, 66
43, 65
42, 64
41, 63
40, 62
39, 61
39, 61
46, 75
45, 74
44, 73
43, 72
42, 71
41, 70
41, 70
41, 70
58, 66
58, 66
57, 65
56, 64
56, 64
56, 64
48, 51
48, 50
48, 50
48, 49
48, 49
48, 49
48, 49
48, 49
63, 65
62, 64
61, 63
60, 62
59, 61
58, 60
58, 60
57, 59
57, 59
57, 59
57, 59
42, 50
43, 51
43, 51
44, 52
45, 53
46, 54
47, 55
48, 56
48, 56
48, 56
46, 48
45, 47
44, 46
44, 46
45, 47
46, 48
47, 49
48, 50
49, 50
50, 50
50, 50
50, 50
49, 49
48, 48
48, 48
52, 52
52, 52
53, 51
53, 51
53, 51
53, 50
53, 49
53, 49
53, 48
53, 48
53, 48
54, 55
54, 54
54, 54
54, 53
53, 51
52, 50
51, 50
50, 50
50, 50
50, 50
50, 50
53, 72
53, 71
53, 71
53, 70
53, 69
53, 68
53, 68
53, 67
53, 66
53, 66
53, 66
54, 70
53, 71
52, 72
52, 72
51, 73
51, 73
51, 73
51, 73
44, 51
44, 51
44, 51
43, 52
42, 53
41, 54
40, 54
39, 54
39, 54
56, 68
55, 69
54, 70
53, 71
52, 72
51, 73
51, 73
50, 74
49, 74
48, 74
48, 74
44, 66
45, 67
45, 67
46, 68
47, 69
48, 70
49, 71
49, 71
49, 71
33, 59
32, 58
31, 57
30, 56
30, 55
30, 54
30, 54
30, 53
30, 52
30, 52
59, 78
60, 78
60, 78
61, 78
62, 78
63, 78
63, 78
64, 78
65, 78
65, 78
65, 78
46, 55
45, 54
44, 53
43, 52
42, 51
41, 50
40, 49
40, 48
40, 47
40, 47
53, 60
52, 59
51, 58
51, 58
50, 57
49, 56
48, 55
47, 54
46, 53
46, 53
51, 70
52, 71
53, 72
54, 73
55, 74
56, 74
57, 74
57, 74
58, 74
58, 74
38, 59
39, 58
40, 57
41, 56
41, 56
42, 55
43, 54
43, 54
53, 58
52, 57
51, 56
51, 56
50, 55
49, 54
48, 53
48, 52
48, 52
47, 54
48, 53
49, 52
50, 51
51, 51
52, 51
52, 51
43, 69
42, 68
41, 67
40, 66
39, 65
39, 65
47, 65
46, 64
45, 63
44, 62
44, 60
45, 59
46, 58
47, 57
48, 56
49, 55
50, 54
50, 53
50, 52
50, 51
49, 50
48, 50
47, 50
47, 50
31, 64
31, 64
32, 63
33, 62
33, 62
34, 61
35, 60
35, 60
43, 50
44, 51
45, 52
45, 52
45, 52
45, 52
45, 52
46, 53
47, 54
47, 54
42, 53
41, 52
41, 52
40, 51
39, 50
39, 50
38, 49
37, 48
36, 47
36, 47
64, 77
64, 77
63, 76
62, 75
61, 74
60, 73
59, 72
59, 72
58, 71
57, 70
57, 70
52, 65
52, 65
51, 64
50, 62
50, 61
50, 60
50, 59
50, 58
50, 57
50, 56
49, 55
48, 54
47, 53
46, 52
46, 52
57, 73
56, 72
55, 71
54, 70
53, 69
52, 68
51, 67
51, 67
45, 54
44, 55
43, 56
42, 57
41, 58
41, 58
41, 58
52, 49
52, 49
51, 50
50, 51
50, 51
49, 52
48, 53
47, 54
46, 54
45, 54
45, 54
40, 69
39, 68
38, 67
37, 66
36, 65
35, 64
35, 64
35, 64
35, 64
46, 53
45, 52
45, 52
44, 51
43, 50
43, 50
42, 49
41, 48
41, 48
49, 48
50, 47
51, 46
52, 45
53, 44
54, 43
54, 43
50, 50
51, 49
51, 49
52, 48
53, 47
54, 46
55, 45
56, 44
57, 43
57, 43
40, 47
41, 48
42, 49
43, 50
44, 50
45, 50
46, 50
45, 49
44, 48
43, 47
43, 47
44, 48
45, 49
46, 50
47, 50
46, 49
45, 48
45, 48
45, 48
49, 47
50, 46
51, 45
52, 44
53, 43
54, 42
55, 41
56, 40
56, 40
46, 51
45, 52
44, 53
43, 54
42, 55
42, 55
41, 56
41, 56
49, 53
49, 53
50, 54
51, 55
52, 56
52, 56
31, 51
31, 51
32, 50
33, 49
34, 48
34, 48
35, 47
35, 47
53, 52
54, 53
54, 53
55, 54
55, 54
55, 54
55, 54
39, 61
40, 60
41, 59
43, 57
44, 56
45, 55
46, 54
47, 53
48, 52
49, 51
48, 50
47, 49
46, 48
45, 47
45, 47
45, 47
40, 55
40, 55
40, 56
40, 56
40, 56
40, 56
48, 74
47, 73
46, 72
46, 72
45, 71
44, 70
44, 70
56, 60
55, 61
54, 62
53, 63
52, 64
52, 64
55, 65
54, 66
53, 67
53, 68
53, 69
53, 70
53, 71
53, 71
53, 71
53, 71
36, 59
37, 58
37, 58
38, 57
39, 56
40, 55
41, 54
42, 53
43, 52
44, 51
44, 51
48, 70
48, 70
47, 69
46, 68
46, 68
45, 67
44, 66
44, 66
50, 72
49, 71
49, 71
48, 70
47, 69
46, 68
46, 68
38, 64
37, 63
36, 62
36, 62
35, 61
34, 60
33, 59
32, 58
31, 57
31, 57
47, 57
46, 57
46, 56
47, 55
48, 54
49, 53
50, 52
50, 51
49, 52
48, 53
48, 53
49, 54
50, 54
49, 54
50, 53
50, 52
50, 52
56, 70
57, 71
58, 71
58, 72
57, 73
56, 74
55, 73
56, 72
56, 72
54, 72
54, 71
53, 71
54, 71
53, 71
53, 70
53, 70
51, 64
52, 64
53, 65
53, 64
54, 64
53, 63
53, 62
53, 63
53, 62
53, 62
30, 58
29, 57
28, 58
27, 58
28, 57
28, 57
52, 67
51, 66
52, 66
53, 66
53, 67
53, 68
53, 67
53, 67
47, 69
47, 70
46, 71
46, 70
47, 69
47, 69
54, 55
55, 54
55, 55
54, 55
55, 56
55, 56
41, 57
40, 57
41, 56
40, 55
40, 56
39, 55
40, 55
40, 55
46, 53
45, 53
46, 53
45, 54
44, 53
44, 54
44, 54
35, 48
36, 47
36, 48
35, 49
34, 48
34, 49
33, 49
32, 49
31, 48
30, 49
30, 49
46, 49
45, 48
45, 47
46, 48
46, 47
45, 48
44, 49
45, 50
44, 50
44, 50
43, 51
43, 50
44, 49
45, 49
46, 50
45, 50
44, 49
45, 50
44, 51
45, 50
45, 50
52, 57
51, 58
51, 57
52, 58
53, 57
52, 58
52, 57
51, 56
50, 57
49, 56
49, 56
42, 57
41, 57
41, 56
42, 55
42, 56
41, 57
42, 57
42, 57
40, 57
41, 57
41, 56
42, 57
41, 56
41, 56
42, 49
42, 48
43, 47
42, 47
41, 48
41, 48
47, 51
46, 51
47, 52
47, 51
47, 50
48, 51
48, 50
48, 51
48, 51
44, 48
43, 47
44, 48
44, 49
45, 48
46, 49
47, 50
47, 50
44, 69
44, 68
44, 67
45, 66
44, 66
44, 67
44, 68
44, 69
43, 69
42, 70
42, 70
54, 44
53, 45
54, 45
54, 46
54, 45
53, 46
54, 47
54, 47
36, 46
37, 47
37, 46
36, 45
36, 44
36, 44
44, 67
43, 68
44, 68
43, 69
44, 69
43, 68
43, 67
44, 68
44, 68
56, 41
55, 40
54, 40
55, 41
56, 41
56, 42
57, 43
56, 44
56, 44
58, 44
58, 43
59, 43
58, 42
57, 42
58, 42
59, 43
59, 42
58, 41
58, 41
36, 65
35, 65
36, 66
36, 67
35, 68
36, 68
36, 69
35, 69
34, 68
33, 67
33, 67
43, 49
42, 50
41, 50
42, 51
41, 52
40, 51
39, 50
40, 49
40, 49
39, 55
40, 56
41, 57
42, 56
41, 56
40, 55
40, 55
41, 71
41, 70
41, 71
42, 70
43, 69
42, 69
42, 69
52, 66
53, 65
53, 66
54, 67
53, 66
53, 66
49, 52
48, 52
49, 53
48, 53
47, 54
46, 55
46, 56
47, 55
46, 55
46, 55
47, 49
48, 50
47, 50
46, 50
45, 51
45, 51
43, 54
43, 55
42, 54
42, 53
43, 52
42, 51
43, 52
43, 52
44, 50
44, 51
43, 50
44, 51
45, 51
45, 51
48, 69
49, 69
48, 69
49, 69
48, 69
49, 68
49, 67
49, 66
49, 65
50, 64
50, 64
50, 55
49, 54
50, 55
49, 55
50, 56
51, 55
51, 55
56, 57
56, 56
56, 55
57, 54
58, 55
58, 54
58, 54
55, 44
54, 45
53, 46
52, 46
53, 45
53, 44
54, 44
54, 44
55, 73
56, 74
56, 75
55, 75
56, 76
56, 75
56, 75
43, 56
42, 57
43, 56
42, 56
42, 55
42, 55
44, 67
44, 68
45, 69
44, 69
45, 69
46, 68
45, 68
44, 69
45, 70
45, 70
59, 40
58, 41
59, 40
58, 40
58, 41
59, 41
60, 40
60, 41
59, 41
60, 41
60, 41
54, 48
53, 47
53, 46
53, 47
54, 47
53, 48
52, 48
52, 48
31, 48
30, 48
29, 48
29, 49
28, 50
29, 49
28, 50
27, 51
27, 51
49, 50
49, 51
49, 52
48, 53
49, 54
49, 54
29, 56
28, 55
27, 54
27, 53
27, 54
27, 53
26, 53
25, 54
25, 55
25, 55
40, 56
39, 57
38, 57
37, 58
36, 58
36, 59
36, 59
40, 47
41, 48
42, 48
42, 49
43, 48
43, 48
52, 69
51, 69
51, 70
52, 69
53, 70
53, 69
52, 70
52, 70
54, 62
55, 61
54, 61
54, 62
53, 63
53, 63
35, 44
36, 44
36, 45
35, 46
35, 47
35, 47
32, 68
32, 67
33, 66
32, 65
31, 65
30, 66
30, 65
29, 65
30, 66
30, 66
42, 48
43, 49
44, 49
44, 48
43, 48
43, 49
43, 50
44, 51
44, 51
36, 60
36, 61
36, 62
36, 61
37, 61
38, 62
37, 62
37, 62
51, 65
52, 64
52, 63
53, 63
52, 64
52, 64
41, 70
41, 71
42, 70
43, 70
43, 71
42, 71
42, 70
42, 71
42, 71
55, 76
56, 75
55, 75
56, 76
56, 77
56, 76
55, 75
54, 75
53, 74
52, 75
52, 75
35, 48
36, 48
36, 49
37, 48
36, 48
36, 47
36, 47
52, 55
51, 55
51, 54
51, 55
52, 55
52, 55
41, 55
42, 55
43, 56
42, 56
41, 56
42, 56
43, 57
42, 56
42, 56
51, 47
52, 48
53, 49
54, 50
53, 50
54, 49
54, 50
54, 49
53, 48
54, 47
54, 47
42, 56
42, 57
43, 56
44, 55
43, 55
43, 54
42, 53
41, 53
40, 52
40, 52
26, 52
25, 51
24, 50
24, 51
23, 51
24, 50
23, 49
24, 48
23, 49
23, 48
23, 48
26, 55
25, 54
26, 54
25, 55
26, 54
25, 54
25, 54
59, 40
60, 40
59, 39
58, 38
57, 38
58, 39
57, 40
58, 41
59, 41
58, 41
58, 41
44, 52
44, 51
43, 50
42, 50
42, 51
43, 51
42, 52
42, 51
42, 51
43, 53
44, 53
43, 53
42, 52
43, 52
44, 53
43, 53
43, 53
44, 71
44, 70
45, 71
46, 71
45, 71
46, 71
47, 71
46, 71
45, 70
45, 70
46, 54
47, 54
48, 53
48, 54
49, 54
50, 53
51, 54
50, 53
50, 53
44, 51
43, 51
42, 51
43, 51
43, 50
44, 49
44, 48
44, 47
45, 47
45, 48
45, 48
53, 65
54, 64
55, 63
56, 62
56, 63
56, 64
56, 63
56, 63
54, 62
53, 62
53, 63
54, 62
54, 63
55, 63
55, 63
53, 43
52, 42
51, 41
51, 40
51, 41
52, 40
52, 40
39, 49
39, 48
38, 47
38, 48
39, 49
39, 50
38, 51
38, 52
39, 53
38, 53
38, 53
53, 71
52, 71
52, 70
53, 70
52, 70
52, 70
50, 53
51, 52
50, 51
51, 50
50, 51
50, 51
31, 67
32, 68
33, 67
34, 68
33, 68
32, 67
32, 67
57, 53
56, 54
57, 53
56, 54
57, 54
57, 53
58, 53
57, 54
56, 55
56, 54
56, 54
43, 71
44, 70
44, 69
43, 70
42, 69
42, 69
31, 66
30, 66
31, 67
30, 68
31, 69
30, 68
31, 69
31, 70
31, 70
44, 48
45, 49
46, 50
47, 51
48, 50
47, 50
47, 50
44, 53
43, 53
44, 54
43, 55
44, 56
43, 56
43, 55
42, 55
41, 56
40, 55
40, 55
39, 54
40, 55
39, 56
38, 55
39, 54
40, 55
40, 55
53, 71
54, 71
53, 70
53, 69
54, 69
54, 69
49, 50
48, 51
48, 50
48, 49
49, 49
49, 49
57, 64
56, 63
55, 64
55, 65
54, 65
54, 65
24, 53
23, 53
24, 53
24, 54
23, 55
24, 56
23, 55
23, 55
53, 41
53, 40
53, 41
54, 41
54, 42
55, 43
54, 42
53, 43
53, 43
57, 40
58, 40
57, 40
56, 39
57, 38
56, 37
55, 37
55, 38
55, 37
55, 37
53, 47
54, 48
53, 48
54, 48
53, 48
53, 48
52, 74
52, 75
53, 76
54, 75
55, 76
56, 75
55, 74
54, 74
53, 74
54, 73
54, 73
41, 52
42, 51
41, 52
42, 52
41, 52
41, 52
22, 47
21, 47
20, 46
21, 47
22, 47
23, 46
24, 46
23, 47
23, 47
43, 51
44, 50
44, 49
45, 50
44, 49
44, 50
43, 49
42, 48
42, 48
50, 52
51, 51
52, 51
53, 50
53, 51
53, 51
44, 71
43, 72
44, 73
44, 72
45, 72
46, 71
45, 71
44, 70
44, 70
43, 55
43, 54
42, 54
41, 55
42, 54
42, 55
43, 55
43, 55
51, 65
52, 65
53, 64
52, 64
51, 65
51, 65
55, 55
55, 56
55, 55
55, 56
54, 56
53, 56
53, 56
52, 56
51, 56
52, 57
53, 58
52, 57
52, 57
55, 64
55, 65
54, 65
53, 64
53, 65
52, 66
52, 66
41, 50
42, 49
43, 48
42, 49
43, 49
43, 50
42, 51
41, 51
41, 52
41, 52
37, 48
38, 49
39, 49
39, 48
39, 47
39, 48
39, 48
36, 63
35, 63
36, 62
36, 61
37, 62
37, 63
36, 62
35, 61
36, 60
37, 60
37, 60
41, 49
40, 50
39, 49
38, 49
37, 49
37, 49
53, 64
52, 64
53, 63
54, 62
55, 62
56, 62
56, 63
56, 63
41, 70
42, 71
43, 71
43, 72
42, 72
41, 73
41, 73
52, 52
51, 52
52, 52
51, 53
51, 52
52, 53
53, 54
53, 55
53, 56
54, 57
54, 57
39, 47
38, 46
37, 46
37, 47
36, 47
35, 47
34, 48
35, 47
35, 47
30, 71
31, 72
32, 71
31, 71
30, 71
29, 71
29, 71
54, 37
55, 37
54, 36
53, 36
52, 35
52, 35
53, 55
54, 55
53, 54
54, 54
54, 53
53, 52
54, 51
55, 50
55, 49
55, 49
41, 56
42, 55
43, 56
42, 55
43, 54
42, 53
42, 53
52, 65
53, 66
52, 65
53, 65
54, 66
54, 67
54, 67
44, 56
43, 56
43, 57
42, 56
43, 55
42, 55
43, 54
43, 54
53, 49
52, 50
53, 51
54, 50
54, 49
55, 49
54, 49
55, 49
54, 48
53, 49
53, 49
42, 53
43, 52
44, 52
45, 51
46, 52
45, 53
44, 54
43, 55
42, 55
42, 55
47, 49
48, 49
49, 49
50, 50
51, 50
50, 50
49, 50
50, 49
50, 49
49, 50
48, 50
48, 49
49, 50
50, 49
51, 50
52, 51
51, 50
50, 49
50, 49
43, 71
42, 71
43, 71
42, 70
43, 69
42, 70
43, 69
43, 69
53, 57
52, 56
52, 57
53, 57
53, 58
52, 57
52, 58
52, 58
40, 54
39, 54
39, 55
38, 55
37, 56
38, 55
38, 54
39, 53
39, 53
23, 54
22, 54
22, 55
22, 56
21, 55
22, 54
22, 54
54, 74
53, 74
54, 73
55, 73
56, 72
55, 73
56, 73
56, 73
40, 53
40, 52
40, 51
39, 50
40, 49
39, 49
39, 49
54, 68
55, 68
54, 67
55, 67
56, 68
56, 68
38, 60
37, 61
36, 60
35, 59
34, 59
35, 60
34, 61
35, 61
35, 61
54, 43
53, 44
52, 45
52, 46
53, 47
54, 48
54, 49
54, 49
51, 66
50, 66
50, 65
49, 64
49, 65
49, 66
50, 66
49, 66
50, 65
50, 65
22, 48
21, 48
20, 47
21, 47
22, 47
23, 46
22, 47
21, 48
21, 48
56, 64
55, 64
54, 63
53, 63
52, 63
52, 63
42, 55
43, 54
44, 54
45, 53
45, 54
46, 55
47, 54
47, 54
51, 66
50, 67
51, 68
50, 68
50, 69
51, 69
52, 69
52, 68
52, 68
54, 50
54, 49
53, 49
52, 50
53, 51
52, 52
52, 53
51, 53
51, 53
49, 50
48, 50
47, 50
46, 50
47, 50
48, 50
47, 49
47, 50
48, 50
49, 49
49, 49
53, 48
53, 49
53, 48
52, 47
51, 47
52, 48
52, 49
52, 50
53, 51
52, 50
52, 50
53, 59
54, 58
55, 59
54, 58
54, 57
54, 57
39, 54
40, 54
40, 55
39, 55
39, 56
38, 57
39, 57
38, 57
37, 56
37, 57
37, 57
22, 48
23, 47
24, 48
25, 49
24, 48
23, 49
22, 48
21, 49
21, 49
23, 54
22, 55
23, 56
22, 56
22, 55
23, 54
23, 54
55, 67
54, 67
54, 68
54, 67
53, 66
52, 67
52, 66
51, 66
51, 66
43, 54
44, 54
45, 53
44, 54
44, 53
45, 54
46, 55
46, 55
38, 50
39, 51
38, 51
37, 51
36, 50
35, 49
36, 48
36, 47
36, 47
51, 48
52, 48
52, 49
51, 48
50, 47
49, 48
49, 48
53, 36
52, 36
51, 35
50, 36
50, 35
51, 36
51, 37
52, 38
51, 37
51, 38
51, 38
55, 57
56, 57
56, 56
55, 55
54, 54
53, 54
54, 54
54, 54
44, 68
45, 69
45, 70
44, 69
43, 68
44, 68
43, 67
42, 67
43, 68
43, 67
43, 67
54, 48
55, 49
56, 49
55, 49
56, 48
55, 49
55, 49
30, 71
30, 70
30, 71
29, 72
28, 73
27, 73
27, 73
40, 74
39, 74
39, 75
38, 75
38, 74
39, 73
38, 73
38, 73
57, 67
57, 66
56, 67
56, 66
56, 65
57, 65
57, 65
38, 50
39, 49
38, 50
38, 49
37, 50
38, 51
38, 50
39, 50
40, 50
40, 51
40, 51
36, 48
36, 47
35, 46
34, 46
35, 45
36, 45
37, 46
37, 47
36, 47
36, 47
57, 74
58, 73
57, 74
56, 75
57, 75
56, 75
56, 75
43, 55
42, 56
43, 56
44, 56
43, 57
42, 57
43, 57
42, 56
42, 56
36, 60
37, 59
37, 58
37, 59
37, 58
36, 57
37, 57
36, 57
37, 58
36, 58
36, 58
51, 64
52, 64
53, 64
52, 65
53, 64
53, 63
52, 63
52, 62
52, 62
50, 39
51, 40
52, 41
51, 41
50, 42
49, 43
49, 44
49, 44
35, 57
36, 57
35, 56
34, 57
35, 56
35, 55
35, 56
36, 56
36, 56
48, 48
49, 48
49, 49
49, 48
50, 49
50, 49
52, 53
51, 52
51, 51
51, 50
50, 49
49, 48
50, 49
49, 49
48, 49
47, 50
47, 50
28, 74
28, 75
27, 76
27, 75
27, 74
27, 73
27, 73
57, 66
58, 66
58, 65
57, 65
56, 64
57, 65
57, 64
56, 63
56, 62
56, 62
51, 51
52, 52
52, 53
51, 52
50, 53
50, 52
49, 53
48, 53
49, 52
50, 52
50, 52
24, 53
23, 54
23, 55
23, 56
23, 57
24, 58
25, 57
25, 57
37, 73
38, 73
39, 72
38, 71
39, 72
40, 72
39, 73
39, 74
39, 75
38, 74
38, 74
47, 55
48, 56
48, 57
48, 58
48, 57
48, 56
49, 57
48, 57
47, 57
47, 57
55, 54
54, 55
53, 54
54, 53
55, 53
56, 53
57, 54
57, 53
57, 53
53, 67
52, 68
53, 67
53, 68
54, 68
53, 68
54, 68
53, 67
53, 68
53, 68
55, 74
54, 74
53, 75
53, 76
53, 77
52, 78
53, 78
54, 78
55, 78
55, 78
37, 46
36, 47
35, 46
35, 47
36, 47
35, 48
34, 48
34, 48
41, 51
42, 50
41, 50
42, 50
43, 49
43, 48
42, 49
41, 49
40, 50
41, 50
41, 50
53, 57
53, 58
53, 59
52, 58
52, 57
53, 56
52, 57
53, 56
53, 56
48, 50
47, 50
46, 49
47, 49
46, 48
46, 49
46, 48
47, 48
48, 49
48, 49
44, 66
43, 65
43, 66
43, 65
42, 66
42, 66
38, 58
39, 57
40, 56
39, 57
38, 58
39, 58
39, 57
39, 57
35, 46
35, 45
35, 46
34, 46
35, 45
35, 44
34, 43
35, 42
35, 42
41, 56
42, 57
43, 57
42, 56
43, 55
44, 56
43, 55
43, 55
22, 50
23, 50
23, 49
23, 48
23, 47
22, 47
22, 47
55, 50
56, 50
55, 50
54, 49
53, 48
53, 48
50, 67
49, 67
48, 68
47, 67
47, 66
47, 65
48, 65
48, 64
48, 64
48, 55
47, 55
48, 55
49, 55
49, 56
48, 57
47, 56
47, 57
48, 58
48, 58
51, 49
50, 48
50, 47
51, 48
52, 48
52, 48
49, 45
50, 46
51, 46
50, 47
51, 48
51, 47
51, 47
38, 57
38, 56
37, 56
36, 57
35, 58
36, 57
35, 56
35, 56
49, 49
50, 48
49, 49
50, 49
51, 49
52, 49
52, 50
51, 51
51, 51
43, 56
42, 57
43, 56
44, 55
44, 56
44, 55
44, 54
44, 54
43, 67
43, 68
43, 69
43, 70
42, 70
41, 69
40, 68
40, 69
39, 68
39, 69
39, 69
26, 57
27, 56
27, 57
26, 57
25, 56
25, 55
24, 54
24, 54
28, 72
27, 73
27, 74
28, 74
28, 73
29, 74
30, 73
31, 74
31, 73
31, 73
47, 57
46, 56
47, 56
48, 55
49, 54
49, 55
49, 54
48, 54
49, 55
50, 56
50, 56
48, 58
48, 57
49, 57
48, 57
47, 58
47, 58
53, 49
53, 48
52, 47
52, 46
51, 47
50, 46
51, 45
51, 46
52, 47
52, 47
47, 49
48, 48
49, 47
49, 46
49, 45
48, 45
49, 44
49, 44
42, 49
41, 50
42, 51
41, 52
42, 53
43, 52
44, 53
45, 52
45, 52
37, 56
36, 56
36, 55
37, 54
37, 55
36, 55
37, 55
36, 54
37, 55
38, 55
38, 55
56, 78
55, 77
55, 78
56, 77
56, 76
56, 76
55, 63
56, 62
57, 63
56, 64
55, 63
54, 64
53, 65
54, 66
53, 67
54, 66
54, 66
22, 48
21, 49
22, 49
21, 50
20, 49
20, 50
21, 49
20, 48
20, 48
52, 57
51, 58
50, 59
50, 58
50, 57
49, 56
50, 55
51, 56
50, 55
51, 55
51, 55
56, 53
56, 54
57, 55
58, 56
57, 56
58, 56
58, 56
34, 43
33, 44
33, 43
32, 44
31, 45
30, 45
30, 45
37, 73
37, 74
36, 73
37, 74
36, 73
37, 74
38, 74
37, 74
36, 74
35, 73
35, 73
35, 48
35, 49
34, 50
33, 50
32, 49
33, 49
34, 50
35, 49
35, 49
47, 65
48, 64
48, 63
47, 64
46, 65
46, 64
46, 65
46, 65
52, 67
52, 66
53, 66
53, 67
54, 68
53, 68
53, 67
54, 68
55, 69
55, 69
49, 52
49, 53
49, 54
48, 55
47, 55
48, 54
49, 55
50, 55
50, 55
52, 61
52, 60
51, 61
50, 62
51, 63
50, 62
51, 63
52, 64
51, 65
52, 66
52, 66
51, 48
52, 48
52, 49
52, 50
53, 49
53, 50
54, 51
55, 50
54, 51
54, 51
46, 66
46, 65
47, 64
46, 63
46, 64
45, 63
46, 64
46, 64
34, 56
34, 55
35, 55
34, 55
34, 54
33, 55
33, 54
32, 53
32, 53
36, 50
35, 50
34, 50
33, 51
32, 50
32, 49
33, 48
32, 48
33, 47
34, 46
34, 46
58, 55
57, 54
58, 55
57, 54
57, 53
57, 53
44, 53
43, 53
44, 52
45, 53
45, 52
45, 52
53, 46
52, 45
51, 46
52, 45
53, 45
53, 44
53, 44
32, 72
33, 73
32, 72
33, 72
34, 72
35, 73
34, 74
33, 74
33, 74
31, 45
30, 44
31, 45
30, 44
31, 44
30, 43
29, 42
28, 43
27, 42
27, 42
50, 57
51, 56
51, 55
52, 55
52, 56
53, 56
53, 55
53, 54
54, 53
54, 53
56, 77
55, 76
55, 77
55, 78
54, 78
54, 79
53, 79
53, 79
21, 48
22, 47
23, 48
22, 49
21, 50
20, 51
19, 52
20, 53
19, 54
19, 53
19, 53
49, 45
50, 46
49, 45
48, 44
47, 45
48, 44
49, 44
50, 44
50, 44
46, 52
46, 51
46, 52
47, 52
46, 51
45, 51
44, 52
44, 53
45, 53
46, 52
46, 52
34, 74
35, 73
34, 72
35, 72
36, 72
36, 72
23, 55
24, 56
23, 56
24, 57
23, 57
23, 57
53, 65
54, 65
54, 66
54, 67
55, 68
55, 67
54, 67
54, 66
53, 65
53, 66
53, 66
51, 66
51, 67
50, 67
51, 67
51, 68
52, 68
52, 67
52, 66
52, 66
48, 58
49, 58
48, 57
49, 58
49, 59
49, 60
49, 60
39, 54
39, 55
38, 56
39, 56
38, 55
39, 55
39, 54
40, 53
40, 53
55, 70
55, 71
56, 72
55, 71
56, 71
55, 71
54, 70
53, 71
53, 71
52, 49
53, 50
52, 50
53, 51
53, 52
53, 51
53, 51
39, 68
38, 67
37, 68
36, 67
35, 66
36, 66
37, 66
37, 66
49, 54
49, 53
50, 53
49, 54
49, 55
50, 55
49, 54
49, 54
52, 52
51, 52
52, 53
53, 53
53, 52
52, 52
52, 51
53, 52
53, 53
54, 53
54, 53
50, 54
51, 55
52, 54
51, 55
52, 54
52, 53
52, 52
53, 51
54, 50
54, 50
58, 54
57, 55
58, 55
57, 54
58, 54
57, 53
58, 53
58, 53
53, 52
53, 53
53, 54
53, 55
52, 54
53, 54
53, 53
53, 53
51, 43
51, 44
51, 43
52, 43
51, 44
51, 45
52, 44
51, 43
52, 44
53, 43
53, 43
54, 50
53, 49
52, 49
53, 48
53, 49
54, 50
54, 50
40, 54
39, 54
40, 53
41, 54
42, 55
41, 55
40, 56
40, 56
53, 78
54, 78
53, 78
54, 77
55, 77
55, 76
56, 75
56, 74
56, 73
56, 73
52, 65
51, 64
52, 65
52, 66
52, 65
53, 64
53, 64
45, 53
44, 53
45, 53
44, 53
45, 54
46, 55
46, 54
47, 54
47, 53
47, 53
38, 66
38, 67
39, 66
40, 65
40, 66
40, 67
40, 67
53, 49
54, 48
53, 48
52, 47
53, 48
53, 48
45, 64
45, 63
44, 64
43, 63
42, 63
41, 63
42, 64
42, 63
41, 62
41, 62
37, 71
38, 71
39, 71
38, 71
37, 71
37, 71
32, 54
33, 54
34, 55
35, 54
34, 54
33, 54
33, 54
34, 73
33, 72
33, 73
34, 73
35, 74
34, 75
34, 75
49, 61
50, 60
51, 60
52, 60
52, 59
53, 60
52, 60
52, 60
53, 54
53, 55
52, 56
52, 55
53, 54
53, 54
54, 67
53, 66
52, 67
51, 66
52, 66
53, 65
54, 66
54, 66
53, 54
54, 54
55, 55
54, 56
55, 56
55, 56
54, 44
53, 45
52, 45
53, 46
53, 47
53, 48
52, 48
51, 47
50, 48
50, 47
50, 47
19, 52
20, 53
21, 54
20, 54
21, 53
21, 54
22, 55
23, 55
23, 55
33, 45
34, 45
33, 46
34, 45
34, 46
33, 45
32, 46
32, 46
47, 53
48, 54
48, 55
47, 55
47, 54
47, 55
46, 55
47, 54
48, 53
48, 53
26, 43
25, 42
25, 41
25, 42
26, 41
27, 42
28, 41
28, 42
29, 42
28, 42
28, 42
24, 57
24, 56
25, 57
24, 58
24, 57
24, 58
24, 58
50, 54
51, 54
51, 53
52, 53
52, 52
51, 53
52, 52
51, 52
51, 52
54, 72
55, 71
56, 70
57, 69
58, 69
57, 70
58, 71
58, 72
57, 71
57, 72
57, 72
52, 55
53, 54
54, 54
53, 54
52, 53
52, 53
37, 72
36, 73
35, 72
34, 71
34, 70
33, 70
33, 70
48, 52
49, 53
50, 52
49, 53
48, 53
48, 53
33, 46
32, 45
33, 44
34, 45
35, 45
36, 44
36, 45
35, 46
35, 46
41, 61
40, 61
39, 61
38, 62
39, 61
38, 60
37, 61
38, 62
38, 62
52, 52
52, 51
51, 52
50, 51
49, 50
49, 49
50, 49
50, 48
50, 48
55, 73
55, 74
56, 75
56, 74
57, 75
57, 75
56, 57
57, 57
57, 58
56, 57
57, 56
57, 56
41, 56
40, 55
40, 56
41, 55
42, 56
43, 55
44, 54
44, 54
54, 47
54, 48
54, 49
54, 50
55, 50
54, 51
53, 52
54, 53
54, 54
54, 54
53, 42
53, 41
54, 40
53, 39
52, 40
52, 40
58, 73
59, 73
60, 74
61, 75
62, 74
62, 74
34, 53
33, 52
32, 52
31, 52
30, 53
30, 53
40, 68
39, 69
40, 70
41, 70
42, 70
43, 70
44, 70
44, 69
45, 68
45, 68
51, 48
51, 47
51, 48
51, 47
50, 47
49, 47
50, 47
50, 46
51, 45
52, 46
52, 46
53, 63
52, 62
53, 61
52, 62
52, 61
51, 61
50, 60
50, 60
50, 53
51, 53
51, 54
50, 53
49, 53
48, 52
47, 51
47, 51
22, 56
22, 55
22, 56
22, 57
22, 58
23, 58
24, 57
25, 56
26, 57
26, 57
35, 74
35, 75
34, 76
33, 76
32, 76
33, 77
33, 76
32, 77
31, 78
31, 78
58, 54
57, 53
58, 54
57, 54
56, 53
55, 53
56, 54
56, 53
56, 53
51, 61
51, 62
50, 61
50, 60
50, 61
51, 62
52, 62
51, 62
51, 63
52, 63
52, 63
55, 66
55, 67
54, 67
53, 66
52, 65
52, 66
53, 65
54, 65
55, 66
55, 67
55, 67
55, 49
54, 49
53, 49
52, 49
51, 50
52, 51
51, 52
52, 52
53, 53
52, 53
52, 53
49, 52
48, 53
47, 54
46, 53
47, 54
48, 53
49, 53
50, 54
50, 54
24, 57
25, 56
24, 55
23, 56
22, 56
21, 55
22, 55
21, 56
21, 56
27, 41
28, 41
27, 40
28, 40
29, 41
30, 40
30, 40
49, 49
50, 50
51, 51
51, 52
50, 51
49, 51
50, 52
50, 52
53, 54
54, 55
55, 54
56, 55
57, 54
57, 53
57, 54
57, 54
55, 53
55, 54
56, 54
55, 55
56, 55
56, 55
33, 69
32, 68
32, 67
33, 68
32, 67
33, 68
32, 67
31, 68
30, 67
30, 67
53, 46
52, 47
53, 48
52, 48
52, 47
53, 46
53, 45
53, 44
53, 45
53, 45
58, 76
59, 77
59, 78
59, 77
58, 78
58, 77
58, 77
53, 41
54, 40
53, 39
52, 38
51, 39
51, 40
50, 41
50, 41
53, 54
53, 53
54, 53
55, 53
55, 54
54, 54
54, 54
44, 55
43, 54
44, 54
44, 55
43, 54
43, 53
44, 53
45, 54
45, 54
30, 39
30, 40
31, 40
30, 40
31, 39
31, 40
31, 40
26, 58
26, 59
25, 60
24, 60
23, 61
23, 61
48, 52
47, 51
48, 51
48, 52
47, 53
46, 53
46, 54
46, 55
45, 54
45, 54
20, 55
21, 55
22, 54
23, 54
23, 55
23, 54
23, 53
24, 53
23, 53
23, 54
23, 54
57, 57
56, 57
57, 56
58, 56
57, 57
58, 58
57, 58
57, 59
57, 59
63, 75
64, 76
64, 75
63, 74
63, 75
64, 75
64, 75
34, 46
34, 47
34, 48
33, 47
33, 48
34, 48
34, 48
46, 51
47, 50
46, 50
45, 50
44, 50
43, 51
44, 51
44, 51
50, 53
50, 54
51, 53
52, 54
53, 53
54, 53
55, 53
56, 54
56, 54
49, 61
50, 61
51, 61
52, 60
53, 61
53, 60
53, 59
52, 60
53, 61
53, 62
53, 62
31, 53
32, 52
33, 52
34, 53
33, 53
32, 52
32, 52
31, 79
31, 78
30, 78
30, 77
31, 76
32, 76
31, 76
31, 75
30, 76
30, 76
56, 67
55, 67
54, 66
55, 67
54, 67
54, 67
51, 54
51, 53
50, 52
50, 53
49, 53
50, 53
51, 52
50, 51
50, 51
44, 67
44, 68
44, 67
44, 68
45, 68
45, 68
39, 62
40, 61
39, 61
40, 62
39, 63
38, 62
39, 62
39, 62
51, 63
52, 62
53, 62
54, 61
53, 62
52, 62
53, 61
52, 60
53, 59
52, 58
52, 58
31, 68
30, 69
30, 70
30, 69
31, 70
31, 69
30, 70
29, 70
29, 70
51, 52
52, 52
51, 52
51, 53
50, 52
51, 53
52, 52
53, 53
52, 52
51, 53
51, 53
53, 57
54, 58
53, 59
52, 59
53, 58
53, 57
53, 58
54, 59
55, 60
55, 60
46, 67
45, 68
44, 67
45, 66
45, 65
44, 66
45, 65
45, 65
32, 53
31, 52
31, 53
30, 52
31, 53
31, 53
38, 62
38, 63
38, 64
38, 63
38, 62
38, 62
24, 55
24, 54
23, 54
24, 53
25, 54
26, 54
25, 55
25, 54
25, 54
63, 74
62, 74
61, 74
60, 75
61, 75
60, 76
60, 77
59, 78
59, 79
59, 79
45, 53
46, 52
45, 53
44, 53
44, 54
43, 53
43, 52
44, 53
43, 52
43, 52
50, 52
49, 52
50, 51
51, 52
52, 51
53, 52
52, 53
52, 52
52, 52
45, 50
46, 49
47, 50
46, 50
47, 50
47, 51
47, 50
47, 51
47, 50
48, 49
48, 49
50, 42
49, 41
49, 42
48, 42
49, 41
49, 42
49, 42
53, 55
54, 54
54, 53
55, 54
55, 53
56, 54
55, 55
56, 54
56, 55
56, 55
55, 56
56, 57
57, 57
56, 58
55, 58
54, 57
54, 56
55, 55
56, 54
56, 54
57, 55
58, 55
57, 54
56, 55
55, 55
55, 56
54, 56
53, 57
54, 56
54, 56
58, 58
58, 59
57, 60
58, 59
59, 59
58, 60
58, 60
58, 55
57, 54
57, 53
56, 53
57, 53
58, 53
57, 54
57, 54
55, 68
54, 67
55, 66
56, 67
56, 66
57, 66
57, 66
29, 77
29, 76
30, 75
29, 74
29, 75
28, 75
28, 74
29, 74
29, 74
52, 45
51, 46
51, 47
50, 48
51, 47
51, 48
51, 49
52, 50
52, 50
34, 49
33, 49
32, 49
31, 48
30, 49
29, 48
29, 47
29, 47
46, 55
45, 54
46, 53
46, 52
45, 51
46, 51
46, 51
52, 61
53, 62
53, 61
52, 62
51, 61
50, 60
50, 60
59, 77
58, 76
57, 76
57, 77
57, 76
57, 75
56, 74
57, 75
58, 76
58, 76
30, 39
31, 38
32, 37
33, 38
34, 37
34, 37
23, 60
22, 60
22, 61
23, 60
24, 60
24, 60
47, 51
46, 50
45, 49
44, 50
44, 49
44, 50
43, 50
43, 50
39, 63
39, 64
38, 63
39, 62
38, 63
38, 64
38, 65
37, 64
36, 64
37, 63
37, 63
30, 46
29, 46
30, 46
30, 47
31, 47
31, 46
31, 47
31, 47
28, 73
29, 72
28, 72
29, 72
29, 71
30, 71
30, 71
52, 49
52, 48
53, 47
54, 46
53, 46
52, 45
52, 44
53, 45
53, 45
58, 79
57, 80
57, 79
56, 78
57, 78
56, 78
56, 78
24, 54
25, 54
24, 53
23, 52
24, 51
24, 50
24, 49
24, 49
54, 57
54, 58
55, 59
56, 58
55, 57
56, 58
56, 58
31, 52
32, 52
31, 53
30, 52
31, 52
30, 53
31, 52
31, 53
31, 53
51, 60
50, 61
49, 60
50, 59
51, 60
52, 61
51, 60
51, 60
46, 65
45, 65
44, 64
44, 63
44, 62
43, 63
43, 63
52, 51
52, 50
51, 50
51, 51
51, 50
51, 49
51, 49
56, 54
56, 53
55, 54
56, 54
55, 54
55, 53
54, 53
54, 53
30, 71
30, 70
29, 70
30, 70
30, 71
29, 70
30, 71
29, 72
29, 72
57, 55
56, 54
55, 53
54, 54
55, 55
55, 54
54, 53
53, 52
53, 53
54, 53
54, 53
42, 51
42, 52
42, 53
42, 54
42, 55
42, 55
57, 59
56, 58
57, 58
58, 57
57, 58
56, 58
56, 58
55, 59
56, 59
56, 60
55, 59
55, 58
55, 59
56, 59
57, 60
57, 60
49, 50
49, 51
48, 51
49, 50
48, 49
47, 49
46, 50
46, 50
58, 54
57, 55
58, 56
58, 55
57, 54
56, 55
56, 55
49, 41
48, 41
48, 42
47, 42
47, 43
47, 43
56, 65
55, 66
55, 67
55, 68
56, 69
55, 69
56, 70
55, 71
55, 71
33, 37
34, 37
35, 37
35, 38
34, 39
33, 38
32, 39
32, 39
52, 52
51, 53
51, 52
50, 51
50, 52
50, 52
57, 77
58, 77
59, 77
60, 77
60, 76
61, 77
61, 77
25, 61
25, 60
24, 60
25, 60
26, 60
26, 61
25, 60
25, 60
41, 55
42, 56
41, 56
42, 56
43, 57
42, 56
43, 56
42, 57
41, 58
41, 58
44, 49
43, 50
44, 50
43, 50
42, 49
41, 48
41, 48
50, 50
49, 51
48, 51
49, 50
50, 51
51, 50
52, 50
52, 49
52, 49
51, 53
51, 52
52, 53
52, 54
52, 53
52, 53
25, 48
24, 49
25, 50
24, 50
24, 49
24, 49
31, 70
32, 69
32, 68
31, 69
31, 68
30, 68
31, 68
31, 67
30, 67
30, 67
55, 53
54, 54
54, 55
54, 54
55, 53
54, 54
53, 55
54, 55
54, 55
54, 45
55, 46
55, 45
56, 44
55, 43
56, 42
57, 42
58, 42
59, 41
59, 41
36, 62
37, 62
38, 62
38, 63
37, 63
38, 64
38, 65
38, 65
57, 79
58, 78
58, 79
58, 80
58, 79
57, 79
57, 79
51, 61
50, 61
51, 60
51, 61
52, 61
51, 62
52, 61
51, 62
51, 62
60, 77
59, 77
58, 77
57, 78
56, 78
57, 78
57, 79
56, 80
56, 80
57, 58
57, 57
57, 56
58, 57
57, 56
58, 57
58, 57
29, 71
29, 72
28, 71
27, 70
26, 71
26, 71
26, 59
26, 60
26, 61
25, 60
25, 59
24, 58
25, 59
26, 60
27, 61
27, 62
27, 62
45, 50
45, 51
45, 52
44, 51
44, 52
43, 52
44, 51
44, 51
54, 72
53, 71
52, 72
52, 71
53, 70
54, 71
55, 70
55, 71
56, 71
56, 71
53, 54
54, 55
55, 55
55, 56
55, 57
54, 56
55, 55
55, 55
57, 59
58, 60
59, 61
60, 60
60, 61
60, 62
60, 63
61, 63
62, 63
61, 63
61, 63
30, 53
29, 54
30, 55
31, 55
32, 55
32, 56
31, 57
31, 57
57, 56
58, 56
57, 56
58, 57
57, 57
58, 58
57, 58
58, 59
59, 60
59, 60
33, 40
33, 41
32, 40
31, 40
30, 39
29, 38
29, 39
30, 39
30, 39
46, 42
46, 41
45, 41
44, 40
45, 41
46, 41
46, 42
45, 43
45, 44
45, 45
45, 45
56, 59
55, 59
54, 58
54, 57
55, 57
54, 56
55, 55
55, 55
43, 64
42, 65
43, 64
44, 63
43, 64
43, 65
44, 65
44, 66
44, 66
30, 48
31, 48
30, 47
30, 48
30, 47
30, 47
56, 70
56, 71
56, 72
56, 73
55, 74
56, 75
56, 76
57, 75
58, 75
59, 75
59, 75
55, 54
54, 54
54, 53
53, 53
53, 52
53, 51
53, 50
52, 50
52, 50
45, 46
44, 47
43, 46
44, 45
43, 46
44, 46
45, 46
44, 47
44, 47
31, 68
30, 67
30, 68
29, 67
30, 67
30, 68
30, 67
30, 67
40, 59
41, 59
40, 60
39, 61
40, 62
39, 63
39, 63
56, 54
57, 53
57, 54
58, 55
58, 56
58, 55
58, 55
62, 63
61, 62
60, 62
61, 62
60, 63
61, 64
61, 63
60, 63
60, 63
29, 39
28, 38
27, 37
26, 38
25, 37
25, 36
24, 37
25, 36
25, 37
26, 37
26, 37
58, 40
59, 40
60, 40
59, 39
60, 38
61, 39
60, 39
61, 38
62, 38
63, 39
63, 39
56, 54
56, 55
55, 54
54, 53
53, 54
53, 54
53, 50
52, 49
51, 49
50, 50
51, 49
52, 49
51, 49
51, 48
50, 47
50, 47
27, 71
26, 72
27, 71
28, 72
28, 73
27, 72
28, 73
28, 74
27, 74
28, 73
28, 73
57, 80
58, 79
58, 78
57, 77
58, 78
58, 78
58, 56
58, 55
58, 54
58, 55
58, 54
58, 54
39, 64
39, 63
40, 62
39, 61
40, 60
41, 61
42, 60
42, 60
24, 50
25, 49
24, 49
25, 50
25, 51
26, 51
26, 52
25, 53
25, 53
44, 67
43, 68
43, 69
42, 68
43, 68
44, 68
43, 67
44, 66
43, 66
43, 66
31, 46
31, 47
30, 47
30, 48
29, 47
28, 48
27, 48
27, 49
27, 50
27, 50
51, 63
51, 64
52, 63
53, 62
53, 61
53, 61
60, 60
59, 61
60, 62
59, 63
60, 64
59, 65
58, 64
57, 65
57, 65
45, 51
44, 50
45, 49
46, 50
46, 51
47, 51
47, 50
46, 50
47, 49
46, 50
46, 50
30, 57
31, 58
30, 58
30, 59
31, 60
30, 59
30, 59
53, 54
53, 55
53, 54
54, 55
53, 56
53, 55
52, 55
51, 54
51, 53
52, 52
52, 52
42, 49
41, 48
41, 49
41, 50
42, 50
42, 50
26, 61
27, 60
26, 59
25, 60
26, 61
27, 60
27, 60
57, 80
56, 79
57, 79
57, 78
57, 77
57, 77
58, 65
57, 66
56, 66
55, 66
56, 65
57, 65
57, 66
57, 65
56, 64
56, 64
51, 50
51, 49
50, 50
51, 51
51, 50
50, 50
50, 49
50, 49
30, 60
31, 59
32, 60
31, 60
31, 59
30, 58
29, 57
29, 57
52, 61
53, 61
53, 62
54, 62
53, 61
53, 60
54, 61
54, 62
54, 62
41, 49
40, 49
39, 49
40, 50
39, 51
38, 52
39, 51
38, 51
38, 50
38, 50
42, 61
42, 60
41, 61
41, 60
42, 61
42, 60
41, 61
41, 60
41, 60
26, 53
27, 53
28, 53
28, 54
28, 53
29, 52
28, 52
27, 53
26, 52
27, 53
27, 53
59, 78
58, 77
59, 78
58, 78
59, 78
58, 78
57, 78
56, 77
55, 78
55, 77
55, 77
58, 76
57, 77
56, 78
56, 79
57, 80
57, 80
44, 67
44, 66
44, 67
43, 67
43, 68
42, 67
42, 67
53, 51
54, 50
54, 51
53, 51
54, 50
54, 50
57, 53
56, 54
55, 53
54, 53
55, 54
55, 55
56, 55
57, 55
57, 55
26, 36
26, 37
27, 36
28, 36
27, 37
26, 36
27, 35
26, 35
25, 34
25, 34
62, 39
63, 39
62, 39
61, 40
60, 39
61, 39
62, 39
62, 39
54, 54
54, 55
55, 56
54, 55
53, 55
54, 54
55, 55
55, 55
27, 51
27, 52
28, 53
27, 53
28, 52
27, 52
27, 51
27, 50
28, 50
28, 49
28, 49
39, 62
40, 61
39, 61
38, 61
37, 60
36, 60
36, 60
27, 61
27, 62
28, 63
27, 64
27, 65
28, 65
28, 65
60, 74
59, 75
58, 74
57, 75
56, 76
57, 75
57, 76
57, 77
56, 78
56, 78
49, 46
50, 45
51, 44
52, 45
52, 44
53, 43
54, 44
55, 44
55, 45
55, 45
61, 64
62, 64
63, 63
62, 62
63, 61
63, 61
45, 46
46, 46
47, 47
48, 48
47, 49
46, 48
47, 47
47, 46
46, 46
46, 46
31, 68
32, 69
33, 70
32, 71
33, 72
33, 73
32, 73
31, 72
31, 73
30, 72
30, 72
58, 54
58, 53
58, 54
58, 53
57, 54
56, 54
57, 53
56, 53
55, 53
55, 53
27, 73
27, 72
28, 73
29, 72
28, 73
29, 74
28, 74
29, 73
28, 74
28, 74
47, 50
48, 51
47, 52
48, 53
49, 54
49, 53
49, 54
49, 53
48, 52
48, 52
54, 63
53, 63
54, 63
54, 62
53, 61
53, 61
64, 61
64, 60
63, 59
62, 58
61, 57
61, 56
62, 57
61, 58
61, 57
61, 57
28, 66
29, 66
28, 67
29, 66
28, 65
29, 66
29, 67
29, 66
29, 67
30, 67
30, 67
28, 48
27, 48
26, 49
25, 48
26, 48
27, 49
27, 49
36, 61
37, 62
36, 62
37, 62
36, 62
36, 63
35, 64
35, 64
54, 55
54, 54
54, 55
54, 54
54, 53
54, 53
56, 76
57, 76
58, 77
57, 78
56, 79
56, 78
56, 77
56, 78
57, 78
57, 78
29, 74
28, 73
29, 73
29, 72
28, 73
27, 74
26, 74
27, 75
28, 74
28, 75
28, 75
40, 60
40, 59
40, 58
40, 57
40, 58
39, 57
40, 57
39, 57
38, 56
38, 56
39, 51
38, 51
39, 50
40, 49
41, 49
41, 49
42, 66
41, 67
42, 67
42, 66
43, 66
42, 67
42, 67
45, 45
44, 44
44, 43
45, 44
45, 43
46, 44
47, 45
46, 46
47, 46
48, 47
48, 47
58, 54
57, 53
58, 53
58, 54
57, 53
56, 54
56, 55
56, 54
56, 54
57, 78
57, 79
56, 79
55, 78
56, 78
56, 77
56, 76
56, 77
55, 78
54, 79
54, 79
54, 53
53, 53
54, 54
55, 54
55, 55
54, 56
53, 55
53, 55
26, 52
27, 53
26, 54
26, 55
27, 54
26, 53
26, 52
27, 52
27, 52
26, 34
26, 33
25, 33
24, 34
24, 35
24, 35
47, 51
48, 52
49, 53
49, 52
49, 53
50, 54
49, 55
50, 55
50, 56
51, 55
51, 55
62, 38
62, 39
63, 38
62, 38
63, 39
64, 38
63, 38
63, 39
63, 39
31, 72
30, 73
31, 73
30, 73
31, 74
32, 74
33, 74
33, 73
33, 73
57, 79
58, 78
59, 79
58, 79
59, 80
58, 79
59, 79
58, 79
58, 80
58, 80
54, 46
53, 45
52, 46
51, 45
51, 44
50, 45
50, 45
49, 50
50, 50
51, 49
51, 50
52, 51
51, 51
50, 50
50, 51
50, 52
50, 51
50, 51
30, 56
31, 55
31, 54
32, 53
31, 52
32, 53
31, 54
30, 55
30, 55
55, 49
56, 50
55, 50
56, 49
55, 49
55, 49
55, 63
54, 62
53, 63
52, 63
53, 64
53, 65
54, 64
54, 64
29, 67
30, 67
30, 66
31, 65
32, 64
31, 65
30, 66
31, 65
30, 65
31, 64
31, 64
51, 52
50, 51
50, 50
51, 50
52, 49
53, 50
52, 51
53, 51
53, 51
43, 68
44, 68
43, 67
42, 68
41, 68
40, 69
40, 69
28, 76
28, 75
29, 76
28, 77
28, 76
29, 77
29, 77
32, 74
32, 75
31, 75
32, 76
33, 75
33, 74
32, 75
31, 75
31, 75
56, 53
55, 53
56, 53
56, 54
57, 55
58, 54
57, 54
56, 53
55, 54
55, 54
26, 50
26, 49
27, 49
27, 50
27, 51
28, 51
28, 52
27, 52
27, 53
26, 54
26, 54
59, 79
58, 79
57, 78
56, 77
57, 78
57, 77
56, 78
55, 77
55, 76
55, 77
55, 77
55, 53
56, 54
55, 54
54, 54
53, 55
53, 55
52, 55
51, 55
50, 54
49, 54
50, 55
49, 54
48, 54
47, 53
47, 53
27, 51
26, 52
27, 51
26, 50
27, 50
27, 49
26, 49
27, 50
27, 50
52, 62
53, 61
52, 62
52, 63
51, 63
51, 64
51, 64
53, 63
53, 64
54, 65
53, 66
54, 65
54, 64
53, 64
54, 64
55, 63
54, 62
54, 62
56, 49
56, 50
56, 49
57, 48
56, 48
57, 47
56, 48
57, 49
58, 49
58, 49
40, 50
41, 51
42, 51
42, 50
42, 49
43, 49
42, 50
41, 50
41, 50
63, 38
64, 37
65, 37
64, 37
63, 36
63, 35
63, 36
63, 35
63, 35
36, 65
35, 64
34, 65
34, 64
35, 63
36, 62
35, 61
35, 61
29, 55
28, 54
27, 53
26, 54
25, 53
24, 53
23, 52
23, 53
23, 53
60, 57
59, 58
60, 57
61, 57
62, 56
61, 57
60, 58
61, 58
61, 58
37, 56
36, 56
37, 55
38, 55
37, 55
37, 54
37, 54
52, 55
51, 56
51, 55
50, 56
51, 55
52, 56
51, 56
51, 55
50, 54
51, 54
51, 54
47, 48
47, 49
48, 48
47, 48
48, 48
48, 49
47, 50
46, 51
47, 52
47, 52
56, 79
57, 78
57, 77
58, 78
59, 77
59, 76
60, 77
60, 78
60, 78
55, 79
54, 80
55, 79
56, 79
55, 78
55, 77
55, 78
55, 78
23, 34
23, 35
22, 34
21, 34
21, 35
20, 36
20, 36
51, 46
51, 47
52, 48
51, 48
52, 47
52, 48
53, 48
52, 47
52, 47
61, 77
62, 77
61, 76
60, 77
61, 77
61, 76
62, 76
62, 76
62, 35
63, 35
62, 35
63, 35
62, 35
63, 36
62, 37
61, 38
61, 38
62, 57
63, 56
63, 55
62, 55
62, 56
61, 57
60, 58
59, 59
60, 59
60, 59
25, 55
26, 56
27, 57
26, 56
27, 57
26, 56
26, 55
26, 55
34, 61
35, 62
36, 62
37, 61
37, 62
38, 61
39, 62
40, 61
40, 61
58, 50
59, 49
58, 49
57, 49
57, 48
58, 48
57, 48
58, 49
57, 49
57, 48
57, 48
52, 65
53, 64
53, 63
54, 62
53, 63
54, 64
53, 63
52, 62
51, 61
50, 60
50, 60
55, 55
55, 54
56, 54
56, 55
55, 55
56, 55
57, 56
57, 55
56, 54
56, 54
56, 79
55, 79
54, 78
53, 77
54, 76
53, 76
53, 77
54, 76
53, 77
53, 77
46, 54
46, 53
45, 52
44, 52
45, 53
45, 53
30, 64
29, 65
30, 66
30, 65
29, 64
28, 64
29, 65
29, 65
26, 49
26, 50
27, 50
27, 51
26, 52
26, 53
26, 54
26, 54
53, 63
54, 64
55, 65
55, 64
56, 65
56, 66
57, 67
56, 68
57, 69
58, 69
58, 69
32, 75
31, 74
32, 75
32, 74
33, 73
33, 72
32, 73
33, 72
33, 72
22, 54
21, 53
20, 54
20, 53
21, 54
22, 53
21, 53
21, 52
22, 52
23, 52
23, 52
41, 68
42, 67
41, 67
41, 68
42, 67
41, 66
40, 66
41, 66
42, 67
42, 67
21, 37
20, 36
21, 35
22, 34
21, 35
22, 36
21, 35
20, 35
20, 36
21, 35
21, 35
54, 54
55, 55
54, 54
53, 55
54, 54
55, 54
55, 55
56, 56
57, 56
57, 56
53, 48
53, 47
53, 46
53, 45
53, 46
53, 47
53, 46
52, 45
52, 45
48, 53
49, 54
50, 54
50, 53
51, 53
52, 52
52, 51
52, 51
52, 54
52, 53
52, 52
52, 51
51, 50
50, 50
51, 49
52, 50
51, 50
50, 49
50, 49
42, 51
43, 52
44, 52
43, 51
43, 50
42, 49
41, 49
41, 50
42, 50
43, 51
43, 51
56, 77
57, 78
56, 78
57, 78
58, 78
59, 79
58, 80
58, 81
59, 80
58, 80
58, 80
38, 54
39, 53
40, 54
39, 54
40, 55
41, 55
41, 55
52, 51
51, 50
52, 49
52, 50
53, 51
53, 52
53, 52
30, 77
31, 77
32, 77
32, 76
33, 77
33, 78
32, 78
32, 79
32, 79
60, 39
60, 38
59, 37
60, 37
61, 38
61, 39
62, 38
62, 39
63, 39
63, 39
41, 61
42, 60
41, 61
42, 61
41, 61
40, 61
40, 60
39, 59
38, 59
38, 59
21, 34
22, 33
21, 32
22, 31
22, 32
21, 32
21, 31
22, 30
21, 29
21, 30
21, 30
43, 66
43, 67
44, 67
45, 66
46, 66
46, 65
46, 64
47, 64
47, 63
48, 64
48, 64
63, 77
62, 76
62, 75
61, 76
62, 76
63, 75
63, 75
55, 53
54, 53
53, 53
53, 52
54, 51
55, 50
54, 51
54, 50
54, 50
51, 51
51, 52
52, 51
53, 50
54, 50
55, 50
55, 49
55, 50
56, 50
56, 50
44, 53
45, 54
46, 55
47, 56
47, 55
48, 56
48, 55
48, 55
27, 53
27, 54
26, 55
25, 54
25, 55
25, 55
51, 48
51, 49
51, 50
52, 49
52, 50
52, 49
53, 49
52, 48
51, 47
51, 47
52, 44
53, 44
53, 45
53, 44
52, 44
53, 43
52, 43
53, 44
54, 45
54, 45
52, 78
53, 77
53, 76
53, 75
54, 76
54, 75
53, 75
53, 75
44, 52
44, 51
45, 52
44, 53
45, 54
46, 54
47, 55
48, 55
48, 55
59, 81
60, 80
59, 79
60, 78
59, 78
60, 77
59, 78
60, 78
59, 79
59, 79
26, 56
25, 57
25, 58
26, 57
25, 57
24, 56
24, 56
40, 54
39, 55
38, 56
38, 57
39, 57
38, 58
39, 57
40, 57
40, 58
40, 58
53, 51
52, 50
51, 49
52, 48
53, 48
52, 49
51, 50
50, 49
49, 48
49, 48
59, 69
58, 68
59, 68
60, 67
59, 68
59, 69
60, 69
59, 70
59, 69
58, 68
58, 68
33, 78
32, 79
31, 78
32, 78
31, 79
32, 79
33, 80
33, 79
32, 78
31, 79
31, 79
34, 73
34, 74
35, 74
34, 73
34, 72
35, 73
35, 72
34, 71
34, 72
33, 72
33, 72
24, 53
24, 54
25, 54
24, 53
25, 54
24, 54
23, 53
23, 53
58, 56
58, 55
58, 54
57, 55
57, 54
56, 54
56, 54
50, 61
50, 62
49, 61
50, 61
51, 60
50, 59
51, 60
52, 61
53, 62
54, 63
54, 63
58, 47
57, 48
58, 49
58, 50
59, 50
59, 50
28, 66
29, 67
30, 66
31, 66
30, 66
31, 65
31, 66
31, 66
61, 59
62, 59
63, 58
62, 57
61, 57
62, 57
62, 57
63, 76
62, 75
63, 75
62, 76
61, 76
62, 77
63, 76
64, 76
64, 76
60, 79
59, 80
58, 79
57, 80
58, 80
59, 80
58, 80
59, 80
60, 79
60, 79
62, 58
62, 59
61, 58
61, 59
60, 58
61, 59
62, 59
63, 58
63, 59
63, 59
30, 65
30, 66
31, 67
31, 66
32, 67
33, 68
34, 68
33, 68
33, 68
49, 56
48, 55
49, 55
48, 55
47, 54
47, 53
47, 53
55, 45
54, 46
53, 47
53, 46
54, 47
53, 47
53, 47
52, 74
52, 75
51, 76
52, 75
52, 74
52, 75
51, 76
51, 76
48, 54
47, 54
48, 53
47, 54
47, 53
47, 54
48, 53
47, 53
47, 53
55, 55
56, 54
55, 54
54, 54
53, 54
53, 54
39, 59
38, 60
39, 61
39, 62
38, 63
37, 64
38, 63
38, 64
39, 64
39, 64
47, 64
47, 63
46, 63
46, 64
45, 63
46, 64
45, 63
44, 63
43, 63
43, 63
33, 71
33, 70
33, 71
33, 70
32, 70
32, 69
32, 69
39, 60
39, 61
38, 61
37, 61
36, 61
37, 62
37, 62
20, 29
19, 28
19, 29
18, 28
17, 27
18, 27
17, 28
17, 28
57, 49
58, 48
57, 49
58, 49
57, 49
58, 49
59, 49
58, 48
57, 48
58, 48
58, 48
57, 67
58, 66
57, 66
56, 65
57, 64
58, 64
59, 64
58, 63
59, 62
59, 62
26, 54
26, 53
27, 53
26, 54
27, 55
28, 56
28, 55
28, 56
27, 57
28, 58
28, 58
51, 46
52, 45
51, 45
52, 45
53, 44
52, 44
51, 43
52, 43
53, 43
53, 43
62, 40
61, 41
60, 41
61, 40
60, 39
61, 39
61, 38
61, 38
23, 54
24, 53
25, 53
25, 54
24, 55
23, 54
22, 53
22, 54
22, 54
53, 51
54, 50
54, 51
54, 50
54, 51
54, 50
55, 49
54, 50
53, 49
53, 49
25, 55
24, 55
25, 56
25, 57
26, 58
26, 59
26, 59
58, 50
59, 49
60, 49
59, 48
58, 48
57, 47
56, 46
57, 47
56, 46
56, 46
49, 49
48, 48
47, 48
47, 47
46, 47
46, 48
45, 48
45, 48
32, 78
33, 78
32, 78
32, 79
32, 78
32, 79
32, 79
53, 62
53, 61
52, 60
52, 59
51, 59
50, 59
50, 58
50, 57
51, 58
50, 58
50, 58
23, 53
24, 54
25, 55
26, 56
25, 57
26, 58
27, 57
26, 56
27, 55
28, 54
28, 54
52, 48
53, 47
54, 46
55, 45
55, 46
55, 46
61, 79
61, 78
62, 77
63, 78
64, 79
63, 80
64, 79
64, 78
63, 79
63, 79
51, 59
52, 58
53, 59
54, 60
55, 61
54, 62
55, 61
56, 60
56, 59
56, 60
56, 60
18, 28
19, 28
20, 27
19, 27
20, 26
20, 26
46, 47
47, 48
48, 49
48, 50
48, 51
48, 52
48, 52
27, 57
28, 57
27, 56
27, 57
28, 57
28, 58
28, 57
29, 57
30, 56
30, 55
30, 55
38, 62
38, 63
37, 62
37, 63
36, 62
36, 61
35, 60
35, 60
33, 79
34, 78
34, 77
34, 76
33, 76
32, 77
31, 76
31, 76
32, 69
32, 68
33, 67
34, 66
33, 65
32, 64
32, 65
32, 66
31, 66
31, 65
31, 65
42, 63
43, 63
42, 63
43, 63
44, 63
43, 63
44, 63
43, 63
42, 63
42, 63
52, 75
53, 76
54, 75
55, 74
54, 73
53, 74
54, 73
54, 74
54, 73
54, 73
26, 58
27, 57
27, 58
28, 59
29, 58
29, 58
60, 38
61, 39
62, 40
61, 39
61, 40
62, 39
62, 38
62, 39
62, 39
60, 61
61, 62
62, 63
63, 62
62, 63
63, 63
64, 64
63, 64
63, 63
62, 63
62, 63
59, 49
59, 50
60, 49
61, 48
61, 47
61, 46
61, 46
39, 63
40, 64
41, 63
42, 64
41, 64
42, 65
43, 65
42, 65
43, 65
43, 65
55, 46
54, 45
53, 45
53, 44
54, 45
53, 44
52, 43
52, 43
48, 53
47, 53
48, 54
49, 55
49, 56
48, 56
48, 56
53, 50
54, 49
55, 50
56, 50
55, 50
54, 51
54, 50
54, 50
65, 76
65, 75
64, 76
64, 77
65, 78
66, 78
66, 78
48, 54
48, 53
48, 54
47, 54
48, 53
47, 54
46, 53
45, 52
46, 53
46, 53
33, 70
33, 69
32, 70
31, 69
31, 68
32, 68
31, 69
31, 70
31, 70
54, 55
55, 55
54, 54
53, 53
53, 52
54, 53
55, 53
54, 54
53, 54
53, 54
64, 58
65, 57
65, 58
64, 58
65, 59
66, 60
65, 61
66, 61
66, 61
53, 42
52, 43
53, 43
54, 43
55, 44
56, 45
55, 46
55, 46
28, 59
29, 59
29, 60
29, 61
29, 60
30, 60
31, 59
31, 58
30, 59
30, 59
52, 55
53, 55
53, 54
52, 53
53, 53
52, 53
51, 53
51, 54
51, 54
61, 45
62, 45
63, 44
63, 45
62, 46
61, 45
62, 44
63, 43
64, 42
64, 42
56, 61
56, 60
55, 59
55, 58
54, 58
53, 58
52, 59
52, 58
51, 57
52, 56
52, 56
53, 74
52, 75
53, 76
53, 77
54, 78
55, 77
54, 78
53, 77
53, 77
55, 50
56, 49
55, 49
54, 49
55, 49
55, 50
54, 51
53, 51
53, 51
54, 47
53, 47
52, 47
53, 46
52, 46
52, 45
53, 44
53, 45
53, 44
53, 43
53, 43
30, 64
29, 64
29, 63
30, 64
30, 65
29, 65
29, 65
62, 38
62, 39
62, 38
62, 39
61, 40
60, 41
60, 41
29, 55
30, 54
31, 53
30, 54
29, 54
30, 54
29, 53
30, 52
30, 52
65, 77
66, 77
67, 76
68, 76
68, 77
67, 76
67, 76
62, 78
63, 79
62, 78
61, 77
60, 77
59, 76
59, 77
60, 76
60, 76
66, 60
67, 59
66, 59
67, 58
66, 59
66, 58
65, 58
65, 58
35, 59
36, 58
35, 59
36, 60
36, 61
37, 60
36, 59
35, 60
35, 60
49, 55
49, 56
49, 57
49, 58
50, 59
51, 60
52, 60
51, 60
51, 60
52, 44
53, 43
53, 44
53, 45
54, 46
53, 46
53, 46
30, 56
29, 56
30, 57
30, 58
31, 58
30, 59
30, 59
55, 45
55, 44
56, 45
57, 45
56, 44
56, 44
41, 64
40, 64
41, 63
40, 64
39, 64
39, 63
38, 63
37, 62
37, 63
38, 63
38, 63
61, 64
62, 64
63, 63
64, 62
65, 63
65, 63
42, 64
41, 63
40, 64
41, 65
41, 64
40, 65
41, 65
41, 65
48, 51
49, 50
49, 51
50, 51
51, 52
52, 53
52, 53
21, 26
20, 27
20, 26
21, 25
22, 24
21, 25
22, 26
22, 25
22, 24
22, 25
22, 25
30, 75
31, 75
31, 76
31, 77
32, 78
33, 77
34, 76
35, 75
35, 75
32, 71
31, 70
30, 71
31, 70
30, 70
31, 71
32, 70
33, 69
33, 68
34, 68
34, 68
45, 52
44, 51
43, 50
42, 51
43, 50
43, 50
54, 78
55, 77
55, 78
55, 79
54, 79
53, 80
52, 81
53, 80
53, 80
34, 76
33, 75
32, 74
33, 73
34, 72
34, 72
66, 57
67, 56
68, 57
69, 56
69, 55
69, 56
70, 55
71, 55
70, 54
70, 54
28, 64
28, 65
28, 66
28, 67
29, 67
28, 67
29, 66
28, 67
29, 67
29, 67
52, 44
53, 44
52, 45
51, 45
52, 46
53, 46
52, 45
53, 45
54, 46
55, 45
55, 45
53, 52
53, 51
54, 50
55, 49
54, 50
54, 49
54, 50
54, 50
54, 47
53, 48
53, 47
52, 48
51, 49
52, 49
52, 48
53, 48
52, 49
52, 49
35, 61
36, 61
36, 60
35, 59
34, 60
33, 60
32, 61
33, 62
34, 62
34, 62
59, 42
59, 43
60, 43
59, 43
59, 44
60, 43
59, 43
60, 43
60, 43
60, 77
61, 76
61, 77
61, 76
60, 76
59, 77
60, 76
60, 76
68, 75
69, 76
70, 75
69, 74
69, 73
68, 73
69, 74
69, 74
29, 51
30, 51
31, 51
31, 52
32, 52
33, 52
33, 51
33, 52
34, 53
33, 52
33, 52
30, 60
29, 59
29, 60
29, 61
29, 60
28, 61
28, 62
27, 62
26, 63
27, 63
27, 63
64, 64
63, 64
63, 65
64, 65
63, 64
64, 65
65, 66
64, 67
63, 68
63, 68
52, 55
53, 56
54, 55
53, 55
52, 56
53, 55
52, 56
52, 56
53, 56
53, 55
52, 54
52, 53
53, 53
53, 54
54, 55
53, 54
52, 55
51, 55
51, 55
50, 61
51, 62
51, 63
52, 63
53, 62
54, 61
54, 60
55, 60
54, 60
54, 60
41, 64
41, 65
42, 64
42, 65
43, 64
44, 64
44, 65
44, 65
52, 52
52, 53
51, 52
51, 51
51, 50
52, 49
53, 48
54, 48
54, 48
42, 49
43, 50
44, 50
43, 49
42, 48
41, 48
42, 47
41, 47
40, 47
41, 47
41, 47
21, 25
21, 24
22, 24
22, 23
22, 22
22, 21
22, 20
23, 21
23, 21
56, 45
56, 46
57, 47
58, 47
58, 48
57, 49
57, 49
33, 68
34, 68
34, 69
34, 70
34, 71
34, 70
34, 70
63, 43
64, 44
63, 45
63, 44
64, 43
65, 42
66, 43
65, 42
65, 42
30, 58
31, 57
30, 57
31, 58
32, 57
31, 58
32, 58
32, 58
37, 64
36, 63
37, 63
36, 64
36, 63
37, 63
38, 63
37, 64
38, 65
37, 64
37, 64
59, 42
60, 43
59, 44
60, 43
59, 43
59, 44
58, 43
59, 43
59, 43
33, 69
33, 68
34, 68
33, 69
33, 70
34, 71
34, 71
33, 73
34, 72
33, 73
32, 74
33, 73
32, 72
32, 72
30, 66
29, 65
28, 66
29, 66
29, 67
30, 67
29, 67
29, 66
29, 66
55, 49
54, 49
55, 49
56, 49
55, 50
55, 49
56, 50
55, 50
55, 50
33, 53
33, 52
33, 51
32, 50
32, 49
31, 49
32, 48
33, 49
33, 50
33, 49
33, 49
28, 64
29, 65
30, 66
30, 67
29, 66
28, 65
29, 65
29, 65
62, 67
63, 66
62, 67
63, 68
63, 67
63, 68
63, 68
64, 42
63, 43
64, 42
64, 43
65, 43
65, 43
50, 55
51, 56
50, 56
51, 57
51, 56
52, 56
53, 57
54, 56
54, 57
55, 57
55, 57
52, 79
52, 78
53, 78
54, 78
54, 77
54, 77
56, 48
57, 48
58, 47
57, 47
56, 46
57, 45
57, 45
40, 48
39, 49
38, 49
39, 49
39, 48
38, 48
39, 49
39, 50
39, 50
71, 55
72, 54
72, 55
73, 54
74, 55
73, 56
72, 56
72, 56
53, 50
52, 49
53, 50
52, 50
53, 50
54, 50
54, 50
53, 56
54, 55
53, 54
54, 54
55, 53
55, 54
55, 54
56, 44
55, 45
56, 46
57, 45
56, 45
55, 44
55, 44
31, 58
31, 57
32, 58
32, 59
31, 59
31, 60
32, 59
31, 59
30, 60
30, 60
53, 50
52, 51
53, 52
52, 52
53, 51
52, 52
52, 52
55, 61
56, 61
57, 60
58, 60
59, 61
59, 61
33, 61
32, 60
33, 61
32, 61
33, 61
34, 60
34, 61
34, 61
59, 75
58, 75
57, 74
58, 75
59, 75
58, 75
57, 75
57, 74
58, 74
58, 74
69, 75
69, 76
68, 77
69, 77
70, 78
71, 78
72, 78
72, 78
43, 64
42, 63
41, 64
40, 65
41, 65
41, 65
36, 64
35, 65
35, 66
36, 67
37, 67
37, 68
36, 69
36, 70
36, 71
37, 72
37, 72
22, 22
23, 23
23, 22
23, 21
22, 21
23, 21
22, 21
23, 21
22, 22
23, 23
23, 23
42, 66
43, 67
44, 68
45, 69
46, 70
45, 70
45, 70
46, 71
45, 71
45, 71
45, 71
56, 52
57, 53
58, 54
59, 55
60, 56
61, 57
62, 58
63, 59
62, 58
62, 58
63, 58
63, 58
64, 59
64, 59
65, 60
65, 60
33, 73
33, 73
32, 73
32, 73
32, 72
32, 72
33, 72
33, 72
34, 73
35, 74
36, 75
37, 76
38, 77
38, 77
59, 75
60, 76
61, 77
60, 78
60, 78
61, 79
62, 80
63, 81
64, 82
65, 83
65, 83
60, 62
61, 63
60, 62
60, 62
61, 63
61, 62
61, 62
61, 62
54, 51
53, 52
53, 52
52, 53
52, 54
53, 55
53, 55
54, 56
54, 56
53, 57
52, 58
51, 59
51, 59
51, 59
56, 58
57, 59
58, 60
59, 61
60, 62
61, 63
60, 63
60, 63
59, 63
59, 63
59, 63
72, 77
72, 77
71, 78
70, 79
69, 80
68, 81
67, 82
66, 83
66, 83
56, 55
57, 56
58, 56
58, 56
59, 57
59, 58
59, 58
60, 59
61, 60
62, 61
62, 62
62, 62
30, 67
31, 68
32, 69
33, 70
34, 71
35, 72
34, 73
34, 73
35, 74
36, 73
36, 73
36, 73
29, 61
29, 61
30, 62
31, 63
32, 64
33, 65
34, 64
34, 64
34, 64
62, 69
61, 70
60, 70
59, 70
58, 70
58, 70
57, 70
56, 70
56, 70
56, 70
40, 51
41, 52
42, 53
43, 54
44, 55
44, 55
34, 50
35, 51
34, 52
34, 52
35, 53
36, 54
37, 55
38, 56
39, 57
39, 56
39, 56
39, 56
66, 43
66, 43
66, 42
66, 42
65, 43
64, 44
65, 45
65, 45
65, 44
65, 44
65, 44
71, 57
70, 58
69, 59
69, 59
68, 60
67, 61
66, 60
66, 60
65, 61
65, 62
65, 62
64, 63
65, 64
65, 64
65, 64
55, 78
56, 79
57, 80
58, 81
59, 82
60, 83
61, 84
62, 85
63, 86
63, 86
34, 62
34, 62
35, 63
36, 64
37, 65
38, 66
38, 66
58, 44
57, 45
56, 45
56, 45
57, 47
57, 48
57, 49
57, 50
57, 51
57, 53
57, 54
57, 55
57, 56
57, 57
57, 58
57, 59
57, 60
57, 61
57, 61
59, 47
60, 48
61, 49
62, 50
63, 51
64, 53
64, 54
64, 55
64, 56
64, 57
64, 58
64, 59
65, 58
65, 58
64, 59
64, 60
64, 59
64, 59
65, 58
65, 58
64, 59
64, 60
64, 61
64, 61
35, 71
36, 71
37, 71
38, 71
39, 71
40, 71
41, 71
42, 71
43, 71
43, 71
30, 66
31, 65
31, 65
32, 66
33, 67
34, 68
35, 69
36, 70
37, 71
38, 72
39, 71
39, 71
39, 71
53, 53
54, 54
54, 54
55, 55
56, 54
56, 54
55, 55
55, 55
56, 56
56, 56
54, 45
55, 46
55, 46
54, 47
53, 48
52, 49
52, 50
52, 51
51, 52
51, 52
51, 52
38, 73
39, 74
38, 74
38, 74
39, 75
40, 76
41, 77
41, 77
24, 24
25, 25
26, 26
27, 27
28, 26
28, 26
29, 27
30, 28
31, 29
32, 30
33, 31
33, 31
34, 32
35, 33
36, 34
37, 35
38, 36
39, 37
40, 38
41, 39
42, 40
43, 41
43, 41
52, 60
53, 61
54, 62
55, 63
56, 64
57, 65
58, 66
59, 67
59, 67
58, 64
57, 65
56, 66
57, 67
57, 67
56, 68
55, 69
55, 69
54, 70
54, 71
54, 72
53, 71
53, 71
53, 71
57, 71
58, 72
59, 73
60, 73
61, 73
62, 73
63, 73
63, 73
57, 57
58, 58
59, 59
60, 60
61, 61
62, 62
62, 63
62, 63
63, 64
63, 65
63, 66
63, 66
46, 72
47, 73
48, 74
48, 73
48, 73
49, 74
50, 75
51, 76
52, 77
53, 78
53, 78
39, 67
40, 66
40, 66
41, 67
42, 67
42, 67
43, 68
44, 69
44, 69
44, 69
62, 86
62, 86
63, 85
64, 84
65, 83
65, 82
65, 81
65, 81
64, 82
64, 82
64, 81
64, 81
64, 82
64, 83
64, 83
64, 83
64, 83
65, 84
64, 85
63, 86
62, 87
61, 88
60, 89
59, 90
58, 90
58, 90
52, 53
53, 54
54, 55
55, 56
56, 57
56, 57
61, 63
60, 64
59, 65
58, 66
57, 67
56, 68
55, 69
55, 69
46, 57
47, 58
48, 59
49, 60
50, 61
51, 62
52, 63
53, 64
54, 65
55, 66
56, 67
57, 68
58, 69
59, 70
60, 71
59, 72
59, 72
59, 72
40, 57
41, 58
42, 59
44, 61
45, 62
46, 63
47, 64
48, 65
49, 66
50, 67
49, 66
49, 66
48, 66
48, 66
49, 67
49, 67
66, 65
66, 66
65, 67
65, 67
66, 68
66, 69
66, 70
66, 71
66, 72
66, 73
66, 74
66, 74
64, 60
64, 60
65, 61
66, 62
66, 62
67, 64
67, 65
67, 66
67, 67
67, 68
67, 69
67, 70
67, 71
67, 72
66, 71
66, 71
67, 72
68, 71
68, 71
67, 72
67, 72
44, 71
44, 71
45, 72
44, 71
44, 71
45, 72
46, 73
47, 74
48, 75
48, 75
66, 45
67, 46
67, 47
67, 48
68, 47
68, 47
67, 48
67, 49
67, 51
67, 52
67, 53
67, 54
67, 55
67, 56
67, 57
67, 58
67, 58
39, 76
39, 76
40, 77
39, 76
39, 76
40, 77
40, 76
40, 76
41, 77
42, 78
43, 79
43, 79
42, 78
43, 79
44, 80
45, 81
46, 82
47, 83
48, 84
48, 84
35, 65
36, 66
37, 67
38, 68
39, 69
40, 70
41, 71
42, 72
43, 73
43, 73
39, 70
39, 70
40, 71
41, 72
42, 73
43, 74
43, 74
62, 62
62, 62
61, 62
61, 62
60, 63
60, 64
60, 64
59, 65
58, 66
58, 66
65, 60
65, 60
65, 61
65, 62
65, 63
65, 64
65, 65
65, 66
65, 67
65, 66
65, 66
65, 66
56, 62
55, 63
54, 62
54, 62
53, 63
54, 62
54, 62
54, 62
37, 73
36, 74
36, 74
37, 73
38, 73
39, 73
39, 73
44, 80
45, 80
45, 79
45, 79
45, 80
45, 80
45, 81
45, 81
46, 81
46, 81
47, 80
48, 80
49, 80
50, 80
50, 80
56, 56
56, 56
57, 57
58, 58
59, 59
59, 58
59, 58
58, 57
58, 57
59, 58
60, 59
60, 59
64, 72
65, 72
65, 72
66, 71
66, 71
65, 72
64, 72
64, 72
64, 82
63, 83
63, 83
62, 84
61, 85
60, 86
59, 87
58, 86
58, 86
57, 87
57, 87
68, 71
68, 71
67, 70
67, 70
66, 71
65, 72
64, 72
64, 72
63, 73
62, 74
61, 75
60, 76
60, 76
49, 76
50, 77
50, 78
50, 79
51, 79
51, 79
50, 80
50, 80
49, 85
50, 86
51, 87
52, 88
53, 89
53, 89
53, 89
53, 89
53, 89
54, 90
54, 90
54, 90
56, 70
57, 71
58, 72
58, 73
58, 74
58, 75
58, 76
58, 77
57, 78
57, 78
58, 79
58, 79
55, 63
56, 64
57, 65
56, 65
56, 65
57, 66
58, 67
57, 68
57, 68
57, 68
60, 73
60, 74
60, 75
60, 76
60, 76
60, 77
60, 78
60, 78
54, 79
55, 80
56, 81
57, 82
58, 83
59, 84
58, 84
58, 84
58, 83
58, 83
59, 84
59, 85
59, 85
65, 73
64, 72
63, 72
63, 72
62, 71
61, 71
60, 71
59, 71
59, 71
67, 57
67, 57
68, 58
68, 59
68, 59
69, 60
70, 62
70, 63
70, 64
70, 65
70, 66
70, 67
70, 68
70, 69
70, 70
70, 71
70, 71
64, 67
63, 68
62, 69
62, 70
62, 71
62, 71
59, 67
60, 68
60, 68
60, 69
60, 69
61, 70
62, 71
63, 72
63, 72
60, 68
61, 69
62, 69
62, 69
61, 70
62, 70
62, 70
61, 71
61, 71
44, 42
45, 43
46, 44
47, 45
48, 46
48, 46
59, 89
60, 90
60, 90
61, 89
62, 89
63, 89
63, 89
62, 67
61, 68
60, 69
59, 70
58, 71
57, 72
56, 73
55, 74
54, 75
54, 75
44, 75
45, 76
46, 77
47, 78
48, 79
49, 80
50, 81
51, 82
51, 82
50, 68
51, 69
52, 70
53, 71
54, 71
55, 71
55, 71
63, 84
62, 85
61, 86
61, 86
61, 87
61, 87
60, 86
61, 86
61, 86
60, 86
59, 86
58, 86
57, 86
57, 86
45, 70
46, 71
45, 72
45, 72
46, 73
47, 74
48, 75
49, 74
49, 74
49, 74
44, 74
45, 75
46, 76
47, 77
48, 78
49, 79
50, 80
51, 81
52, 82
53, 82
53, 82
54, 72
55, 73
56, 74
57, 75
56, 74
56, 74
56, 74
40, 73
40, 73
41, 74
42, 75
43, 76
44, 75
44, 75
45, 74
45, 74
46, 75
47, 76
47, 76
60, 72
61, 73
62, 74
61, 74
61, 74
62, 75
63, 76
63, 77
63, 78
63, 79
63, 79
64, 73
63, 73
63, 73
64, 74
63, 75
63, 75
63, 76
63, 76
64, 75
65, 74
66, 74
66, 74
66, 74
58, 86
59, 85
59, 84
59, 84
59, 83
60, 84
60, 84
60, 84
48, 75
48, 75
49, 74
50, 73
51, 72
52, 73
52, 73
53, 72
53, 72
53, 89
53, 89
54, 88
54, 87
54, 86
54, 85
54, 84
54, 83
54, 83
61, 79
62, 80
63, 81
64, 82
65, 83
66, 83
67, 83
67, 83
67, 83
67, 83
67, 83
49, 47
50, 48
50, 49
50, 50
50, 51
50, 52
50, 53
50, 54
50, 54
51, 81
52, 82
53, 83
54, 84
55, 83
55, 83
55, 83
61, 75
62, 75
63, 75
64, 75
65, 75
66, 75
67, 75
68, 74
68, 74
67, 75
67, 75
58, 69
59, 70
60, 71
60, 72
60, 73
60, 74
60, 75
60, 76
60, 77
59, 78
59, 78
59, 78
58, 85
59, 84
60, 84
60, 84
61, 83
62, 82
62, 81
62, 80
62, 79
62, 79
60, 70
60, 70
59, 71
58, 72
57, 73
56, 74
55, 75
54, 76
54, 77
54, 78
54, 79
54, 79
55, 76
55, 77
55, 76
55, 76
55, 77
55, 77
55, 77
63, 71
64, 71
65, 71
66, 71
66, 71
66, 71
66, 70
66, 70
66, 71
66, 71
66, 71
63, 89
63, 89
63, 89
62, 88
62, 88
63, 89
63, 89
63, 89
63, 89
63, 89
63, 89
50, 75
51, 76
52, 77
53, 78
54, 79
55, 80
54, 80
54, 80
54, 80
52, 81
51, 80
51, 79
51, 78
51, 77
51, 76
51, 76
54, 72
55, 72
55, 72
54, 73
55, 74
55, 74
54, 75
53, 75
53, 75
51, 79
52, 79
53, 79
54, 80
54, 80
55, 79
54, 79
54, 79
55, 79
56, 79
56, 79
65, 72
65, 72
65, 72
65, 72
66, 71
66, 71
65, 72
65, 72
65, 72
65, 72
61, 60
62, 61
63, 60
63, 60
64, 61
64, 62
64, 63
64, 63
52, 81
53, 80
54, 79
55, 78
56, 78
57, 78
58, 78
58, 78
59, 80
60, 81
61, 81
61, 81
62, 82
63, 83
64, 84
63, 83
63, 83
64, 84
64, 84
63, 85
63, 85
64, 86
64, 86
71, 71
71, 71
70, 72
71, 71
71, 71
70, 72
69, 73
69, 74
69, 75
69, 75
57, 74
58, 74
59, 74
60, 75
60, 75
61, 74
62, 74
62, 74
58, 84
57, 83
57, 82
57, 82
56, 83
55, 83
54, 83
54, 83
54, 83
66, 84
66, 84
67, 83
67, 83
66, 82
65, 81
65, 81
64, 80
63, 79
62, 78
63, 77
63, 77
62, 76
62, 76
65, 75
65, 75
66, 76
66, 76
67, 77
67, 78
67, 78
67, 78
52, 75
53, 75
54, 75
55, 75
56, 75
56, 75
55, 78
56, 77
57, 76
58, 75
59, 74
60, 73
60, 73
53, 82
52, 81
52, 81
53, 80
53, 79
53, 78
53, 77
53, 77
64, 88
65, 87
66, 86
67, 85
67, 85
68, 85
68, 85
68, 85
64, 71
64, 71
65, 71
65, 71
64, 70
64, 70
63, 71
62, 72
61, 73
60, 74
59, 74
58, 74
58, 74
54, 84
55, 85
55, 85
54, 86
53, 86
53, 86
52, 86
52, 86
52, 86
52, 86
51, 87
51, 87
51, 87
67, 71
67, 71
66, 72
65, 73
64, 72
64, 72
63, 73
62, 74
62, 74
51, 55
50, 55
50, 55
49, 55
49, 55
50, 56
51, 57
52, 58
53, 59
54, 60
54, 60
63, 75
64, 76
65, 76
65, 76
66, 76
66, 76
66, 76
66, 76
66, 76
66, 76
55, 84
55, 84
54, 85
53, 86
52, 86
52, 85
52, 85
53, 86
53, 86
52, 86
52, 86
51, 85
51, 85
51, 86
51, 86
57, 80
58, 81
59, 82
60, 82
61, 82
61, 82
53, 81
52, 81
52, 81
51, 82
51, 83
52, 82
52, 82
51, 83
51, 84
51, 85
51, 86
51, 86
63, 85
64, 84
64, 84
63, 85
62, 85
61, 84
61, 84
60, 85
59, 85
58, 85
57, 85
56, 85
56, 85
63, 64
62, 65
61, 65
61, 65
60, 66
59, 67
58, 68
57, 69
56, 70
55, 71
54, 72
54, 72
68, 75
68, 75
68, 75
68, 75
69, 75
69, 75
68, 75
68, 75
68, 75
68, 75
68, 75
54, 73
55, 74
56, 75
57, 75
58, 75
58, 75
62, 78
61, 77
60, 77
59, 77
58, 77
57, 77
57, 77
58, 77
58, 77
58, 79
57, 78
57, 78
56, 79
55, 79
54, 79
54, 79
54, 75
55, 75
56, 75
57, 75
58, 75
59, 75
60, 75
61, 75
62, 75
62, 75
55, 76
55, 76
54, 77
53, 78
52, 78
52, 77
52, 77
51, 78
51, 78
61, 80
60, 81
59, 82
59, 82
58, 83
58, 83
58, 83
61, 84
62, 84
63, 84
64, 84
65, 84
64, 85
64, 85
65, 84
65, 84
66, 83
66, 83
65, 84
65, 84
68, 74
67, 74
67, 74
68, 74
68, 74
67, 73
66, 73
66, 73
65, 72
65, 72
57, 79
56, 80
55, 81
54, 82
53, 82
52, 82
52, 82
52, 82
52, 82
52, 82
52, 82
60, 81
61, 82
61, 82
60, 81
59, 80
60, 80
60, 80
59, 79
59, 79
55, 72
56, 72
57, 72
57, 73
57, 73
58, 72
59, 72
60, 72
61, 72
62, 72
62, 72
53, 81
54, 80
55, 79
56, 79
55, 79
55, 79
55, 78
55, 78
56, 79
56, 79
63, 77
64, 78
65, 79
66, 80
67, 81
66, 81
66, 81
67, 82
66, 82
66, 82
66, 82
59, 76
60, 77
61, 78
62, 79
62, 79
63, 80
64, 81
65, 82
66, 83
67, 84
68, 84
68, 84
66, 77
65, 76
64, 75
63, 75
62, 76
62, 76
62, 76
52, 85
53, 84
54, 83
55, 82
55, 82
56, 81
57, 80
58, 79
59, 78
60, 77
60, 77
67, 84
66, 84
65, 85
65, 85
64, 84
63, 84
62, 84
62, 84
65, 76
65, 76
66, 75
67, 75
68, 75
69, 75
69, 75
63, 75
64, 76
63, 76
63, 76
64, 77
65, 78
66, 79
67, 80
68, 81
68, 81
68, 81
68, 81
57, 74
58, 73
59, 72
59, 72
59, 72
59, 72
59, 72
59, 72
59, 72
59, 72
55, 78
56, 77
57, 76
58, 76
57, 77
57, 77
58, 76
59, 76
60, 76
61, 76
62, 76
62, 76
59, 77
59, 77
58, 78
58, 79
58, 80
58, 80
58, 81
58, 82
58, 83
58, 84
59, 85
59, 85
58, 84
58, 84
52, 77
52, 76
52, 75
52, 75
53, 76
53, 76
52, 75
52, 75
52, 75
52, 75
52, 75
52, 75
66, 85
66, 85
65, 84
64, 84
64, 84
65, 83
65, 82
65, 81
65, 80
65, 79
65, 79
54, 78
55, 79
56, 79
57, 79
58, 79
58, 79
52, 85
53, 84
54, 84
54, 84
54, 83
54, 82
54, 81
54, 80
54, 79
54, 78
54, 78
67, 76
66, 77
65, 76
65, 76
64, 77
63, 78
62, 79
61, 80
60, 81
59, 82
58, 83
58, 83
59, 75
60, 76
61, 77
61, 78
61, 79
61, 80
61, 80
59, 82
59, 83
59, 83
60, 82
60, 83
60, 83
61, 82
61, 81
61, 80
61, 80
64, 73
63, 74
63, 75
63, 75
62, 76
61, 77
61, 77
50, 88
50, 88
50, 87
50, 87
51, 86
52, 85
53, 84
54, 83
55, 84
55, 84
56, 83
56, 83
59, 72
60, 73
60, 73
59, 72
58, 71
57, 70
57, 70
58, 69
58, 69
57, 70
57, 70
57, 70
58, 71
58, 71
58, 71
63, 76
63, 76
62, 77
62, 78
62, 78
61, 79
60, 80
61, 81
61, 81
60, 82
60, 82
59, 83
58, 84
57, 85
57, 85
55, 61
56, 62
57, 63
58, 64
59, 65
58, 66
58, 66
59, 67
60, 68
61, 69
62, 70
62, 70
55, 85
54, 85
53, 85
52, 85
51, 85
50, 85
50, 85
50, 85
57, 86
57, 87
58, 87
58, 87
58, 88
58, 88
57, 88
58, 88
58, 88
57, 88
57, 88
57, 88
57, 88
62, 78
63, 77
63, 77
62, 78
62, 79
63, 79
63, 79
62, 80
62, 81
62, 82
62, 82
61, 73
60, 74
59, 75
60, 74
60, 74
59, 75
58, 76
57, 77
57, 77
56, 77
57, 76
57, 76
57, 76
55, 77
56, 76
57, 75
56, 76
56, 76
57, 75
58, 74
59, 74
60, 74
61, 74
61, 74
60, 73
61, 74
61, 75
61, 75
60, 76
60, 76
59, 75
59, 75
60, 76
60, 76
69, 82
69, 82
68, 81
67, 80
66, 79
65, 79
64, 79
64, 79
68, 74
68, 74
67, 75
66, 75
65, 75
64, 75
64, 75
63, 75
64, 76
64, 76
65, 75
65, 75
64, 75
65, 75
65, 75
65, 75
58, 72
58, 73
58, 74
58, 75
58, 76
58, 76
58, 77
57, 78
57, 78
57, 78
59, 80
60, 81
61, 82
62, 83
63, 84
64, 84
64, 85
64, 85
64, 85
58, 78
57, 77
56, 76
55, 75
54, 74
54, 74
59, 83
60, 82
61, 83
61, 83
62, 82
63, 81
64, 80
65, 79
65, 78
65, 78
65, 78
53, 74
54, 74
55, 74
56, 74
57, 74
57, 73
57, 73
58, 74
59, 74
59, 74
66, 80
67, 81
68, 82
69, 83
70, 83
70, 84
70, 84
70, 84
63, 83
63, 82
63, 81
63, 80
63, 79
63, 78
63, 77
63, 77
63, 77
59, 82
60, 81
61, 80
62, 79
61, 80
61, 80
62, 79
63, 78
64, 78
65, 78
65, 78
65, 81
64, 81
63, 80
63, 80
63, 81
62, 82
62, 82
63, 81
63, 81
61, 78
62, 79
63, 80
63, 79
63, 79
64, 80
64, 80
51, 84
51, 84
52, 83
53, 82
54, 81
55, 80
55, 80
54, 81
54, 81
54, 81
54, 81
54, 81
54, 81
68, 85
68, 85
68, 84
68, 83
68, 82
68, 81
68, 80
68, 79
68, 78
68, 78
61, 71
60, 72
59, 73
58, 74
59, 74
59, 74
58, 75
57, 76
56, 77
57, 76
57, 76
57, 76
55, 84
54, 85
53, 86
52, 87
51, 87
51, 87
51, 87
51, 87
60, 81
59, 81
59, 80
59, 80
58, 81
59, 81
59, 81
58, 81
57, 81
56, 81
56, 81
61, 77
62, 78
62, 78
61, 79
61, 80
61, 80
60, 81
59, 82
58, 82
58, 82
58, 82
62, 81
63, 82
64, 83
65, 84
66, 85
66, 85
57, 78
58, 77
59, 76
60, 76
60, 76
61, 75
60, 76
60, 76
61, 75
62, 75
63, 75
63, 75
63, 75
61, 77
60, 76
60, 76
59, 77
58, 78
57, 79
56, 80
55, 81
54, 81
55, 81
55, 81
55, 81
61, 77
62, 78
63, 79
63, 79
64, 80
64, 79
64, 79
65, 80
66, 81
66, 81
67, 82
67, 82
67, 82
64, 78
65, 79
66, 79
66, 79
66, 79
66, 79
66, 79
66, 79
65, 79
65, 79
65, 79
56, 77
57, 77
57, 77
56, 77
55, 77
54, 77
54, 77
55, 75
56, 76
57, 77
58, 78
59, 79
60, 80
60, 80
52, 86
52, 85
53, 86
53, 86
52, 85
51, 86
51, 86
52, 86
52, 86
52, 86
55, 80
56, 79
57, 79
58, 79
59, 78
59, 78
60, 79
61, 79
62, 79
63, 79
64, 79
64, 79
57, 87
57, 87
58, 86
58, 86
57, 87
56, 88
55, 89
55, 89
64, 79
64, 78
64, 78
63, 79
62, 80
61, 81
60, 82
59, 83
59, 84
59, 84
59, 84
62, 82
61, 83
60, 84
59, 85
59, 84
59, 84
59, 84
64, 76
65, 75
65, 75
64, 76
63, 77
63, 78
63, 78
61, 81
62, 81
62, 81
61, 80
60, 79
59, 78
58, 77
57, 76
56, 75
56, 75
58, 78
59, 78
60, 78
60, 78
60, 78
60, 78
61, 77
61, 77
60, 78
60, 78
60, 78
68, 77
68, 76
68, 77
68, 77
68, 76
68, 75
68, 74
68, 73
68, 73
68, 72
68, 72
63, 79
62, 78
61, 77
62, 78
62, 78
62, 79
62, 79
61, 78
61, 77
61, 76
61, 76
58, 75
59, 74
60, 73
59, 72
59, 72
60, 73
60, 73
61, 73
61, 73
61, 73
69, 85
70, 85
70, 85
69, 85
68, 85
68, 84
68, 84
68, 84
58, 74
58, 74
57, 74
58, 75
58, 75
57, 74
57, 74
57, 74
57, 74
57, 74
57, 74
57, 82
57, 82
57, 83
57, 83
56, 82
56, 82
56, 83
56, 83
55, 82
54, 81
53, 80
53, 80
57, 81
56, 80
55, 79
54, 79
54, 79
53, 78
52, 79
52, 79
52, 78
52, 77
52, 77
63, 78
62, 77
62, 76
62, 75
62, 74
62, 74
62, 74
62, 74
61, 75
61, 74
61, 74
60, 75
61, 75
61, 75
62, 76
62, 76
61, 77
60, 76
60, 76
59, 77
59, 77
56, 82
57, 83
58, 84
59, 85
58, 85
58, 85
59, 86
60, 87
59, 86
59, 86
60, 87
61, 87
61, 87
61, 87
62, 76
61, 77
61, 76
61, 76
60, 77
59, 78
58, 79
57, 80
56, 80
56, 80
65, 84
66, 85
66, 85
65, 84
64, 83
63, 82
62, 81
61, 80
60, 79
59, 78
58, 77
58, 77
66, 79
67, 80
68, 81
68, 82
68, 83
69, 82
69, 82
70, 81
70, 81
70, 81
63, 86
62, 87
61, 87
62, 86
62, 86
61, 87
60, 87
60, 87
63, 80
63, 81
64, 82
63, 81
62, 81
63, 82
63, 82
56, 88
56, 87
56, 86
55, 87
56, 86
55, 87
54, 86
55, 86
54, 85
54, 85
65, 80
65, 81
65, 82
64, 81
65, 80
64, 80
64, 79
65, 79
66, 79
66, 79
56, 79
56, 80
57, 80
58, 79
59, 79
58, 79
57, 80
58, 79
59, 80
59, 80
62, 72
63, 71
64, 72
64, 71
63, 70
63, 69
62, 69
61, 69
61, 69
69, 83
68, 82
67, 83
68, 83
69, 83
70, 83
71, 82
71, 83
71, 83
71, 80
72, 79
73, 79
72, 79
72, 78
72, 77
73, 78
73, 79
72, 78
73, 78
73, 78
53, 79
52, 79
51, 79
51, 78
52, 78
52, 77
51, 78
51, 79
50, 78
50, 78
68, 73
68, 74
69, 74
69, 73
70, 72
70, 72
62, 87
63, 87
62, 87
63, 88
64, 89
63, 88
62, 87
61, 87
61, 87
59, 77
58, 76
57, 76
58, 76
59, 75
60, 75
59, 75
58, 75
58, 76
59, 75
59, 75
63, 77
64, 77
65, 77
64, 76
64, 77
64, 76
63, 75
62, 75
62, 74
62, 74
68, 81
69, 80
70, 79
71, 80
72, 81
71, 80
72, 79
72, 80
72, 80
57, 73
57, 72
57, 73
57, 74
58, 73
57, 73
57, 73
51, 77
51, 78
51, 77
52, 76
52, 77
53, 76
52, 77
53, 77
53, 77
60, 85
60, 86
61, 85
62, 86
61, 86
62, 85
62, 85
60, 75
59, 74
59, 75
59, 74
59, 73
58, 72
59, 71
59, 71
53, 86
54, 87
53, 87
54, 86
55, 87
54, 86
53, 85
53, 85
60, 77
60, 76
61, 76
62, 75
61, 76
60, 75
59, 74
59, 74
57, 76
57, 75
56, 74
55, 74
55, 73
54, 74
54, 74
59, 76
58, 75
58, 76
59, 75
59, 74
60, 73
60, 73
54, 78
53, 77
52, 76
51, 76
50, 77
49, 78
49, 79
49, 78
49, 78
61, 74
62, 74
62, 75
62, 74
62, 73
62, 72
61, 72
61, 72
60, 83
60, 84
60, 83
60, 82
61, 82
61, 83
60, 84
60, 84
60, 88
61, 87
62, 88
62, 87
62, 88
61, 87
60, 86
61, 85
60, 84
60, 84
61, 81
62, 80
63, 79
62, 80
61, 80
61, 80
55, 85
55, 86
54, 87
53, 88
53, 87
53, 87
71, 82
70, 82
69, 82
70, 83
70, 82
69, 82
70, 81
70, 81
71, 73
70, 73
71, 72
72, 73
71, 73
72, 74
73, 75
73, 74
73, 73
73, 73
59, 84
59, 83
60, 83
61, 83
62, 83
61, 84
60, 83
61, 82
61, 81
61, 81
63, 81
64, 80
65, 81
65, 80
65, 81
65, 81
50, 79
51, 80
52, 80
51, 81
51, 80
51, 80
60, 71
59, 72
58, 71
59, 72
60, 72
61, 73
61, 72
60, 73
61, 73
61, 73
63, 74
63, 73
62, 74
61, 75
60, 75
59, 76
58, 76
59, 75
59, 75
60, 74
61, 74
62, 74
62, 73
62, 74
63, 73
63, 73
62, 86
61, 87
61, 88
60, 89
59, 90
58, 89
59, 90
59, 90
54, 85
54, 84
55, 85
54, 85
55, 85
55, 85
59, 72
58, 73
59, 73
58, 74
59, 73
60, 74
60, 74
66, 80
66, 79
65, 79
66, 80
67, 79
66, 80
67, 80
68, 80
68, 79
69, 79
69, 79
60, 88
60, 89
61, 90
62, 91
63, 90
62, 91
61, 91
62, 90
61, 91
60, 90
60, 90
72, 78
73, 77
73, 78
73, 79
72, 80
72, 79
72, 79
61, 84
62, 84
63, 84
63, 83
64, 83
63, 82
64, 83
65, 82
65, 82
50, 79
49, 79
50, 79
49, 79
48, 80
49, 79
49, 78
50, 79
49, 79
49, 79
60, 70
60, 69
60, 68
59, 67
60, 66
59, 66
60, 67
61, 66
61, 66
71, 79
71, 78
72, 79
71, 78
71, 79
70, 78
71, 79
70, 80
70, 80
59, 79
59, 78
58, 79
57, 78
56, 79
57, 78
58, 77
59, 76
59, 76
53, 75
53, 74
53, 73
52, 73
51, 73
50, 74
49, 74
49, 74
61, 81
62, 82
63, 82
62, 83
62, 82
62, 81
61, 82
60, 81
60, 81
58, 75
57, 75
56, 74
57, 73
56, 73
55, 73
55, 74
55, 73
55, 73
57, 74
58, 75
59, 74
58, 75
57, 74
56, 75
55, 76
55, 76
52, 77
51, 77
50, 76
51, 75
50, 74
50, 73
50, 74
50, 73
49, 74
49, 74
60, 72
60, 71
60, 70
61, 70
62, 69
62, 70
61, 71
60, 71
59, 70
59, 70
69, 79
69, 79
68, 78
68, 78
67, 77
67, 77
66, 76
65, 75
64, 74
64, 74
56, 84
57, 83
57, 83
58, 82
59, 81
59, 81
59, 81
52, 86
51, 85
50, 84
49, 83
49, 83
49, 83
48, 82
48, 82
47, 81
47, 81
58, 75
57, 74
56, 73
55, 73
54, 73
54, 73
54, 73
71, 78
70, 77
69, 76
68, 75
67, 74
66, 73
65, 72
65, 72
65, 72
58, 89
57, 88
56, 87
55, 86
54, 85
53, 84
53, 84
52, 83
51, 82
51, 82
51, 82
54, 75
54, 74
54, 73
54, 73
54, 73
54, 72
54, 71
54, 71
54, 70
54, 69
54, 69
58, 69
57, 68
57, 68
56, 67
55, 66
54, 65
54, 65
53, 64
52, 63
52, 63
52, 63
48, 74
47, 74
46, 74
45, 74
45, 74
45, 74
45, 74
45, 74
45, 74
64, 82
64, 82
63, 82
62, 82
61, 82
61, 82
61, 82
61, 82
61, 82
61, 82
50, 79
49, 78
49, 78
49, 78
49, 77
49, 76
49, 75
49, 75
49, 75
69, 80
69, 80
68, 79
67, 78
66, 77
66, 77
72, 72
71, 71
70, 70
69, 69
68, 68
68, 68
68, 68
60, 80
60, 80
60, 80
59, 79
58, 78
57, 77
57, 77
56, 76
55, 75
55, 75
64, 81
63, 80
63, 80
62, 79
62, 79
61, 78
60, 77
59, 76
58, 75
57, 74
57, 74
48, 73
47, 72
46, 71
45, 70
44, 69
44, 69
43, 68
42, 67
41, 66
41, 66
41, 66
48, 78
48, 77
48, 76
48, 75
48, 74
48, 73
48, 72
48, 71
48, 70
48, 70
48, 70
63, 73
62, 72
61, 71
60, 70
59, 69
58, 68
57, 67
57, 67
57, 67
59, 89
58, 88
57, 87
56, 86
55, 85
54, 84
54, 84
53, 83
52, 82
51, 81
51, 81
60, 76
61, 77
62, 78
63, 79
64, 80
65, 81
66, 82
67, 83
67, 83
61, 66
60, 65
59, 64
58, 63
57, 62
57, 62
56, 61
55, 60
55, 60
68, 80
67, 81
66, 82
65, 83
64, 84
63, 85
62, 85
62, 85
62, 85
62, 85
60, 72
59, 71
58, 70
57, 69
56, 68
55, 67
55, 66
55, 65
55, 64
55, 64
55, 64
59, 80
59, 80
58, 80
57, 80
56, 80
55, 80
54, 80
53, 80
53, 80
53, 80
53, 80
54, 74
53, 75
52, 75
51, 75
51, 75
51, 75
59, 75
58, 76
58, 76
57, 77
56, 78
55, 79
55, 80
55, 81
55, 82
55, 83
55, 83
52, 82
53, 83
54, 84
55, 85
56, 86
57, 87
58, 88
59, 89
60, 90
61, 91
61, 91
54, 82
54, 82
53, 81
52, 80
51, 79
51, 79
69, 67
69, 66
68, 64
67, 63
66, 62
65, 61
64, 60
63, 59
62, 58
61, 57
60, 56
59, 55
59, 53
58, 52
57, 51
56, 50
55, 50
54, 50
53, 50
52, 50
52, 50
53, 49
54, 48
54, 48
53, 49
52, 50
51, 50
50, 50
50, 50
50, 50
50, 50
50, 50
50, 74
50, 74
50, 74
49, 73
48, 72
48, 71
48, 71
48, 71
48, 70
48, 70
64, 73
63, 74
62, 75
62, 75
61, 76
61, 76
52, 79
51, 78
50, 77
49, 76
48, 75
48, 75
56, 66
55, 65
54, 64
53, 63
53, 63
53, 63
52, 62
52, 62
47, 69
46, 68
45, 67
44, 66
44, 66
43, 65
43, 65
42, 64
41, 63
40, 62
40, 62
61, 82
62, 81
63, 80
63, 80
63, 80
64, 79
65, 78
65, 77
65, 76
65, 76
57, 74
56, 73
55, 72
54, 71
53, 70
52, 69
52, 69
51, 68
51, 68
47, 81
46, 80
46, 80
46, 80
45, 79
44, 78
43, 77
43, 77
43, 77
42, 76
42, 76
61, 84
60, 83
59, 82
59, 82
59, 82
59, 82
54, 74
54, 74
53, 73
52, 72
51, 71
50, 70
49, 69
48, 68
47, 67
47, 67
47, 67
52, 81
53, 80
54, 79
55, 78
56, 77
56, 77
55, 68
56, 67
57, 66
58, 66
58, 66
59, 66
60, 66
60, 66
60, 66
60, 66
46, 73
46, 73
47, 72
48, 71
49, 70
50, 69
51, 68
52, 67
53, 66
53, 66
53, 64
53, 65
53, 66
53, 67
53, 68
53, 69
53, 69
53, 70
53, 71
53, 72
53, 72
50, 76
50, 76
51, 77
52, 78
52, 78
53, 79
53, 80
53, 81
53, 81
55, 64
54, 63
53, 62
52, 61
51, 60
50, 59
49, 58
48, 57
47, 56
46, 55
46, 55
66, 82
65, 81
64, 80
63, 79
62, 78
61, 77
60, 76
59, 75
58, 74
57, 73
57, 73
65, 76
64, 75
63, 74
63, 74
62, 73
61, 72
60, 71
59, 70
58, 69
58, 69
58, 69
60, 82
61, 83
62, 84
63, 85
64, 86
65, 87
66, 88
66, 89
66, 90
66, 91
66, 91
54, 61
54, 61
53, 62
52, 62
51, 62
51, 62
50, 62
50, 61
50, 60
50, 59
50, 58
50, 57
50, 56
50, 55
50, 54
49, 55
48, 56
48, 56
55, 72
56, 71
56, 71
56, 71
57, 70
57, 70
64, 74
63, 75
62, 76
61, 77
60, 78
59, 79
59, 80
59, 80
40, 65
39, 64
38, 63
37, 62
36, 61
35, 60
34, 59
33, 58
33, 58
41, 75
40, 74
39, 73
39, 73
38, 72
38, 72
38, 72
37, 71
37, 71
37, 71
48, 56
47, 55
47, 54
47, 53
47, 52
47, 51
47, 51
47, 50
47, 49
47, 48
47, 48
65, 90
64, 89
63, 88
62, 87
62, 87
61, 86
61, 86
61, 86
58, 81
57, 80
57, 80
57, 80
56, 79
55, 78
55, 78
55, 78
60, 75
59, 74
58, 73
57, 72
56, 71
55, 70
54, 69
53, 68
53, 68
49, 50
48, 50
48, 50
47, 50
46, 50
46, 50
55, 76
54, 75
53, 74
52, 73
51, 72
50, 72
50, 72
48, 66
48, 66
49, 65
50, 64
51, 63
52, 62
52, 62
66, 75
66, 75
67, 74
68, 73
68, 72
68, 72
68, 71
68, 71
68, 71
47, 74
46, 73
46, 73
45, 72
44, 71
43, 70
43, 70
47, 70
46, 70
46, 70
45, 70
45, 70
45, 70
41, 63
42, 64
43, 65
43, 65
44, 66
45, 67
46, 68
47, 69
47, 69
57, 73
58, 72
59, 71
60, 70
61, 69
62, 68
62, 68
62, 68
59, 70
60, 71
61, 72
62, 73
63, 74
64, 75
65, 76
65, 76
54, 71
55, 70
55, 70
56, 69
56, 69
56, 69
57, 68
57, 68
57, 68
58, 67
58, 67
52, 82
51, 83
51, 83
51, 83
50, 84
49, 85
48, 86
48, 86
49, 85
50, 84
50, 83
50, 82
50, 81
50, 80
50, 79
50, 78
50, 78
32, 57
31, 56
30, 55
29, 54
28, 53
28, 52
28, 52
52, 67
53, 66
54, 65
55, 64
56, 63
57, 62
57, 62
58, 61
59, 60
59, 60
62, 90
63, 89
63, 88
63, 87
63, 87
63, 86
63, 86
52, 65
51, 64
51, 64
50, 62
50, 61
50, 60
50, 59
50, 58
50, 57
50, 56
50, 55
50, 54
50, 53
50, 53
49, 52
48, 51
48, 51
56, 69
55, 68
54, 67
54, 67
54, 67
53, 66
53, 66
46, 55
47, 54
48, 53
49, 52
50, 51
50, 50
50, 50
50, 50
50, 50
50, 50
50, 50
50, 50
49, 51
48, 52
48, 52
53, 63
54, 64
55, 65
56, 66
57, 66
57, 66
58, 66
58, 66
59, 66
59, 66
59, 66
59, 67
58, 68
57, 69
56, 70
55, 71
54, 72
54, 72
58, 79
57, 78
56, 77
55, 76
54, 75
53, 74
53, 74
53, 73
53, 73
50, 78
49, 77
48, 76
48, 76
47, 75
46, 74
46, 74
47, 50
46, 49
45, 48
44, 47
43, 46
43, 46
44, 47
45, 48
46, 49
47, 50
48, 50
48, 50
47, 49
46, 48
45, 47
45, 47
55, 73
56, 74
57, 75
57, 75
58, 76
59, 76
60, 76
60, 76
58, 59
57, 58
56, 57
56, 57
56, 57
56, 57
55, 56
55, 56
55, 56
52, 72
52, 72
52, 72
51, 71
50, 70
49, 69
49, 68
49, 68
66, 77
66, 77
67, 78
68, 79
68, 80
68, 80
46, 47
46, 47
45, 46
44, 45
44, 45
45, 46
46, 47
47, 48
48, 49
48, 49
48, 49
29, 53
30, 54
31, 55
32, 56
33, 57
33, 57
33, 57
33, 57
49, 51
50, 50
51, 49
52, 49
52, 49
53, 49
53, 49
54, 49
54, 49
62, 85
61, 84
60, 83
59, 82
58, 81
57, 80
56, 79
56, 79
42, 71
41, 72
41, 72
40, 73
39, 74
38, 74
38, 74
38, 74
52, 69
51, 69
50, 69
49, 69
49, 69
48, 69
47, 69
47, 68
48, 67
49, 66
50, 65
50, 64
50, 63
50, 62
50, 61
50, 60
49, 61
49, 61
50, 60
50, 59
50, 58
50, 57
50, 56
50, 55
50, 55
61, 69
60, 70
59, 71
59, 71
58, 71
58, 71
57, 71
57, 71
52, 62
51, 61
50, 60
49, 59
48, 58
47, 57
46, 57
46, 56
47, 55
48, 54
49, 53
50, 52
50, 51
50, 51
68, 70
68, 69
68, 68
68, 67
68, 66
68, 66
68, 66
47, 75
48, 76
49, 77
49, 77
50, 78
51, 79
52, 80
53, 81
53, 81
54, 77
53, 76
52, 75
51, 74
51, 74
50, 73
50, 73
49, 72
48, 71
47, 70
47, 70
51, 73
52, 74
53, 75
54, 76
55, 76
55, 76
52, 65
52, 65
51, 64
50, 62
50, 61
50, 60
50, 59
50, 58
50, 57
50, 56
50, 55
49, 54
48, 53
47, 52
46, 51
46, 51
46, 51
59, 66
58, 65
57, 64
56, 63
55, 62
54, 61
53, 60
53, 60
58, 67
57, 66
56, 65
56, 65
55, 64
55, 64
60, 85
59, 84
58, 83
57, 82
56, 81
55, 80
54, 79
53, 78
53, 78
49, 77
48, 76
47, 75
46, 74
45, 73
45, 73
44, 72
43, 71
42, 70
42, 70
46, 68
46, 67
46, 66
46, 65
46, 64
46, 63
46, 63
46, 62
47, 60
48, 59
49, 58
50, 57
50, 56
50, 55
50, 54
50, 53
50, 53
50, 53
44, 69
43, 68
42, 67
41, 66
40, 65
40, 65
45, 49
44, 48
43, 47
43, 47
43, 47
44, 48
45, 49
46, 50
47, 50
48, 50
49, 50
50, 50
49, 49
49, 49
38, 70
38, 70
38, 70
38, 70
39, 69
39, 69
40, 68
41, 67
42, 66
43, 65
43, 65
56, 63
57, 62
58, 61
59, 60
60, 59
61, 58
61, 57
61, 57
67, 65
65, 63
64, 62
63, 61
62, 60
61, 59
60, 58
59, 57
58, 56
57, 55
56, 54
55, 53
53, 51
52, 50
51, 50
50, 50
50, 50
50, 50
50, 50
50, 50
50, 50
51, 49
52, 48
52, 48
52, 48
52, 48
52, 48
61, 75
61, 75
62, 74
63, 73
64, 72
65, 71
66, 70
66, 70
49, 50
49, 50
50, 51
51, 52
52, 53
53, 54
54, 54
55, 54
55, 54
49, 50
49, 50
49, 49
49, 48
49, 48
49, 48
53, 81
52, 80
51, 79
51, 79
50, 78
49, 77
49, 77
51, 54
52, 55
53, 56
54, 57
55, 58
56, 59
57, 60
58, 61
59, 62
60, 63
60, 63
45, 52
44, 53
44, 53
43, 54
42, 55
41, 56
40, 57
39, 58
39, 58
39, 58
34, 58
35, 59
35, 59
36, 60
37, 61
38, 62
39, 63
40, 64
40, 64
45, 47
46, 48
47, 49
48, 50
49, 51
50, 52
51, 53
52, 54
53, 55
53, 55
67, 79
67, 79
66, 78
65, 77
64, 76
64, 76
63, 75
62, 74
62, 74
61, 73
61, 73
55, 78
54, 77
54, 77
53, 76
53, 76
53, 76
53, 76
54, 75
53, 74
52, 73
52, 73
51, 72
50, 72
49, 72
48, 72
48, 72
56, 70
55, 69
54, 68
53, 67
52, 66
52, 66
48, 48
47, 47
46, 46
45, 45
45, 45
44, 44
43, 43
43, 43
38, 74
38, 74
37, 73
36, 72
35, 71
34, 70
34, 70
53, 60
52, 61
51, 62
50, 62
50, 61
50, 60
50, 59
50, 58
50, 57
50, 56
50, 55
50, 54
49, 55
49, 55
49, 55
44, 66
45, 67
46, 68
47, 69
48, 70
48, 70
49, 71
50, 72
50, 72
52, 77
51, 76
50, 75
49, 74
48, 73
47, 72
47, 72
47, 72
47, 72
53, 48
52, 47
51, 46
50, 45
49, 44
48, 43
47, 42
46, 41
45, 40
45, 40
47, 69
47, 68
47, 67
47, 66
47, 65
47, 65
47, 64
47, 64
47, 63
47, 63
50, 69
51, 70
52, 71
53, 71
54, 71
55, 71
55, 71
55, 71
43, 69
44, 68
44, 68
45, 67
46, 66
46, 66
47, 65
48, 64
48, 64
51, 56
52, 57
53, 58
54, 59
54, 60
54, 61
54, 61
40, 65
39, 64
39, 64
38, 64
37, 64
36, 64
35, 64
34, 64
34, 64
54, 55
53, 54
52, 53
51, 52
50, 51
49, 50
49, 50
67, 71
68, 72
68, 72
69, 73
70, 74
70, 75
70, 75
48, 73
49, 74
50, 75
51, 76
52, 77
53, 78
53, 78
53, 78
59, 62
59, 62
58, 61
57, 60
57, 60
57, 60
56, 59
56, 59
60, 58
59, 59
58, 60
57, 61
56, 62
55, 63
55, 63
51, 71
52, 70
53, 69
54, 68
55, 67
56, 66
57, 65
58, 64
59, 63
60, 62
60, 62
49, 73
50, 74
51, 75
52, 76
53, 77
54, 78
55, 79
56, 80
56, 80
50, 51
51, 52
52, 53
52, 53
53, 54
54, 55
54, 55
48, 64
49, 65
49, 66
49, 67
49, 68
49, 68
46, 41
47, 42
48, 43
48, 43
48, 43
48, 43
49, 44
50, 45
50, 45
40, 59
41, 60
41, 60
41, 60
42, 61
42, 61
42, 61
50, 49
51, 50
52, 51
53, 52
54, 53
55, 54
56, 55
57, 55
58, 55
58, 55
54, 70
53, 69
52, 68
51, 67
50, 66
49, 65
48, 64
48, 64
47, 63
46, 62
46, 62
33, 65
32, 66
31, 67
30, 68
29, 69
29, 69
51, 65
50, 64
50, 62
50, 61
50, 60
50, 59
50, 58
49, 57
48, 56
48, 56
52, 54
51, 53
50, 52
49, 51
49, 51
48, 50
48, 50
53, 49
54, 50
54, 50
53, 50
52, 50
51, 50
50, 50
50, 50
50, 50
50, 50
51, 51
52, 52
52, 52
53, 53
53, 53
54, 55
53, 56
52, 56
51, 56
50, 56
49, 56
48, 56
47, 56
46, 56
46, 56
35, 71
36, 72
37, 73
38, 74
39, 75
40, 76
41, 77
41, 77
48, 56
47, 57
47, 57
48, 56
49, 55
50, 54
50, 53
50, 52
50, 51
50, 50
50, 50
50, 50
49, 51
48, 52
48, 52
47, 53
46, 54
46, 54
46, 54
60, 74
59, 75
58, 76
57, 77
57, 77
56, 78
55, 79
55, 79
53, 76
53, 76
53, 76
52, 75
51, 74
51, 74
47, 64
47, 64
46, 64
46, 64
45, 64
44, 64
44, 64
43, 64
42, 64
41, 64
41, 64
39, 65
38, 66
37, 67
36, 68
35, 69
34, 70
34, 71
34, 71
34, 71
50, 78
50, 78
51, 79
52, 80
53, 81
54, 82
55, 83
56, 84
57, 85
58, 86
58, 86
44, 44
45, 45
46, 46
46, 46
47, 47
47, 47
53, 60
52, 59
52, 59
51, 58
50, 57
49, 56
48, 55
47, 54
47, 54
55, 79
54, 78
53, 77
52, 76
51, 75
50, 74
50, 74
56, 59
55, 58
54, 57
54, 57
53, 56
53, 56
59, 85
60, 84
61, 83
61, 83
61, 83
62, 82
63, 81
63, 80
63, 80
55, 79
54, 78
53, 77
53, 77
53, 77
53, 77
47, 49
47, 49
46, 48
45, 47
45, 47
44, 46
44, 46
45, 47
46, 48
47, 49
48, 50
48, 50
47, 53
48, 52
48, 52
49, 51
49, 51
50, 50
50, 50
45, 61
45, 59
46, 58
47, 57
48, 56
49, 55
50, 54
50, 53
50, 52
49, 51
49, 51
48, 50
47, 49
46, 48
45, 47
45, 47
46, 46
45, 45
44, 44
44, 44
44, 44
43, 43
42, 42
42, 42
42, 78
43, 79
44, 80
45, 81
46, 82
46, 82
46, 82
49, 44
48, 43
47, 42
47, 42
46, 41
45, 40
45, 40
49, 68
48, 67
47, 67
46, 67
45, 67
44, 67
43, 67
43, 67
42, 67
42, 67
50, 73
49, 72
48, 71
47, 70
47, 68
48, 67
49, 66
50, 65
50, 64
50, 63
50, 62
50, 61
50, 60
49, 59
48, 58
47, 57
46, 56
46, 56
44, 61
45, 60
46, 59
47, 58
48, 57
49, 58
50, 59
51, 60
52, 61
53, 62
54, 63
54, 63
54, 63
70, 75
69, 76
69, 76
69, 76
68, 77
67, 78
67, 78
66, 79
65, 80
65, 80
65, 80
60, 62
59, 61
58, 60
57, 59
57, 59
56, 58
55, 57
55, 57
53, 56
52, 57
51, 58
51, 58
50, 59
49, 60
49, 60
50, 59
50, 58
50, 57
50, 56
49, 57
49, 57
54, 54
55, 55
56, 56
56, 56
57, 57
57, 57
58, 58
58, 58
58, 58
46, 53
46, 53
45, 52
44, 51
43, 50
42, 49
42, 49
42, 49
30, 68
30, 68
31, 68
31, 68
32, 68
33, 68
34, 68
35, 68
36, 68
37, 68
37, 68
54, 62
53, 61
52, 60
52, 60
52, 60
52, 60
52, 60
51, 59
51, 59
40, 65
40, 65
39, 66
38, 67
38, 67
38, 67
37, 68
37, 68
47, 57
48, 58
48, 58
48, 58
49, 59
49, 59
53, 78
54, 79
55, 80
56, 81
57, 82
58, 83
58, 83
48, 56
49, 57
50, 58
51, 59
52, 60
53, 61
54, 62
54, 62
33, 70
32, 69
32, 69
31, 68
30, 67
30, 67
29, 66
29, 65
29, 65
29, 65
57, 56
57, 56
56, 56
55, 56
54, 56
53, 56
53, 56
54, 55
53, 56
53, 55
53, 54
54, 54
53, 55
53, 54
53, 54
45, 81
44, 81
44, 80
43, 81
42, 80
42, 80
46, 57
47, 56
47, 57
47, 58
48, 59
49, 58
48, 58
47, 57
47, 57
50, 57
50, 56
49, 56
48, 55
47, 56
48, 57
47, 58
48, 58
48, 58
37, 69
38, 69
37, 70
36, 69
37, 68
36, 68
35, 68
35, 68
42, 68
43, 69
42, 68
43, 67
44, 67
45, 68
45, 67
45, 68
45, 69
45, 69
56, 57
57, 57
57, 56
56, 55
57, 55
58, 54
58, 53
58, 54
58, 54
51, 74
51, 73
50, 74
50, 75
50, 76
50, 77
49, 76
49, 76
53, 57
52, 58
53, 58
54, 57
55, 57
55, 57
41, 50
42, 49
41, 48
40, 49
41, 48
40, 48
41, 48
42, 48
42, 48
50, 60
51, 61
52, 62
53, 61
52, 62
51, 61
50, 62
51, 62
51, 62
46, 39
45, 38
46, 39
45, 39
46, 38
46, 39
47, 38
47, 38
64, 80
63, 80
62, 80
61, 79
61, 80
61, 81
62, 82
61, 83
61, 83
42, 43
43, 43
42, 42
41, 42
41, 41
41, 41
59, 82
59, 81
58, 82
59, 82
58, 82
57, 82
58, 82
58, 82
37, 69
38, 70
37, 71
37, 72
36, 73
36, 73
53, 63
54, 64
54, 65
54, 64
55, 63
55, 64
56, 65
57, 66
57, 66
50, 58
51, 59
50, 59
49, 60
50, 60
51, 60
50, 60
49, 60
49, 60
46, 46
46, 45
47, 46
46, 47
45, 48
45, 49
45, 50
45, 50
47, 51
46, 52
46, 51
47, 52
48, 51
48, 51
30, 66
29, 65
30, 64
31, 65
31, 66
31, 65
31, 65
52, 77
53, 77
53, 78
54, 78
55, 77
55, 77
50, 51
51, 51
50, 51
49, 52
50, 52
51, 52
50, 51
50, 52
50, 53
50, 53
55, 62
54, 63
54, 64
54, 65
54, 64
53, 65
52, 66
52, 66
57, 57
57, 58
58, 57
59, 57
58, 56
58, 57
58, 57
64, 81
65, 81
66, 82
67, 82
68, 83
69, 84
69, 84
56, 66
56, 65
57, 65
57, 64
56, 63
57, 63
58, 64
58, 65
58, 65
58, 53
57, 53
56, 54
55, 53
56, 53
56, 54
56, 54
34, 69
34, 68
34, 67
33, 68
34, 69
33, 68
32, 69
33, 69
33, 70
34, 71
34, 71
46, 51
45, 52
45, 53
46, 54
46, 55
47, 56
48, 56
49, 57
49, 57
59, 57
60, 58
59, 58
58, 59
57, 58
56, 58
55, 59
55, 60
55, 60
48, 52
49, 52
48, 53
47, 52
47, 51
47, 51
52, 65
53, 64
52, 63
52, 62
52, 61
52, 61
52, 61
51, 60
50, 60
51, 59
52, 60
53, 59
54, 58
54, 57
54, 57
36, 74
36, 75
37, 74
37, 73
37, 72
38, 72
38, 71
39, 70
39, 69
39, 69
49, 52
50, 52
49, 53
49, 54
48, 53
49, 52
49, 52
32, 66
31, 67
31, 68
31, 67
32, 68
31, 69
31, 69
68, 85
69, 86
68, 86
69, 85
70, 86
69, 86
69, 87
69, 86
68, 86
68, 87
68, 87
41, 80
42, 80
43, 80
43, 80
62, 84
61, 85
60, 84
61, 84
62, 85
62, 84
62, 84
46, 56
47, 57
46, 57
47, 56
48, 56
47, 57
47, 57
49, 58
48, 58
49, 58
48, 58
47, 58
47, 57
47, 57
44, 68
43, 67
42, 67
43, 67
42, 67
42, 66
43, 66
43, 67
43, 67
48, 75
47, 74
48, 75
47, 74
48, 75
48, 76
47, 77
47, 77
56, 76
57, 75
57, 76
56, 75
56, 74
56, 73
57, 73
56, 72
56, 72
59, 82
59, 83
59, 82
58, 82
57, 82
58, 83
58, 82
58, 81
58, 80
58, 80
52, 55
53, 56
54, 55
55, 55
54, 54
54, 55
54, 55
41, 42
42, 43
42, 42
42, 41
43, 40
44, 40
45, 40
46, 39
45, 39
45, 39
43, 48
42, 47
43, 47
44, 48
43, 47
42, 48
43, 47
43, 46
44, 46
44, 47
44, 47
48, 39
48, 40
48, 39
48, 38
47, 39
46, 38
45, 38
45, 38
56, 57
55, 56
55, 55
56, 54
57, 53
56, 53
57, 53
57, 53
50, 59
50, 60
50, 59
49, 60
50, 60
51, 60
51, 61
50, 61
50, 61
51, 61
52, 60
52, 59
53, 59
52, 59
52, 60
53, 59
53, 59
56, 60
55, 60
54, 61
55, 60
56, 59
57, 59
56, 59
56, 58
56, 59
55, 58
55, 58
67, 88
68, 89
69, 90
70, 91
70, 92
70, 93
69, 92
68, 93
68, 93
46, 39
47, 38
47, 39
47, 40
48, 41
47, 41
48, 42
48, 42
50, 51
51, 52
52, 53
51, 52
50, 51
49, 50
49, 49
50, 49
49, 50
50, 50
50, 50
45, 38
46, 39
46, 38
46, 37
45, 36
45, 37
45, 38
44, 37
43, 37
43, 38
43, 38
39, 68
38, 69
37, 68
37, 67
36, 67
35, 66
34, 67
35, 68
35, 68
33, 70
34, 71
35, 70
36, 69
37, 69
38, 68
38, 68
46, 52
46, 53
45, 54
44, 55
44, 54
43, 54
44, 53
44, 53
44, 81
43, 81
44, 80
44, 81
43, 81
44, 80
44, 80
57, 81
56, 81
56, 82
56, 83
55, 83
55, 82
55, 82
47, 58
48, 59
49, 58
48, 59
49, 59
48, 58
49, 58
49, 59
49, 59
46, 78
47, 79
48, 80
47, 79
48, 79
48, 78
49, 78
50, 79
50, 79
44, 48
43, 47
44, 46
45, 46
44, 45
43, 46
44, 46
43, 47
43, 47
54, 56
55, 55
55, 54
56, 54
55, 54
56, 55
56, 55
53, 56
54, 56
55, 56
56, 57
56, 56
55, 56
54, 55
55, 55
55, 56
54, 55
54, 55
51, 62
52, 61
52, 60
53, 61
53, 60
52, 60
51, 60
51, 60
57, 53
56, 54
57, 55
58, 54
57, 54
57, 55
57, 56
56, 55
56, 54
56, 54
31, 70
32, 71
33, 70
32, 69
32, 70
33, 70
34, 71
35, 72
36, 71
35, 70
35, 70
58, 66
57, 66
57, 65
57, 66
57, 65
57, 66
56, 67
56, 67
49, 58
50, 57
50, 58
49, 57
50, 58
49, 59
50, 58
50, 58
63, 83
64, 82
64, 81
65, 80
65, 79
65, 79
58, 53
58, 54
58, 53
57, 54
57, 53
58, 53
57, 53
56, 53
57, 53
57, 53
55, 73
56, 73
57, 72
57, 73
56, 72
56, 72
47, 58
47, 59
48, 58
48, 59
47, 59
47, 58
47, 59
47, 59
42, 68
43, 69
43, 70
42, 69
43, 69
43, 69
56, 53
57, 54
56, 54
55, 55
55, 56
56, 55
57, 55
56, 55
56, 56
55, 56
55, 56
49, 78
50, 78
50, 77
51, 78
52, 78
53, 79
52, 80
53, 80
52, 81
52, 81
49, 60
49, 61
49, 60
50, 59
51, 59
50, 58
50, 57
51, 58
51, 58
51, 61
50, 62
49, 61
50, 60
49, 61
49, 61
64, 79
64, 80
65, 80
65, 81
66, 80
67, 79
68, 78
67, 78
67, 78
54, 58
54, 59
54, 60
53, 61
53, 60
52, 61
52, 62
53, 61
52, 62
52, 62
48, 58
47, 59
48, 59
49, 60
48, 59
48, 60
47, 59
47, 58
47, 58
67, 94
67, 95
68, 95
69, 94
70, 93
70, 94
70, 95
70, 95
47, 43
46, 42
46, 43
47, 42
47, 41
46, 41
46, 41
55, 56
55, 55
56, 56
55, 57
54, 58
54, 58
36, 68
35, 68
34, 69
34, 68
33, 68
34, 67
33, 66
34, 66
34, 66
42, 70
42, 71
41, 70
42, 69
41, 69
42, 68
43, 67
44, 66
44, 65
44, 65
55, 66
54, 67
55, 68
55, 67
56, 67
57, 66
58, 65
59, 64
59, 64
56, 59
55, 60
55, 61
55, 62
56, 61
57, 62
57, 63
58, 63
58, 62
57, 61
57, 61
54, 81
54, 80
55, 80
56, 79
56, 78
55, 78
55, 78
45, 81
45, 80
46, 81
47, 81
48, 81
47, 81
48, 82
48, 82
50, 59
49, 58
50, 58
51, 58
51, 57
52, 58
51, 58
51, 59
52, 60
53, 60
53, 60
39, 68
38, 69
39, 68
38, 67
38, 66
37, 67
38, 66
38, 66
51, 49
52, 48
52, 49
51, 48
50, 47
50, 47
56, 53
55, 53
54, 54
53, 53
54, 54
53, 54
53, 55
54, 56
54, 57
54, 57
43, 53
43, 52
44, 53
45, 52
46, 51
47, 51
48, 50
47, 50
48, 50
49, 50
49, 50
44, 38
43, 39
42, 39
43, 38
42, 38
41, 39
42, 38
42, 39
41, 38
42, 39
42, 39
44, 47
43, 46
44, 47
43, 47
42, 47
42, 48
42, 48
53, 54
53, 53
52, 53
53, 52
52, 51
53, 50
52, 50
52, 50
36, 70
37, 71
36, 71
36, 72
36, 71
36, 72
37, 72
38, 72
38, 71
38, 71
55, 72
55, 71
55, 70
54, 69
53, 68
54, 69
55, 70
56, 71
56, 72
56, 72
51, 46
51, 47
50, 47
49, 46
50, 47
51, 47
51, 48
50, 48
51, 47
51, 47
52, 82
52, 81
53, 80
54, 81
53, 81
52, 81
52, 80
53, 81
54, 82
54, 83
54, 83
43, 66
42, 67
43, 67
44, 68
44, 69
43, 69
43, 69
43, 48
44, 49
45, 50
45, 49
44, 49
44, 50
44, 50
38, 72
37, 71
38, 71
37, 70
37, 71
38, 70
39, 70
40, 71
39, 72
39, 71
39, 71
48, 60
47, 59
47, 58
46, 57
47, 57
46, 57
47, 58
47, 58
45, 40
44, 41
43, 41
44, 42
45, 43
44, 42
43, 43
44, 43
44, 43
58, 61
59, 60
60, 59
59, 59
60, 58
61, 58
60, 57
60, 57
51, 62
52, 61
53, 61
53, 62
53, 63
52, 62
51, 61
51, 61
53, 50
52, 49
52, 50
53, 49
52, 48
52, 49
53, 48
52, 48
53, 47
52, 48
52, 48
50, 51
50, 50
49, 51
49, 50
48, 49
48, 50
48, 51
49, 50
49, 49
49, 49
56, 71
57, 72
56, 72
55, 73
56, 74
57, 73
58, 74
58, 74
66, 79
65, 79
64, 79
65, 79
66, 78
66, 77
66, 78
65, 79
66, 78
65, 78
65, 78
35, 65
35, 66
34, 67
33, 68
33, 69
32, 69
32, 69
55, 58
54, 59
53, 60
52, 61
53, 60
52, 59
52, 59
55, 56
56, 57
56, 58
55, 59
56, 60
57, 61
58, 61
57, 60
57, 60
37, 67
37, 66
37, 67
36, 66
35, 66
34, 67
34, 66
33, 67
32, 66
32, 67
32, 67
58, 64
59, 64
60, 63
59, 62
60, 63
60, 64
59, 64
59, 64
48, 59
49, 59
48, 58
48, 57
47, 57
47, 56
47, 55
47, 56
47, 56
52, 59
53, 58
53, 57
53, 56
52, 57
52, 56
51, 55
51, 55
41, 38
40, 37
41, 38
41, 37
41, 38
42, 38
42, 38
53, 59
52, 59
53, 58
53, 57
52, 56
52, 56
55, 55
54, 56
53, 55
53, 54
52, 53
51, 53
51, 52
51, 52
49, 82
50, 82
50, 83
49, 83
50, 83
49, 82
49, 82
69, 94
68, 93
67, 94
66, 95
65, 94
65, 93
66, 94
65, 94
65, 94
55, 77
56, 78
55, 79
56, 80
57, 79
58, 79
58, 79
64, 94
65, 94
64, 95
65, 94
66, 95
67, 96
67, 95
66, 94
66, 95
65, 96
65, 96
31, 66
30, 66
30, 67
31, 66
32, 65
33, 66
34, 66
34, 67
33, 67
33, 67
46, 56
46, 57
47, 57
47, 58
48, 57
47, 57
47, 56
47, 56
45, 44
46, 44
45, 44
44, 43
43, 42
43, 42
40, 71
41, 70
41, 69
41, 68
40, 67
41, 68
40, 69
41, 69
41, 69
50, 47
51, 47
51, 48
50, 48
49, 47
49, 47
42, 37
43, 36
42, 35
42, 34
42, 33
42, 32
41, 32
41, 31
41, 31
54, 84
54, 83
53, 84
53, 85
54, 85
53, 85
54, 84
54, 84
49, 83
50, 84
51, 84
52, 84
53, 85
52, 84
52, 84
66, 77
65, 77
65, 76
65, 75
65, 76
66, 77
67, 76
68, 77
67, 78
67, 78
46, 57
46, 56
47, 55
47, 54
48, 54
49, 54
49, 55
48, 56
47, 57
47, 58
47, 58
50, 61
49, 60
48, 60
49, 60
49, 59
49, 59
51, 56
51, 57
52, 56
53, 55
52, 55
53, 54
53, 53
53, 53
52, 60
53, 60
54, 61
53, 61
53, 62
52, 61
51, 61
51, 62
51, 63
51, 63
56, 59
55, 59
54, 58
53, 59
52, 60
52, 60
58, 78
57, 79
57, 78
56, 79
57, 78
58, 78
57, 77
57, 77
58, 65
57, 65
57, 66
57, 65
56, 65
57, 65
57, 66
56, 66
56, 66
60, 58
61, 58
62, 59
63, 59
63, 60
62, 60
62, 60
59, 75
60, 74
61, 73
60, 74
60, 75
61, 75
61, 74
61, 75
60, 74
61, 73
61, 73
50, 48
51, 48
52, 48
52, 49
52, 50
53, 50
52, 49
53, 48
52, 49
53, 48
53, 48
45, 50
44, 49
43, 50
44, 50
43, 49
43, 48
44, 49
45, 49
44, 49
45, 48
45, 48
42, 69
41, 69
42, 70
41, 71
40, 70
41, 69
41, 69
33, 70
33, 69
33, 68
33, 69
34, 70
34, 71
34, 71
51, 47
51, 48
50, 47
51, 48
52, 49
52, 48
52, 48
53, 56
54, 56
53, 55
54, 55
54, 54
53, 54
54, 54
55, 55
55, 55
52, 51
53, 50
52, 51
51, 51
52, 50
52, 50
48, 57
48, 58
47, 58
48, 59
49, 60
49, 59
50, 60
49, 60
50, 61
50, 61
52, 47
53, 48
54, 49
55, 50
54, 50
55, 49
54, 50
54, 49
54, 50
54, 50
42, 68
43, 69
42, 68
41, 68
41, 67
42, 66
43, 65
43, 64
44, 64
44, 64
51, 49
52, 48
51, 47
50, 46
49, 45
50, 45
51, 46
51, 46
45, 47
45, 46
45, 47
44, 47
44, 48
45, 48
44, 47
44, 47
52, 53
52, 54
51, 55
52, 54
51, 53
50, 54
51, 53
52, 54
52, 54
49, 46
49, 47
48, 46
48, 45
48, 44
48, 44
55, 85
56, 86
55, 86
54, 87
53, 87
54, 88
54, 88
53, 60
54, 61
53, 61
52, 62
52, 63
52, 63
32, 68
31, 67
30, 67
31, 67
31, 68
32, 69
31, 69
31, 70
31, 69
31, 69
54, 54
53, 54
54, 54
54, 53
53, 52
52, 53
53, 54
53, 54
64, 95
65, 96
65, 95
64, 95
64, 94
64, 95
63, 95
64, 95
64, 94
63, 93
63, 93
42, 41
41, 41
42, 41
42, 42
42, 41
42, 41
35, 71
36, 71
35, 70
36, 70
36, 69
37, 69
37, 69
49, 60
50, 60
49, 61
50, 61
50, 62
51, 63
51, 63
63, 59
64, 60
63, 59
64, 59
65, 59
64, 60
65, 59
65, 59
57, 66
56, 67
56, 68
56, 69
56, 70
57, 70
58, 69
57, 70
57, 70
51, 49
50, 50
50, 51
49, 50
49, 49
48, 48
48, 48
60, 72
60, 71
61, 72
60, 73
59, 72
58, 71
59, 70
59, 69
58, 69
59, 68
59, 68
52, 63
51, 64
52, 65
51, 64
52, 63
52, 62
53, 61
54, 60
55, 60
56, 59
56, 59
52, 83
53, 83
53, 82
54, 82
55, 82
56, 83
55, 82
55, 81
55, 81
46, 57
47, 56
46, 56
47, 55
48, 55
49, 55
48, 55
48, 54
49, 54
49, 54
42, 31
43, 30
43, 29
43, 28
42, 28
41, 29
42, 30
42, 30
58, 78
58, 77
57, 78
57, 77
56, 78
56, 79
57, 79
57, 80
57, 79
56, 80
56, 80
67, 77
66, 76
67, 75
68, 74
67, 74
66, 74
66, 75
66, 75
42, 70
43, 69
44, 70
43, 70
44, 69
45, 70
44, 71
43, 71
43, 71
42, 71
43, 71
44, 70
43, 70
43, 71
44, 71
45, 70
45, 71
44, 70
45, 71
45, 71
55, 89
56, 88
56, 89
57, 88
56, 88
57, 87
58, 87
59, 87
58, 87
57, 86
57, 86
64, 59
63, 59
62, 58
62, 59
61, 58
60, 59
60, 59
48, 49
49, 48
49, 49
48, 49
49, 49
50, 48
50, 48
50, 55
51, 55
51, 54
50, 55
49, 56
50, 56
50, 55
50, 55
36, 68
37, 69
37, 68
36, 69
37, 69
38, 70
38, 70
48, 45
49, 46
48, 47
48, 48
48, 49
47, 49
48, 50
48, 50
30, 70
30, 69
31, 70
31, 69
32, 70
32, 70
54, 80
55, 81
55, 80
56, 80
55, 79
55, 80
54, 80
53, 79
52, 78
52, 78
53, 62
54, 62
54, 61
54, 60
55, 61
54, 60
53, 59
53, 59
41, 41
42, 42
41, 42
41, 41
42, 40
42, 40
64, 92
64, 91
63, 90
64, 90
65, 90
66, 91
65, 91
66, 90
65, 89
65, 89
59, 67
59, 66
59, 67
58, 68
59, 67
58, 67
57, 68
57, 67
57, 68
57, 68
66, 76
66, 77
65, 78
66, 78
65, 78
64, 79
64, 78
63, 79
63, 79
56, 58
57, 58
57, 57
58, 58
57, 59
57, 59
53, 53
52, 53
52, 54
53, 55
52, 55
51, 54
51, 55
51, 56
50, 56
50, 56
43, 30
44, 31
44, 30
44, 31
43, 31
44, 30
44, 30
52, 45
51, 46
52, 45
53, 44
53, 43
53, 44
54, 45
55, 44
55, 44
57, 80
56, 80
56, 79
56, 78
55, 79
56, 78
56, 78
53, 51
53, 50
52, 51
52, 52
53, 53
53, 53
51, 54
51, 53
51, 52
51, 53
51, 54
50, 55
51, 54
52, 53
52, 53
58, 69
58, 70
59, 70
60, 70
61, 71
62, 70
63, 70
64, 70
64, 69
63, 68
63, 68
52, 63
53, 62
53, 61
54, 61
53, 61
54, 62
53, 62
54, 61
53, 60
53, 60
45, 47
46, 46
46, 45
47, 45
47, 46
48, 45
47, 44
48, 44
49, 43
50, 42
50, 42
45, 65
44, 64
44, 63
45, 62
45, 63
46, 62
45, 62
46, 62
45, 61
45, 61
49, 60
50, 61
50, 60
50, 61
49, 61
50, 60
50, 60
49, 51
49, 50
50, 49
49, 48
48, 47
48, 48
49, 49
49, 49
49, 56
50, 57
49, 58
48, 58
49, 57
48, 56
47, 55
47, 55
42, 41
43, 42
44, 42
45, 43
44, 44
45, 45
46, 45
45, 44
46, 44
46, 44
62, 80
61, 79
60, 80
60, 79
61, 78
61, 78
56, 77
55, 76
54, 77
55, 77
56, 78
57, 78
57, 78
58, 68
57, 68
56, 67
57, 68
56, 67
56, 66
57, 66
57, 66
53, 77
52, 78
51, 77
51, 76
51, 75
50, 76
50, 76
57, 87
58, 87
58, 86
58, 85
57, 85
58, 85
58, 85
49, 55
48, 56
47, 55
46, 55
47, 55
47, 56
47, 57
47, 58
48, 57
48, 57
54, 59
53, 59
53, 60
54, 61
55, 60
55, 61
55, 62
55, 62
52, 60
51, 61
52, 61
51, 61
50, 61
50, 61
64, 67
65, 66
66, 66
66, 65
66, 66
66, 66
39, 70
39, 69
40, 69
40, 68
41, 69
42, 69
42, 69
44, 31
45, 31
46, 31
45, 31
45, 30
44, 31
43, 31
44, 31
43, 30
43, 31
43, 31
33, 71
34, 71
34, 72
33, 72
32, 72
31, 72
31, 72
49, 59
48, 59
49, 58
48, 57
49, 56
49, 56
54, 45
54, 44
55, 45
55, 46
55, 45
54, 46
54, 46
64, 89
63, 89
63, 90
64, 89
64, 90
63, 90
62, 89
61, 88
61, 88
53, 54
54, 53
55, 54
56, 55
57, 56
58, 56
59, 57
58, 58
59, 59
59, 59
59, 59
60, 59
61, 59
61, 60
60, 59
59, 58
60, 59
59, 58
58, 57
58, 56
58, 56
58, 58
57, 59
56, 58
55, 57
56, 56
56, 57
55, 56
54, 57
55, 58
56, 57
56, 57
52, 54
51, 54
51, 53
52, 52
51, 53
50, 53
49, 54
50, 53
50, 54
50, 55
50, 55
49, 42
48, 43
47, 42
46, 41
47, 41
47, 40
48, 39
49, 40
49, 39
49, 39
49, 49
49, 50
50, 50
51, 50
52, 49
52, 48
53, 48
53, 48
44, 72
44, 73
45, 73
44, 72
43, 71
44, 71
44, 71
44, 62
45, 63
44, 64
45, 63
46, 64
45, 63
45, 62
45, 61
45, 62
45, 62
44, 32
44, 31
44, 32
45, 33
44, 34
45, 34
44, 35
44, 35
61, 89
60, 88
61, 89
61, 88
62, 88
63, 88
64, 87
63, 88
62, 88
63, 89
63, 89
58, 66
58, 67
57, 66
57, 65
56, 64
57, 63
56, 64
57, 64
58, 64
59, 63
59, 63
59, 84
60, 84
61, 84
62, 85
63, 85
63, 86
64, 85
64, 84
64, 84
50, 50
49, 51
50, 52
51, 51
52, 50
53, 51
53, 51
47, 56
46, 57
47, 56
46, 55
45, 54
44, 55
45, 54
45, 54
47, 54
48, 55
48, 56
47, 56
46, 57
47, 58
47, 57
48, 58
48, 58
56, 58
56, 57
56, 56
56, 55
55, 54
55, 53
54, 53
53, 52
54, 51
54, 51
43, 71
43, 72
43, 73
42, 72
41, 73
42, 73
43, 73
43, 73
46, 62
46, 63
45, 64
44, 63
44, 64
44, 64
53, 47
53, 48
53, 49
54, 49
54, 50
54, 51
54, 50
53, 50
52, 51
52, 51
31, 73
32, 72
31, 71
30, 71
31, 72
31, 72
57, 77
56, 77
57, 76
57, 75
57, 76
56, 77
57, 78
56, 78
57, 79
57, 79
51, 60
51, 61
51, 62
52, 62
52, 61
53, 61
53, 61
60, 59
60, 58
61, 59
61, 60
61, 61
61, 61
50, 55
51, 54
51, 53
50, 54
50, 53
49, 53
49, 53
49, 76
49, 77
50, 78
50, 79
50, 78
49, 79
48, 80
47, 80
47, 79
47, 80
47, 80
49, 56
50, 56
49, 56
49, 55
48, 54
48, 54
54, 63
53, 62
52, 61
53, 62
52, 61
53, 61
54, 61
54, 61
67, 67
68, 67
67, 68
66, 68
67, 67
67, 68
67, 69
66, 69
65, 68
65, 67
65, 67
62, 78
61, 79
62, 79
63, 78
63, 77
63, 77
58, 55
57, 54
58, 54
58, 55
57, 55
57, 56
57, 57
57, 56
57, 56
48, 38
47, 39
47, 38
47, 37
47, 36
46, 36
47, 37
47, 37
46, 45
45, 46
44, 47
45, 46
46, 47
47, 46
46, 47
46, 47
53, 47
54, 48
53, 48
52, 47
51, 48
50, 47
49, 46
48, 45
49, 44
48, 45
48, 45
43, 70
44, 69
44, 70
43, 70
44, 70
44, 70
63, 88
62, 89
62, 88
61, 88
61, 87
61, 88
61, 87
62, 88
63, 87
63, 87
58, 63
58, 64
59, 64
58, 63
59, 62
59, 61
59, 61
53, 50
52, 51
51, 52
52, 51
52, 50
51, 51
51, 51
49, 44
48, 43
49, 43
49, 44
48, 43
49, 42
49, 42
31, 73
30, 72
30, 73
31, 73
30, 73
30, 73
52, 62
53, 63
52, 63
51, 64
52, 64
51, 64
50, 65
50, 66
50, 66
51, 52
52, 53
53, 53
52, 53
51, 54
52, 54
52, 55
52, 54
53, 54
53, 54
63, 84
64, 83
64, 82
64, 81
65, 80
66, 81
66, 80
67, 81
66, 80
66, 80
58, 55
57, 56
57, 55
58, 56
57, 56
57, 57
56, 57
56, 58
57, 59
57, 59
45, 63
46, 62
45, 62
45, 63
44, 64
45, 65
46, 64
46, 65
45, 66
45, 66
64, 77
63, 77
63, 76
64, 77
65, 76
65, 76
43, 72
44, 73
43, 74
44, 73
43, 72
43, 71
43, 72
43, 72
44, 53
44, 52
43, 52
43, 51
43, 52
43, 51
42, 52
41, 51
40, 51
40, 51
62, 62
63, 62
63, 63
62, 62
63, 63
63, 64
62, 63
62, 63
58, 78
58, 77
57, 77
57, 76
56, 75
56, 75
55, 62
54, 63
54, 64
55, 65
55, 66
55, 66
49, 58
48, 59
49, 59
50, 59
51, 59
51, 59
64, 66
64, 65
63, 64
64, 63
64, 62
65, 61
66, 61
66, 62
67, 62
68, 62
68, 62
47, 48
47, 47
48, 47
47, 47
48, 48
48, 48
44, 69
43, 69
43, 68
44, 67
43, 66
42, 65
42, 65
52, 51
51, 51
52, 51
51, 52
50, 51
51, 52
51, 52
48, 52
48, 53
49, 54
48, 55
49, 55
48, 56
49, 57
50, 56
50, 57
49, 58
49, 58
47, 53
48, 53
47, 54
46, 54
45, 54
46, 53
45, 54
46, 54
47, 55
47, 55
47, 81
48, 82
48, 83
48, 82
47, 81
47, 80
47, 80
48, 36
48, 37
49, 38
49, 37
49, 36
49, 36
45, 36
44, 36
43, 37
44, 37
44, 38
44, 37
44, 37
66, 77
66, 76
67, 76
67, 77
66, 76
66, 76
48, 47
47, 47
48, 46
47, 47
46, 47
45, 46
46, 45
45, 46
46, 46
47, 47
47, 47
48, 55
47, 54
48, 53
49, 52
48, 52
47, 51
47, 51
48, 80
47, 79
48, 78
47, 77
46, 78
45, 77
46, 78
46, 78
50, 58
50, 59
49, 58
50, 57
49, 56
48, 57
47, 58
47, 58
41, 65
40, 65
39, 66
38, 66
38, 65
38, 65
50, 37
51, 38
52, 38
51, 38
51, 39
52, 39
52, 40
52, 40
52, 52
53, 52
52, 53
53, 52
52, 53
52, 53
58, 60
59, 60
60, 61
59, 61
59, 62
60, 63
59, 62
60, 63
61, 64
62, 65
62, 65
58, 58
57, 57
56, 57
55, 58
56, 57
57, 56
57, 56
41, 52
40, 52
40, 51
39, 50
38, 50
39, 51
40, 51
39, 52
38, 52
39, 52
39, 52
52, 51
53, 52
54, 51
53, 50
52, 49
53, 48
52, 49
52, 50
52, 49
52, 49
57, 76
58, 76
57, 76
58, 76
58, 75
57, 74
57, 73
58, 72
59, 71
59, 71
45, 37
44, 36
43, 37
43, 38
44, 37
44, 37
52, 53
52, 54
53, 54
52, 54
51, 53
50, 53
50, 53
50, 43
51, 42
50, 43
50, 42
49, 42
50, 41
49, 40
49, 40
51, 67
50, 66
50, 65
49, 64
48, 64
48, 64
61, 64
61, 65
62, 64
62, 63
61, 64
61, 65
62, 65
61, 66
62, 65
62, 65
44, 73
43, 73
43, 74
43, 73
43, 74
44, 73
43, 74
44, 75
44, 76
45, 76
45, 76
50, 59
51, 60
50, 60
50, 59
50, 58
50, 59
51, 58
51, 57
51, 56
52, 57
52, 57
68, 61
67, 62
66, 62
65, 63
64, 62
65, 63
65, 63
56, 65
55, 64
56, 64
57, 63
57, 64
58, 65
58, 65
66, 81
65, 80
66, 81
66, 82
65, 81
65, 80
64, 80
63, 80
62, 79
62, 79
64, 88
63, 88
63, 87
63, 86
62, 87
61, 86
61, 86
31, 72
31, 73
32, 72
31, 72
30, 72
29, 71
29, 71
46, 67
47, 68
48, 68
49, 69
49, 68
49, 69
49, 70
50, 70
51, 69
50, 70
50, 70
47, 65
46, 65
45, 64
44, 64
44, 63
43, 64
42, 63
41, 63
40, 62
40, 62
49, 53
48, 52
47, 53
46, 53
47, 53
48, 54
48, 55
48, 56
47, 56
48, 55
48, 55
48, 57
48, 58
47, 58
48, 59
48, 58
47, 57
47, 58
46, 57
47, 56
46, 57
46, 57
50, 69
51, 69
51, 70
50, 69
49, 68
48, 68
47, 68
47, 68
50, 41
51, 41
50, 40
49, 41
48, 42
48, 42
58, 64
59, 65
60, 66
61, 67
62, 66
63, 66
63, 66
53, 39
54, 38
53, 39
52, 40
51, 39
51, 40
50, 39
50, 40
50, 39
50, 39
66, 63
65, 63
64, 64
63, 64
64, 64
65, 63
66, 63
66, 62
66, 62
58, 71
59, 71
58, 71
58, 70
59, 70
58, 69
57, 68
57, 68
28, 70
27, 69
27, 70
27, 71
27, 70
26, 71
26, 71
47, 79
48, 79
49, 79
48, 80
47, 80
48, 79
48, 80
48, 79
48, 79
51, 56
52, 55
53, 54
52, 55
51, 54
52, 54
53, 55
52, 55
53, 55
52, 54
52, 54
67, 76
68, 75
69, 74
70, 75
69, 76
70, 75
69, 75
70, 76
70, 75
70, 75
48, 46
49, 46
48, 46
47, 47
47, 46
47, 45
48, 45
47, 46
46, 45
46, 45
48, 50
49, 49
48, 49
47, 50
48, 50
49, 50
50, 51
51, 51
51, 51
63, 64
64, 63
65, 63
65, 62
66, 62
66, 62
61, 66
60, 67
59, 67
58, 68
59, 67
58, 66
58, 65
59, 64
60, 63
61, 64
61, 64
44, 38
44, 39
44, 38
44, 37
44, 36
45, 36
46, 37
45, 37
45, 37
63, 78
62, 78
63, 79
64, 79
64, 78
65, 77
66, 76
66, 76
51, 50
51, 51
52, 50
53, 49
53, 48
53, 49
53, 49
52, 54
53, 53
52, 52
53, 53
53, 52
52, 51
52, 51
39, 65
40, 65
41, 64
42, 64
43, 64
43, 64
45, 77
44, 76
45, 76
44, 77
45, 77
46, 76
47, 77
46, 76
46, 76
62, 86
61, 87
61, 88
61, 89
61, 90
60, 91
60, 91
40, 53
39, 53
40, 53
41, 53
40, 53
41, 53
42, 53
43, 53
43, 54
43, 54
56, 55
56, 56
55, 55
55, 56
54, 56
54, 57
54, 57
51, 40
50, 40
50, 40
51, 41
52, 42
51, 41
51, 41
52, 41
52, 41
52, 42
52, 42
53, 43
54, 44
55, 45
55, 45
53, 52
52, 53
52, 53
53, 54
54, 55
54, 55
55, 56
56, 57
56, 58
56, 59
56, 60
56, 61
56, 61
53, 55
54, 56
55, 57
56, 58
56, 59
56, 59
56, 60
56, 61
56, 62
56, 63
56, 64
56, 64
48, 69
49, 70
50, 71
51, 72
52, 73
53, 74
53, 74
59, 90
58, 89
57, 88
56, 87
55, 86
54, 85
54, 85
54, 85
41, 61
41, 61
43, 63
44, 64
45, 65
46, 66
47, 67
48, 68
49, 69
48, 68
48, 68
48, 68
64, 67
65, 67
65, 67
65, 66
65, 66
65, 67
65, 68
64, 68
64, 68
65, 69
65, 70
65, 71
65, 72
65, 72
47, 79
47, 79
46, 79
46, 79
47, 78
48, 77
49, 76
50, 75
51, 74
52, 73
53, 73
53, 73
51, 52
51, 53
51, 54
51, 55
51, 56
51, 57
51, 58
51, 59
51, 60
51, 60
47, 46
48, 45
48, 45
49, 46
50, 47
51, 48
52, 49
53, 50
53, 50
54, 51
53, 50
53, 50
53, 50
69, 76
68, 77
68, 76
68, 76
67, 77
66, 78
66, 78
65, 63
64, 64
63, 64
63, 64
62, 65
61, 66
60, 67
60, 67
59, 68
58, 69
57, 70
57, 70
65, 77
64, 78
64, 78
63, 79
62, 80
61, 81
60, 82
59, 83
58, 84
57, 85
57, 85
27, 72
28, 73
29, 74
30, 75
29, 76
29, 76
30, 77
30, 77
65, 63
65, 63
67, 65
68, 66
69, 67
69, 68
69, 69
69, 70
69, 71
69, 72
69, 73
69, 74
70, 73
70, 73
69, 74
69, 75
70, 75
70, 75
70, 75
44, 55
46, 57
47, 58
48, 59
49, 60
50, 61
50, 62
50, 63
50, 64
50, 65
50, 66
50, 67
50, 68
49, 68
49, 68
49, 67
49, 67
50, 68
50, 69
50, 69
44, 65
44, 65
45, 66
46, 67
47, 68
48, 69
49, 70
49, 70
49, 56
50, 57
51, 58
51, 57
51, 57
52, 58
52, 58
53, 59
53, 59
49, 43
50, 44
50, 45
50, 46
50, 46
50, 47
49, 48
49, 48
49, 48
47, 77
48, 78
49, 79
50, 80
51, 81
51, 82
51, 83
51, 84
51, 85
51, 86
51, 86
55, 58
55, 59
55, 60
56, 60
56, 60
55, 61
55, 61
55, 62
56, 61
56, 61
55, 62
55, 63
55, 64
55, 64
62, 65
63, 64
63, 64
63, 65
64, 66
64, 66
63, 67
62, 66
62, 66
63, 67
63, 68
63, 68
58, 68
58, 68
59, 69
60, 70
60, 70
59, 71
59, 72
59, 73
59, 74
59, 75
58, 74
58, 74
58, 74
47, 58
48, 59
49, 60
50, 61
51, 62
52, 63
52, 64
52, 64
53, 65
53, 64
53, 64
54, 65
54, 65
54, 50
56, 52
56, 53
56, 54
56, 55
56, 56
56, 57
56, 58
56, 59
56, 59
46, 38
45, 37
45, 37
46, 38
45, 37
45, 37
46, 38
46, 38
55, 86
56, 87
56, 87
57, 88
58, 89
58, 89
57, 89
57, 89
57, 89
57, 89
57, 89
55, 65
55, 64
55, 64
54, 65
54, 66
54, 67
54, 67
50, 49
49, 49
49, 49
50, 50
51, 51
52, 52
53, 53
53, 54
53, 54
53, 54
64, 73
63, 74
62, 75
61, 76
60, 77
61, 77
61, 77
60, 78
60, 79
60, 79
59, 80
59, 80
47, 39
48, 40
49, 41
50, 42
51, 43
52, 44
53, 45
54, 46
56, 48
57, 49
58, 50
59, 51
60, 52
61, 53
62, 54
63, 55
63, 56
63, 56
58, 84
59, 83
60, 82
60, 81
60, 80
60, 79
60, 78
60, 78
60, 78
70, 74
70, 74
69, 73
68, 72
69, 73
69, 73
70, 72
70, 72
69, 72
68, 72
67, 72
66, 72
66, 72
50, 71
51, 72
52, 73
53, 74
54, 75
55, 76
56, 77
57, 78
57, 78
56, 46
57, 47
58, 48
59, 49
61, 51
62, 52
63, 53
64, 54
65, 55
66, 56
65, 56
65, 56
66, 57
67, 58
68, 59
68, 59
54, 51
54, 50
54, 50
54, 51
54, 51
54, 53
54, 54
54, 55
54, 56
54, 57
54, 58
54, 59
54, 60
53, 59
53, 59
54, 60
54, 61
54, 61
57, 60
57, 60
58, 61
59, 62
58, 61
58, 61
59, 62
58, 62
58, 62
58, 63
58, 63
58, 64
58, 64
58, 64
56, 69
56, 69
57, 70
58, 71
57, 70
57, 70
58, 71
59, 72
59, 72
57, 60
58, 61
59, 62
60, 63
61, 64
62, 65
63, 64
63, 64
63, 63
63, 63
63, 63
52, 85
53, 84
54, 83
55, 82
56, 81
56, 81
53, 66
54, 65
54, 65
53, 66
53, 67
53, 68
53, 69
53, 69
64, 69
65, 70
65, 69
65, 69
64, 69
64, 69
65, 70
64, 70
64, 70
64, 70
31, 76
32, 75
33, 74
34, 73
34, 73
35, 72
35, 71
35, 71
35, 71
57, 73
56, 72
55, 71
54, 71
53, 71
53, 71
53, 71
53, 71
49, 69
50, 69
50, 69
51, 70
52, 71
53, 72
54, 73
55, 74
56, 75
56, 75
51, 69
51, 69
52, 70
53, 71
52, 71
52, 71
53, 72
54, 73
54, 74
54, 74
55, 75
55, 74
55, 74
55, 74
65, 79
66, 80
66, 80
65, 81
64, 82
63, 83
62, 84
61, 85
60, 86
60, 86
60, 86
52, 75
52, 76
52, 77
52, 78
52, 79
52, 80
52, 80
54, 60
55, 61
54, 60
54, 60
55, 61
55, 60
55, 60
55, 61
55, 62
55, 62
56, 65
56, 65
57, 66
58, 67
59, 68
60, 69
61, 70
62, 71
63, 71
64, 72
64, 72
65, 71
65, 71
53, 74
53, 75
53, 76
53, 76
53, 76
53, 76
53, 76
52, 75
52, 75
53, 76
53, 76
53, 76
52, 61
52, 62
52, 63
52, 64
52, 65
52, 66
53, 67
53, 67
52, 68
52, 68
67, 60
66, 61
65, 62
66, 61
66, 61
65, 62
64, 63
63, 64
63, 64
53, 79
53, 79
52, 78
52, 78
51, 79
50, 79
50, 79
51, 80
51, 81
51, 81
51, 80
51, 80
51, 80
64, 57
65, 58
66, 59
66, 58
66, 58
67, 59
68, 60
69, 61
69, 61
60, 73
61, 74
62, 75
61, 76
61, 76
62, 75
62, 75
58, 81
58, 82
57, 82
57, 82
58, 83
58, 84
58, 84
53, 77
53, 77
54, 78
55, 79
56, 80
57, 81
58, 82
59, 83
60, 84
61, 84
61, 84
53, 70
53, 71
53, 72
53, 73
53, 74
53, 75
53, 76
52, 76
52, 76
52, 76
62, 64
61, 65
60, 66
59, 67
59, 67
58, 68
58, 68
54, 72
55, 71
55, 71
56, 72
57, 73
58, 74
59, 75
60, 76
61, 77
61, 77
51, 69
51, 69
52, 70
53, 71
54, 72
55, 73
56, 74
57, 75
58, 76
58, 76
56, 63
57, 64
58, 65
59, 65
59, 65
60, 66
60, 65
60, 65
60, 64
60, 64
61, 65
62, 66
63, 67
63, 67
59, 79
60, 79
60, 79
59, 80
58, 81
59, 82
59, 82
58, 82
58, 82
57, 83
56, 83
56, 83
55, 84
55, 84
36, 72
37, 73
38, 74
39, 75
40, 76
41, 77
42, 78
42, 78
57, 79
57, 79
56, 79
57, 79
57, 79
56, 79
55, 79
56, 79
56, 79
55, 79
55, 79
55, 62
56, 63
57, 64
57, 63
57, 63
58, 64
59, 65
60, 66
60, 66
61, 85
62, 84
63, 83
64, 82
65, 81
66, 80
67, 79
67, 79
58, 88
59, 88
60, 88
61, 88
61, 88
62, 88
63, 88
64, 88
65, 88
65, 89
65, 89
66, 88
66, 88
65, 71
66, 72
67, 72
67, 72
67, 73
67, 74
67, 75
66, 76
66, 76
67, 77
67, 78
67, 78
65, 73
65, 72
65, 72
64, 73
63, 74
62, 75
61, 76
61, 76
59, 65
60, 66
61, 67
62, 68
63, 69
64, 70
63, 69
63, 69
64, 70
65, 71
65, 71
56, 75
57, 75
58, 75
59, 75
60, 75
60, 75
60, 75
56, 76
56, 76
57, 75
57, 74
57, 73
57, 72
57, 72
57, 72
55, 68
55, 69
55, 69
56, 70
57, 71
58, 72
59, 73
60, 74
61, 75
62, 76
62, 76
57, 80
58, 79
58, 79
59, 80
59, 80
59, 79
59, 78
59, 78
54, 55
53, 56
53, 56
54, 57
55, 57
55, 57
56, 58
56, 58
57, 59
58, 60
58, 60
58, 60
66, 72
67, 73
67, 74
67, 75
67, 76
66, 76
66, 76
67, 77
67, 78
67, 79
67, 80
67, 80
59, 61
60, 62
61, 63
62, 64
61, 65
61, 65
62, 66
62, 66
52, 79
53, 78
54, 77
55, 76
56, 75
57, 74
58, 74
59, 74
59, 74
60, 74
61, 74
61, 74
64, 65
64, 64
64, 64
63, 65
63, 65
64, 66
65, 67
66, 68
66, 68
60, 77
60, 78
60, 79
60, 80
61, 81
61, 81
60, 80
60, 80
60, 81
60, 81
60, 81
61, 77
60, 78
59, 78
60, 79
60, 79
61, 80
61, 80
60, 79
60, 79
59, 78
59, 78
59, 78
59, 78
59, 78
58, 79
58, 79
58, 79
58, 79
58, 79
59, 79
59, 79
59, 79
65, 87
64, 86
63, 85
62, 84
62, 85
62, 85
61, 84
60, 83
59, 82
58, 81
57, 80
57, 80
66, 78
65, 77
64, 76
63, 75
62, 75
61, 75
60, 75
59, 75
58, 75
57, 75
57, 75
63, 76
63, 77
63, 78
63, 79
63, 79
63, 80
63, 80
63, 79
63, 79
63, 79
57, 77
57, 78
57, 79
57, 80
57, 81
57, 81
61, 75
61, 75
60, 76
59, 77
58, 78
57, 79
56, 80
55, 81
54, 82
54, 82
60, 78
60, 79
60, 80
60, 80
59, 81
59, 81
60, 81
60, 81
60, 81
60, 81
62, 68
62, 69
61, 68
61, 68
62, 69
62, 70
62, 71
62, 72
61, 71
61, 71
62, 72
62, 72
56, 78
57, 78
57, 78
58, 77
59, 76
60, 75
61, 74
62, 73
63, 73
64, 73
64, 73
68, 61
68, 61
67, 62
66, 63
65, 64
64, 65
64, 65
66, 72
67, 73
67, 73
67, 72
67, 72
67, 72
67, 73
67, 73
67, 72
67, 72
59, 69
60, 70
60, 71
60, 72
60, 73
60, 74
61, 74
61, 74
60, 75
60, 76
60, 76
67, 79
67, 80
67, 81
66, 81
66, 81
67, 82
67, 82
43, 79
44, 80
45, 81
46, 82
47, 83
47, 83
58, 71
59, 70
60, 70
61, 70
62, 70
63, 70
63, 70
66, 79
65, 78
64, 77
63, 76
62, 75
61, 74
60, 73
60, 73
56, 85
56, 85
57, 84
58, 83
59, 82
60, 81
60, 81
61, 80
62, 80
63, 80
64, 80
64, 80
59, 83
60, 82
61, 81
62, 80
63, 79
64, 78
65, 77
66, 76
67, 75
67, 75
59, 67
58, 68
57, 69
56, 70
55, 70
55, 70
54, 71
53, 72
52, 73
53, 72
53, 72
52, 73
52, 73
60, 83
59, 82
58, 83
58, 83
57, 82
58, 83
58, 83
58, 84
58, 84
59, 84
59, 84
59, 84
53, 77
54, 77
55, 77
55, 77
55, 77
55, 77
54, 76
54, 76
55, 77
55, 77
56, 81
55, 82
54, 83
53, 84
52, 85
51, 86
51, 87
51, 87
66, 76
65, 77
64, 78
63, 78
62, 79
62, 79
61, 78
60, 78
60, 78
63, 66
62, 67
63, 66
63, 66
62, 67
61, 68
60, 69
59, 70
58, 71
58, 71
48, 82
49, 81
50, 80
49, 79
49, 79
50, 78
51, 77
52, 76
52, 76
58, 76
59, 77
60, 78
61, 79
62, 80
63, 80
64, 80
64, 80
64, 80
60, 77
61, 76
62, 75
63, 74
64, 74
65, 74
66, 74
66, 74
64, 71
63, 71
63, 71
64, 70
64, 70
65, 71
66, 72
66, 73
66, 73
62, 78
61, 77
62, 77
62, 77
62, 76
62, 76
61, 75
62, 74
62, 74
61, 74
60, 74
60, 74
60, 74
61, 73
60, 74
59, 75
58, 75
57, 75
57, 75
61, 82
62, 83
62, 84
62, 84
63, 83
64, 83
65, 83
65, 84
65, 84
65, 83
65, 83
61, 67
60, 68
59, 69
58, 70
57, 71
56, 72
55, 73
54, 74
53, 75
53, 75
63, 79
63, 78
63, 77
63, 76
62, 75
62, 75
63, 75
63, 75
63, 74
63, 73
63, 73
63, 73
63, 73
60, 75
60, 75
59, 76
58, 77
57, 78
56, 79
55, 80
54, 81
54, 81
56, 82
56, 83
56, 84
56, 85
56, 86
56, 87
55, 87
55, 87
56, 88
56, 88
56, 88
60, 79
60, 79
60, 80
60, 80
59, 79
58, 78
57, 77
57, 77
55, 83
56, 84
57, 85
58, 86
59, 87
60, 88
60, 88
56, 76
57, 75
58, 75
59, 75
60, 75
61, 75
60, 74
60, 74
61, 75
61, 75
67, 81
67, 81
68, 82
68, 82
67, 83
67, 82
67, 82
66, 83
67, 84
67, 84
66, 84
65, 84
64, 84
65, 85
65, 85
65, 85
62, 75
63, 76
64, 76
64, 76
65, 77
65, 78
65, 79
66, 80
66, 80
65, 81
65, 82
65, 83
65, 83
59, 74
58, 75
57, 75
57, 75
56, 76
55, 77
54, 77
54, 77
54, 77
54, 77
59, 81
59, 81
58, 81
58, 81
59, 82
60, 83
61, 84
61, 84
61, 84
61, 84
65, 69
64, 70
63, 71
62, 72
61, 73
60, 74
59, 75
59, 75
63, 74
62, 75
61, 75
60, 75
59, 75
58, 75
57, 75
56, 75
55, 75
55, 75
53, 74
52, 75
52, 75
53, 76
54, 77
55, 77
54, 76
54, 76
55, 77
56, 77
57, 77
57, 77
66, 73
65, 74
65, 73
65, 73
66, 73
66, 73
67, 72
67, 72
66, 73
66, 73
60, 83
61, 82
61, 81
61, 80
62, 79
62, 79
61, 78
61, 77
61, 76
61, 75
61, 75
67, 72
68, 71
69, 70
69, 70
69, 70
69, 70
69, 70
69, 70
69, 70
69, 70
52, 88
53, 89
54, 89
55, 89
56, 89
56, 89
65, 75
65, 75
66, 76
66, 77
66, 77
66, 77
66, 77
66, 77
65, 76
65, 76
65, 76
66, 82
67, 82
67, 82
68, 81
68, 80
68, 79
68, 78
68, 78
54, 76
55, 77
56, 78
57, 79
58, 80
58, 81
57, 81
57, 81
58, 82
58, 82
59, 71
60, 71
61, 71
62, 71
62, 71
62, 71
62, 71
62, 71
62, 71
62, 71
62, 71
55, 87
54, 86
53, 85
53, 84
53, 83
53, 82
53, 82
53, 82
53, 82
53, 82
53, 82
55, 78
56, 79
57, 80
58, 81
59, 82
59, 82
60, 83
61, 84
61, 84
56, 76
56, 76
57, 77
58, 78
59, 79
58, 79
58, 79
59, 80
60, 81
59, 82
59, 82
60, 83
60, 83
59, 87
58, 86
57, 87
57, 87
56, 86
55, 85
54, 84
54, 84
64, 79
64, 79
63, 80
62, 80
63, 80
63, 80
62, 80
61, 80
61, 80
61, 80
58, 78
59, 79
59, 80
59, 80
60, 81
61, 82
61, 82
65, 72
64, 72
63, 72
62, 73
62, 73
61, 72
60, 72
59, 72
58, 72
59, 71
59, 71
59, 71
64, 74
65, 75
66, 76
66, 75
66, 75
67, 76
67, 76
53, 77
53, 76
53, 76
54, 77
55, 78
56, 79
57, 80
58, 81
59, 82
59, 82
61, 75
62, 76
63, 77
64, 76
64, 76
65, 77
65, 77
60, 76
59, 77
58, 78
58, 79
58, 80
58, 81
58, 82
58, 82
60, 83
59, 82
58, 81
57, 82
57, 82
58, 81
58, 81
58, 81
55, 80
56, 79
56, 78
56, 77
56, 76
56, 76
60, 76
60, 77
60, 78
60, 79
60, 80
60, 81
60, 82
60, 83
60, 84
60, 84
60, 75
61, 75
61, 75
60, 75
61, 74
61, 74
60, 75
60, 75
64, 82
63, 82
62, 82
61, 82
61, 82
61, 82
61, 82
61, 82
56, 76
56, 77
56, 77
57, 78
58, 79
59, 79
59, 79
58, 76
59, 75
60, 74
61, 74
62, 74
62, 74
59, 77
58, 76
57, 75
56, 74
55, 73
54, 72
53, 71
52, 70
52, 70
64, 86
65, 85
65, 85
64, 86
63, 87
64, 88
64, 88
63, 89
63, 89
66, 77
65, 78
64, 79
63, 80
63, 81
63, 81
63, 82
63, 82
63, 82
60, 83
59, 84
59, 84
60, 84
59, 83
59, 83
60, 84
59, 83
59, 83
60, 84
61, 84
61, 84
59, 82
60, 83
61, 84
62, 85
62, 85
63, 84
64, 84
64, 84
67, 79
66, 80
65, 81
64, 82
63, 82
63, 82
62, 83
61, 84
60, 85
59, 86
59, 87
59, 87
60, 80
61, 81
62, 82
63, 83
64, 84
63, 83
63, 83
64, 84
64, 84
61, 72
60, 72
60, 72
59, 73
59, 73
60, 74
60, 75
60, 76
60, 77
60, 78
60, 77
60, 77
60, 78
60, 78
59, 83
59, 82
59, 82
59, 83
59, 83
60, 84
60, 85
60, 86
60, 87
60, 88
60, 88
60, 88
64, 78
63, 79
62, 80
61, 80
60, 80
60, 80
60, 80
60, 80
60, 80
60, 80
60, 80
60, 83
59, 83
58, 83
57, 83
56, 83
55, 83
55, 83
55, 83
55, 83
55, 83
55, 83
60, 74
60, 74
60, 75
60, 75
60, 74
61, 75
61, 75
60, 74
59, 74
59, 74
58, 73
58, 73
57, 74
57, 74
57, 74
62, 81
63, 80
63, 80
62, 80
62, 80
62, 79
62, 78
62, 77
62, 76
62, 76
52, 71
51, 70
51, 70
52, 71
53, 71
53, 71
52, 72
52, 73
52, 74
52, 74
52, 73
52, 73
52, 73
55, 83
56, 82
57, 82
56, 82
56, 82
57, 82
57, 83
57, 83
57, 82
57, 82
58, 82
59, 81
59, 81
60, 82
60, 82
60, 72
61, 73
62, 74
63, 75
64, 76
64, 76
64, 76
63, 76
62, 76
61, 76
60, 76
59, 76
58, 76
57, 76
56, 76
56, 76
56, 76
60, 83
59, 82
58, 81
57, 80
56, 79
55, 78
54, 77
53, 76
52, 75
51, 74
51, 74
61, 83
62, 84
62, 84
63, 83
62, 82
62, 82
63, 81
64, 80
64, 81
64, 81
64, 81
63, 75
63, 76
63, 76
63, 76
63, 76
63, 76
63, 76
63, 76
63, 76
63, 76
57, 81
57, 80
57, 79
57, 79
58, 80
58, 80
58, 80
60, 82
59, 81
59, 81
60, 80
60, 79
60, 78
60, 77
60, 76
60, 76
60, 81
61, 80
61, 80
60, 81
59, 82
58, 83
59, 84
59, 84
58, 85
57, 86
57, 86
56, 87
55, 88
55, 88
55, 75
54, 74
53, 73
52, 72
51, 72
50, 72
50, 72
50, 72
50, 72
50, 72
50, 72
54, 81
55, 80
56, 79
57, 78
58, 77
58, 77
59, 76
60, 75
61, 74
61, 73
61, 73
57, 88
58, 87
59, 86
60, 85
61, 84
62, 83
62, 82
62, 82
62, 82
62, 82
62, 88
61, 87
62, 87
62, 87
61, 86
60, 86
59, 86
58, 86
57, 86
57, 86
68, 71
67, 71
67, 71
66, 71
66, 71
67, 72
67, 73
67, 74
67, 75
67, 76
67, 76
67, 76
59, 81
58, 80
59, 81
59, 81
58, 81
58, 81
57, 80
56, 79
55, 78
54, 77
54, 76
54, 75
54, 75
57, 85
57, 85
57, 85
56, 86
56, 86
57, 85
57, 85
57, 85
57, 85
57, 85
57, 85
57, 85
63, 85
62, 86
61, 86
62, 87
62, 87
61, 86
61, 86
60, 83
59, 82
58, 81
57, 81
57, 81
56, 80
55, 79
54, 78
53, 77
52, 77
52, 77
52, 74
52, 74
53, 75
54, 76
55, 77
54, 76
54, 76
55, 77
56, 78
56, 78
66, 77
66, 78
66, 78
65, 78
64, 78
63, 78
62, 78
62, 78
61, 78
60, 78
59, 78
58, 78
58, 78
63, 80
62, 79
61, 78
61, 77
61, 76
61, 75
61, 75
61, 75
56, 87
57, 86
56, 85
56, 85
57, 84
58, 83
59, 82
60, 81
61, 81
62, 81
62, 81
62, 81
56, 74
56, 74
55, 73
55, 73
56, 74
57, 75
58, 76
59, 77
60, 78
61, 79
61, 79
60, 87
60, 86
60, 87
60, 87
61, 86
61, 86
60, 85
59, 84
59, 84
59, 84
62, 83
63, 82
63, 82
62, 83
63, 82
63, 82
64, 81
64, 81
63, 82
63, 82
52, 75
53, 76
54, 76
55, 76
56, 76
57, 76
58, 76
59, 76
59, 76
64, 75
64, 75
65, 76
66, 76
66, 76
67, 77
68, 78
69, 79
69, 79
68, 79
68, 79
69, 80
69, 80
51, 71
51, 71
50, 71
50, 71
51, 72
50, 71
50, 71
51, 72
51, 72
54, 84
54, 84
54, 84
54, 84
54, 84
54, 84
54, 84
54, 84
63, 77
63, 78
63, 78
62, 77
62, 77
63, 78
63, 78
57, 77
58, 78
59, 79
60, 80
61, 81
62, 82
63, 82
63, 82
63, 83
63, 83
63, 84
63, 85
63, 85
60, 86
61, 87
61, 87
60, 86
60, 85
60, 85
60, 85
60, 86
60, 86
60, 85
61, 84
61, 84
61, 84
65, 75
65, 75
64, 76
63, 77
62, 78
62, 79
61, 78
61, 78
62, 79
62, 80
62, 80
61, 79
61, 78
61, 77
61, 76
61, 75
61, 74
61, 73
61, 73
61, 73
61, 83
60, 84
59, 85
59, 86
59, 86
59, 86
63, 83
62, 82
61, 81
62, 82
62, 82
61, 82
61, 82
60, 81
61, 81
61, 81
60, 80
59, 79
59, 79
59, 77
58, 77
57, 77
56, 78
56, 78
55, 77
54, 77
54, 77
54, 77
60, 74
60, 74
61, 75
62, 76
63, 76
64, 76
64, 76
58, 79
58, 78
58, 77
58, 77
58, 77
58, 77
58, 77
58, 77
58, 77
59, 77
58, 77
57, 77
56, 77
55, 77
55, 77
53, 76
54, 76
53, 77
53, 76
52, 77
52, 76
52, 77
51, 78
52, 78
53, 79
53, 79
60, 75
61, 74
62, 74
63, 75
62, 74
63, 74
62, 74
62, 74
60, 83
59, 84
59, 85
58, 85
58, 86
59, 86
59, 85
58, 86
57, 85
58, 86
58, 86
59, 80
60, 79
60, 80
61, 81
61, 80
62, 80
62, 80
60, 80
59, 79
58, 79
59, 79
58, 78
57, 79
58, 79
57, 78
56, 77
56, 77
64, 85
65, 84
66, 84
65, 85
66, 85
67, 85
68, 84
68, 84
60, 85
59, 84
58, 83
57, 82
57, 81
56, 82
57, 81
56, 80
56, 80
64, 78
65, 78
66, 77
65, 77
65, 76
65, 77
65, 78
64, 79
63, 78
62, 77
62, 77
55, 76
56, 76
55, 77
55, 78
54, 79
54, 79
58, 77
58, 76
57, 76
56, 75
55, 75
56, 74
55, 74
55, 74
61, 81
62, 81
62, 82
62, 81
61, 82
62, 82
63, 82
63, 82
70, 80
69, 81
68, 81
69, 81
69, 80
68, 80
68, 79
68, 78
67, 77
68, 78
68, 78
62, 81
61, 80
62, 80
63, 79
62, 80
62, 80
50, 72
51, 73
52, 72
51, 72
50, 73
51, 74
50, 73
51, 73
51, 73
60, 74
60, 73
59, 73
60, 72
61, 73
60, 74
60, 75
60, 75
54, 76
55, 77
54, 77
54, 78
55, 79
56, 80
55, 80
55, 80
61, 74
61, 75
60, 74
60, 73
59, 73
59, 72
59, 71
58, 71
58, 72
58, 72
61, 85
60, 86
59, 86
60, 86
59, 86
60, 87
61, 88
61, 88
61, 80
62, 80
63, 81
64, 82
64, 83
64, 83
53, 83
54, 83
55, 82
54, 83
55, 83
55, 82
55, 82
57, 79
56, 78
55, 79
54, 78
55, 79
55, 80
55, 80
56, 76
55, 77
56, 76
56, 75
57, 75
56, 75
56, 74
57, 75
57, 75
58, 86
58, 87
58, 86
59, 87
60, 88
61, 87
61, 87
58, 76
58, 75
58, 74
57, 74
57, 73
57, 74
56, 73
56, 73
63, 75
64, 76
64, 75
63, 75
63, 76
62, 77
61, 78
61, 79
60, 78
60, 78
62, 87
62, 86
61, 86
61, 87
60, 86
59, 85
59, 85
54, 79
53, 78
54, 78
55, 78
55, 77
55, 78
55, 77
54, 77
54, 77
54, 74
55, 74
55, 75
55, 76
55, 75
54, 76
55, 75
54, 74
53, 75
53, 75
56, 81
56, 82
56, 81
57, 80
56, 79
57, 78
56, 77
56, 76
55, 77
55, 77
54, 80
53, 79
54, 80
53, 81
54, 81
53, 81
52, 82
53, 83
52, 82
52, 82
56, 72
57, 72
56, 72
57, 71
58, 71
57, 72
57, 71
58, 72
58, 72
68, 79
67, 79
67, 78
66, 78
65, 77
65, 78
66, 79
65, 80
66, 79
67, 79
67, 79
65, 84
64, 84
65, 83
64, 84
64, 83
63, 82
63, 82
61, 76
62, 76
63, 76
63, 75
64, 76
64, 77
65, 78
65, 78
60, 89
61, 88
62, 89
63, 90
62, 91
63, 92
63, 93
62, 94
63, 94
63, 94
59, 71
59, 72
60, 72
60, 73
61, 72
61, 73
62, 74
61, 74
61, 75
61, 75
63, 79
62, 80
63, 81
62, 80
63, 80
62, 81
61, 80
61, 80
59, 77
58, 76
59, 76
58, 76
59, 76
59, 75
58, 74
59, 75
59, 76
59, 76
54, 80
53, 80
52, 79
53, 78
53, 79
53, 80
54, 79
53, 79
53, 79
55, 79
56, 79
56, 78
55, 79
55, 78
55, 78
57, 77
57, 76
57, 75
58, 74
58, 73
58, 73
59, 85
58, 85
57, 84
56, 84
55, 84
54, 83
54, 84
54, 84
63, 80
64, 81
64, 82
65, 83
66, 83
66, 83
61, 77
60, 77
59, 78
60, 77
59, 78
58, 78
59, 77
59, 77
55, 83
56, 83
57, 84
58, 84
57, 84
58, 85
59, 86
59, 86
62, 73
63, 72
64, 73
63, 72
62, 71
62, 71
68, 85
69, 84
68, 84
67, 83
67, 84
67, 83
67, 83
58, 86
58, 87
57, 86
56, 85
55, 86
54, 87
53, 86
53, 86
62, 83
62, 82
62, 81
61, 80
60, 80
61, 80
61, 79
61, 79
62, 86
63, 87
62, 87
63, 86
62, 86
62, 87
63, 88
63, 87
64, 88
65, 87
65, 87
57, 74
58, 73
57, 74
58, 75
57, 74
56, 75
57, 74
58, 73
57, 72
56, 73
56, 73
50, 72
51, 71
51, 72
50, 71
51, 71
52, 72
51, 72
51, 72
62, 78
63, 77
64, 76
65, 75
65, 74
65, 73
65, 73
65, 72
65, 71
65, 70
65, 70
55, 77
54, 76
53, 75
52, 74
51, 73
50, 72
49, 71
49, 71
57, 74
58, 75
59, 76
60, 76
61, 76
61, 76
61, 76
62, 76
63, 76
63, 76
63, 76
58, 75
57, 74
56, 73
56, 73
55, 72
54, 71
53, 70
53, 70
65, 87
64, 88
64, 88
64, 88
63, 88
63, 88
62, 88
61, 88
61, 88
58, 72
57, 71
56, 70
55, 69
54, 68
54, 68
54, 68
53, 76
52, 75
51, 74
50, 73
50, 73
50, 73
52, 74
51, 73
50, 72
50, 72
49, 71
49, 71
48, 70
47, 69
46, 68
45, 67
45, 67
57, 72
56, 71
55, 70
54, 69
53, 68
52, 67
52, 67
53, 83
52, 82
52, 82
51, 81
51, 81
50, 80
50, 80
49, 79
49, 79
61, 70
60, 69
60, 69
59, 68
59, 67
59, 67
59, 66
59, 66
59, 66
59, 66
67, 79
67, 79
66, 78
65, 77
64, 76
64, 75
64, 75
64, 74
64, 74
54, 77
53, 76
52, 75
51, 74
50, 73
50, 73
66, 82
65, 81
64, 80
63, 79
63, 79
63, 79
62, 78
61, 77
60, 76
59, 75
59, 75
54, 78
55, 77
55, 77
56, 76
57, 75
58, 74
59, 73
60, 72
61, 71
61, 71
60, 79
59, 78
58, 77
57, 76
56, 75
56, 75
54, 85
55, 85
56, 85
56, 85
56, 85
56, 85
62, 93
61, 92
60, 91
59, 90
58, 89
58, 89
58, 88
58, 88
51, 81
51, 80
51, 80
51, 79
51, 79
51, 78
51, 77
51, 76
51, 76
50, 73
49, 74
48, 75
48, 75
48, 75
47, 76
47, 76
63, 82
62, 83
61, 84
60, 85
59, 86
58, 87
57, 88
57, 88
56, 89
55, 90
55, 90
62, 76
63, 77
64, 78
65, 79
65, 80
65, 80
65, 80
65, 80
65, 80
65, 80
65, 80
60, 78
60, 78
61, 79
62, 80
63, 80
63, 80
65, 82
65, 82
64, 81
63, 80
62, 79
62, 79
64, 77
64, 77
63, 76
62, 75
62, 75
61, 74
61, 74
60, 73
60, 73
58, 85
57, 84
57, 84
56, 83
55, 82
55, 82
65, 80
64, 79
63, 78
62, 77
61, 76
60, 75
59, 74
58, 73
57, 72
57, 72
54, 81
53, 80
52, 79
51, 78
50, 77
49, 76
49, 76
48, 70
47, 69
46, 68
45, 67
44, 66
44, 66
49, 72
48, 71
48, 71
47, 70
47, 68
48, 67
49, 66
50, 65
50, 64
50, 63
50, 63
53, 67
52, 66
51, 65
50, 64
50, 62
50, 61
50, 60
50, 59
50, 58
50, 57
50, 56
50, 55
50, 54
50, 53
49, 53
48, 53
48, 53
48, 77
49, 78
50, 79
50, 79
51, 79
52, 79
53, 79
54, 79
54, 79
63, 73
62, 72
61, 71
60, 70
59, 69
58, 68
58, 68
58, 65
57, 64
56, 63
55, 62
54, 61
53, 60
52, 59
51, 58
51, 58
51, 58
54, 89
53, 88
52, 87
52, 87
52, 87
52, 87
52, 87
52, 87
45, 67
45, 67
44, 66
44, 66
43, 65
43, 65
42, 64
41, 63
40, 62
40, 62
56, 85
57, 84
58, 83
59, 82
60, 81
60, 81
49, 72
48, 71
47, 70
47, 68
48, 67
49, 66
50, 65
50, 64
50, 64
50, 62
50, 61
50, 60
50, 59
50, 58
50, 57
50, 56
50, 55
50, 54
49, 53
48, 52
47, 51
46, 50
46, 50
58, 76
57, 77
56, 78
55, 79
55, 79
55, 79
60, 87
59, 86
58, 85
57, 84
56, 83
55, 82
55, 82
52, 77
52, 77
53, 78
54, 79
55, 80
56, 81
57, 81
58, 81
58, 81
65, 70
64, 69
63, 68
62, 67
61, 66
60, 65
59, 64
58, 63
57, 62
56, 61
56, 61
58, 87
58, 86
58, 85
58, 84
58, 83
58, 82
58, 81
58, 81
63, 76
62, 76
62, 76
61, 76
60, 76
59, 76
58, 76
58, 76
51, 68
50, 69
50, 69
49, 70
48, 71
48, 71
60, 73
60, 73
59, 72
59, 72
58, 71
57, 70
56, 69
55, 68
54, 67
54, 67
61, 80
60, 81
59, 82
58, 83
57, 84
57, 84
48, 80
47, 81
46, 82
45, 83
44, 83
43, 83
42, 83
42, 83
60, 70
59, 69
59, 69
58, 68
57, 67
57, 67
62, 79
62, 79
61, 78
60, 77
59, 76
59, 76
57, 76
58, 77
59, 78
60, 79
60, 79
60, 79
61, 80
62, 81
63, 82
64, 82
64, 82
52, 69
51, 68
50, 67
49, 66
48, 65
47, 64
46, 63
45, 62
45, 60
46, 59
47, 58
48, 57
49, 56
50, 55
50, 54
50, 53
50, 52
50, 51
49, 50
49, 50
49, 72
50, 73
51, 74
52, 75
53, 76
53, 76
44, 66
45, 67
46, 68
46, 68
47, 69
48, 70
49, 71
49, 71
59, 76
59, 76
58, 77
58, 77
57, 78
56, 79
55, 80
55, 80
45, 49
44, 48
44, 48
43, 47
43, 47
44, 48
45, 49
46, 50
47, 50
46, 49
45, 48
44, 47
44, 47
44, 47
57, 67
56, 66
55, 65
54, 64
53, 63
53, 63
53, 63
52, 59
52, 59
53, 60
54, 61
55, 62
55, 62
50, 75
51, 74
51, 74
52, 73
52, 73
52, 72
52, 72
52, 71
52, 70
52, 70
47, 54
46, 55
46, 55
46, 55
47, 54
48, 53
49, 52
50, 51
50, 50
50, 50
50, 50
50, 50
50, 50
49, 51
48, 52
47, 53
46, 54
46, 54
47, 53
48, 52
49, 51
50, 50
50, 50
50, 50
49, 51
49, 51
58, 68
59, 69
60, 70
61, 71
62, 72
62, 72
63, 73
63, 74
63, 75
63, 75
63, 75
54, 81
53, 80
52, 79
51, 78
51, 78
51, 78
51, 78
56, 73
55, 73
54, 73
53, 73
53, 73
52, 73
51, 73
50, 73
50, 73
49, 73
49, 73
51, 62
52, 61
52, 61
53, 60
53, 60
54, 59
54, 59
54, 78
53, 77
53, 77
52, 76
51, 75
51, 75
59, 80
60, 79
61, 78
62, 77
62, 77
63, 76
64, 75
64, 74
64, 74
51, 86
50, 85
49, 84
49, 84
48, 83
47, 82
46, 81
46, 81
63, 83
62, 84
61, 85
61, 85
60, 86
60, 86
59, 87
58, 88
58, 88
58, 88
57, 84
57, 84
58, 85
59, 86
59, 87
59, 87
59, 88
59, 89
59, 90
59, 90
57, 60
58, 59
58, 59
59, 58
60, 57
61, 56
62, 55
63, 54
63, 52
62, 51
61, 50
60, 50
59, 50
58, 50
57, 50
56, 50
55, 50
54, 50
55, 49
55, 49
60, 81
59, 80
58, 79
57, 78
56, 77
56, 77
55, 76
55, 76
48, 51
48, 51
47, 52
46, 53
45, 54
44, 54
43, 54
43, 54
43, 54
42, 83
42, 83
42, 83
42, 83
42, 83
42, 83
55, 68
56, 69
56, 69
56, 69
57, 70
57, 71
57, 71
57, 71
57, 71
57, 82
56, 83
56, 83
55, 84
55, 84
55, 85
55, 85
41, 63
42, 64
43, 65
44, 66
44, 66
45, 67
45, 67
54, 79
53, 80
52, 80
51, 80
50, 80
49, 80
48, 80
47, 80
46, 80
46, 80
46, 80
57, 77
57, 77
56, 78
56, 79
56, 79
56, 80
56, 80
44, 66
43, 65
42, 64
41, 63
40, 62
39, 61
38, 60
37, 59
36, 58
35, 57
35, 57
50, 77
49, 76
48, 75
47, 74
47, 74
46, 73
45, 72
44, 71
43, 70
43, 70
51, 69
50, 68
49, 67
48, 66
47, 65
47, 65
42, 55
41, 56
40, 57
39, 58
39, 58
38, 59
38, 59
55, 80
54, 79
53, 78
52, 77
51, 76
50, 75
49, 74
48, 73
47, 72
47, 72
55, 79
54, 78
53, 77
52, 76
52, 76
52, 76
52, 76
52, 62
51, 61
50, 60
50, 60
49, 59
49, 59
53, 58
53, 58
52, 57
51, 56
50, 55
49, 54
48, 53
47, 52
47, 52
46, 51
46, 51
44, 47
43, 48
43, 48
42, 49
41, 50
40, 51
40, 51
50, 50
51, 49
52, 48
53, 47
54, 46
55, 45
55, 45
56, 44
56, 44
56, 72
56, 72
55, 73
54, 74
54, 74
53, 75
53, 75
63, 75
64, 76
64, 76
64, 77
64, 77
64, 77
64, 78
64, 78
64, 78
64, 78
54, 50
54, 50
53, 51
52, 52
51, 53
51, 53
58, 89
58, 89
57, 88
56, 87
55, 86
55, 86
45, 79
45, 79
45, 79
45, 79
44, 78
44, 78
43, 77
43, 77
43, 77
43, 77
43, 77
50, 72
51, 71
52, 70
53, 69
54, 68
54, 68
56, 61
57, 60
58, 59
59, 59
60, 59
61, 59
61, 59
61, 59
62, 59
62, 59
48, 70
48, 70
47, 69
47, 69
46, 68
46, 68
63, 75
63, 76
63, 77
63, 78
63, 79
63, 79
56, 77
57, 78
58, 79
59, 80
60, 81
61, 82
62, 82
62, 82
57, 87
56, 86
56, 86
55, 85
54, 84
53, 83
52, 82
51, 81
51, 81
56, 84
57, 83
58, 82
59, 81
59, 80
59, 79
59, 78
59, 78
59, 78
50, 74
49, 73
48, 72
48, 72
47, 71
46, 70
46, 70
43, 82
44, 81
45, 80
45, 80
46, 79
46, 79
52, 75
51, 74
50, 73
49, 72
48, 71
47, 70
47, 70
45, 80
44, 79
43, 78
42, 78
41, 78
41, 78
40, 78
39, 78
38, 78
38, 78
35, 57
34, 56
34, 56
33, 55
32, 54
32, 54
54, 74
54, 74
54, 74
55, 73
56, 72
56, 72
45, 69
44, 68
43, 67
43, 67
42, 66
41, 65
41, 65
40, 64
39, 63
38, 62
38, 62
45, 78
45, 78
44, 77
43, 76
43, 76
43, 76
39, 50
38, 49
37, 48
36, 47
35, 46
35, 46
35, 46
62, 78
61, 77
60, 76
59, 75
58, 74
58, 74
57, 73
56, 72
55, 71
54, 70
54, 70
47, 72
48, 73
49, 74
50, 75
50, 75
51, 76
52, 77
52, 77
53, 77
53, 77
58, 78
57, 78
57, 78
56, 78
55, 78
54, 78
53, 78
52, 78
52, 78
61, 81
60, 80
60, 80
60, 80
59, 79
59, 79
50, 80
49, 79
48, 78
47, 77
46, 76
45, 75
44, 74
43, 73
42, 72
42, 72
65, 77
66, 76
67, 75
68, 74
69, 73
69, 73
37, 58
37, 58
37, 58
37, 58
37, 58
37, 58
46, 64
45, 63
44, 62
44, 60
45, 59
46, 58
47, 57
48, 56
49, 55
50, 54
50, 53
50, 52
50, 51
49, 50
48, 49
47, 48
46, 47
45, 46
45, 46
48, 58
47, 57
46, 56
46, 54
47, 53
48, 52
49, 51
50, 50
50, 50
50, 50
50, 50
50, 50
49, 49
48, 48
47, 47
47, 47
47, 68
48, 67
49, 66
50, 65
50, 64
50, 63
50, 62
50, 61
50, 61
50, 61
50, 61
49, 60
48, 59
47, 58
47, 58
47, 58
61, 58
60, 57
58, 55
57, 54
56, 53
55, 52
54, 51
53, 50
52, 50
51, 50
50, 50
49, 49
48, 48
48, 48
48, 47
48, 47
55, 67
56, 66
57, 65
57, 64
57, 63
57, 62
57, 62
45, 50
45, 50
44, 49
43, 48
42, 47
42, 47
43, 48
44, 49
45, 50
46, 50
47, 50
46, 49
45, 48
45, 48
45, 48
43, 70
44, 69
45, 68
46, 67
47, 66
47, 66
55, 86
54, 85
53, 84
52, 83
51, 82
51, 82
46, 68
45, 69
44, 70
43, 71
42, 71
42, 71
42, 71
42, 71
38, 78
38, 78
39, 77
40, 76
41, 75
42, 74
42, 74
42, 76
41, 75
40, 74
40, 74
40, 74
40, 74
39, 73
38, 72
38, 72
55, 45
54, 46
53, 47
53, 47
52, 48
51, 49
51, 49
51, 49
51, 75
50, 74
49, 73
48, 72
47, 71
46, 70
45, 69
45, 69
52, 54
53, 55
54, 56
55, 57
56, 58
57, 59
58, 60
58, 60
58, 61
58, 61
58, 61
44, 49
43, 50
42, 51
41, 52
40, 53
39, 54
38, 55
38, 55
39, 63
39, 63
39, 63
40, 64
41, 65
42, 66
43, 67
43, 67
37, 71
37, 71
36, 70
35, 69
35, 69
35, 69
34, 68
34, 68
55, 71
56, 72
57, 73
57, 74
57, 75
57, 76
57, 76
57, 77
57, 78
57, 78
60, 78
60, 77
60, 76
60, 75
60, 75
60, 75
60, 75
60, 75
60, 75
57, 60
56, 59
55, 58
54, 57
53, 56
53, 56
35, 46
34, 45
33, 44
33, 44
32, 43
31, 42
31, 42
30, 41
30, 41
46, 46
46, 45
46, 44
46, 43
46, 42
46, 41
46, 41
56, 61
55, 60
55, 60
54, 59
53, 58
53, 58
55, 71
54, 70
53, 69
52, 68
51, 67
50, 66
49, 65
49, 65
48, 64
48, 64
48, 64
42, 74
41, 73
40, 72
40, 72
39, 71
39, 71
38, 70
37, 69
37, 69
53, 77
54, 76
55, 75
56, 74
57, 73
58, 72
58, 72
31, 53
31, 52
31, 51
31, 50
31, 49
31, 48
31, 47
31, 46
31, 45
31, 44
31, 44
52, 81
53, 80
53, 80
53, 80
54, 79
55, 78
56, 77
57, 76
58, 75
58, 75
43, 71
44, 70
45, 69
45, 69
46, 68
47, 67
47, 67
47, 67
47, 67
68, 72
68, 72
67, 71
66, 70
65, 69
64, 68
63, 67
62, 66
61, 65
61, 65
37, 58
38, 57
38, 57
39, 56
40, 55
41, 54
42, 53
43, 52
43, 52
46, 57
46, 55
47, 54
48, 53
49, 52
50, 51
50, 50
49, 49
48, 48
47, 47
46, 46
45, 45
45, 45
47, 48
46, 49
45, 50
44, 51
44, 51
43, 52
42, 53
41, 54
40, 55
39, 56
39, 56
52, 78
52, 78
51, 77
50, 76
49, 75
48, 74
47, 73
47, 73
47, 73
41, 70
40, 69
39, 68
39, 68
38, 67
37, 66
37, 66
37, 66
42, 77
42, 77
42, 77
41, 78
40, 78
39, 78
38, 78
38, 78
38, 78
46, 47
47, 48
47, 48
48, 49
48, 50
48, 50
48, 50
50, 48
49, 47
48, 46
47, 45
46, 44
46, 44
44, 68
43, 67
42, 66
41, 65
40, 64
40, 64
47, 66
48, 65
49, 64
50, 62
50, 61
50, 60
50, 59
50, 58
50, 57
50, 56
50, 55
50, 54
50, 53
51, 52
51, 52
56, 77
56, 77
56, 77
55, 77
54, 77
54, 77
53, 77
52, 77
52, 77
52, 77
38, 78
39, 78
40, 78
40, 78
40, 78
41, 78
41, 78
42, 78
42, 78
44, 46
43, 47
42, 48
42, 48
41, 49
41, 49
40, 50
39, 51
38, 52
38, 52
46, 66
45, 65
44, 64
43, 63
43, 61
44, 60
45, 59
46, 58
47, 57
48, 56
49, 55
50, 54
50, 53
50, 53
45, 42
44, 43
44, 45
45, 46
46, 47
47, 48
48, 49
47, 50
46, 51
45, 52
45, 52
44, 53
44, 53
57, 74
56, 73
55, 72
54, 71
54, 71
54, 71
36, 70
36, 70
35, 71
34, 72
34, 73
34, 73
34, 73
41, 63
43, 61
44, 60
45, 59
46, 58
47, 57
48, 56
49, 55
50, 54
50, 53
50, 52
50, 51
50, 51
35, 67
36, 66
37, 65
38, 64
38, 64
38, 64
54, 57
54, 57
55, 56
56, 55
57, 54
57, 54
58, 53
58, 53
47, 45
48, 46
49, 47
50, 48
51, 49
52, 50
52, 50
48, 74
49, 75
49, 75
50, 76
51, 77
52, 78
53, 79
54, 79
55, 79
55, 79
39, 56
40, 57
41, 58
42, 59
44, 59
45, 58
46, 57
47, 56
48, 55
49, 54
50, 53
50, 52
50, 51
50, 51
50, 51
39, 56
40, 57
41, 58
42, 59
44, 59
45, 58
46, 57
47, 56
48, 55
49, 54
50, 53
50, 52
50, 52
48, 50
48, 50
49, 51
49, 51
50, 52
50, 52
50, 52
44, 66
45, 65
46, 64
47, 63
49, 61
50, 60
50, 59
50, 58
50, 57
50, 56
50, 55
50, 54
51, 53
51, 52
51, 51
51, 51
38, 65
39, 64
41, 62
42, 61
43, 60
44, 59
45, 58
46, 57
46, 57
47, 56
48, 55
49, 54
49, 53
49, 52
49, 51
49, 51
59, 74
58, 73
57, 72
56, 71
55, 70
55, 70
54, 69
53, 68
52, 67
52, 67
50, 53
49, 54
48, 55
47, 56
46, 57
46, 57
47, 56
48, 55
49, 54
50, 53
50, 52
50, 51
50, 51
50, 51
31, 42
32, 43
33, 44
34, 45
35, 46
35, 46
35, 46
60, 66
59, 67
59, 67
58, 68
57, 69
56, 70
55, 71
54, 71
53, 71
53, 71
31, 44
31, 44
32, 43
33, 42
34, 41
36, 41
37, 42
38, 43
39, 44
40, 45
42, 45
43, 46
44, 47
45, 48
46, 49
47, 50
47, 50
44, 51
45, 51
46, 51
47, 51
47, 51
47, 51
47, 51
47, 51
47, 51
47, 51
47, 51
48, 64
48, 64
49, 65
50, 66
51, 67
51, 67
54, 57
55, 58
56, 59
57, 60
58, 61
58, 61
58, 72
58, 72
59, 71
60, 70
61, 69
61, 69
49, 54
50, 53
49, 52
48, 53
47, 53
46, 53
47, 54
46, 53
45, 54
45, 54
49, 50
49, 49
49, 50
48, 51
47, 50
47, 50
51, 52
50, 53
51, 53
52, 53
51, 54
51, 55
52, 56
52, 56
58, 60
58, 61
57, 61
56, 62
55, 62
56, 61
56, 61
49, 51
50, 50
50, 49
50, 48
50, 47
51, 46
52, 47
53, 46
53, 46
51, 67
51, 66
52, 66
53, 65
54, 65
55, 64
56, 63
56, 64
56, 64
34, 47
34, 46
34, 47
35, 47
34, 47
35, 48
36, 49
36, 50
35, 50
35, 50
62, 68
63, 67
63, 68
62, 67
63, 67
62, 67
62, 68
63, 67
62, 67
62, 67
39, 63
39, 64
39, 65
38, 65
38, 66
37, 67
37, 67
52, 67
53, 67
52, 68
51, 69
51, 68
50, 69
50, 70
50, 71
49, 71
50, 70
50, 70
48, 51
47, 50
47, 51
48, 51
48, 52
49, 52
49, 51
48, 50
48, 49
48, 49
57, 53
56, 53
57, 53
58, 54
57, 55
57, 54
58, 53
58, 54
58, 54
51, 78
52, 78
51, 78
52, 78
53, 79
54, 80
55, 81
56, 81
57, 82
57, 82
56, 80
57, 80
56, 81
55, 80
54, 79
55, 79
56, 78
56, 78
49, 52
49, 51
48, 50
47, 49
46, 49
46, 49
48, 51
49, 52
49, 53
49, 54
49, 55
48, 55
48, 56
49, 56
50, 56
50, 56
37, 51
36, 50
37, 50
38, 50
39, 49
40, 48
40, 48
51, 50
51, 51
52, 51
52, 52
51, 51
51, 50
50, 51
50, 50
49, 51
48, 50
48, 50
44, 54
44, 55
44, 56
43, 57
43, 56
44, 55
45, 54
46, 54
46, 54
43, 78
43, 77
43, 76
42, 77
43, 77
42, 78
43, 78
44, 79
44, 78
44, 78
35, 73
35, 74
36, 75
36, 74
35, 73
35, 72
35, 73
35, 74
36, 75
35, 74
35, 74
53, 49
54, 50
55, 49
56, 49
57, 48
56, 48
56, 48
49, 52
48, 53
49, 54
49, 53
50, 52
50, 53
51, 52
51, 51
51, 51
53, 71
52, 72
53, 72
54, 72
53, 71
52, 71
51, 72
51, 72
53, 70
54, 69
53, 68
52, 67
51, 67
52, 66
53, 67
52, 68
52, 68
48, 51
48, 52
49, 53
48, 53
49, 52
49, 52
40, 49
39, 50
38, 50
37, 51
36, 50
36, 49
37, 49
38, 49
38, 49
56, 63
57, 63
57, 62
56, 61
57, 60
56, 61
57, 62
56, 62
56, 62
47, 50
47, 51
48, 51
47, 50
47, 51
46, 50
46, 50
45, 77
46, 76
47, 77
48, 76
47, 77
47, 78
48, 78
48, 78
57, 60
58, 59
59, 58
58, 59
57, 58
58, 59
58, 60
57, 61
56, 62
57, 61
57, 61
47, 55
47, 54
46, 55
47, 54
46, 53
45, 53
45, 52
45, 52
44, 54
45, 54
44, 53
43, 52
42, 53
41, 52
42, 51
41, 52
41, 52
57, 79
58, 78
59, 79
60, 80
59, 79
58, 78
57, 78
58, 77
57, 76
57, 76
50, 72
51, 73
50, 74
51, 75
50, 76
50, 77
50, 77
37, 68
38, 68
37, 68
37, 67
38, 68
38, 68
35, 49
34, 49
33, 50
33, 51
34, 50
34, 50
50, 51
51, 51
50, 50
51, 51
51, 50
51, 51
51, 50
50, 50
51, 49
51, 48
51, 48
52, 45
53, 44
54, 45
53, 44
52, 44
52, 43
52, 43
49, 49
48, 49
49, 48
50, 47
50, 48
50, 48
52, 50
51, 49
50, 48
49, 49
48, 48
48, 49
48, 49
56, 81
55, 81
56, 81
57, 80
58, 80
57, 80
56, 79
55, 80
54, 79
53, 80
53, 80
51, 70
50, 69
51, 69
52, 68
53, 67
53, 67
53, 68
54, 69
53, 68
52, 69
52, 70
51, 71
52, 72
52, 72
58, 55
57, 56
58, 55
57, 56
56, 57
56, 58
57, 58
56, 58
56, 59
56, 59
34, 73
35, 74
36, 74
37, 74
37, 75
38, 74
39, 73
40, 74
39, 75
39, 76
39, 76
49, 57
48, 56
47, 57
47, 58
48, 59
48, 59
47, 51
46, 52
46, 53
46, 54
47, 53
46, 54
45, 54
46, 54
46, 55
47, 54
47, 54
61, 68
62, 67
61, 66
60, 67
59, 68
58, 67
57, 66
56, 65
55, 64
56, 63
56, 63
45, 48
46, 47
47, 48
46, 48
47, 49
46, 48
45, 48
45, 47
44, 47
44, 47
56, 49
57, 49
58, 48
57, 49
58, 49
58, 48
58, 48
51, 55
51, 54
50, 53
50, 52
49, 53
48, 53
47, 52
46, 53
47, 52
47, 52
54, 67
54, 66
53, 65
52, 65
52, 64
53, 63
54, 63
53, 64
52, 64
52, 64
47, 49
47, 48
47, 49
48, 48
47, 48
47, 49
47, 50
47, 49
47, 50
48, 50
48, 50
51, 73
52, 74
52, 73
51, 72
52, 72
51, 73
52, 72
52, 71
52, 72
51, 71
51, 71
51, 42
50, 41
50, 40
49, 39
50, 39
51, 39
50, 38
49, 39
48, 38
48, 39
48, 39
44, 53
43, 53
44, 52
44, 53
43, 53
42, 54
43, 55
42, 55
42, 55
49, 60
48, 60
49, 60
49, 59
49, 60
50, 61
49, 61
50, 61
50, 60
50, 60
48, 53
47, 52
48, 52
47, 52
47, 51
46, 52
47, 51
46, 51
45, 50
45, 50
48, 50
48, 49
47, 49
47, 48
48, 48
49, 47
48, 48
49, 48
48, 48
48, 48
33, 50
34, 51
33, 52
34, 51
33, 50
33, 51
34, 50
34, 50
47, 55
47, 56
47, 55
46, 55
45, 54
45, 54
39, 68
40, 67
40, 68
40, 67
41, 68
42, 69
43, 69
43, 68
44, 67
44, 67
47, 78
48, 77
48, 76
48, 77
49, 77
49, 78
48, 77
47, 77
46, 78
46, 78
55, 59
55, 58
56, 59
57, 59
56, 60
57, 59
56, 59
56, 60
55, 60
55, 61
55, 61
56, 61
56, 60
56, 59
56, 60
55, 59
54, 59
55, 58
55, 58
40, 51
39, 51
38, 51
37, 52
37, 51
36, 51
35, 51
36, 51
36, 50
36, 50
49, 48
48, 48
49, 48
49, 47
50, 47
51, 46
51, 46
55, 62
55, 61
54, 60
53, 59
52, 60
53, 61
52, 60
52, 60
57, 47
58, 47
57, 47
58, 47
57, 47
57, 47
58, 77
57, 78
57, 77
57, 78
58, 78
58, 77
59, 77
58, 77
58, 76
59, 76
59, 76
55, 63
54, 62
53, 61
54, 60
55, 60
55, 60
39, 48
40, 48
39, 47
38, 48
37, 47
37, 48
38, 47
37, 48
37, 48
51, 77
50, 76
51, 76
50, 77
51, 77
51, 76
51, 76
53, 81
54, 80
54, 81
53, 80
54, 79
54, 78
53, 79
53, 79
52, 48
52, 47
53, 48
53, 47
52, 47
53, 47
54, 46
54, 46
45, 47
44, 46
44, 47
43, 48
44, 48
45, 48
45, 48
40, 75
40, 74
40, 75
39, 75
40, 75
41, 74
42, 75
42, 75
43, 66
43, 67
44, 67
45, 66
45, 65
46, 65
45, 64
45, 64
46, 54
47, 55
48, 54
47, 54
46, 54
46, 53
47, 53
48, 52
47, 53
47, 53
37, 49
36, 49
37, 48
37, 47
37, 46
38, 47
37, 47
37, 47
46, 79
45, 78
46, 77
47, 77
48, 77
48, 77
58, 48
58, 49
58, 50
57, 49
56, 48
56, 48
52, 79
52, 80
51, 79
50, 78
49, 79
50, 79
50, 79
50, 47
51, 48
51, 49
50, 50
49, 51
50, 51
51, 51
51, 51
51, 72
50, 71
51, 71
52, 71
51, 70
51, 70
47, 48
46, 48
47, 48
47, 49
48, 49
47, 49
47, 48
47, 48
58, 75
58, 74
57, 73
57, 74
57, 75
56, 75
56, 74
57, 74
57, 73
56, 72
56, 72
44, 50
44, 49
43, 49
42, 49
43, 48
43, 47
42, 48
43, 49
44, 50
43, 50
43, 50
37, 49
37, 48
36, 47
35, 47
36, 48
36, 48
49, 39
50, 40
49, 40
49, 39
49, 38
48, 39
48, 38
48, 38
53, 45
54, 46
55, 46
56, 45
57, 44
56, 45
55, 45
55, 45
42, 74
41, 74
41, 75
41, 74
40, 75
41, 75
41, 75
41, 54
42, 53
41, 53
40, 52
41, 51
41, 52
40, 53
39, 53
39, 53
51, 63
51, 62
50, 61
50, 62
50, 61
51, 62
52, 62
52, 62
45, 47
44, 47
43, 47
44, 46
45, 46
44, 45
44, 44
43, 43
44, 43
44, 43
49, 49
50, 50
49, 49
50, 49
51, 49
51, 50
52, 49
51, 48
51, 48
51, 61
52, 62
53, 63
53, 62
52, 61
51, 61
51, 62
51, 61
50, 61
50, 61
52, 77
52, 78
53, 78
52, 79
51, 79
50, 78
50, 79
51, 78
50, 79
49, 78
49, 78
34, 49
35, 50
35, 51
36, 52
37, 53
37, 53
54, 59
54, 60
53, 60
52, 59
51, 60
52, 59
53, 59
52, 60
51, 59
51, 58
51, 58
56, 60
57, 59
56, 59
57, 60
58, 60
58, 61
58, 62
58, 62
51, 61
51, 62
52, 62
53, 63
54, 63
54, 64
54, 65
54, 64
53, 65
53, 65
56, 59
56, 60
57, 61
56, 61
57, 61
56, 62
57, 61
56, 62
56, 62
50, 59
51, 60
51, 61
50, 60
50, 59
50, 59
48, 76
49, 76
50, 75
51, 76
52, 76
53, 77
53, 76
52, 77
52, 78
52, 77
52, 77
46, 65
46, 64
47, 64
46, 63
47, 64
47, 65
48, 66
47, 67
47, 67
48, 53
49, 54
49, 53
48, 53
48, 52
48, 52
53, 64
52, 63
52, 62
53, 62
52, 61
51, 60
51, 60
49, 60
49, 59
50, 60
51, 59
50, 60
50, 60
37, 48
37, 47
38, 47
37, 48
36, 49
37, 49
37, 49
38, 52
38, 53
37, 54
36, 54
37, 54
37, 53
38, 53
39, 54
39, 54
47, 38
47, 39
48, 40
49, 40
50, 41
50, 41
54, 45
53, 44
52, 45
51, 45
52, 44
52, 45
51, 45
50, 46
49, 47
48, 46
48, 46
39, 52
40, 52
41, 52
41, 51
40, 50
40, 50
51, 79
52, 78
53, 79
52, 78
51, 77
50, 76
50, 77
51, 76
50, 77
50, 77
37, 49
38, 50
38, 51
37, 50
38, 51
37, 52
36, 51
37, 52
38, 51
38, 51
42, 75
43, 74
43, 75
44, 76
43, 76
44, 75
45, 76
46, 77
45, 76
45, 76
55, 73
54, 74
53, 75
53, 74
53, 73
52, 74
51, 73
50, 73
51, 74
51, 74
45, 42
46, 42
45, 41
46, 40
47, 39
47, 40
48, 41
49, 42
49, 43
50, 44
50, 44
55, 49
56, 48
55, 49
56, 49
57, 48
57, 49
56, 49
55, 50
56, 49
56, 49
57, 63
56, 63
55, 64
56, 63
56, 62
55, 61
55, 61
52, 47
52, 46
51, 47
51, 48
51, 49
51, 48
51, 47
51, 46
51, 45
50, 46
50, 46
43, 49
43, 50
43, 51
42, 51
42, 50
42, 50
48, 48
48, 47
49, 46
50, 46
51, 46
51, 47
50, 46
50, 46
50, 69
51, 68
52, 67
51, 66
50, 66
51, 66
51, 66
53, 62
52, 63
51, 64
51, 63
52, 62
52, 63
52, 63
50, 77
50, 76
51, 76
51, 75
52, 74
53, 75
53, 75
58, 61
57, 62
56, 61
57, 61
56, 61
55, 61
54, 62
53, 62
53, 61
53, 61
50, 51
49, 52
49, 53
48, 53
47, 53
46, 52
45, 52
46, 53
46, 53
46, 76
47, 75
47, 76
47, 77
46, 78
46, 78
53, 77
52, 78
51, 77
52, 78
53, 77
52, 78
52, 78
40, 55
40, 54
39, 54
40, 55
41, 55
41, 56
40, 55
41, 56
40, 57
40, 56
40, 56
50, 47
50, 48
49, 47
49, 46
50, 46
50, 46
51, 59
50, 58
51, 58
52, 57
52, 56
52, 56
50, 60
50, 59
49, 59
49, 60
49, 61
50, 60
50, 60
53, 60
54, 60
53, 60
52, 61
53, 60
53, 61
54, 60
54, 60
50, 45
51, 46
52, 46
52, 45
53, 46
52, 46
53, 46
54, 47
53, 46
53, 46
47, 52
46, 51
45, 50
44, 50
44, 49
45, 50
45, 50
40, 51
39, 50
40, 51
40, 50
39, 50
40, 50
41, 50
41, 50
56, 61
56, 62
57, 61
56, 61
57, 62
57, 62
49, 40
48, 41
47, 40
46, 39
45, 39
46, 40
45, 41
46, 41
46, 41
51, 44
50, 43
51, 43
52, 43
52, 44
52, 45
52, 46
51, 46
50, 47
51, 47
51, 47
52, 62
52, 63
51, 62
50, 61
49, 61
50, 62
51, 61
52, 61
52, 61
46, 67
47, 67
48, 68
49, 67
49, 66
50, 65
51, 64
51, 64
43, 50
43, 51
44, 51
43, 50
42, 51
41, 51
41, 52
41, 51
41, 51
38, 52
39, 53
38, 52
37, 51
38, 52
39, 51
38, 52
39, 51
39, 51
49, 58
50, 58
51, 57
50, 57
51, 57
50, 57
49, 57
48, 57
47, 56
47, 56
49, 52
50, 53
50, 54
49, 53
48, 54
47, 54
47, 55
47, 55
37, 50
38, 51
39, 51
38, 51
39, 50
39, 50
51, 77
51, 76
51, 75
50, 76
49, 76
49, 75
48, 75
48, 75
55, 49
54, 50
55, 50
54, 51
55, 50
55, 50
51, 67
52, 67
51, 67
50, 67
49, 66
49, 65
50, 65
51, 66
51, 66
52, 74
52, 75
53, 76
52, 77
51, 78
51, 79
52, 80
52, 80
47, 45
46, 44
47, 43
48, 43
48, 44
48, 43
47, 44
47, 45
46, 45
46, 45
52, 74
53, 74
54, 75
54, 76
55, 75
55, 75
56, 75
57, 75
57, 76
56, 76
56, 75
57, 75
56, 74
56, 74
53, 80
52, 81
52, 80
53, 79
54, 79
54, 80
54, 80
53, 47
52, 48
53, 48
54, 48
53, 49
53, 48
52, 47
51, 48
51, 47
51, 47
51, 56
50, 56
49, 57
49, 58
50, 57
51, 58
50, 58
50, 58
50, 48
51, 47
50, 46
51, 47
51, 46
51, 46
47, 41
46, 42
47, 43
48, 42
49, 43
49, 43
39, 52
38, 52
39, 53
38, 53
39, 52
38, 52
39, 53
40, 53
40, 52
39, 51
39, 51
58, 63
58, 64
59, 63
59, 62
60, 61
59, 62
59, 62
46, 79
45, 78
46, 78
46, 79
47, 79
48, 78
47, 77
48, 76
48, 76
51, 60
52, 61
53, 60
54, 60
55, 60
54, 60
54, 60
45, 51
45, 50
46, 49
47, 50
48, 50
49, 51
48, 51
47, 51
47, 51
52, 66
53, 66
52, 65
51, 64
50, 64
50, 64
56, 50
57, 49
58, 48
58, 49
59, 50
60, 49
60, 48
60, 49
59, 49
58, 50
58, 50
47, 56
46, 56
46, 55
47, 55
48, 56
48, 57
48, 58
48, 59
49, 59
49, 59
50, 64
51, 63
50, 62
51, 61
51, 60
51, 61
52, 61
52, 60
52, 60
39, 57
39, 56
38, 55
37, 55
38, 55
38, 56
37, 55
37, 54
37, 54
47, 45
46, 45
46, 46
45, 45
46, 44
46, 44
41, 51
40, 52
39, 51
38, 51
39, 51
40, 51
40, 51
48, 55
47, 54
46, 54
45, 53
46, 52
47, 51
48, 51
48, 50
48, 50
38, 50
39, 49
38, 48
37, 48
36, 49
35, 48
35, 47
35, 48
36, 49
35, 48
35, 48
48, 74
47, 75
48, 76
49, 77
50, 76
49, 76
49, 77
49, 77
53, 59
53, 60
53, 59
54, 59
54, 60
55, 60
55, 61
55, 61
42, 52
41, 51
42, 51
41, 50
42, 50
41, 51
42, 50
43, 51
43, 51
51, 79
52, 78
53, 79
54, 80
55, 81
55, 81
49, 60
49, 59
50, 60
51, 60
52, 61
53, 60
52, 60
52, 60
49, 47
50, 47
50, 48
49, 49
48, 49
47, 49
47, 49
51, 58
52, 59
51, 59
51, 60
50, 61
49, 61
50, 60
51, 61
52, 62
51, 63
51, 63
45, 44
45, 43
45, 42
46, 42
47, 41
48, 41
49, 40
48, 41
49, 41
49, 41
58, 62
59, 62
60, 63
60, 62
61, 62
60, 62
59, 61
60, 60
60, 60
56, 62
55, 61
54, 61
53, 61
52, 61
52, 62
53, 62
54, 61
55, 60
54, 59
54, 59
47, 52
46, 52
47, 51
46, 50
47, 49
48, 49
49, 50
49, 50
53, 60
53, 61
54, 62
54, 63
55, 63
54, 62
53, 63
52, 64
52, 64
38, 55
38, 56
38, 57
39, 56
40, 55
40, 54
40, 55
39, 55
40, 56
40, 56
48, 60
48, 59
47, 58
47, 57
48, 57
49, 57
50, 58
51, 59
51, 59
55, 59
56, 60
56, 59
56, 58
55, 57
55, 57
51, 65
51, 64
52, 65
53, 66
52, 67
52, 68
53, 67
54, 67
54, 67
48, 43
49, 44
48, 45
49, 46
49, 45
50, 45
49, 44
50, 43
51, 43
52, 42
52, 42
49, 78
48, 78
49, 78
48, 77
47, 78
47, 79
48, 78
47, 78
48, 77
47, 76
47, 76
59, 50
59, 49
59, 48
59, 47
58, 48
58, 48
40, 50
39, 51
38, 52
39, 52
40, 51
41, 51
40, 50
40, 50
42, 52
41, 51
40, 50
40, 51
39, 50
39, 51
38, 52
38, 53
37, 54
38, 54
38, 54
52, 45
53, 46
54, 47
54, 48
53, 48
52, 48
53, 48
52, 48
51, 49
51, 48
51, 48
54, 82
53, 81
54, 81
55, 80
54, 79
54, 79
36, 48
36, 47
37, 48
37, 49
36, 48
35, 47
34, 46
34, 46
40, 52
40, 51
40, 50
39, 51
39, 50
39, 49
38, 50
39, 50
39, 50
53, 59
54, 59
55, 60
56, 61
56, 60
56, 60
48, 48
47, 48
47, 49
46, 48
46, 49
46, 48
46, 48
47, 50
47, 49
48, 49
49, 49
49, 48
49, 48
52, 48
51, 48
50, 48
51, 48
51, 49
52, 48
53, 47
53, 48
53, 48
54, 79
55, 80
54, 81
53, 80
52, 79
53, 80
54, 80
53, 81
54, 82
54, 82
55, 73
55, 74
56, 75
57, 76
57, 75
56, 74
57, 73
57, 73
47, 75
48, 74
47, 74
48, 74
48, 75
48, 74
49, 74
49, 75
48, 75
49, 74
49, 74
45, 48
46, 48
47, 49
46, 49
47, 49
48, 48
47, 48
46, 47
45, 47
44, 48
44, 48
54, 78
55, 79
56, 80
57, 79
58, 80
58, 80
54, 47
53, 48
52, 49
53, 50
52, 49
52, 50
52, 50
57, 47
57, 48
58, 48
57, 48
57, 49
57, 48
57, 48
56, 61
55, 60
55, 59
54, 59
53, 60
54, 61
55, 62
54, 61
54, 61
50, 49
51, 50
50, 49
51, 50
50, 51
51, 50
51, 50
52, 65
53, 64
52, 65
52, 66
53, 65
54, 66
55, 66
56, 67
55, 67
55, 67
38, 49
37, 48
37, 49
36, 48
36, 47
35, 48
34, 49
34, 49
49, 49
48, 49
49, 49
48, 50
47, 50
47, 50
46, 75
47, 74
46, 75
47, 76
47, 75
47, 75
41, 55
40, 54
41, 55
42, 56
43, 56
42, 57
42, 56
42, 57
42, 56
43, 56
43, 56
54, 81
53, 81
52, 82
53, 82
53, 81
54, 82
55, 81
55, 81
51, 41
52, 42
53, 41
52, 41
53, 42
53, 41
53, 41
56, 58
55, 59
54, 60
54, 59
55, 60
55, 61
54, 60
54, 59
53, 60
53, 59
53, 59
53, 59
53, 60
54, 60
55, 59
56, 60
55, 60
55, 59
55, 60
54, 60
55, 60
55, 60
49, 73
50, 73
51, 72
52, 73
52, 72
52, 73
53, 72
52, 72
52, 72
41, 50
40, 51
41, 51
42, 50
41, 49
40, 50
39, 49
39, 49
35, 46
35, 45
34, 45
33, 45
32, 44
31, 45
31, 45
58, 73
57, 74
56, 73
55, 73
56, 73
57, 73
58, 74
58, 75
59, 75
59, 75
55, 67
54, 66
55, 67
56, 67
55, 68
55, 68
37, 53
38, 52
37, 51
37, 52
38, 53
39, 53
39, 52
40, 53
39, 54
39, 55
39, 55
50, 62
51, 63
52, 62
52, 61
52, 60
51, 59
51, 60
50, 61
51, 62
52, 61
52, 61
60, 61
60, 60
59, 59
60, 60
61, 60
61, 60
48, 40
49, 40
48, 40
49, 39
50, 40
50, 40
50, 49
50, 50
49, 49
48, 50
47, 50
48, 49
48, 49
51, 58
52, 57
51, 58
52, 57
53, 57
54, 56
54, 55
53, 54
53, 53
53, 53
59, 74
60, 73
60, 74
59, 74
59, 73
58, 72
58, 72
56, 59
55, 58
56, 57
56, 56
55, 55
55, 55
44, 49
43, 49
44, 48
44, 49
43, 48
43, 48
33, 48
34, 49
35, 49
36, 49
35, 50
35, 49
34, 48
33, 47
32, 48
33, 49
33, 49
55, 62
55, 61
54, 62
53, 63
54, 64
55, 65
54, 64
54, 63
54, 63
53, 52
52, 51
53, 51
52, 51
51, 52
51, 51
51, 50
52, 49
53, 48
52, 48
52, 48
52, 49
53, 49
54, 50
55, 49
54, 48
54, 49
53, 49
53, 49
53, 60
53, 59
53, 60
54, 61
53, 61
54, 62
55, 61
54, 61
54, 61
54, 69
55, 69
56, 68
56, 67
57, 67
56, 68
55, 68
54, 69
53, 69
53, 69
43, 57
43, 56
43, 55
44, 54
44, 55
44, 54
43, 54
43, 53
42, 54
41, 53
41, 53
52, 49
52, 50
53, 51
54, 51
55, 50
54, 51
53, 51
53, 51
46, 49
45, 49
44, 48
45, 48
46, 47
45, 47
45, 46
46, 47
46, 47
32, 44
31, 43
30, 43
29, 43
28, 42
27, 43
27, 43
54, 81
54, 82
53, 81
54, 81
55, 80
55, 81
55, 82
54, 81
54, 82
54, 82
46, 74
46, 73
45, 74
46, 74
46, 75
46, 75
58, 47
57, 48
58, 48
59, 49
59, 48
60, 47
61, 48
60, 48
60, 48
56, 68
55, 69
55, 68
54, 67
53, 67
54, 68
54, 68
52, 71
51, 70
51, 71
50, 72
51, 71
50, 70
50, 71
49, 72
49, 71
50, 72
50, 72
62, 59
61, 59
62, 58
63, 58
62, 58
62, 58
40, 56
41, 57
40, 56
39, 56
40, 56
39, 55
38, 54
38, 54
54, 41
53, 41
52, 42
53, 43
54, 42
54, 42
38, 49
37, 50
36, 51
35, 52
35, 51
36, 51
36, 50
35, 50
34, 51
35, 51
35, 51
59, 81
58, 80
58, 79
57, 78
58, 77
59, 78
60, 79
61, 79
61, 79
52, 58
52, 59
52, 58
51, 57
50, 58
49, 58
50, 57
51, 56
52, 57
52, 57
49, 40
50, 39
50, 38
50, 39
51, 39
51, 39
49, 49
48, 48
47, 49
48, 50
47, 51
47, 51
